Assemblage_Name	2-1149162-1	769557-1-4	3977938-1-4	2-788848-1	4-7139307-6506681	0-1-9353774	1987421-788848-1	0-1-3397907	0-2-2	0-2-1	2-788848-6801125	0-2-4725595	4-1-6198269	0-1-4	625119-9610011-6506681	3415172-1-6506681	0-2-2517107	4-1-5751290	0-2-4565353	2-3642302-1	4-350507-6506681	2-5319783-1	0-2531495-4	8893364-788848-1	0-7378085-2	2355027-1-4	6241419-788848-1	871336-3926268-1	2-788848-3032958	0-5598643-2	4-1-1976127	2-7277653-1	3415172-7161070-6506681	2-788848-4897472	4-1-3828792	0-2-883048	5672784-788848-1	2-788848-6414613	4-3761172-6506681	2733779-1622372-1	2-788848-3573582	625119-1-6506681	2812819-1-6506681	3415172-6001351-6506681	0-3771684-1	7236082-788848-1	8944468-788848-1	2-3465386-1	4645174-1-6506681	0-6766921-6806150	8214112-2-2	1-2-1	7511239-1-6506681	2-6061809-1	0-7977252-4	2-3116814-1	4-1-3058990	8210078-1-4	4-1-6506681	162834-1-6506681	8014858-3116814-1	0-1-6806150	4331408-788848-1	2874747-2-2	0-2-855711
assemblage-160-948	0	0	0	289	0	0	0	0	0	0	27	0	0	50	0	0	0	0	0	0	0	6	0	0	0	0	0	0	0	0	0	20	0	0	0	0	0	0	0	0	12	63	0	0	0	0	20	0	0	0	0	0	0	0	0	1	0	0	0	0	0	0	5	0	7
assemblage-357-334	0	0	0	157	0	13	0	0	0	0	0	0	0	88	0	134	0	0	0	0	0	0	11	0	0	0	0	0	0	0	0	0	0	0	0	0	0	0	0	0	0	0	0	27	0	0	0	0	0	0	0	0	0	0	0	0	0	0	56	0	0	0	0	0	14
assemblage-679-391	0	0	0	264	0	0	0	0	0	0	0	0	0	26	0	38	0	0	0	0	0	0	0	0	0	0	0	0	0	0	0	0	0	0	0	0	0	0	0	0	0	49	0	0	0	0	0	0	0	0	0	0	0	6	0	0	0	0	52	0	0	0	44	0	21
assemblage-610-223	0	0	0	241	0	0	0	0	0	0	0	0	0	97	0	58	0	0	0	0	0	0	0	0	0	0	0	0	0	0	0	0	0	0	0	0	0	0	0	0	13	0	0	0	0	0	0	0	0	0	0	0	0	30	0	15	0	0	23	0	0	0	15	0	8
assemblage-688-487	0	0	0	344	0	0	0	0	0	0	0	0	0	0	0	44	0	0	0	0	0	0	0	0	0	0	0	0	0	0	0	0	0	0	0	0	0	0	0	0	85	0	0	0	0	0	0	0	0	0	0	0	0	0	0	0	0	0	17	0	0	0	0	0	10
assemblage-349-339	0	0	0	141	0	0	0	0	0	0	0	0	0	111	0	106	0	0	0	0	0	0	9	0	0	0	7	0	0	0	0	0	0	0	0	0	0	0	0	0	0	0	0	0	0	0	0	0	0	5	0	0	0	0	0	0	0	0	111	0	0	0	0	0	10
assemblage-803-461	0	0	0	68	0	0	0	0	54	0	0	0	0	127	0	0	0	0	0	0	0	0	0	0	0	0	0	0	0	0	0	0	0	0	0	0	0	0	0	0	0	0	0	0	0	0	0	0	0	0	0	0	0	0	0	0	0	0	186	0	0	0	54	0	11
assemblage-260-232	0	0	0	17	0	0	0	0	99	188	0	0	9	55	0	0	0	0	0	0	0	0	0	0	0	0	0	0	0	0	0	0	0	0	0	0	0	0	0	0	0	0	0	0	0	0	0	0	0	0	0	0	0	0	23	0	0	0	98	0	0	0	0	0	11
assemblage-977-352	0	0	0	185	0	0	0	0	12	0	0	0	0	127	0	25	0	0	0	0	0	0	42	0	0	0	0	0	0	0	0	0	0	5	0	0	0	0	0	0	0	0	0	0	0	5	0	0	0	0	0	0	0	0	0	0	0	0	77	0	0	14	0	0	8
assemblage-614-667	0	0	0	21	0	0	0	4	145	10	0	0	0	253	0	0	0	0	0	0	0	0	0	0	0	0	0	0	0	0	0	0	0	0	0	0	0	0	0	0	0	0	0	0	0	0	0	0	0	0	0	0	0	0	0	0	0	0	55	0	0	0	10	0	2
assemblage-198-177	0	0	0	0	0	0	0	0	119	0	0	0	27	0	0	0	0	0	0	0	0	0	0	0	0	0	0	0	0	0	0	0	0	0	0	0	0	0	0	0	0	0	0	0	0	0	0	0	0	0	0	0	11	0	0	0	0	0	324	0	0	0	0	0	19
assemblage-898-542	0	0	0	45	0	0	0	0	343	0	0	0	0	0	0	0	16	0	0	0	0	0	0	0	0	0	0	0	0	0	0	0	0	0	0	0	0	0	0	0	0	0	0	0	0	0	0	0	0	0	0	0	0	0	0	0	0	0	86	0	0	0	0	0	10
assemblage-942-233	0	0	0	74	0	0	0	0	24	0	0	0	0	209	0	0	0	0	0	0	0	0	0	0	0	0	0	0	0	0	0	0	0	0	0	0	0	0	0	0	0	0	0	0	0	0	0	0	0	0	0	0	0	0	0	0	0	0	184	0	0	0	0	0	9
assemblage-894-247	0	0	19	136	0	0	0	0	13	0	0	0	0	95	0	14	0	0	0	0	0	0	0	0	0	0	0	0	0	0	0	0	0	0	0	0	0	4	0	0	0	0	0	0	0	0	0	11	0	0	0	0	0	0	0	0	0	0	154	0	0	0	53	0	1
assemblage-894-530	0	0	0	53	0	0	0	0	338	0	0	0	0	0	0	0	12	0	0	0	0	0	0	0	0	0	0	0	0	0	0	0	0	0	0	0	0	0	0	0	0	0	0	0	0	0	0	0	0	0	4	0	0	0	0	0	0	0	89	0	0	0	0	0	4
assemblage-930-240	0	5	0	0	0	0	0	0	36	0	0	0	0	205	0	0	0	0	0	0	0	0	0	0	0	0	0	0	0	0	0	0	0	0	0	0	0	0	0	0	0	0	0	0	0	0	0	0	0	0	0	0	0	0	0	0	0	0	241	0	0	0	0	0	13
assemblage-411-344	0	0	0	141	0	0	0	0	0	0	0	0	0	122	0	98	0	0	0	0	0	0	9	0	0	0	0	0	0	0	0	0	0	0	0	0	0	0	0	0	0	0	0	0	0	0	0	0	0	9	0	0	0	0	0	0	0	0	105	0	0	0	0	0	16
assemblage-673-417	0	0	0	246	0	0	0	0	0	0	0	0	0	116	0	39	0	0	0	0	0	0	0	0	0	0	0	0	0	0	0	0	0	0	0	0	0	0	0	0	12	0	0	0	0	0	0	0	0	0	0	0	0	0	0	0	0	0	50	0	0	0	30	0	7
assemblage-254-333	0	0	0	187	0	0	0	0	8	0	0	0	0	102	0	22	0	0	0	0	0	0	41	0	0	0	0	0	0	0	0	0	0	0	0	0	0	0	0	0	0	0	0	0	0	7	0	0	0	0	0	0	0	0	0	0	0	0	104	0	0	11	6	0	12
assemblage-260-332	10	0	0	165	0	0	0	0	10	0	0	0	0	82	0	185	0	0	0	0	0	0	0	0	0	0	0	0	0	0	0	0	5	0	0	0	0	0	0	0	0	0	0	0	0	0	0	0	0	0	0	0	0	0	0	0	0	0	16	0	0	0	22	0	5
assemblage-681-262	0	0	0	171	0	0	4	0	0	0	0	0	0	64	20	0	0	0	0	0	0	0	0	0	0	0	0	0	0	0	0	0	0	0	0	0	0	0	0	0	65	10	0	0	0	0	0	0	0	0	0	0	0	0	0	21	0	0	90	0	0	0	38	0	17
assemblage-925-280	0	0	0	95	0	0	0	0	8	0	0	0	0	235	0	0	0	0	0	0	0	0	0	0	0	0	0	0	0	0	0	0	0	0	0	0	0	0	0	0	0	0	0	0	0	0	0	21	0	0	0	0	0	0	0	0	0	0	97	0	0	0	35	0	9
assemblage-371-813	0	0	0	275	0	0	0	0	0	0	0	0	0	93	0	0	0	0	0	46	0	0	0	0	0	0	0	0	0	0	0	0	0	0	0	0	0	0	0	0	0	48	0	0	0	0	0	0	0	0	0	0	0	0	0	0	0	0	24	0	0	0	0	0	14
assemblage-172-952	0	0	0	233	0	0	0	0	0	0	0	0	0	40	0	0	0	0	0	0	0	0	0	0	0	0	0	0	18	0	0	0	0	0	0	0	0	0	0	0	7	148	0	0	0	0	0	0	0	0	0	0	0	0	0	0	0	0	38	0	0	0	0	0	16
assemblage-887-413	0	0	0	75	0	0	0	0	72	0	0	0	0	163	0	0	0	0	0	0	0	0	0	0	0	0	0	0	0	0	0	0	0	0	0	0	0	0	0	0	0	0	0	0	0	0	0	0	0	0	0	0	0	0	0	0	0	0	128	0	0	0	45	0	17
assemblage-333-235	0	0	0	184	0	0	0	0	12	0	0	0	0	94	0	151	0	0	0	0	0	0	0	0	0	0	0	0	0	0	0	0	5	0	0	0	0	0	0	0	0	0	0	0	0	0	0	0	0	0	0	0	0	0	0	0	0	0	24	0	0	0	17	0	13
assemblage-296-570	0	0	0	141	0	0	0	0	0	0	0	0	0	116	0	91	0	0	0	0	0	0	9	0	0	0	9	0	0	0	0	0	0	0	0	0	0	0	0	0	0	0	0	0	0	0	0	0	0	5	0	0	0	0	0	0	0	0	122	0	0	0	0	0	7
assemblage-292-563	0	0	0	216	0	0	0	0	0	0	0	0	0	57	0	33	0	0	0	0	0	0	0	0	0	0	0	0	0	0	0	0	0	0	0	0	0	0	0	0	0	0	0	0	0	23	0	10	0	0	0	0	0	0	0	0	0	0	104	0	0	0	48	0	9
assemblage-357-256	0	0	0	0	0	0	0	0	25	208	0	0	0	45	0	0	0	0	0	0	0	0	0	0	0	0	0	0	0	0	0	0	0	0	0	0	0	0	0	0	0	0	0	0	0	0	0	0	0	0	0	0	0	0	0	0	0	0	209	0	0	0	0	0	13
assemblage-897-536	0	0	0	57	0	0	0	0	320	0	0	0	0	0	0	0	17	0	0	0	0	0	0	0	0	0	0	0	0	0	0	0	0	0	0	0	0	0	0	0	0	0	0	0	0	0	0	0	0	0	6	0	0	0	0	0	0	0	93	0	0	0	0	0	7
assemblage-957-688	0	0	0	89	0	0	0	0	73	0	0	0	0	143	0	0	0	0	0	0	0	0	0	0	0	0	0	0	0	0	0	0	0	0	0	0	0	0	0	0	0	0	0	0	0	0	0	0	0	0	0	0	0	0	0	0	0	0	132	0	0	0	51	0	12
assemblage-344-340	0	0	0	184	0	12	0	0	0	0	0	0	0	72	0	130	0	0	0	0	0	0	11	0	0	0	0	0	0	0	0	0	0	0	0	0	0	0	0	0	0	0	0	19	0	0	0	0	0	0	0	0	0	0	0	0	0	0	60	0	0	0	0	0	12
assemblage-340-239	0	0	0	165	0	0	0	0	11	0	0	0	0	97	0	156	0	0	0	0	0	0	0	0	0	0	0	0	0	0	0	0	7	0	0	0	0	0	0	0	0	0	0	0	0	0	0	0	0	0	0	0	0	0	0	0	0	0	33	0	0	0	16	0	15
assemblage-928-253	0	0	0	79	0	0	0	0	78	0	0	0	0	131	0	0	0	0	0	0	0	0	0	0	0	0	0	0	0	0	0	0	0	0	0	0	0	0	0	0	0	0	0	0	0	0	0	0	0	0	0	0	0	0	0	0	0	0	149	0	0	0	58	0	5
assemblage-449-332	0	0	0	0	0	0	0	0	0	473	0	0	0	16	0	0	0	0	0	0	0	0	0	0	0	0	0	0	0	0	0	0	0	0	0	0	0	0	0	0	0	0	0	0	0	0	0	0	0	0	0	0	0	0	0	0	0	0	0	0	0	0	0	0	11
assemblage-261-238	0	0	0	0	0	0	0	0	0	191	0	0	0	215	0	0	0	0	0	0	0	0	0	0	0	8	0	0	0	0	0	0	0	0	0	0	0	0	0	0	0	0	0	0	0	0	0	0	0	0	0	0	0	0	86	0	0	0	0	0	0	0	0	0	0
assemblage-363-786	0	0	0	218	0	0	0	0	0	0	0	0	0	34	0	0	0	0	0	0	0	0	0	0	0	0	0	0	19	0	0	0	0	0	0	0	0	0	0	0	13	147	0	0	0	0	0	0	0	0	0	0	0	0	0	7	0	0	48	0	2	0	0	0	12
assemblage-279-115	0	0	0	71	0	0	0	0	107	36	0	0	0	124	0	0	0	0	0	0	0	0	0	0	0	0	0	0	0	0	0	0	0	0	0	0	0	0	9	0	0	0	12	0	0	0	0	0	0	0	0	0	0	0	0	0	0	0	113	0	0	0	18	0	10
assemblage-543-930	0	0	0	95	0	0	0	0	65	37	0	0	0	76	0	0	0	0	0	0	0	0	0	0	0	0	0	0	0	0	0	0	0	0	0	0	0	0	0	0	0	0	0	0	0	0	0	0	0	0	0	0	0	0	0	0	0	0	217	0	0	0	0	0	10
assemblage-629-460	0	0	0	0	0	0	0	0	132	107	0	0	0	63	0	0	0	0	0	0	0	0	0	0	0	0	0	0	0	0	21	0	0	0	0	0	0	0	0	0	0	0	0	0	0	0	0	0	0	0	0	0	0	0	0	0	0	0	162	0	0	0	0	0	15
assemblage-815-972	0	0	0	102	0	0	0	0	65	0	0	0	0	166	0	0	0	0	0	0	0	0	0	0	0	0	0	0	0	0	0	0	0	0	8	0	0	0	0	0	0	0	0	0	0	0	0	0	0	0	0	0	0	0	0	0	0	0	150	0	0	0	8	0	1
assemblage-597-662	0	0	0	20	0	0	0	0	125	11	0	0	0	282	0	0	0	0	0	0	0	0	0	0	0	0	0	0	0	0	0	0	0	0	0	0	0	0	0	0	0	0	0	0	0	0	0	0	0	0	0	0	0	0	0	0	0	0	49	0	0	0	8	0	5
assemblage-292-549	0	0	0	104	0	0	0	0	74	0	0	0	0	172	0	0	0	0	0	0	0	0	0	0	0	0	0	0	0	0	0	0	0	0	0	0	0	0	0	0	0	0	0	0	0	0	0	0	0	0	0	0	0	0	0	0	0	0	127	0	0	0	9	0	14
assemblage-631-459	0	0	0	0	0	0	0	0	126	115	0	0	0	63	0	0	0	0	0	0	0	0	0	0	0	0	0	0	0	0	15	0	0	0	0	0	0	0	0	0	0	0	0	0	0	0	0	0	0	0	0	0	0	0	0	0	0	0	165	0	0	0	0	0	16
assemblage-353-336	0	0	0	185	0	15	0	0	0	0	0	0	0	89	0	107	0	0	0	0	0	0	18	0	0	0	0	0	0	0	0	0	0	0	0	0	0	0	0	0	0	0	0	18	0	0	0	0	0	0	0	0	0	0	0	0	0	0	61	0	0	0	0	0	7
assemblage-293-129	0	0	0	62	0	0	0	0	87	97	0	0	0	162	0	0	0	0	0	0	0	0	0	0	0	0	0	6	0	0	0	0	0	0	0	0	0	0	0	0	0	0	0	0	0	0	0	0	0	0	0	0	0	0	0	0	0	0	83	0	0	0	0	0	3
assemblage-370-312	0	0	0	191	0	13	0	0	0	0	0	0	0	86	0	114	0	0	0	0	0	0	16	0	0	0	0	0	0	0	0	0	0	0	0	0	0	0	0	0	0	0	0	21	0	0	0	0	0	0	0	0	0	0	0	0	0	0	47	0	0	0	0	0	12
assemblage-929-253	0	0	0	0	0	0	0	0	33	0	0	0	0	172	0	0	0	0	0	0	0	0	0	0	0	0	0	0	0	0	0	0	0	0	0	0	0	0	0	0	0	0	0	0	0	0	0	0	0	0	0	0	0	0	0	0	0	0	271	0	0	0	0	0	24
assemblage-295-545	0	0	7	118	0	0	0	0	16	0	0	0	0	92	0	19	0	0	0	0	0	0	0	0	0	0	0	0	0	0	0	0	0	0	0	0	0	0	0	0	0	0	0	0	0	0	0	9	0	0	0	0	0	0	0	0	0	0	158	0	0	0	69	0	12
assemblage-646-853	0	0	8	158	0	0	0	0	21	0	0	0	0	87	0	12	0	0	0	0	0	0	0	0	0	0	0	0	0	0	0	0	0	0	0	0	0	0	0	0	0	0	0	0	0	0	0	14	0	0	0	0	0	0	0	0	0	0	148	0	0	0	44	0	8
assemblage-280-126	0	0	0	104	0	0	0	0	72	25	0	0	0	67	0	0	0	0	0	0	0	0	0	0	0	0	0	0	0	0	0	0	0	0	0	0	0	0	0	0	0	0	0	0	5	0	0	0	0	0	0	0	0	0	0	0	0	0	221	0	0	0	0	0	6
assemblage-925-992	0	0	0	10	0	0	0	0	90	21	0	3	0	113	0	0	0	0	0	0	0	0	0	0	0	0	0	0	0	4	0	0	0	0	0	0	0	0	0	0	0	0	0	0	0	0	0	0	0	0	0	0	0	0	0	0	0	0	239	0	0	0	0	0	20
assemblage-196-186	0	0	0	0	0	0	0	0	130	0	0	0	29	0	0	0	0	0	0	0	0	0	0	0	0	0	0	0	0	0	0	0	0	0	0	0	0	0	0	0	0	0	0	0	0	0	0	0	0	0	0	5	16	0	0	0	0	0	310	0	0	0	0	0	10
assemblage-941-247	0	0	0	78	0	0	0	0	47	0	0	0	0	140	0	0	0	0	0	0	0	0	0	0	0	0	0	0	0	0	0	0	0	0	0	0	0	0	0	0	0	0	0	0	0	0	0	0	0	0	0	0	0	0	0	0	0	0	161	0	0	0	60	0	14
assemblage-882-392	0	0	0	72	0	0	0	0	78	0	0	0	0	130	0	0	0	0	0	0	0	0	0	0	0	0	0	0	0	0	0	0	0	0	0	0	0	0	0	0	0	0	0	0	0	0	0	0	0	0	0	0	0	0	0	0	0	0	174	0	0	0	30	0	16
assemblage-623-454	0	0	0	0	0	0	0	0	113	86	0	0	0	72	0	0	0	0	0	0	0	0	0	0	0	0	0	0	0	0	30	0	0	0	0	0	0	0	0	0	0	0	0	0	0	0	0	0	0	0	0	0	0	0	0	0	0	0	181	0	0	0	0	0	18
assemblage-621-440	0	0	0	0	0	0	0	0	237	135	0	0	0	24	0	0	0	0	0	0	0	0	0	0	0	0	0	0	0	0	0	0	0	0	0	0	0	0	0	0	0	0	0	0	0	0	0	0	0	0	0	0	0	0	0	0	0	0	84	0	0	0	0	0	20
assemblage-898-394	0	0	0	62	0	0	0	0	18	0	0	0	0	217	0	0	0	0	0	0	0	0	0	0	0	0	0	0	0	0	0	0	0	0	0	0	0	0	0	0	0	0	0	0	0	0	0	0	0	0	0	0	0	0	0	0	0	0	195	0	0	0	0	0	8
assemblage-720-910	0	0	0	176	0	0	0	0	5	0	0	0	0	104	0	147	0	0	0	0	0	0	0	0	0	0	0	0	0	0	0	0	0	0	0	0	0	0	0	0	0	0	0	0	0	0	0	0	0	0	0	0	0	0	0	0	0	0	17	0	0	0	29	0	22
assemblage-237-258	0	0	0	0	0	0	0	0	0	183	0	0	0	220	0	0	0	0	0	0	0	0	0	0	0	4	0	0	0	0	0	0	0	0	0	0	0	0	0	0	0	0	0	0	0	0	0	0	0	0	0	0	0	0	92	0	0	0	0	0	0	0	0	0	1
assemblage-687-249	0	0	0	158	0	0	5	0	0	0	0	0	0	93	24	0	0	0	0	0	0	0	0	0	0	0	0	0	0	0	0	0	0	0	0	0	0	0	0	0	43	12	0	0	0	0	0	0	0	0	0	0	0	0	0	12	0	0	96	0	0	0	43	0	14
assemblage-642-861	0	0	0	87	0	0	0	0	59	0	0	0	0	200	0	0	0	0	0	0	0	0	0	0	0	0	0	0	0	0	0	0	0	0	0	0	0	0	0	0	0	0	0	0	0	0	0	0	0	0	0	0	0	0	0	0	0	0	142	0	0	0	6	0	6
assemblage-246-246	0	0	0	0	0	0	0	0	0	203	0	0	0	204	0	0	0	0	0	0	0	0	0	0	0	5	0	0	0	0	0	0	0	0	0	0	0	0	0	0	0	0	0	0	0	0	0	0	0	0	0	0	0	0	86	0	0	0	0	0	0	0	0	0	2
assemblage-759-877	0	0	0	50	0	0	0	0	59	91	0	0	0	104	0	0	0	0	0	0	0	0	0	0	0	0	0	0	0	0	0	0	0	0	0	0	0	0	0	0	0	0	0	0	0	0	0	0	0	0	0	0	0	0	32	0	0	3	157	0	0	0	0	0	4
assemblage-759-874	0	0	0	61	0	0	0	0	67	102	0	0	0	103	0	0	0	0	0	0	0	0	0	0	0	0	0	0	0	0	0	0	0	0	0	0	0	0	0	0	0	0	0	0	0	0	0	0	0	0	0	0	0	0	31	0	0	0	127	0	0	0	0	0	9
assemblage-923-236	0	0	0	64	0	0	0	0	26	0	0	0	0	198	0	9	0	0	0	0	0	0	0	0	0	0	0	0	0	0	0	0	0	0	0	0	0	0	0	0	0	0	0	0	0	0	0	0	0	0	0	0	0	0	0	0	0	0	190	0	0	0	0	0	13
assemblage-280-565	0	0	0	125	0	0	0	0	21	0	0	0	0	149	0	26	0	0	0	0	0	0	0	0	0	0	0	0	0	0	0	0	0	0	0	0	0	0	0	0	0	0	0	0	0	0	0	8	0	0	0	0	0	0	0	0	0	0	135	0	0	0	18	0	18
assemblage-628-854	0	0	0	91	0	0	0	0	75	0	0	0	0	196	0	0	0	0	0	0	0	0	0	0	0	0	0	0	0	0	0	0	0	0	0	0	0	0	0	0	0	0	0	0	0	0	0	0	0	0	0	0	0	0	0	0	0	0	125	0	0	0	4	0	9
assemblage-710-473	0	0	0	282	0	0	0	0	0	0	0	0	0	73	0	33	0	0	0	0	0	0	0	0	0	0	0	0	0	0	0	0	0	0	0	0	0	0	0	0	21	12	0	0	0	0	0	0	0	0	0	0	0	15	0	0	0	0	37	0	0	0	19	0	8
assemblage-277-528	0	0	0	125	0	0	0	0	0	0	0	0	0	119	0	57	0	0	0	0	0	0	0	0	0	0	0	0	0	0	0	0	0	0	0	0	0	0	0	0	0	0	0	0	0	0	0	0	0	0	0	0	0	0	0	0	0	0	193	0	0	0	0	0	6
assemblage-328-328	0	0	0	240	0	0	0	0	0	0	0	0	0	59	0	19	0	0	0	0	0	0	0	0	0	0	0	0	0	0	0	0	0	0	0	0	0	0	0	0	0	0	0	0	0	23	0	14	0	0	0	0	0	0	0	0	0	0	90	0	0	0	47	0	8
assemblage-630-846	0	0	0	123	0	0	0	0	0	0	0	0	0	107	0	57	0	0	0	0	0	0	0	0	0	0	0	0	0	0	0	0	0	0	0	0	0	0	0	0	0	0	0	0	0	0	0	0	0	0	0	0	0	0	0	0	0	0	204	0	0	0	0	0	9
assemblage-190-596	0	0	0	263	0	0	0	0	0	0	0	0	0	40	0	59	0	0	0	0	0	0	0	0	0	0	0	0	0	0	0	0	0	0	0	0	0	0	0	0	0	43	0	0	0	7	0	0	0	0	0	0	0	6	0	0	0	0	33	0	0	0	35	0	14
assemblage-359-271	0	0	0	69	0	0	0	0	36	107	0	0	0	100	0	0	0	0	0	0	0	0	0	0	0	0	0	0	0	0	0	0	0	0	0	0	0	0	0	0	0	0	0	0	0	0	0	0	0	0	0	0	0	0	33	0	0	0	145	0	0	0	0	0	10
assemblage-985-351	0	0	0	198	0	0	0	0	13	0	0	0	0	46	0	38	0	0	0	0	0	0	0	0	0	0	0	0	0	0	0	0	0	0	0	0	0	0	0	0	0	0	0	0	0	0	0	0	0	0	0	0	0	0	0	0	0	0	193	0	0	0	0	0	12
assemblage-597-671	0	0	0	61	10	0	0	0	15	29	0	0	0	166	0	0	0	9	0	0	0	0	0	0	0	0	0	0	0	0	0	0	0	0	0	0	0	0	0	17	0	0	0	0	0	0	0	0	0	0	0	0	0	0	0	0	0	0	160	0	0	0	27	0	6
assemblage-460-153	0	0	0	61	14	0	0	0	10	41	0	0	0	160	0	0	0	0	0	0	0	0	0	0	0	0	0	0	0	0	0	0	0	0	0	0	0	0	0	25	0	0	0	0	0	0	0	0	0	0	0	0	0	0	0	0	0	0	155	0	0	0	26	0	8
assemblage-684-472	0	0	0	252	0	0	0	0	0	0	0	0	0	127	0	24	0	0	0	0	0	0	0	0	0	0	0	0	0	0	0	0	0	0	0	0	0	0	0	0	11	0	0	0	0	0	0	0	0	0	0	0	0	0	0	0	0	0	40	0	0	0	34	0	12
assemblage-689-477	0	0	0	271	0	0	0	0	0	0	0	0	0	113	0	22	0	0	0	0	0	0	0	0	0	0	0	0	0	0	0	0	0	0	0	0	0	0	0	0	10	0	0	0	0	0	0	0	0	0	0	0	0	0	0	0	0	0	56	0	0	0	22	0	6
assemblage-308-566	0	0	0	139	0	0	0	0	0	0	0	0	0	110	0	124	0	0	0	0	0	0	17	0	0	0	6	0	0	0	0	0	0	0	0	0	0	0	0	0	0	0	0	0	0	0	0	0	0	0	0	0	0	0	0	0	0	0	90	0	0	0	0	0	14
assemblage-471-340	0	0	0	0	0	0	0	0	0	482	0	0	0	11	0	0	0	0	0	0	0	0	0	0	0	0	0	0	0	0	0	0	0	0	0	0	0	0	0	0	0	0	0	0	0	0	0	0	0	0	0	0	0	0	0	0	0	0	0	0	0	0	0	0	7
assemblage-922-687	0	0	0	84	0	0	0	0	18	0	0	0	0	204	0	0	0	0	0	0	0	0	0	0	0	0	0	0	0	0	0	0	0	0	0	0	0	0	0	0	0	0	0	0	0	0	0	0	0	0	0	0	0	0	0	0	0	0	182	0	0	0	0	0	12
assemblage-910-1006	0	0	0	39	0	0	0	0	108	48	0	0	0	162	0	0	0	0	0	0	0	0	0	0	0	0	0	0	0	0	0	0	0	0	0	0	0	0	6	0	0	0	5	0	0	0	0	0	0	0	0	0	0	0	0	0	0	0	112	0	0	0	17	0	3
assemblage-774-471	0	0	0	0	0	0	0	0	0	0	0	0	0	259	0	30	0	0	0	0	0	0	0	0	0	0	0	0	0	0	0	0	0	0	0	0	0	0	0	0	0	0	0	0	0	0	0	35	0	0	0	0	0	0	0	0	0	0	167	0	0	0	0	0	9
assemblage-239-868	0	0	0	72	0	0	0	0	75	86	0	0	0	154	0	0	0	0	0	0	0	0	0	0	0	0	0	0	0	0	0	0	0	0	0	0	0	0	0	0	0	0	0	0	0	0	0	0	0	0	0	0	0	0	0	0	0	0	94	0	0	0	0	0	19
assemblage-543-757	0	0	0	20	0	0	0	0	140	10	0	0	0	271	0	0	0	0	0	0	0	0	0	0	0	0	0	0	0	0	0	0	0	0	0	0	0	0	0	0	0	0	0	0	0	0	0	0	0	0	0	0	0	0	0	0	0	0	37	0	0	0	19	0	3
assemblage-615-216	0	0	0	344	0	0	0	0	0	0	0	0	0	8	0	46	0	0	0	0	0	0	0	0	0	0	0	0	0	0	0	0	0	0	0	0	0	0	0	0	73	0	0	0	0	0	0	0	0	0	0	0	0	0	0	0	0	0	17	0	0	0	0	0	12
assemblage-352-230	0	0	0	187	0	0	0	0	7	0	0	0	0	95	0	14	0	0	0	0	0	0	46	0	0	0	0	0	0	0	0	0	0	7	0	0	0	0	0	0	0	0	0	0	0	4	0	0	0	0	0	0	0	0	0	0	0	0	111	0	0	10	7	0	12
assemblage-614-458	0	0	0	0	0	0	0	0	9	211	0	0	0	47	0	0	0	0	0	0	0	0	0	0	0	0	0	0	0	0	0	0	0	0	0	0	0	0	0	0	0	0	0	0	0	0	0	0	0	0	0	0	0	0	0	0	0	0	217	0	0	0	0	0	16
assemblage-614-459	0	0	0	0	0	0	0	0	105	108	0	0	0	61	0	0	0	0	0	0	0	0	0	0	0	0	0	0	0	0	18	0	0	0	0	0	0	0	0	0	0	0	0	0	0	0	0	0	0	0	0	0	0	0	0	0	0	0	184	0	0	0	0	0	24
assemblage-598-655	0	0	0	55	0	0	0	0	82	4	0	0	0	172	0	0	0	0	0	0	0	0	0	0	0	0	0	0	0	0	0	0	0	0	0	0	0	0	0	0	0	0	0	0	0	0	0	0	0	0	0	0	0	0	0	0	0	0	174	0	0	0	5	0	8
assemblage-336-223	0	0	0	182	0	0	0	0	20	0	0	0	0	48	0	40	0	0	0	0	0	0	0	0	0	0	0	0	0	0	0	0	0	0	0	0	0	0	0	0	0	0	0	0	0	0	0	0	0	0	0	0	0	0	0	0	0	0	195	0	0	0	9	0	6
assemblage-787-982	0	0	0	122	0	0	0	0	0	0	0	0	0	108	0	65	0	0	0	0	0	0	0	0	0	0	0	0	0	0	0	0	0	0	0	0	0	0	0	0	0	0	0	0	0	0	0	0	0	0	0	0	0	0	0	0	0	0	198	0	0	0	0	0	7
assemblage-637-842	0	0	0	80	0	0	0	0	57	0	0	0	0	200	0	0	0	0	0	0	0	0	0	0	0	0	0	0	0	0	0	0	0	0	0	0	0	0	0	0	0	0	0	0	0	0	0	0	0	0	0	0	0	0	0	0	0	0	140	0	0	0	14	0	9
assemblage-912-277	0	0	0	114	0	0	0	0	6	0	0	0	0	232	0	0	0	0	0	0	0	0	3	0	0	0	0	0	0	0	0	0	0	0	0	0	0	0	0	0	0	0	0	0	0	0	0	32	0	0	0	0	0	0	0	0	0	0	82	0	0	0	22	0	9
assemblage-167-585	0	0	0	259	0	0	0	0	0	0	0	0	0	44	0	32	0	0	0	0	0	0	0	0	0	0	0	0	0	0	0	0	0	0	0	0	0	0	0	0	0	53	0	0	0	0	0	0	0	0	0	0	0	0	0	0	0	0	43	0	0	0	36	0	33
assemblage-605-243	0	0	0	240	0	0	0	0	0	0	0	0	0	10	0	115	0	0	0	0	0	0	0	0	0	0	0	0	0	0	0	0	0	0	0	0	4	0	0	0	21	0	0	0	0	0	0	0	0	0	0	0	0	0	0	0	0	0	63	0	0	30	6	0	11
assemblage-498-521	0	0	0	22	0	0	0	0	140	11	0	0	0	256	0	0	0	0	0	0	0	0	0	0	0	0	0	0	0	0	0	0	0	0	0	0	0	0	0	0	0	0	0	0	0	0	0	0	0	0	0	0	0	0	0	0	0	0	50	0	0	0	18	0	3
assemblage-594-235	0	0	0	248	0	0	0	0	0	0	0	0	0	7	0	113	0	0	0	0	0	0	0	0	0	0	0	0	0	0	0	0	0	0	0	0	0	0	0	0	12	0	0	0	0	0	0	0	0	0	0	0	0	0	0	0	0	0	77	0	0	27	0	0	16
assemblage-694-256	0	0	0	229	0	0	0	0	0	0	0	0	0	26	0	0	0	0	0	0	0	0	0	0	0	0	0	0	15	0	0	0	0	0	0	0	0	0	0	0	16	132	0	0	0	0	0	0	0	0	0	0	0	0	0	6	0	0	49	0	5	0	11	0	11
assemblage-160-161	0	0	0	0	0	0	0	0	9	197	0	0	0	40	0	0	0	0	0	0	0	0	0	0	0	0	0	0	0	0	0	0	0	0	0	0	0	0	0	0	0	0	0	0	0	0	0	0	0	0	0	0	0	0	0	0	0	0	229	0	0	0	0	13	12
assemblage-904-260	0	0	0	136	0	0	0	0	3	0	0	0	0	225	0	0	0	0	0	0	0	0	0	0	0	0	0	0	0	0	0	0	0	0	0	0	0	0	0	0	0	0	0	0	0	0	0	20	0	0	0	0	0	0	0	0	0	0	98	0	0	0	14	0	4
assemblage-206-182	0	0	0	0	0	0	0	0	130	0	0	0	28	0	0	0	0	0	0	0	0	0	0	0	0	0	0	0	0	0	0	0	0	0	0	0	0	0	0	0	0	0	0	0	0	0	0	0	0	0	0	0	20	0	0	0	0	0	302	0	0	0	0	0	20
assemblage-396-352	0	0	0	172	0	16	0	0	0	0	0	0	0	78	0	116	0	0	0	0	0	0	17	0	0	0	0	0	0	0	0	0	0	0	0	0	0	0	0	0	0	0	0	17	0	0	0	0	0	0	0	0	0	0	0	0	0	0	74	0	0	0	0	0	10
assemblage-178-601	0	0	0	229	0	0	0	0	0	0	0	0	0	130	0	47	0	0	0	0	0	0	0	0	0	0	0	0	0	0	0	0	0	0	0	0	0	0	0	0	18	0	0	0	0	0	0	0	0	0	0	0	0	33	0	6	0	0	16	0	0	0	19	0	2
assemblage-165-927	0	0	0	297	0	0	0	0	0	0	0	0	0	71	0	0	0	0	0	40	0	0	0	0	0	0	0	0	0	0	0	0	0	0	0	0	0	0	0	0	0	36	0	0	0	0	0	0	0	0	0	0	0	0	0	0	0	0	48	0	0	0	0	0	8
assemblage-712-891	0	0	0	225	0	0	0	0	0	0	0	0	0	83	0	33	0	0	0	0	0	0	0	0	0	0	0	0	0	0	0	0	0	0	0	0	0	0	0	0	0	0	0	0	0	0	0	50	0	0	0	0	0	0	0	0	0	0	102	0	0	0	0	0	7
assemblage-635-856	0	0	0	103	0	0	0	0	5	0	0	0	0	250	0	0	0	0	0	0	0	0	0	0	0	0	0	0	0	0	0	0	0	0	0	0	0	0	0	0	0	0	0	0	0	0	0	22	0	0	0	0	0	0	0	0	0	0	85	0	0	0	23	0	12
assemblage-412-358	0	0	0	260	0	0	0	0	0	0	0	0	0	6	0	103	0	0	0	0	0	0	0	0	0	0	0	0	0	0	0	0	0	0	0	0	0	0	0	0	23	0	0	0	0	0	0	0	0	0	0	0	0	0	0	0	0	0	63	0	0	24	6	0	15
assemblage-319-550	0	0	12	129	0	0	0	0	24	0	0	0	0	100	0	20	0	0	0	0	0	0	0	0	0	0	0	0	0	0	0	0	0	0	0	0	0	0	0	0	0	0	0	0	0	0	0	8	0	0	0	0	0	0	0	0	0	0	137	0	0	0	58	0	12
assemblage-259-333	0	0	0	166	0	0	0	0	13	0	0	0	0	59	0	44	0	0	0	0	0	0	0	0	0	0	0	0	0	0	0	0	0	0	0	0	0	0	0	0	0	0	0	0	0	0	0	0	0	0	0	0	0	0	0	0	0	0	192	0	0	0	13	0	13
assemblage-520-558	0	0	0	163	0	0	3	0	0	0	0	0	0	88	26	0	0	0	0	0	0	0	0	0	0	0	0	0	0	0	0	0	0	0	0	0	0	0	0	0	55	11	0	0	0	0	0	0	0	0	0	0	0	0	0	21	0	0	77	0	0	0	46	0	10
assemblage-160-196	0	0	0	0	0	0	0	0	246	130	0	0	0	25	0	0	0	0	0	0	0	0	0	0	0	0	0	0	0	0	0	0	0	0	0	0	0	0	0	0	0	0	0	0	0	0	0	0	0	0	0	0	0	0	0	0	0	0	68	10	0	0	0	0	21
assemblage-359-264	0	0	0	59	0	0	0	0	50	99	0	0	0	114	0	0	0	0	0	0	0	0	0	0	0	0	0	0	0	0	0	0	0	0	0	0	0	0	0	0	0	0	0	0	0	0	0	0	0	0	0	0	0	0	20	0	0	0	154	0	0	0	0	0	4
assemblage-520-549	0	0	0	234	0	0	0	0	0	0	12	0	0	62	3	0	0	0	0	5	0	0	0	0	0	0	0	0	0	0	0	0	0	0	0	0	0	0	0	0	30	77	0	0	0	0	8	0	0	0	0	0	0	0	0	8	0	0	24	0	0	0	13	0	24
assemblage-242-242	0	0	0	0	0	0	0	0	0	194	0	0	0	186	0	0	0	0	0	0	0	0	0	0	0	9	0	0	0	0	0	0	0	0	0	0	0	0	0	0	0	0	0	0	0	0	0	0	0	0	0	0	0	0	106	0	0	0	0	0	0	0	0	0	5
assemblage-929-680	0	0	0	0	0	0	0	0	27	0	0	0	0	184	0	0	0	0	0	0	0	0	0	0	0	0	0	0	0	0	0	0	0	0	0	0	0	0	0	0	0	0	0	0	0	0	0	0	0	0	0	0	0	0	0	0	0	0	270	0	0	0	0	0	19
assemblage-943-691	0	0	0	79	0	0	0	0	24	0	0	0	0	211	0	6	0	0	0	0	0	0	0	0	0	0	0	0	0	0	0	0	0	0	0	0	0	0	0	0	0	0	0	0	0	0	0	0	0	0	0	0	0	0	0	0	0	0	174	0	0	0	0	0	6
assemblage-305-132	0	0	0	47	0	0	0	0	94	48	0	0	0	158	0	0	0	0	0	0	0	0	0	0	0	0	0	0	0	0	0	0	0	0	0	0	0	0	4	0	0	0	10	0	0	0	0	0	0	0	0	0	0	0	0	0	0	0	119	0	0	0	13	0	7
assemblage-526-916	0	0	0	49	0	0	0	0	112	37	0	0	0	144	0	0	0	0	0	0	0	0	0	0	0	0	0	0	0	0	0	0	0	0	0	0	0	0	3	0	0	0	6	0	0	0	0	0	0	0	0	0	0	0	0	0	0	0	122	0	0	0	17	0	10
assemblage-358-789	0	0	0	272	0	0	0	0	0	0	0	0	0	79	0	0	0	0	0	40	0	0	0	0	0	0	0	0	0	0	0	0	0	0	0	0	0	0	0	0	0	46	0	0	0	0	0	0	0	0	0	0	0	0	0	0	0	0	50	0	0	0	0	0	13
assemblage-611-217	0	0	0	272	0	0	0	0	0	0	0	0	0	99	0	40	0	0	0	0	0	0	0	0	0	0	0	0	0	0	0	0	0	0	0	0	0	0	0	0	16	0	0	0	0	0	0	0	0	0	0	0	0	33	0	7	0	0	17	0	0	0	12	0	4
assemblage-670-392	0	0	0	351	0	0	0	0	0	0	0	0	0	0	0	29	0	0	0	0	0	0	0	0	0	0	0	0	0	0	0	0	0	0	0	0	0	0	0	0	73	0	0	0	0	0	0	0	0	0	0	0	0	0	0	0	0	0	24	0	0	0	0	0	23
assemblage-907-527	0	0	0	54	0	0	0	0	317	0	0	0	0	0	0	0	23	0	0	0	0	0	0	0	0	0	0	0	0	0	0	0	0	0	0	0	0	0	0	0	0	0	0	0	0	0	0	0	0	0	0	0	0	0	0	0	0	0	91	0	0	0	0	0	15
assemblage-358-786	0	0	0	268	0	0	0	0	0	0	24	0	0	55	0	0	0	0	0	0	0	12	0	0	0	0	0	0	0	0	0	26	0	0	0	0	0	0	0	0	8	63	0	0	0	0	20	0	0	0	0	0	0	0	0	0	0	0	0	0	0	0	0	0	24
assemblage-742-872	0	0	0	55	0	0	0	0	49	95	0	0	0	118	0	0	0	0	0	0	0	0	0	0	0	0	0	0	0	0	0	0	0	0	0	0	0	0	0	0	0	0	0	0	0	0	0	0	0	0	0	0	0	0	33	0	0	0	143	0	0	0	0	0	7
assemblage-627-458	0	0	0	0	0	0	0	0	237	153	0	0	0	20	0	0	0	0	0	0	0	0	0	0	0	0	0	0	0	0	0	0	0	0	0	0	0	0	0	0	0	0	0	0	0	0	0	0	0	0	0	0	0	0	0	0	0	0	71	0	0	0	0	0	19
assemblage-545-737	0	0	0	51	0	0	0	0	13	8	0	0	0	115	0	0	0	0	0	0	0	0	0	0	0	0	0	0	0	0	0	0	0	0	0	0	0	0	0	0	0	0	0	0	0	0	0	0	0	0	0	0	0	0	0	0	3	0	303	0	0	0	0	0	7
assemblage-606-238	0	0	0	228	0	0	0	0	0	0	0	0	0	66	0	25	0	0	0	0	0	0	0	0	0	0	0	0	0	0	0	0	0	0	0	0	0	0	0	0	0	0	0	0	0	23	0	7	0	0	0	0	0	0	0	0	0	0	85	0	0	0	59	0	7
assemblage-195-187	0	0	0	0	0	0	0	0	88	0	0	0	23	0	0	0	0	0	0	0	0	0	0	0	0	0	0	0	0	0	0	0	0	0	0	0	0	0	0	0	0	0	0	0	0	0	0	0	0	0	0	0	14	0	0	0	0	0	360	0	0	0	0	0	15
assemblage-171-608	0	0	0	229	0	0	0	0	0	0	0	0	0	123	0	17	0	0	0	0	0	0	0	0	0	0	0	0	0	0	0	0	0	0	0	0	0	0	0	0	10	0	0	0	0	0	0	0	0	0	0	0	0	0	0	0	0	0	63	0	0	0	44	0	14
assemblage-466-351	0	0	0	0	0	0	0	0	0	480	0	0	0	10	0	0	0	0	0	0	0	0	0	0	0	0	0	0	0	0	0	0	0	0	0	3	0	0	0	0	0	0	0	0	0	0	0	0	0	0	0	0	0	0	0	0	0	0	0	0	0	0	0	0	7
assemblage-687-910	0	0	0	165	0	0	0	0	0	0	0	0	0	126	0	16	0	0	0	0	0	0	33	0	0	0	0	0	0	0	0	0	0	0	0	0	0	0	0	0	0	0	0	0	0	4	0	0	0	0	0	0	0	0	0	0	0	0	116	0	0	19	2	0	19
assemblage-209-176	0	0	0	0	0	0	0	0	125	0	0	0	24	0	0	0	0	0	0	0	0	0	0	0	0	0	0	0	0	0	0	0	0	0	0	0	0	0	0	0	0	0	0	0	0	0	0	0	0	0	0	0	7	0	0	0	0	0	328	0	0	0	0	0	16
assemblage-281-541	0	0	0	133	0	0	0	0	0	0	0	0	0	113	0	62	0	0	0	0	0	0	0	0	0	0	0	0	0	0	0	0	0	0	0	0	0	0	0	0	0	0	0	0	0	0	0	0	0	0	0	0	0	0	0	0	0	0	178	0	0	0	0	0	14
assemblage-762-878	0	0	0	0	0	0	0	0	87	100	0	0	0	69	0	0	0	0	0	0	0	0	0	0	0	0	0	0	0	0	22	0	0	0	0	0	0	0	0	0	0	0	0	0	0	0	0	0	0	0	0	0	0	0	0	0	0	0	213	0	0	0	0	0	9
assemblage-181-190	0	0	0	46	0	0	0	0	58	103	0	0	0	108	0	0	0	0	0	0	0	0	0	0	0	0	0	0	0	0	0	0	0	0	0	0	0	0	0	0	0	0	0	0	0	0	0	0	0	0	0	0	0	0	38	0	0	0	141	0	0	0	0	0	6
assemblage-168-953	0	0	0	242	0	0	0	0	0	0	0	0	0	32	0	0	0	0	0	0	0	0	0	0	0	0	0	0	8	0	0	0	0	0	0	0	0	0	0	0	19	130	0	0	0	0	0	0	0	0	0	0	0	0	0	6	0	0	39	0	5	0	6	0	13
assemblage-990-345	0	0	0	227	0	0	0	0	0	0	0	0	0	89	0	30	0	0	0	0	0	0	0	0	0	0	0	0	0	0	0	0	0	0	0	0	0	0	0	0	0	0	0	0	0	0	0	33	0	0	0	0	0	0	0	0	0	0	111	0	0	0	0	0	10
assemblage-549-750	0	0	0	45	13	0	0	0	9	37	0	0	0	179	0	0	0	0	0	0	0	0	0	0	0	0	0	0	0	0	0	0	0	0	0	0	0	0	0	23	0	0	0	0	0	0	0	0	0	0	0	0	0	0	0	0	0	0	167	0	0	0	20	0	7
assemblage-480-335	0	0	0	0	0	0	0	0	0	481	0	0	0	17	0	0	0	0	0	0	0	0	0	0	0	0	0	0	0	0	0	0	0	0	0	0	0	0	0	0	0	0	0	0	0	0	0	0	0	0	0	0	0	0	0	0	0	0	0	0	0	0	0	0	2
assemblage-535-559	0	0	0	296	0	0	0	0	0	0	30	0	0	50	0	0	0	0	0	0	0	9	0	0	0	0	0	0	0	0	0	11	0	0	0	0	0	0	0	0	8	57	0	0	0	0	23	0	0	0	0	0	0	0	0	5	0	0	0	0	0	0	0	0	11
assemblage-183-166	0	0	0	0	0	0	0	0	241	151	0	0	0	18	0	0	0	0	0	0	0	0	0	0	0	0	0	0	0	0	0	0	0	0	0	0	0	0	0	0	0	0	0	0	0	0	0	0	0	0	0	0	0	0	0	0	0	0	74	0	0	0	0	0	16
assemblage-176-599	0	0	0	323	0	0	0	0	0	0	0	0	0	4	0	43	0	0	0	0	0	0	0	0	0	0	0	0	0	0	0	0	0	0	0	0	0	0	0	0	93	0	0	0	0	0	0	0	0	0	0	0	0	0	0	0	0	0	24	0	0	0	0	0	13
assemblage-924-289	0	0	7	147	0	0	0	0	1	0	0	0	0	119	0	16	0	0	0	0	0	0	0	0	0	0	0	0	0	0	0	0	0	0	0	0	0	7	0	0	0	0	0	0	0	0	0	11	0	0	0	0	0	0	0	0	0	0	147	0	0	0	40	0	5
assemblage-235-847	0	0	0	64	0	0	0	0	76	99	0	0	0	160	0	0	0	0	0	0	0	0	0	0	0	0	0	0	0	0	0	0	0	0	0	0	0	0	0	0	0	0	0	0	0	0	0	0	0	0	0	0	0	0	0	0	0	0	92	0	0	0	0	0	9
assemblage-298-582	0	0	0	151	0	0	0	0	0	0	0	0	0	104	0	108	0	0	0	0	0	0	10	0	0	0	9	0	0	0	0	0	0	0	0	0	0	0	0	0	0	0	0	0	0	0	0	0	0	6	0	0	0	0	0	0	0	0	94	0	0	0	0	0	18
assemblage-172-188	0	0	0	0	0	0	0	0	16	201	0	0	0	34	0	0	0	0	0	0	0	0	0	0	0	0	0	0	0	0	0	0	0	0	0	0	0	0	0	0	0	0	0	0	0	0	0	0	0	0	0	0	0	0	0	0	0	0	236	0	0	0	0	0	13
assemblage-299-556	0	0	21	133	0	0	0	0	21	0	0	0	0	121	0	12	0	0	0	0	0	0	0	0	0	0	0	0	0	0	0	0	0	0	0	0	0	0	0	0	0	0	0	0	0	0	0	10	0	0	0	0	0	0	0	0	0	0	119	0	0	0	55	0	8
assemblage-809-471	0	0	0	71	0	0	0	0	54	0	0	0	0	159	0	0	0	0	0	0	0	0	0	0	0	0	0	0	0	0	0	0	0	0	0	0	0	0	0	0	0	0	0	0	0	0	0	0	0	0	0	0	0	0	0	0	0	0	148	0	0	0	60	0	8
assemblage-183-592	0	0	0	245	0	0	0	0	0	0	0	0	0	109	0	37	0	0	0	0	0	0	0	0	0	0	0	0	0	0	0	0	0	0	0	0	0	0	0	0	21	0	0	0	0	0	0	0	0	0	0	0	0	32	0	8	0	0	12	0	0	0	27	0	9
assemblage-870-401	0	0	0	0	0	0	0	0	32	0	0	0	0	207	0	0	0	0	0	0	0	0	0	0	0	0	0	0	0	0	0	0	0	0	0	0	0	0	0	0	0	0	0	0	0	0	0	0	0	0	0	0	0	0	0	0	0	0	239	0	0	0	0	0	22
assemblage-299-553	0	0	0	150	0	0	0	0	0	0	0	0	0	117	0	110	0	0	0	0	0	0	5	0	0	0	10	0	0	0	0	0	0	0	0	0	0	0	0	0	0	0	0	0	0	0	0	0	0	0	0	0	0	0	0	0	0	0	94	0	0	0	0	0	14
assemblage-267-236	0	0	0	0	0	0	0	0	0	151	0	0	0	232	0	0	0	0	0	0	0	0	0	0	0	7	0	0	0	0	0	0	0	0	0	0	0	0	0	0	0	0	0	0	0	0	0	0	0	0	0	0	0	0	109	0	0	0	0	0	0	0	0	0	1
assemblage-690-252	0	0	0	300	0	0	0	0	0	0	0	0	0	74	0	0	0	0	0	36	0	0	0	0	0	0	0	0	0	0	0	0	0	0	0	0	0	0	0	0	0	44	0	0	0	0	0	0	0	0	0	0	0	0	0	0	0	0	28	0	0	0	0	0	18
assemblage-889-395	0	0	0	0	0	0	0	0	0	0	0	0	0	263	0	17	0	0	0	0	0	0	0	0	0	0	0	0	0	0	0	0	0	0	0	0	0	0	0	0	0	0	0	0	0	0	0	24	0	0	0	0	0	0	0	0	0	0	178	0	0	0	0	0	18
assemblage-619-459	0	0	0	0	0	0	0	0	214	166	0	0	0	31	0	0	0	0	0	0	0	0	0	0	0	0	0	0	0	0	0	0	0	0	0	0	0	0	0	0	0	0	0	0	0	0	0	0	0	0	0	0	0	0	0	0	0	0	68	0	0	0	0	0	21
assemblage-296-136	0	0	0	93	0	0	0	0	68	33	0	0	0	74	0	0	0	0	0	0	0	0	0	0	0	0	0	0	0	0	0	0	0	0	0	0	0	0	0	0	0	0	0	0	3	0	0	0	0	0	0	0	0	0	0	0	0	0	226	0	0	0	0	0	3
assemblage-609-214	0	0	0	310	0	0	0	0	0	0	0	0	0	5	0	40	0	0	0	0	0	0	0	0	0	0	0	0	0	0	0	0	0	0	0	0	0	0	0	0	108	0	0	0	0	0	0	0	0	0	0	0	0	0	0	0	0	0	29	0	0	0	0	0	8
assemblage-526-929	0	0	0	18	0	0	0	0	102	26	0	0	0	103	0	0	0	0	0	0	0	0	0	0	0	0	0	0	0	9	0	0	0	0	0	0	0	0	0	0	0	0	0	0	0	0	0	0	0	0	0	0	0	0	0	0	0	0	228	0	0	0	0	0	14
assemblage-950-251	0	0	0	55	0	0	0	0	20	0	0	0	0	222	0	0	0	0	0	0	0	0	0	0	0	0	0	0	0	0	0	0	0	0	0	0	0	0	0	0	0	0	0	0	0	0	0	0	0	0	0	0	0	0	0	0	0	0	189	0	0	0	0	0	14
assemblage-663-393	0	0	0	250	0	0	0	0	0	0	0	0	0	117	0	35	0	0	0	0	0	0	0	0	0	0	0	0	0	0	0	0	0	0	0	0	0	0	0	0	11	0	0	0	0	0	0	0	0	0	0	0	0	28	0	13	0	0	22	0	0	0	20	0	4
assemblage-1000-339	0	0	0	170	0	0	0	0	27	0	0	0	0	59	0	53	0	0	0	0	0	0	0	0	0	0	0	0	0	0	0	0	0	0	0	0	0	0	0	0	0	0	0	0	0	0	0	0	0	0	0	0	0	0	0	0	0	0	183	0	0	0	4	0	4
assemblage-154-592	0	0	0	249	0	0	0	0	0	0	0	0	0	110	0	36	0	0	0	0	0	0	0	0	0	0	0	0	0	0	0	0	0	0	0	0	0	0	0	0	21	0	0	0	0	0	0	0	0	0	0	0	0	41	0	5	0	0	21	0	0	0	12	0	5
assemblage-181-932	0	0	0	267	0	0	0	0	0	0	37	0	0	40	0	0	0	0	0	0	0	7	0	0	0	0	0	0	0	0	0	20	0	0	0	0	0	0	0	0	17	62	0	0	0	0	22	0	0	0	0	0	0	0	0	11	0	0	0	0	0	0	0	0	17
assemblage-343-236	1	0	0	189	0	0	0	0	7	0	0	0	0	86	0	157	0	0	0	0	0	0	0	0	0	0	0	0	0	0	0	0	0	0	0	0	0	0	0	0	0	0	0	0	0	0	0	0	0	0	0	0	0	0	0	0	0	0	23	0	0	0	25	0	12
assemblage-152-958	0	0	0	250	0	0	0	0	0	0	0	0	0	33	0	0	0	0	0	0	0	0	0	0	0	0	0	0	20	0	0	0	0	0	0	0	0	0	0	0	12	123	0	0	0	0	0	0	0	0	0	0	0	0	0	0	0	0	35	0	0	0	0	0	27
assemblage-503-944	0	0	0	7	0	0	0	0	97	16	0	0	0	104	0	0	0	0	0	0	0	0	0	0	0	0	0	0	0	4	0	0	0	0	0	0	0	0	0	0	0	0	0	0	0	0	0	0	0	0	0	0	0	0	0	0	0	0	257	0	0	0	0	0	15
assemblage-150-176	0	0	0	0	0	0	0	0	227	160	0	0	0	14	0	0	0	0	0	0	0	0	0	0	0	0	0	0	0	0	0	0	0	0	0	0	0	0	0	0	0	0	0	0	0	0	0	0	0	0	3	0	0	0	0	0	0	0	81	0	0	0	0	0	15
assemblage-537-763	0	0	0	73	0	0	0	0	19	4	0	0	0	97	0	0	0	0	0	0	0	0	0	0	0	0	0	0	0	0	0	0	0	0	0	0	0	0	0	0	0	0	0	0	0	0	0	0	0	0	0	0	0	0	0	0	0	0	291	0	0	0	5	0	11
assemblage-911-277	0	0	0	90	0	0	0	0	77	0	0	0	0	202	0	0	0	0	0	0	0	0	0	0	0	0	0	0	0	0	0	0	0	0	0	0	0	0	0	0	0	0	0	0	0	0	0	0	0	0	0	0	0	0	0	0	0	0	117	0	0	0	1	0	13
assemblage-500-534	0	0	0	60	12	0	0	0	8	26	0	0	0	176	0	0	0	0	0	0	0	0	0	0	0	0	0	0	0	0	0	0	0	0	0	0	0	0	0	16	0	0	0	0	0	0	0	0	0	0	0	0	0	0	0	0	0	0	168	0	0	0	32	0	2
assemblage-594-237	0	0	0	120	0	0	0	0	0	0	0	0	0	129	0	112	0	0	0	0	0	0	12	0	0	0	7	0	0	0	0	0	0	0	0	0	0	0	0	0	0	0	0	0	0	0	0	0	0	0	0	0	0	0	0	0	0	0	110	0	0	0	0	0	10
assemblage-790-466	0	7	0	0	0	0	0	0	36	0	0	0	0	193	0	0	0	0	0	0	0	0	0	0	0	0	0	0	0	0	0	0	0	0	0	0	0	0	0	0	0	0	0	0	0	0	0	4	0	0	0	0	0	0	0	0	0	0	252	0	0	0	0	0	8
assemblage-235-826	0	0	0	98	0	0	0	0	63	30	0	0	0	80	0	0	0	0	0	0	0	0	0	0	0	0	0	0	0	0	0	0	0	0	0	0	0	0	0	0	0	0	0	0	0	0	0	0	0	0	0	0	0	0	0	0	0	0	221	0	0	0	0	0	8
assemblage-585-209	0	0	0	332	0	0	0	0	0	0	0	0	0	0	0	35	0	0	0	0	0	0	0	0	0	0	0	0	0	0	0	0	0	0	0	0	0	0	0	0	102	0	0	0	0	0	0	0	0	0	0	0	0	0	0	0	0	0	21	0	0	0	0	0	10
assemblage-285-119	0	0	0	60	0	0	0	0	77	105	0	0	0	147	0	0	0	0	0	0	0	0	0	0	0	0	0	0	0	0	0	0	0	0	0	0	0	0	0	0	0	0	0	0	0	0	0	0	0	0	0	0	0	0	0	0	0	0	102	0	0	0	0	0	9
assemblage-936-250	0	8	0	0	0	0	0	0	17	0	0	0	0	179	0	0	0	0	0	0	0	0	0	0	0	0	0	0	0	0	0	0	0	0	0	0	0	0	0	0	0	0	0	0	0	0	0	0	0	0	0	0	0	0	0	0	0	0	281	0	0	0	0	0	15
assemblage-988-353	0	0	0	221	0	0	0	0	0	0	0	0	0	86	0	25	0	0	0	0	0	0	0	0	0	0	0	0	0	0	0	0	0	0	0	0	0	0	0	0	0	0	0	0	0	0	0	36	0	0	0	0	0	0	0	0	0	0	120	0	0	0	0	0	12
assemblage-692-481	0	0	0	259	0	0	0	0	0	0	0	0	0	104	0	33	0	0	0	0	0	0	0	0	0	0	0	0	0	0	0	0	0	0	0	0	0	0	0	0	17	0	0	0	0	0	0	0	0	0	0	0	0	33	0	7	0	0	24	0	0	0	18	0	5
assemblage-497-531	0	0	0	29	0	0	0	0	140	11	0	0	0	252	0	0	0	0	0	0	0	0	0	0	0	0	0	0	0	0	0	0	0	0	0	0	0	0	0	0	0	0	0	0	0	0	0	0	0	0	0	0	0	0	0	0	0	0	51	0	0	0	12	0	5
assemblage-604-675	0	0	0	47	0	0	0	0	27	8	0	0	0	127	0	0	0	0	0	0	0	0	0	0	0	0	0	0	0	0	0	0	0	0	0	0	0	0	0	0	0	0	0	0	0	0	0	0	0	0	0	0	0	0	0	0	8	0	274	0	0	0	4	0	5
assemblage-481-156	0	0	0	47	5	0	0	0	12	33	0	0	0	157	0	0	0	0	0	0	0	0	0	0	0	0	0	0	0	0	0	0	0	0	0	0	0	0	0	29	0	0	0	0	0	0	0	0	0	0	0	0	0	0	0	0	0	0	181	0	0	0	30	0	6
assemblage-465-144	0	0	0	49	0	0	0	0	54	10	0	0	0	191	0	0	0	0	5	0	0	0	0	0	0	0	0	0	0	0	0	0	0	0	0	0	0	0	0	0	0	0	0	0	0	0	0	0	0	0	0	0	0	0	0	0	0	0	177	0	0	0	9	0	5
assemblage-607-238	0	0	0	218	0	0	0	0	0	0	0	0	0	63	0	40	0	0	0	0	0	0	0	0	0	0	0	0	0	0	0	0	0	0	0	0	0	0	0	0	0	0	0	0	0	14	0	9	0	0	0	0	0	0	0	0	0	0	97	0	0	0	51	0	8
assemblage-508-917	0	0	0	47	0	0	0	0	121	49	0	0	0	143	0	0	0	0	0	0	0	0	0	0	0	0	0	0	0	0	0	0	0	0	0	0	0	0	10	0	0	0	0	0	0	0	0	0	0	0	0	0	0	0	0	0	0	0	100	0	0	0	14	0	16
assemblage-806-986	0	0	0	106	0	0	0	0	59	0	0	0	0	184	0	0	0	0	0	0	0	0	0	0	0	0	0	0	0	0	0	0	0	0	0	0	0	0	0	0	0	0	0	0	0	0	0	0	0	0	0	0	0	0	0	0	0	0	137	0	0	0	5	0	9
assemblage-666-410	0	0	0	262	0	0	0	0	0	0	0	0	0	46	0	44	0	0	0	0	0	0	0	0	0	0	0	0	0	0	0	0	0	0	0	0	0	0	0	0	0	53	0	0	0	0	0	0	0	0	0	0	0	5	0	0	0	0	33	0	0	0	46	0	11
assemblage-667-848	0	0	0	139	0	0	0	0	10	0	0	0	0	210	0	0	0	0	0	0	0	0	3	0	0	0	0	0	0	0	0	0	0	0	0	0	0	0	0	0	0	0	0	0	0	0	0	30	0	0	0	0	0	0	0	0	0	0	72	0	0	0	26	0	10
assemblage-763-893	0	0	0	39	0	0	0	0	49	103	0	0	0	126	0	0	0	0	0	0	0	0	0	0	0	0	0	0	0	0	0	0	0	0	0	0	0	0	0	0	0	0	0	0	0	0	0	0	0	0	0	0	0	0	28	0	0	0	149	0	0	0	0	0	6
assemblage-991-355	0	0	0	170	0	0	0	0	6	0	0	0	0	98	0	164	0	0	0	0	0	0	0	0	0	0	0	0	0	0	0	0	3	0	0	0	0	0	0	0	0	0	0	0	0	0	0	0	0	0	0	0	0	0	0	0	0	0	27	0	0	0	21	0	11
assemblage-711-905	0	0	0	202	0	0	0	0	9	0	0	0	0	88	0	17	0	0	0	0	0	0	30	0	0	0	0	0	0	0	0	0	0	0	0	0	0	0	0	0	0	0	0	0	0	7	0	0	0	0	0	0	0	0	0	0	0	0	113	0	0	14	0	0	20
assemblage-405-331	0	0	0	138	0	0	0	0	0	0	0	0	0	113	0	97	0	0	0	0	0	0	19	0	0	0	14	0	0	0	0	0	0	0	0	0	0	0	0	0	0	0	0	0	0	0	0	0	0	5	0	0	0	0	0	0	0	0	109	0	0	0	0	0	5
assemblage-267-347	0	0	0	170	0	0	0	0	17	0	0	0	0	56	0	37	0	0	0	0	0	0	0	0	0	0	0	0	0	0	0	0	0	0	0	0	0	0	0	0	0	0	0	0	0	0	0	0	0	0	0	0	0	0	0	0	0	0	213	0	0	0	4	0	3
assemblage-702-912	0	0	0	158	0	0	0	0	16	0	0	0	0	52	0	46	0	0	0	0	0	0	0	0	0	0	0	0	0	0	0	0	0	0	0	0	0	0	0	0	0	0	0	0	0	0	0	0	0	0	0	0	0	0	0	0	0	0	211	0	0	0	9	0	8
assemblage-520-527	0	0	0	44	0	0	0	0	22	3	0	0	0	112	0	0	0	0	0	0	0	0	0	0	0	0	0	0	0	0	0	0	0	0	0	0	0	0	0	0	0	0	0	0	0	0	0	0	0	0	0	0	0	0	0	0	0	0	309	0	0	0	0	0	10
assemblage-471-319	0	0	0	0	0	0	0	0	0	488	0	0	0	3	0	0	0	0	0	0	0	0	0	0	0	0	0	0	0	0	0	0	0	0	0	0	0	0	0	0	0	0	0	0	0	0	0	0	0	0	0	0	0	0	0	0	0	0	0	0	0	0	0	0	9
assemblage-302-569	0	0	0	202	0	10	0	0	0	0	0	0	0	70	0	130	0	0	0	0	0	0	11	0	0	0	0	0	0	0	0	0	0	0	0	0	0	0	0	0	0	0	0	22	0	0	0	0	0	0	0	0	0	0	0	0	0	0	47	0	0	0	0	0	8
assemblage-499-512	0	0	0	55	0	0	0	0	20	6	0	0	0	122	0	0	0	0	0	0	0	0	0	0	0	0	0	0	0	0	0	0	0	0	0	0	0	0	0	0	0	0	0	0	0	0	0	0	0	0	0	0	0	0	0	0	5	0	287	0	0	0	0	0	5
assemblage-230-157	0	0	0	0	0	0	0	0	114	0	0	0	25	0	0	0	0	0	0	0	0	0	0	0	0	0	0	0	0	0	0	0	0	0	0	0	0	0	0	0	0	0	0	0	0	0	0	0	0	0	0	0	7	0	0	0	0	0	344	0	0	0	0	0	10
assemblage-891-274	0	0	16	113	0	0	0	0	23	0	0	0	0	119	0	21	0	0	0	0	0	0	0	0	0	0	0	0	0	0	0	0	0	0	0	0	0	0	0	0	0	0	0	0	0	0	0	20	0	0	0	0	0	0	0	0	0	0	127	0	0	0	55	0	6
assemblage-371-808	0	0	0	278	0	0	0	0	0	0	0	0	0	91	0	0	0	0	0	48	0	0	0	0	0	0	0	0	0	0	0	0	0	0	0	0	0	0	0	0	0	36	0	0	0	0	0	0	0	0	0	0	0	0	0	0	0	0	36	0	0	0	0	0	11
assemblage-916-1002	0	0	0	92	0	0	0	0	78	42	0	0	0	79	0	0	0	0	0	0	0	0	0	0	0	0	0	0	0	0	0	0	0	0	0	0	0	0	0	0	0	0	0	0	0	0	0	0	0	0	0	0	0	0	0	0	0	0	195	0	0	0	0	0	14
assemblage-575-740	0	0	0	37	0	0	0	0	54	13	0	0	0	179	0	0	0	0	5	0	0	0	0	0	0	0	0	0	0	0	0	0	0	0	0	0	0	0	0	0	0	0	0	0	0	0	0	0	0	0	0	0	0	0	0	0	0	0	195	0	0	0	6	0	11
assemblage-799-965	0	0	12	138	0	0	0	0	21	0	0	0	0	93	0	16	0	0	0	0	0	0	0	0	0	0	0	0	0	0	0	0	0	0	0	0	0	0	0	0	0	0	0	0	0	0	0	6	0	0	0	0	0	0	0	0	0	0	143	0	0	0	63	0	8
assemblage-599-246	0	0	0	209	0	0	0	0	0	0	0	0	0	69	0	93	0	0	0	0	0	0	4	0	0	0	0	0	0	0	0	0	0	0	0	0	0	0	0	0	5	0	0	9	0	5	0	0	0	0	0	0	0	0	0	0	0	0	80	0	0	4	11	0	11
assemblage-398-355	0	0	0	255	0	0	0	0	0	0	0	0	0	9	0	120	0	0	0	0	0	0	0	0	0	0	0	0	0	0	0	0	0	0	0	0	0	0	0	0	14	0	0	0	0	0	0	0	0	0	0	0	0	0	0	0	0	0	64	0	0	25	4	0	9
assemblage-526-569	0	0	0	152	0	0	9	0	0	0	0	0	0	67	20	0	0	0	0	0	0	0	0	0	0	0	0	0	0	0	0	0	0	0	0	0	0	0	0	0	45	9	0	0	0	0	0	0	0	0	0	0	0	0	0	23	0	0	114	0	0	0	45	0	16
assemblage-509-534	0	0	0	45	0	0	0	0	22	8	0	0	0	111	0	0	0	0	0	0	0	0	0	0	0	0	0	0	0	0	0	0	0	0	0	0	0	0	0	0	0	0	0	0	0	0	0	0	0	0	0	0	0	0	0	0	13	0	292	0	0	0	0	0	9
assemblage-675-257	0	0	0	285	0	0	0	0	0	0	0	0	0	74	0	0	0	0	0	54	0	0	0	7	0	0	0	0	0	0	0	0	0	0	0	0	0	0	0	0	0	41	0	0	0	0	0	0	0	0	0	0	0	0	0	0	0	0	31	0	0	0	0	0	8
assemblage-612-218	0	0	0	321	0	0	0	0	0	0	0	0	0	0	0	42	0	0	0	0	0	0	0	0	0	0	0	0	0	0	0	0	0	0	0	0	0	0	0	0	96	0	0	0	0	0	0	0	0	0	0	0	0	0	0	0	0	0	26	0	0	0	0	0	15
assemblage-525-913	0	0	0	11	0	0	0	0	94	25	0	0	0	98	0	0	0	0	0	0	0	0	0	0	0	0	0	0	0	4	0	0	0	0	0	0	0	0	0	0	0	0	0	0	0	0	0	0	0	0	0	0	0	0	0	0	0	0	261	0	0	0	0	0	7
assemblage-164-933	0	0	0	268	0	0	0	0	0	0	0	0	0	80	0	0	0	0	0	49	0	0	0	0	0	0	0	0	0	0	0	0	0	0	0	0	0	0	0	0	0	55	0	0	0	0	0	0	0	0	0	0	0	0	0	0	0	0	36	0	0	0	0	0	12
assemblage-470-127	0	0	0	68	0	0	0	0	72	6	0	0	0	183	0	0	0	0	0	0	0	0	0	0	0	0	0	0	0	0	0	0	0	0	0	0	0	0	0	0	0	0	0	0	0	0	0	0	0	0	0	0	0	0	0	0	0	0	157	0	0	0	4	0	10
assemblage-257-856	0	0	0	61	0	0	0	0	89	45	0	0	0	117	0	0	0	0	0	0	0	0	0	0	0	0	0	0	0	0	0	0	0	0	0	0	0	0	0	0	0	0	0	0	0	0	0	0	0	0	0	0	0	0	0	0	0	0	167	0	0	0	0	0	21
assemblage-782-467	0	0	0	63	0	0	0	0	70	0	0	0	0	145	0	0	0	0	0	0	0	0	0	0	0	0	0	0	0	0	0	0	0	0	0	0	0	0	0	0	0	0	0	0	0	0	0	0	0	0	0	0	0	0	0	0	0	0	155	0	0	0	61	0	6
assemblage-540-938	0	0	0	82	0	0	0	0	63	85	0	0	0	164	0	0	0	0	0	0	0	0	0	0	0	0	0	0	0	0	0	0	0	0	0	0	0	0	0	0	0	0	0	0	0	0	0	0	0	0	0	0	0	0	0	0	0	0	103	0	0	0	0	0	3
assemblage-477-336	0	0	0	0	0	0	0	0	0	486	0	0	0	12	0	0	0	0	0	0	0	0	0	0	0	0	0	0	0	0	0	0	0	0	0	0	0	0	0	0	0	0	0	0	0	0	0	0	0	0	0	0	0	0	0	0	0	0	0	0	0	0	0	0	2
assemblage-370-281	0	0	0	16	0	0	0	0	107	140	0	0	0	66	0	0	0	0	0	0	0	0	0	0	0	0	0	0	0	0	0	0	0	0	0	0	0	0	0	0	0	0	0	0	0	0	0	0	0	0	0	0	0	0	9	0	0	0	145	0	0	0	0	0	17
assemblage-672-407	0	0	0	267	0	0	0	0	0	0	0	0	0	33	0	56	0	0	0	0	0	0	0	0	0	0	0	0	0	0	0	0	0	0	0	0	0	0	0	0	0	43	0	0	0	0	0	0	0	0	0	0	0	8	0	0	0	0	46	0	0	0	27	0	20
assemblage-928-1006	0	0	0	11	0	0	0	0	88	27	0	0	0	113	0	0	0	0	0	0	0	0	0	0	0	0	0	0	0	0	0	0	0	0	0	0	0	0	0	0	0	0	0	0	0	0	0	0	0	0	0	0	0	0	0	0	0	0	244	0	0	0	0	0	17
assemblage-250-872	0	0	0	79	0	0	0	0	68	91	0	0	0	123	0	0	0	0	0	0	0	0	0	0	0	0	0	5	0	0	0	0	0	0	0	0	0	0	0	0	0	0	0	0	0	0	0	0	0	0	0	0	0	0	0	0	0	0	130	0	0	0	0	0	4
assemblage-510-572	0	0	0	224	0	0	0	0	0	0	0	0	0	35	0	0	0	0	0	0	0	0	0	0	0	0	0	0	18	0	0	0	0	0	0	0	0	0	0	0	7	150	0	0	0	0	0	0	0	0	0	0	0	0	0	0	0	0	46	0	7	0	7	0	6
assemblage-673-388	0	0	0	254	0	0	0	0	0	0	0	0	0	49	0	39	0	0	0	0	0	0	0	0	0	0	0	0	0	0	0	0	0	0	0	0	0	0	0	0	0	50	0	0	0	6	0	0	0	0	0	0	0	6	0	0	0	0	33	0	0	0	40	0	23
assemblage-288-575	0	0	0	234	0	0	0	0	0	0	0	0	0	69	0	23	0	0	0	0	0	0	0	0	0	0	0	0	0	0	0	0	0	0	0	0	0	0	0	0	0	0	0	0	0	23	0	11	0	0	0	0	0	0	0	0	0	0	91	0	0	0	44	0	5
assemblage-356-329	0	0	0	248	0	0	0	0	0	0	0	0	0	50	0	32	0	0	0	0	0	0	0	0	0	0	0	0	0	0	0	0	0	0	0	0	0	0	0	0	0	0	0	0	0	28	0	6	0	0	0	0	0	0	0	0	0	0	89	0	0	0	41	0	6
assemblage-935-1004	0	0	0	17	0	0	0	0	107	25	0	0	0	103	0	0	0	0	0	0	0	0	0	0	0	0	0	0	0	5	0	0	0	0	0	0	0	0	0	0	0	0	0	0	0	0	0	0	0	0	0	0	0	0	0	0	0	0	233	0	0	0	0	0	10
assemblage-988-336	10	0	0	178	0	0	0	0	5	0	0	0	0	107	0	156	0	0	0	0	0	0	0	0	0	0	0	0	0	0	0	0	0	0	0	0	0	0	0	0	0	0	0	0	0	0	0	0	0	0	0	0	0	0	0	0	0	0	13	0	0	0	16	0	15
assemblage-344-220	0	0	0	170	0	0	0	0	9	0	0	0	0	121	0	26	0	0	0	0	0	0	35	0	0	0	0	0	0	0	0	0	0	0	0	0	0	0	0	0	0	0	0	0	0	3	0	0	0	0	0	0	0	0	0	0	0	0	96	0	0	13	5	0	22
assemblage-352-266	0	0	0	0	0	0	0	0	121	87	0	0	0	68	0	0	0	0	0	0	0	0	0	0	0	0	0	0	0	0	16	0	0	0	0	0	0	0	0	0	0	0	0	0	0	0	0	0	0	0	0	0	0	0	0	0	0	0	197	0	0	0	0	0	11
assemblage-261-343	0	0	0	212	0	0	0	0	0	0	0	0	0	94	0	33	0	0	0	0	0	0	0	0	0	0	0	0	0	0	0	0	0	0	0	0	0	0	0	0	0	0	0	0	0	0	0	52	0	0	0	0	0	0	0	0	0	0	100	0	0	0	0	0	9
assemblage-793-991	0	0	0	119	0	0	0	0	9	0	0	0	0	222	0	0	0	0	0	0	0	0	0	0	0	0	0	0	0	0	0	0	0	0	0	0	0	0	0	0	0	0	0	0	0	0	0	23	0	0	0	0	0	0	0	0	0	0	99	0	0	0	21	0	7
assemblage-689-249	0	0	0	172	0	0	16	0	0	0	0	0	0	63	28	0	0	0	0	0	0	0	0	0	0	0	0	0	0	0	0	0	0	0	0	0	0	0	0	0	63	12	0	0	0	0	0	0	0	0	0	0	0	0	0	10	0	0	93	0	0	0	30	0	13
assemblage-923-976	0	0	0	13	0	0	0	0	122	16	0	0	0	92	0	0	0	0	0	0	0	0	0	0	0	0	0	0	0	8	0	0	0	0	0	0	0	0	0	0	0	0	0	0	0	0	0	0	0	0	0	0	0	0	0	0	0	0	237	0	0	0	0	0	12
assemblage-178-167	0	0	0	0	0	0	0	0	126	101	0	0	0	66	0	0	0	0	0	0	0	0	0	0	6	0	0	0	0	0	13	0	0	0	0	0	0	0	0	0	0	0	0	0	0	0	0	0	0	0	0	0	0	0	0	0	0	0	183	0	0	0	0	0	5
assemblage-562-744	0	0	0	59	0	0	0	0	24	6	0	0	0	147	0	0	0	0	0	0	0	0	0	0	0	0	0	0	0	0	0	0	0	0	0	0	0	0	0	0	0	0	0	0	0	0	0	0	0	0	0	0	0	0	0	0	0	0	252	0	0	0	4	0	8
assemblage-263-346	0	0	0	225	0	0	0	0	0	0	0	0	0	77	0	31	0	0	0	0	0	0	0	0	0	0	0	0	0	0	0	0	0	0	0	0	0	0	0	0	0	0	0	0	0	0	0	52	0	0	0	0	0	0	0	0	0	0	108	0	0	0	0	0	7
assemblage-667-407	0	0	0	356	0	0	0	0	0	0	0	0	0	0	0	47	0	0	0	0	0	0	0	0	0	0	0	0	0	0	0	0	0	0	0	0	0	0	0	0	64	0	0	0	0	0	0	0	0	0	0	0	0	0	0	0	0	0	21	0	0	0	0	0	12
assemblage-471-161	0	0	0	17	0	0	0	0	128	9	0	0	0	263	0	0	0	0	0	0	0	0	0	0	0	0	0	0	0	0	0	0	0	0	0	0	0	0	0	0	0	0	0	0	0	0	0	0	0	0	0	0	0	0	0	0	0	0	55	0	0	0	19	0	9
assemblage-955-695	0	0	0	63	0	0	0	0	16	0	0	0	0	213	0	0	0	0	0	0	0	0	0	0	0	0	0	0	0	0	0	0	0	0	0	0	0	0	0	0	0	0	0	0	0	0	0	0	0	0	0	0	0	0	0	0	0	0	200	0	0	0	0	0	8
assemblage-562-770	0	0	0	75	0	0	0	0	70	6	0	0	0	169	0	0	0	0	6	0	0	0	0	0	0	0	0	0	0	0	0	0	0	0	0	0	0	0	0	0	0	0	0	0	0	0	0	0	0	0	0	0	0	0	0	0	0	0	165	0	0	0	4	0	5
assemblage-809-982	0	0	0	112	0	0	0	0	11	0	0	0	0	135	0	78	0	0	0	0	0	0	0	0	0	0	0	0	0	0	0	0	0	0	0	0	0	0	0	0	0	0	0	0	0	0	0	0	0	0	0	0	0	0	0	0	0	0	158	0	0	0	0	0	6
assemblage-594-250	0	0	0	259	0	0	0	0	0	0	0	0	0	10	0	119	0	0	0	0	0	0	0	0	0	0	0	0	0	0	0	0	0	0	0	0	0	0	0	0	15	0	0	0	0	0	0	0	0	0	0	0	0	0	0	0	0	0	56	0	0	28	0	0	13
assemblage-491-357	0	0	0	0	0	0	0	0	0	470	0	0	0	22	0	0	0	0	0	0	0	0	0	0	0	0	0	0	0	0	0	0	0	0	0	0	0	0	0	0	0	0	0	0	0	0	0	0	0	0	0	0	0	0	0	0	0	0	0	0	0	0	0	0	8
assemblage-491-516	0	0	0	57	0	0	0	0	20	8	0	0	0	115	0	0	0	0	0	0	0	0	0	0	0	0	0	0	0	0	0	0	0	0	0	0	0	0	0	0	0	0	0	0	0	0	0	0	0	0	0	0	0	0	0	0	0	0	290	0	0	0	0	0	10
assemblage-340-344	0	0	0	208	0	0	0	0	0	0	0	0	0	73	0	22	0	0	0	0	0	0	0	0	0	0	0	0	0	0	0	0	0	0	0	0	0	0	0	0	0	0	0	0	0	15	0	8	0	0	0	0	0	0	0	0	0	0	95	0	0	0	63	0	16
assemblage-921-684	0	0	0	0	0	0	0	0	0	0	0	0	0	260	0	21	0	0	0	0	0	0	0	0	0	0	0	0	0	0	0	0	0	0	0	0	0	0	0	0	0	0	0	0	0	0	0	31	0	0	0	0	0	0	0	0	0	0	171	0	0	0	0	0	17
assemblage-900-267	0	0	0	106	0	0	0	0	73	0	0	0	0	181	0	0	0	0	0	0	0	0	0	0	0	0	0	0	0	0	0	0	0	0	0	0	0	0	0	0	0	0	0	0	0	0	0	0	0	0	0	0	0	0	0	0	0	0	118	0	0	0	10	0	12
assemblage-709-471	0	0	0	258	0	0	0	0	0	0	0	0	0	98	0	41	0	0	0	0	0	0	0	0	0	0	0	0	0	0	0	0	0	0	0	0	0	0	0	0	16	0	0	0	0	0	0	0	0	0	0	0	0	0	0	0	0	0	45	0	0	0	34	0	8
assemblage-291-540	0	0	0	104	0	0	0	0	6	0	0	0	0	243	0	6	0	0	0	0	0	0	0	0	0	0	0	0	0	0	0	0	0	0	0	0	0	0	0	0	0	0	0	0	0	0	0	25	0	0	0	0	0	0	0	0	0	0	83	0	0	0	22	0	11
assemblage-532-565	0	0	0	149	0	0	12	0	0	0	0	0	0	86	24	0	0	0	0	0	0	0	0	0	0	0	0	0	0	0	0	0	0	0	0	0	0	0	0	0	54	16	0	0	0	0	0	0	0	0	0	0	0	0	0	8	0	0	82	0	0	0	53	0	16
assemblage-602-233	0	0	0	274	0	0	0	0	0	0	0	0	0	104	0	39	0	0	0	0	0	0	0	0	0	0	0	0	0	0	0	0	0	0	0	0	0	0	0	0	10	0	0	0	0	0	0	0	0	0	0	0	0	32	0	7	0	0	16	0	0	0	15	0	3
assemblage-868-416	0	0	0	0	0	0	0	0	0	0	0	0	0	267	0	24	0	0	0	0	0	0	0	0	0	0	0	0	0	0	0	0	0	0	0	0	0	0	0	0	0	0	0	0	0	0	0	33	0	0	0	0	0	0	0	0	0	0	167	0	0	0	0	0	9
assemblage-164-945	0	0	0	264	0	0	0	0	0	0	0	0	0	32	0	0	0	0	0	0	0	0	0	0	0	0	0	0	19	0	0	0	0	0	0	0	0	0	0	0	5	127	0	0	0	0	0	0	0	0	0	0	0	0	0	6	0	0	37	0	0	0	0	0	10
assemblage-609-673	0	0	0	20	0	0	0	0	158	14	0	0	0	250	0	0	0	0	0	0	0	0	0	0	0	0	0	0	0	0	0	0	0	0	0	0	0	0	0	0	0	0	0	0	0	0	0	0	0	0	0	0	0	0	0	0	0	0	40	0	0	0	17	0	1
assemblage-361-255	0	0	0	0	0	0	0	0	246	151	0	0	0	26	0	0	0	0	0	0	0	0	0	0	0	0	0	0	0	0	0	0	0	0	0	0	0	0	0	0	0	0	0	0	0	0	0	0	0	0	9	0	0	0	0	0	0	0	57	0	0	0	0	0	11
assemblage-194-177	0	0	0	0	0	0	0	0	122	0	0	0	34	0	0	0	0	0	0	0	0	0	0	0	0	0	0	0	0	0	0	0	0	0	0	0	0	0	0	0	0	0	0	0	0	0	0	0	0	0	0	0	6	0	0	0	0	0	325	0	0	0	0	0	13
assemblage-906-535	0	0	0	44	0	0	0	0	338	0	0	0	0	0	0	0	13	0	0	0	0	0	0	0	0	0	0	0	0	0	0	0	0	0	0	0	0	0	0	0	0	0	0	0	0	0	0	0	0	0	5	0	0	0	0	0	0	0	93	0	0	0	0	0	7
assemblage-915-529	0	0	0	75	0	0	0	0	314	0	0	0	0	0	0	0	24	0	0	0	0	0	0	0	0	0	0	0	0	0	0	0	0	0	0	0	0	0	0	0	0	0	0	0	0	0	0	0	0	0	0	0	0	0	0	0	0	0	73	0	0	0	0	0	14
assemblage-518-548	0	0	0	175	0	0	10	0	0	0	0	0	0	85	28	0	0	0	0	0	0	0	0	0	0	0	0	0	0	0	0	0	0	0	0	0	0	0	0	0	40	8	0	0	0	0	0	0	0	0	0	0	0	0	0	23	0	0	79	0	0	0	46	0	6
assemblage-699-475	0	0	0	287	0	0	0	0	0	0	0	0	0	30	0	41	0	0	0	0	0	0	0	0	0	0	0	0	0	0	0	0	0	0	0	0	0	0	0	0	0	50	0	0	0	11	0	0	0	0	0	0	0	9	0	0	0	0	34	0	0	0	25	0	13
assemblage-919-1011	0	0	0	71	0	0	0	0	81	113	0	0	0	129	0	0	0	0	0	0	0	0	0	0	0	0	0	7	0	0	0	0	0	0	0	0	0	0	0	0	0	0	0	0	0	0	0	0	0	0	0	0	0	0	0	0	0	0	98	0	0	0	0	0	1
assemblage-458-160	0	0	0	46	0	0	0	0	74	6	0	0	0	165	0	0	0	0	0	0	0	0	0	0	0	0	0	0	0	0	0	0	0	0	0	0	0	0	0	0	0	0	0	0	0	0	0	0	0	0	0	0	0	0	0	0	0	0	185	0	0	0	9	0	15
assemblage-247-871	0	0	0	52	0	0	0	0	119	41	0	0	0	132	0	0	0	0	0	0	0	0	0	0	0	0	0	0	0	0	0	0	0	0	0	0	0	0	3	0	0	0	0	0	0	0	0	0	0	0	0	0	0	0	0	0	0	0	112	0	0	0	23	0	18
assemblage-760-869	0	0	0	0	0	0	0	0	17	195	0	0	0	33	0	0	0	0	0	0	0	0	0	0	0	0	0	0	0	0	0	0	0	0	0	0	0	0	0	0	0	0	0	0	0	0	0	0	0	0	0	0	0	0	6	0	0	0	230	0	0	0	0	12	7
assemblage-253-215	0	0	0	0	0	0	0	0	0	197	0	0	0	207	0	0	0	0	0	0	0	0	0	0	0	0	0	0	0	0	0	0	0	0	0	0	0	0	0	0	0	0	0	0	0	0	0	0	0	0	0	0	0	0	83	0	0	0	0	0	0	0	0	0	13
assemblage-258-243	0	0	0	0	0	0	0	0	0	161	0	0	0	236	0	0	0	0	0	0	0	0	0	0	0	0	0	0	0	0	0	0	0	0	0	0	0	0	0	0	0	0	0	0	0	0	0	0	0	0	0	0	0	0	95	0	0	0	0	0	0	0	0	0	8
assemblage-229-848	0	0	0	88	0	0	0	0	58	37	0	0	0	87	0	0	0	0	0	0	0	0	0	0	0	0	0	0	0	0	0	0	0	0	0	0	0	0	0	0	0	0	0	0	0	0	0	0	0	0	0	0	0	0	0	0	0	0	217	0	0	0	0	0	13
assemblage-297-123	0	0	0	94	0	0	0	0	68	32	0	0	0	92	0	0	0	0	0	0	0	0	0	0	0	0	0	0	0	0	0	0	0	0	0	0	0	0	0	0	0	0	0	0	0	0	0	0	0	0	0	0	0	0	0	0	0	0	207	0	0	0	0	0	7
assemblage-262-855	0	0	0	45	0	0	0	0	121	48	0	0	0	160	0	0	0	0	0	0	0	0	0	0	0	0	0	0	0	0	0	0	0	0	0	0	0	0	7	0	0	0	7	0	0	0	0	0	0	0	0	0	0	0	0	0	0	0	96	0	0	0	12	0	4
assemblage-767-883	0	0	0	0	0	0	0	0	90	80	0	0	0	84	0	0	0	0	0	0	0	0	0	0	0	0	0	0	0	0	27	0	0	0	0	0	0	0	0	0	0	0	0	0	0	0	0	0	0	0	0	0	0	0	0	0	0	0	201	0	0	0	0	0	18
assemblage-790-480	0	0	0	0	0	0	0	0	0	0	0	0	0	271	0	21	0	0	0	0	0	0	0	0	0	0	0	0	0	0	0	0	0	0	0	0	0	0	0	0	0	0	0	0	0	0	0	34	0	0	0	0	0	0	0	0	0	0	166	0	0	0	0	0	8
assemblage-604-218	0	0	0	270	0	0	0	0	0	0	0	0	0	40	0	47	0	0	0	0	0	0	0	0	0	0	0	0	0	0	0	0	0	0	0	0	0	0	0	0	0	40	0	0	0	0	0	0	0	0	0	0	0	11	0	0	0	0	37	0	0	0	36	0	19
assemblage-356-798	0	0	0	279	0	0	0	0	0	0	43	0	0	39	0	0	0	0	0	0	0	10	0	0	0	0	0	0	0	0	0	13	0	0	0	0	0	0	0	0	11	66	0	0	0	0	24	0	0	0	0	0	0	0	0	6	0	0	0	0	0	0	0	0	9
assemblage-524-544	0	0	0	254	0	0	0	0	0	0	31	0	0	42	0	0	0	0	0	0	0	29	0	0	0	0	0	0	0	0	0	15	0	0	0	0	0	0	0	0	16	55	0	0	0	0	29	0	0	0	0	0	0	0	0	10	0	0	0	0	0	0	0	0	19
assemblage-713-902	0	0	0	236	0	0	0	0	0	0	0	0	0	101	0	19	0	0	0	0	0	0	0	0	0	0	0	0	0	0	0	0	0	0	0	0	0	0	0	0	0	0	0	0	0	0	0	41	0	0	0	0	0	0	0	0	0	0	98	0	0	0	0	0	5
assemblage-912-548	0	0	0	66	0	0	0	0	333	0	0	0	0	0	0	0	17	0	0	0	5	0	0	0	0	0	0	0	0	0	0	0	0	0	0	0	0	0	0	0	0	0	0	0	0	0	0	0	0	0	0	0	0	0	0	0	0	0	74	0	0	0	0	0	5
assemblage-414-339	0	0	0	181	0	12	0	0	0	0	0	0	0	73	0	130	0	0	0	0	0	0	6	0	0	0	0	0	0	0	0	0	0	0	0	0	0	0	0	0	0	0	0	23	0	0	0	0	0	0	0	0	0	0	0	0	0	0	64	0	0	0	0	0	11
assemblage-713-907	0	0	0	168	0	0	0	0	10	0	0	0	0	123	0	21	0	0	0	0	0	0	25	0	0	0	0	0	0	0	0	0	0	4	0	0	0	0	0	0	0	0	0	0	0	7	0	0	0	0	0	0	0	0	0	0	0	0	113	0	0	16	0	0	13
assemblage-499-537	0	0	0	61	0	0	0	0	56	8	0	0	0	165	0	0	0	0	0	0	0	0	0	0	0	0	0	0	0	0	0	0	0	0	0	0	0	0	0	0	0	0	0	0	0	0	0	0	7	0	0	0	0	0	0	0	0	0	189	0	0	0	11	0	3
assemblage-539-762	0	0	0	54	10	0	0	0	7	27	0	0	0	182	0	0	0	0	0	0	0	0	0	0	0	0	0	0	0	0	0	0	0	0	0	0	0	0	0	15	0	0	0	0	0	0	0	0	0	0	0	0	0	0	0	0	0	0	163	0	0	0	28	0	14
assemblage-599-228	0	0	0	247	0	0	0	0	0	0	0	0	0	11	0	112	0	0	0	0	0	0	0	0	0	0	0	0	0	0	0	0	0	0	0	0	0	0	0	0	30	0	0	0	0	0	0	0	0	0	0	0	0	0	0	0	0	0	62	0	0	21	0	0	17
assemblage-804-979	0	0	0	126	0	0	0	0	0	0	0	0	0	123	0	50	0	0	0	0	0	0	0	0	0	0	0	0	0	0	0	0	0	0	0	0	0	0	0	0	0	0	0	0	0	0	0	0	0	0	0	0	0	0	0	0	0	0	190	0	0	0	0	0	11
assemblage-784-478	0	6	0	0	0	0	0	0	23	0	0	0	0	164	0	0	0	0	0	0	0	0	0	0	0	0	0	0	0	0	0	0	0	0	0	0	0	0	0	0	0	0	0	0	0	0	0	0	0	0	0	0	0	0	0	0	0	0	290	0	0	0	0	0	17
assemblage-353-252	0	0	0	0	0	0	0	0	251	158	0	0	0	21	0	0	0	0	0	0	0	0	0	0	0	0	0	0	0	0	0	0	0	0	0	0	0	0	0	0	0	0	0	0	0	0	0	0	0	0	4	0	0	0	0	0	0	0	58	0	0	0	0	0	8
assemblage-608-642	0	0	0	43	0	0	0	0	56	8	0	0	0	179	0	0	0	0	0	0	0	0	0	0	0	0	0	0	0	0	0	0	0	0	0	0	0	0	0	0	0	0	0	0	0	0	0	0	0	0	0	0	0	0	0	0	0	0	187	0	0	0	12	0	15
assemblage-458-145	0	0	0	18	0	0	0	0	153	12	0	0	0	256	0	0	0	0	0	0	0	0	0	0	0	0	0	0	0	0	0	0	0	0	0	0	0	0	0	0	0	0	0	0	0	0	0	0	0	0	0	0	0	0	0	0	0	0	45	0	0	0	13	0	3
assemblage-204-172	0	0	0	0	0	0	0	0	125	0	0	0	25	0	0	0	0	0	0	0	0	0	0	0	0	0	0	0	0	0	0	0	0	0	0	0	0	0	0	0	0	0	0	0	0	0	0	0	0	0	0	0	16	0	0	0	0	0	319	0	0	0	0	0	15
assemblage-692-253	0	0	0	282	0	0	0	0	0	0	26	0	0	42	0	0	0	0	0	0	0	14	0	0	0	0	0	0	0	0	0	16	0	0	0	0	0	0	0	0	7	57	0	0	0	0	25	0	0	0	0	0	0	0	0	5	0	0	0	0	0	0	8	0	18
assemblage-151-166	0	0	0	0	0	0	0	0	19	189	0	0	0	49	0	0	0	0	0	0	0	0	0	0	0	0	0	0	0	0	0	0	0	0	0	0	0	0	0	0	0	0	0	0	0	0	0	0	0	0	0	0	0	0	0	0	0	0	233	0	0	0	0	4	6
assemblage-768-861	0	0	0	0	0	0	0	0	11	215	0	0	0	41	0	0	0	0	0	0	0	0	0	0	0	0	0	0	0	0	0	0	0	0	0	0	0	0	0	0	0	0	0	0	0	0	0	0	0	0	0	0	0	0	0	0	0	0	210	0	0	0	0	8	15
assemblage-793-461	0	0	0	0	0	0	0	0	0	0	0	0	0	257	0	15	0	0	0	0	0	0	0	0	0	0	0	0	0	0	0	0	0	0	0	0	0	0	0	0	0	0	0	0	0	0	0	40	0	0	0	0	0	0	0	0	0	0	172	0	0	0	0	0	16
assemblage-936-696	0	0	0	35	0	0	0	0	51	0	0	0	0	203	0	4	0	0	0	0	0	0	0	0	0	0	0	0	0	0	0	0	0	0	0	0	0	0	0	0	0	0	0	0	0	0	0	5	0	0	0	0	0	0	0	0	0	0	183	0	0	0	10	0	9
assemblage-298-562	0	0	0	171	0	7	0	0	0	0	0	0	0	121	0	102	0	0	0	0	0	0	20	0	0	0	0	0	0	0	0	0	0	0	0	0	0	0	0	0	0	0	0	21	0	0	0	0	0	0	0	0	0	0	0	0	0	0	55	0	0	0	0	0	3
assemblage-256-346	0	0	0	181	0	0	0	0	10	0	0	0	0	59	0	52	0	0	0	0	0	0	0	0	0	0	0	0	0	0	0	0	0	0	0	0	0	0	0	0	0	0	0	0	0	0	0	0	0	0	0	0	0	0	0	0	0	0	188	0	0	0	6	0	4
assemblage-525-934	0	0	0	97	0	0	0	0	74	32	0	0	0	63	0	0	0	0	0	0	0	0	0	0	0	0	0	0	0	0	0	0	0	0	0	0	0	0	0	0	0	0	0	0	0	0	0	0	0	0	0	0	0	0	0	0	0	0	226	0	0	0	0	0	8
assemblage-325-227	0	0	0	212	0	0	0	0	0	0	0	0	0	79	0	36	0	0	0	0	0	0	0	0	0	0	0	0	0	0	0	0	0	0	0	0	0	0	0	0	0	0	0	0	0	0	0	40	0	0	0	0	0	0	0	0	0	0	118	0	0	0	0	0	15
assemblage-352-801	0	0	0	292	0	0	0	0	0	0	0	0	0	82	0	0	0	0	0	43	0	0	0	0	0	0	0	0	0	0	0	0	0	0	0	0	0	0	0	0	0	42	0	0	0	0	0	0	0	0	0	0	0	0	0	0	0	0	36	0	0	0	0	0	5
assemblage-254-348	0	0	0	168	0	0	0	0	18	0	0	0	0	42	0	57	0	0	0	0	0	0	0	0	0	0	0	0	0	0	0	0	0	0	0	0	0	0	0	0	0	0	0	0	0	0	0	0	0	0	0	0	0	0	0	0	0	0	206	0	0	0	3	0	6
assemblage-391-369	0	0	0	258	0	0	0	0	0	0	0	0	0	7	0	104	0	0	0	0	0	0	0	0	0	0	0	0	0	0	0	0	0	0	0	0	0	0	0	0	16	0	0	0	0	0	0	0	0	0	0	0	0	0	0	0	0	0	58	0	0	28	8	0	21
assemblage-873-390	0	0	0	0	0	0	0	0	0	0	0	0	0	290	0	16	0	0	0	0	0	0	0	0	0	0	0	0	0	0	0	0	0	0	0	0	0	0	0	0	0	0	0	0	0	0	0	41	0	0	0	0	0	0	0	0	0	0	142	0	0	0	0	0	11
assemblage-664-252	0	0	0	264	0	0	0	0	0	0	24	0	0	47	0	0	0	0	0	0	0	5	0	0	0	0	0	0	0	0	0	12	0	0	0	0	0	0	0	0	9	80	0	0	0	0	33	0	0	0	0	0	0	0	0	8	0	0	0	0	0	0	11	0	7
assemblage-351-254	0	0	0	49	0	0	0	0	61	109	0	0	0	94	0	0	0	0	0	0	0	0	0	0	0	0	0	0	0	0	0	0	0	0	0	0	0	0	0	0	0	0	0	0	0	0	0	0	0	0	0	0	0	0	22	0	0	0	158	0	0	0	0	0	7
assemblage-638-844	0	0	0	135	0	0	0	0	0	0	0	0	0	116	0	53	0	0	0	0	0	0	0	0	0	0	0	0	0	0	0	0	0	0	0	0	0	0	0	0	0	0	0	0	0	0	0	0	0	0	0	0	0	0	0	0	0	0	184	0	0	0	0	0	12
assemblage-406-358	0	0	0	215	0	0	0	0	0	0	0	0	0	68	0	29	0	0	0	0	0	0	0	0	0	0	0	0	0	0	0	0	0	0	0	0	0	0	0	0	0	0	0	0	0	31	0	8	0	0	0	0	0	0	0	0	0	0	84	0	0	0	45	0	20
assemblage-478-349	0	0	0	0	0	0	0	0	0	473	0	0	0	19	0	0	0	0	0	0	0	0	0	0	0	0	0	0	0	0	0	0	0	0	0	0	0	0	0	0	0	0	0	0	0	0	0	0	0	0	0	0	0	0	0	0	0	0	0	0	0	0	0	0	8
assemblage-294-127	0	0	0	46	0	0	0	0	107	40	0	0	0	159	0	0	0	0	0	0	0	0	0	0	0	0	0	0	0	0	0	0	0	0	0	0	0	0	12	0	0	0	0	0	0	0	0	0	0	0	0	0	0	0	0	0	0	0	108	0	0	0	18	0	10
assemblage-894-551	0	0	0	54	0	0	0	0	320	0	0	0	0	0	0	0	19	0	0	0	0	0	0	0	0	0	0	0	0	0	0	0	0	0	0	0	0	0	0	0	0	0	0	0	0	0	0	0	0	0	0	0	0	0	0	0	0	0	102	0	0	0	0	0	5
assemblage-185-590	0	0	0	271	0	0	0	0	0	0	0	0	0	105	0	16	0	0	0	0	0	0	0	0	0	0	0	0	0	0	0	0	0	0	0	0	0	0	0	0	4	0	0	0	0	0	0	0	0	0	0	0	0	0	0	0	0	0	61	0	0	0	32	0	11
assemblage-708-462	0	0	0	257	0	0	0	0	0	0	0	0	0	106	0	32	0	0	0	0	0	0	0	0	0	0	0	0	0	0	0	0	0	0	0	0	0	0	0	0	16	0	0	0	0	0	0	0	0	0	0	0	0	0	0	0	0	0	36	0	0	0	46	0	7
assemblage-371-811	0	0	0	239	0	0	0	0	0	0	0	0	0	33	0	0	0	0	0	0	0	0	0	0	0	0	0	0	11	0	0	0	0	0	0	0	0	0	0	0	6	139	0	0	0	0	0	0	0	0	0	0	0	0	0	0	0	0	45	0	0	0	8	0	19
assemblage-960-692	0	0	0	0	0	0	0	0	0	0	0	0	0	294	0	11	0	0	0	0	0	0	0	0	0	0	0	0	0	0	0	0	0	0	0	0	0	0	0	0	0	0	0	0	0	0	0	39	0	0	0	0	0	0	0	0	0	0	150	0	0	0	0	0	6
assemblage-619-655	0	0	0	74	13	0	0	0	6	35	0	0	0	177	0	0	0	0	0	0	0	0	0	0	0	0	0	0	0	0	0	0	0	0	0	0	0	0	0	16	0	0	0	0	0	0	0	0	0	0	0	0	0	0	0	0	0	0	141	0	0	0	28	0	10
assemblage-884-412	0	0	0	85	0	0	0	0	21	0	0	0	0	203	0	5	0	0	0	0	0	0	0	0	0	0	0	0	0	0	0	0	0	0	0	0	0	0	0	0	0	0	0	0	0	0	0	0	0	0	0	0	0	0	0	0	0	0	177	0	0	0	0	0	9
assemblage-934-1004	0	0	0	52	0	0	0	0	100	95	0	0	0	149	0	0	0	0	0	0	0	0	0	0	0	0	0	9	0	0	0	0	0	0	0	0	0	0	0	0	0	0	0	0	0	0	0	0	0	0	0	0	0	0	0	0	0	0	89	0	0	0	0	0	6
assemblage-713-915	0	0	0	158	0	0	0	0	9	0	0	0	0	140	0	19	0	0	0	0	0	0	32	0	0	0	0	0	0	0	0	0	0	11	0	0	0	0	0	0	0	0	0	0	0	7	0	0	0	0	0	0	0	0	0	0	0	0	97	0	0	17	0	0	10
assemblage-820-982	0	0	0	109	0	0	0	0	6	0	0	0	0	233	0	0	0	0	0	0	0	0	0	0	0	0	0	0	0	0	0	0	0	0	0	0	0	0	0	0	0	0	0	0	0	0	0	6	0	0	0	0	0	0	0	0	0	0	109	0	0	0	27	0	10
assemblage-980-351	0	0	0	242	0	0	0	0	0	0	0	0	0	84	0	25	0	0	0	0	0	0	0	0	0	0	0	0	0	0	0	0	0	0	0	0	0	0	0	0	0	0	0	0	0	0	0	43	0	0	0	0	0	0	0	0	0	0	98	0	0	0	0	0	8
assemblage-457-134	0	0	0	47	0	0	0	0	67	5	0	0	0	159	0	0	0	0	0	0	0	0	0	0	0	0	0	0	0	0	0	0	0	0	0	0	0	0	0	0	0	0	0	0	0	0	0	0	10	0	0	0	0	0	0	0	0	0	199	0	0	0	6	0	7
assemblage-341-212	0	0	0	165	0	0	0	0	10	0	0	0	0	94	0	66	0	0	0	0	0	0	12	0	0	0	0	0	0	0	0	0	0	0	0	0	0	0	0	0	0	0	0	0	0	0	0	12	0	0	0	0	0	0	0	0	0	0	112	0	0	0	8	0	21
