Assemblage_Name	6155949-1-4	8493019-7467897-2	1-1-7673596	1-1-4	1037482-4-4	1-1-7011225	1-0-3	8868148-0-3	2-3687340-4	9510885-1-4	9527757-1-4	8412301-1-4	6155949-1920728-4	6155949-1-8435439	1-1-7322900	1-0-3761543	1-1-6650665	2-7467897-2	9694807-4-4	6155949-9568695-4	2-2-2	1599305-0-3	2-9546178-4	2-202816-4	8412301-1-131786	6155949-9238561-4	2-4-2763704	2-9546178-1775986	1-0-6914195	8186835-1-4	6155949-8555577-4	1-0-2141126	9513698-0-3	2-4-4	1-1-8014087	2955452-1-4	6155949-3679318-4	9527757-1-1825542	3786020-1-4	3508532-1-4	1-2816465-3	7791519-1-4	5630621-4-2763704	2-3294307-2763704	9320299-1-4	6155949-7002998-4
assemblage-160-948	32	0	37	204	0	0	111	0	0	0	0	0	0	0	0	0	0	0	0	0	0	0	0	0	0	0	110	0	0	0	0	0	0	0	0	0	0	0	0	0	0	0	0	0	0	6
assemblage-357-334	294	0	8	129	0	0	52	0	0	0	0	0	0	0	0	0	0	0	0	0	0	0	0	0	0	0	0	0	0	0	0	0	0	0	0	0	0	0	0	0	0	0	0	0	0	17
assemblage-679-391	134	13	0	101	0	0	100	0	0	0	0	0	0	0	0	0	0	0	0	0	0	0	0	0	0	0	134	0	0	0	0	0	0	0	0	0	0	0	0	0	0	0	0	0	0	18
assemblage-610-223	149	6	38	175	0	0	83	0	0	0	0	0	0	0	17	0	0	0	0	0	0	0	0	0	0	0	14	0	0	0	0	0	0	0	0	0	0	0	0	0	0	0	0	6	9	3
assemblage-688-487	211	5	14	135	0	0	48	0	0	0	9	0	0	0	0	0	0	0	0	0	0	0	0	0	0	0	64	0	0	0	0	0	0	0	0	0	0	0	0	0	0	0	0	0	5	9
assemblage-349-339	332	0	6	80	0	0	19	0	0	0	27	0	0	0	0	0	0	0	0	0	0	0	0	0	0	0	29	0	0	0	0	0	0	0	0	0	0	0	0	0	0	0	0	0	0	7
assemblage-803-461	205	0	0	82	0	0	177	0	0	0	0	0	0	0	0	0	0	0	0	0	0	0	0	0	0	0	0	0	0	0	0	0	0	28	0	0	0	0	0	0	0	0	0	0	0	8
assemblage-260-232	82	0	0	80	30	0	94	0	0	0	0	30	0	17	0	0	0	15	0	0	2	0	0	0	0	20	0	0	0	0	0	0	0	126	0	0	0	0	0	0	0	0	0	0	0	4
assemblage-977-352	235	0	0	143	0	0	56	0	0	0	0	0	26	0	0	0	0	23	0	0	0	0	0	0	0	0	0	0	0	0	5	0	0	0	1	0	0	0	0	0	0	0	0	0	0	11
assemblage-614-667	192	0	0	1	0	0	175	0	0	0	0	0	0	0	0	0	0	0	0	0	0	0	0	12	0	0	0	0	0	0	0	0	0	110	0	0	0	0	0	0	0	0	0	0	0	10
assemblage-198-177	0	0	0	0	0	0	63	0	0	0	0	0	0	0	0	0	0	0	0	0	0	0	0	0	0	0	0	0	0	0	0	0	0	433	0	0	0	0	0	0	0	0	0	0	0	4
assemblage-898-542	0	0	0	0	136	0	345	0	0	0	0	0	0	0	0	0	0	0	0	0	0	0	0	0	0	0	0	0	10	0	0	0	0	9	0	0	0	0	0	0	0	0	0	0	0	0
assemblage-942-233	165	0	0	21	0	0	166	0	0	0	0	0	0	0	0	0	0	84	0	0	0	0	0	0	0	0	34	0	0	7	0	0	0	14	0	0	0	0	0	0	0	0	0	0	0	9
assemblage-894-247	99	0	0	172	0	0	183	0	0	0	0	0	0	0	0	0	0	21	0	0	0	0	0	0	0	0	23	0	0	0	0	0	0	0	0	0	0	0	0	0	0	0	0	0	0	2
assemblage-894-530	0	0	0	0	118	0	351	0	0	0	0	0	0	0	0	0	0	0	0	0	0	0	0	0	0	0	0	0	14	0	0	0	0	13	0	0	0	0	0	0	0	0	0	0	0	4
assemblage-930-240	146	0	0	150	0	9	162	0	0	0	0	0	0	0	0	0	0	23	0	0	0	0	0	0	0	0	0	0	0	0	0	0	0	9	0	0	0	0	0	0	0	0	0	0	0	1
assemblage-411-344	325	0	0	88	0	0	12	0	0	0	16	0	0	0	0	0	0	0	0	0	0	0	0	0	0	0	47	0	0	0	0	0	0	0	0	0	0	0	0	0	0	0	0	0	0	12
assemblage-673-417	144	21	34	121	0	0	112	0	0	0	44	0	0	0	0	0	0	0	0	0	0	0	0	0	0	0	15	0	0	0	0	0	0	0	0	0	0	0	0	0	0	0	0	0	0	9
assemblage-254-333	235	0	0	134	0	0	66	0	0	0	0	0	20	0	0	0	0	27	0	0	0	0	0	0	0	0	0	0	0	0	8	0	0	0	0	0	0	0	0	0	0	0	0	0	0	10
assemblage-260-332	180	0	57	112	0	0	55	0	0	0	0	0	33	0	0	0	0	37	0	0	0	0	0	0	0	0	18	0	0	0	0	0	0	0	0	0	0	0	0	0	0	0	0	0	0	8
assemblage-681-262	71	0	10	177	0	0	191	0	0	0	0	0	0	0	0	0	0	0	0	0	0	25	0	0	0	0	17	0	0	0	0	0	0	0	0	0	0	0	0	0	0	0	0	5	0	4
assemblage-925-280	185	0	0	151	0	0	109	0	0	0	0	0	45	0	0	0	0	6	0	0	0	0	0	0	0	0	0	0	0	0	0	0	0	0	0	0	0	0	0	0	0	0	0	0	0	4
assemblage-371-813	184	0	0	60	0	0	119	0	0	0	0	0	0	0	0	0	0	0	0	0	0	0	0	0	0	0	126	0	0	0	0	0	0	0	0	0	0	0	0	0	0	0	4	0	0	7
assemblage-172-952	145	11	0	97	0	0	169	0	0	0	0	0	0	0	0	0	0	0	0	0	0	0	0	0	0	0	58	0	0	0	0	0	0	0	0	0	0	0	0	0	0	8	0	9	0	3
assemblage-887-413	166	0	0	117	0	0	185	0	0	0	0	0	0	0	0	0	0	0	0	0	0	0	0	0	0	0	0	0	0	0	0	0	0	20	0	0	0	0	0	0	5	0	0	0	0	7
assemblage-333-235	161	0	54	117	0	0	80	0	0	0	0	0	16	0	0	0	0	29	0	0	0	0	0	0	0	0	33	0	0	0	0	0	0	0	0	0	0	0	0	0	0	0	0	0	0	10
assemblage-296-570	315	0	0	91	0	0	11	0	0	0	25	0	0	0	0	0	0	0	0	0	0	0	0	0	0	0	35	0	0	0	0	0	0	0	0	0	0	0	0	0	0	0	0	0	0	23
assemblage-292-563	181	50	0	111	0	0	35	18	0	0	12	0	22	0	0	0	0	0	0	0	0	0	0	0	0	0	58	0	0	0	0	0	0	0	0	0	0	0	5	0	0	0	0	0	0	8
assemblage-357-256	133	0	0	14	56	0	70	0	44	0	0	39	0	0	0	0	0	73	0	0	0	0	0	0	0	23	0	0	0	0	0	0	0	40	0	0	0	0	0	0	0	0	0	0	0	8
assemblage-897-536	0	0	0	0	137	0	339	0	0	0	0	0	0	0	0	0	0	0	0	0	0	0	0	0	0	0	0	0	13	0	0	0	0	10	0	0	0	0	0	0	0	0	0	0	0	1
assemblage-957-688	181	0	0	97	0	0	175	0	0	0	0	0	0	0	0	0	0	0	0	0	0	0	0	0	0	0	0	0	0	0	0	0	0	32	0	0	0	0	0	0	0	0	0	0	0	15
assemblage-344-340	312	0	0	128	0	0	44	0	0	0	0	0	0	0	0	0	0	0	0	0	0	0	0	0	0	0	0	0	0	0	0	0	0	0	0	0	0	0	0	0	0	0	0	0	0	16
assemblage-340-239	172	0	37	120	0	0	77	0	0	0	0	0	24	0	0	0	0	49	0	0	0	0	0	0	0	0	16	0	0	0	0	0	0	0	0	0	0	0	0	0	0	0	0	0	0	5
assemblage-928-253	178	0	0	104	0	0	187	0	0	0	0	0	0	0	0	0	0	0	0	0	0	0	0	5	0	0	0	0	0	0	0	0	0	18	0	0	0	0	0	0	0	0	0	0	0	8
assemblage-449-332	186	0	0	63	0	0	0	0	0	0	0	139	0	0	0	0	0	0	0	0	0	0	0	0	0	102	0	0	0	0	0	0	0	0	0	0	0	0	0	0	0	0	0	0	0	10
assemblage-261-238	107	0	0	208	0	0	0	0	0	0	0	38	0	64	0	0	0	48	0	0	24	0	0	0	0	0	0	0	0	0	0	0	0	0	0	0	0	0	0	0	0	0	0	0	0	11
assemblage-363-786	150	12	0	103	0	0	138	0	0	0	0	0	0	0	0	0	0	0	0	0	0	0	0	0	0	0	54	0	0	0	0	0	0	0	0	0	0	0	0	0	0	19	0	18	0	6
assemblage-279-115	112	0	0	98	0	0	134	0	0	0	0	0	0	0	0	0	0	29	0	0	0	0	0	0	0	0	0	0	0	0	0	0	0	114	0	0	0	0	0	0	0	0	0	0	0	13
assemblage-543-930	57	0	0	138	0	0	132	0	11	22	0	0	0	0	0	0	0	6	0	0	0	0	0	24	0	0	0	0	0	0	0	0	0	103	0	0	0	0	0	0	0	0	0	0	0	7
assemblage-629-460	34	0	0	76	9	0	45	0	0	0	0	35	0	0	0	0	0	0	0	0	0	0	0	0	0	0	0	0	0	0	0	0	0	293	0	0	0	0	0	0	0	0	0	0	0	8
assemblage-815-972	209	9	0	109	0	0	126	0	0	0	0	0	0	0	0	0	0	26	0	0	0	0	0	0	0	0	13	0	0	0	0	0	0	0	0	0	0	0	0	0	0	0	0	0	0	8
assemblage-597-662	188	0	0	5	0	0	175	0	0	0	0	0	0	0	0	0	0	0	0	0	0	0	0	30	1	0	0	0	0	0	0	0	0	90	0	0	0	0	0	0	0	0	0	0	0	11
assemblage-292-549	182	6	0	100	0	0	172	0	0	0	0	0	0	0	0	0	0	29	0	0	0	0	0	0	0	0	7	0	0	0	0	0	0	0	0	0	0	0	0	0	0	0	0	0	0	4
assemblage-631-459	42	0	0	70	13	0	49	0	0	0	0	51	0	0	0	0	0	0	0	0	0	0	0	0	0	0	0	0	0	0	0	0	0	271	0	0	0	0	0	0	0	0	0	0	0	4
assemblage-353-336	308	0	0	112	0	0	55	0	0	0	0	0	0	0	0	0	0	0	0	0	0	0	0	0	0	0	0	0	0	0	0	0	0	0	0	0	0	0	0	0	0	0	0	0	2	23
assemblage-293-129	189	0	0	4	0	0	151	0	48	0	0	5	0	0	0	0	0	0	0	0	0	0	0	0	42	0	0	0	0	0	0	0	0	44	0	0	0	0	0	0	0	0	0	0	0	17
assemblage-370-312	292	0	0	135	0	0	57	0	0	0	0	0	0	0	0	0	0	0	0	0	0	0	0	0	0	0	0	0	0	0	0	0	0	0	0	0	0	0	0	0	0	0	0	0	0	16
assemblage-929-253	144	0	0	150	0	7	153	0	0	0	0	0	0	0	0	0	0	30	0	0	0	0	0	0	0	0	0	0	0	0	0	0	0	14	0	0	0	0	0	0	0	0	0	0	0	2
assemblage-295-545	89	0	0	182	0	0	169	0	0	0	0	0	0	0	0	0	0	26	0	0	0	0	0	0	0	0	27	0	0	0	0	0	0	0	0	0	0	0	0	0	0	0	0	0	0	7
assemblage-646-853	102	0	0	180	0	0	175	0	0	0	0	0	0	0	0	0	0	16	0	0	0	0	0	0	0	0	25	0	0	0	0	0	0	0	0	0	0	0	0	0	0	0	0	0	0	2
assemblage-280-126	51	0	0	143	0	0	148	0	15	12	0	0	0	0	0	0	0	4	0	0	0	0	0	23	0	0	0	0	0	0	0	0	0	88	0	0	0	0	0	0	0	0	0	0	0	16
assemblage-925-992	67	0	0	136	0	0	159	0	10	0	0	0	0	0	0	15	0	39	0	0	0	0	0	0	0	0	0	0	0	0	0	0	0	71	0	0	0	0	0	0	0	0	0	0	0	3
assemblage-196-186	0	0	0	0	0	0	56	0	0	0	0	0	0	0	0	0	0	0	0	0	0	0	0	0	0	0	0	0	0	0	0	0	0	441	0	0	0	0	0	0	0	0	0	0	0	3
assemblage-941-247	168	0	0	102	0	0	206	0	0	0	0	0	0	0	0	0	0	0	0	0	0	0	0	0	0	0	0	0	0	0	0	0	0	12	0	0	0	0	0	0	0	0	0	0	0	12
assemblage-882-392	163	0	0	115	0	0	186	0	0	0	0	0	0	0	0	0	0	0	0	0	0	0	0	0	0	0	0	0	0	0	0	0	0	29	0	0	0	0	0	0	0	0	0	0	0	7
assemblage-623-454	35	0	0	80	12	0	40	0	0	0	0	26	0	0	0	0	0	0	0	0	0	0	0	0	0	0	0	0	0	0	0	0	0	304	0	0	0	0	0	0	0	0	0	0	0	3
assemblage-621-440	112	0	0	22	4	0	235	0	0	0	0	16	0	0	0	16	0	0	0	0	0	0	6	0	0	9	0	0	0	0	0	0	0	77	0	0	0	0	0	0	0	0	0	0	0	3
assemblage-898-394	180	0	0	25	0	0	140	0	0	0	0	0	0	0	0	0	0	100	0	0	0	0	0	0	0	0	37	0	0	5	0	0	0	8	0	0	0	0	0	0	0	0	0	0	0	5
assemblage-720-910	174	0	45	110	0	0	78	0	0	0	0	0	18	0	0	0	0	49	0	0	0	0	0	0	0	0	14	0	0	0	0	0	0	0	0	0	0	0	0	0	0	0	0	0	0	12
assemblage-237-258	81	0	0	187	0	0	0	0	0	0	0	40	0	74	0	0	0	87	0	0	26	0	0	0	0	0	0	0	0	0	0	0	0	0	0	0	0	0	0	0	0	0	0	0	0	5
assemblage-687-249	74	0	0	153	0	0	188	0	0	0	0	0	0	0	0	0	0	0	0	0	0	36	0	0	0	0	25	0	0	0	0	0	0	0	0	0	0	0	0	0	0	0	0	14	0	10
assemblage-642-861	221	4	0	101	0	0	135	0	0	0	0	0	0	0	0	0	0	25	0	0	0	0	0	0	0	0	0	0	0	0	0	0	0	0	0	0	0	0	0	0	0	0	0	0	0	14
assemblage-246-246	90	0	0	223	0	0	0	0	0	0	0	40	0	65	0	0	0	53	0	0	24	0	0	0	0	0	0	0	0	0	0	0	0	0	0	0	0	0	0	0	0	0	0	0	0	5
assemblage-759-877	105	0	0	34	17	0	227	0	0	0	0	69	0	0	0	0	0	0	0	0	0	0	0	0	0	21	0	0	0	0	0	0	0	14	0	0	0	0	0	0	0	0	0	0	0	13
assemblage-759-874	112	0	0	40	18	0	220	0	0	0	0	52	0	0	0	0	0	0	0	0	0	0	0	0	0	24	0	0	0	0	0	0	0	16	0	0	0	0	0	0	0	0	0	0	0	18
assemblage-923-236	169	0	0	21	0	0	163	0	0	0	0	0	0	0	0	0	0	96	0	0	0	0	0	0	0	0	30	0	0	7	0	0	0	11	0	0	0	0	0	0	0	0	0	0	0	3
assemblage-280-565	160	0	0	120	0	0	146	0	0	0	0	0	11	0	0	0	0	31	0	0	0	0	0	0	0	0	27	0	0	0	0	0	0	0	0	0	0	0	0	0	0	0	0	0	0	5
assemblage-628-854	180	12	0	110	0	0	151	0	0	0	0	0	0	0	0	0	0	33	0	0	0	0	0	0	0	0	0	0	0	0	0	0	0	0	0	0	0	0	0	0	0	0	0	0	0	14
assemblage-710-473	163	14	19	137	0	0	78	0	0	0	15	0	0	0	4	0	0	0	0	0	0	0	0	0	0	0	63	0	0	0	0	0	0	0	0	0	0	0	0	0	0	0	0	0	0	7
assemblage-277-528	98	0	0	70	0	0	165	0	0	0	0	0	5	0	0	0	0	62	0	0	0	0	0	0	0	0	97	0	0	0	0	0	0	0	0	0	0	0	0	0	0	0	0	0	0	3
assemblage-328-328	177	84	0	104	0	0	20	26	0	0	12	0	11	0	0	0	0	0	0	0	0	0	0	0	0	0	54	0	0	0	0	0	0	0	0	0	0	0	0	0	0	0	0	0	0	12
assemblage-630-846	117	0	0	70	0	0	178	0	0	0	0	0	10	0	0	0	0	40	0	0	0	0	0	0	0	0	85	0	0	0	0	0	0	0	0	0	0	0	0	0	0	0	0	0	0	0
assemblage-190-596	167	24	0	87	0	0	81	0	0	0	0	0	0	0	0	0	0	0	0	0	0	0	0	0	0	0	126	0	0	0	0	0	0	0	0	0	0	0	0	4	0	0	0	0	0	11
assemblage-359-271	95	0	0	25	20	0	236	0	0	0	0	71	0	0	0	0	0	0	0	0	0	0	0	0	0	33	0	0	0	0	0	0	0	12	0	0	0	0	0	0	0	0	0	0	0	8
assemblage-985-351	254	0	0	143	0	0	56	0	0	0	0	0	21	0	0	0	0	5	0	0	0	0	0	0	0	0	0	0	0	0	14	0	0	0	0	0	0	0	0	0	0	0	0	0	0	7
assemblage-597-671	130	0	0	62	0	0	225	0	0	0	0	0	0	0	0	0	0	11	6	0	0	0	0	0	0	0	0	0	0	0	0	0	0	53	0	0	0	0	0	0	0	0	0	0	0	13
assemblage-460-153	131	0	0	61	0	0	214	0	0	0	0	0	0	0	0	0	0	10	5	0	0	0	0	0	9	0	0	0	0	0	0	0	0	62	0	0	0	0	0	0	0	0	0	0	0	8
assemblage-684-472	171	13	24	125	0	0	85	0	0	0	49	0	0	0	0	0	0	0	0	0	0	0	0	0	0	0	25	0	0	0	0	0	0	0	0	0	0	0	0	0	0	0	0	0	0	8
assemblage-689-477	145	21	51	121	0	0	100	0	0	0	38	0	0	0	0	0	0	0	0	0	0	0	0	0	0	0	20	0	0	0	0	0	0	0	0	0	0	0	0	0	0	0	0	0	0	4
assemblage-308-566	333	0	0	68	0	0	13	0	0	0	29	0	0	0	0	0	0	0	0	0	0	0	0	0	0	0	39	0	0	0	0	0	0	0	0	0	0	0	0	0	0	0	0	0	0	18
assemblage-471-340	179	0	0	97	0	0	0	0	0	0	0	106	0	0	0	0	0	0	0	0	0	0	0	0	0	111	0	0	0	0	0	0	0	0	0	0	0	0	0	0	0	0	0	0	0	7
assemblage-922-687	186	0	0	25	0	0	153	0	0	0	0	0	0	0	0	0	6	75	0	0	0	0	0	0	0	0	37	0	0	9	0	0	0	9	0	0	0	0	0	0	0	0	0	0	0	0
assemblage-910-1006	99	0	0	118	0	0	151	0	0	0	0	0	0	0	0	0	0	17	0	0	0	0	0	0	0	0	0	0	0	0	0	0	0	112	0	0	0	0	0	0	0	0	0	0	0	3
assemblage-774-471	76	0	0	70	0	0	277	0	0	0	0	0	0	0	0	0	0	55	0	0	0	0	0	0	0	0	0	0	0	0	0	0	0	16	0	0	0	0	0	0	0	0	0	0	0	6
assemblage-239-868	196	0	0	8	7	0	158	0	41	0	0	9	0	0	0	0	0	0	0	0	0	0	0	0	39	0	0	0	0	0	0	0	0	37	0	0	0	0	0	0	0	0	0	0	0	5
assemblage-543-757	179	0	0	8	0	0	188	0	0	0	0	0	0	0	0	0	0	0	0	0	0	0	0	19	0	0	0	0	0	0	0	0	0	96	0	0	0	0	0	0	0	0	0	0	0	10
assemblage-615-216	213	12	17	138	0	0	53	0	0	0	11	0	0	0	0	0	0	0	0	0	0	0	0	0	0	0	45	0	0	0	0	0	0	0	0	0	0	0	0	0	0	0	0	0	3	8
assemblage-352-230	227	0	2	147	0	0	63	0	0	0	0	0	21	0	0	0	0	27	0	0	0	0	0	0	0	0	0	0	0	0	3	0	0	0	0	0	0	0	0	0	0	0	0	0	0	10
assemblage-614-458	145	0	0	16	55	0	71	0	37	0	0	35	0	0	0	0	0	59	0	0	0	0	0	0	0	33	0	0	0	0	0	0	0	45	0	0	0	0	0	0	0	0	0	0	0	4
assemblage-614-459	34	0	0	68	11	0	56	0	0	0	0	24	0	0	0	0	0	0	0	0	0	0	0	0	0	0	0	0	0	0	0	0	0	295	0	0	0	0	0	0	0	0	0	0	0	12
assemblage-598-655	60	0	0	71	0	0	182	0	0	6	0	0	0	0	0	0	0	100	0	0	0	0	0	0	0	0	0	0	0	0	0	0	22	52	0	0	0	0	0	0	0	0	0	0	0	7
assemblage-336-223	277	0	0	115	0	0	76	0	0	0	0	0	10	0	0	0	0	3	0	0	0	0	0	0	0	0	0	0	0	0	7	0	0	0	0	0	0	0	0	0	0	0	0	0	0	12
assemblage-787-982	105	0	0	74	0	0	177	0	0	0	0	0	7	0	0	0	0	53	0	0	0	0	0	0	0	0	83	0	0	0	0	0	0	0	0	0	0	0	0	0	0	0	0	0	0	1
assemblage-637-842	176	7	0	100	0	0	168	0	0	0	0	0	0	0	0	0	0	35	0	0	0	0	0	0	0	0	11	0	0	0	0	0	0	0	0	0	0	0	0	0	0	0	0	0	0	3
assemblage-912-277	190	0	0	134	0	0	104	0	0	0	0	0	54	0	0	0	0	14	0	0	0	0	0	0	0	0	0	0	0	0	0	0	0	0	0	0	0	0	0	0	0	0	0	0	0	4
assemblage-167-585	159	29	0	74	0	0	84	0	0	0	0	0	0	0	0	0	0	0	0	0	0	0	0	0	0	0	137	0	0	0	0	0	0	0	0	0	0	0	0	3	0	0	0	0	0	14
assemblage-605-243	164	0	107	204	0	0	6	4	0	0	0	0	0	0	0	0	0	0	0	0	0	0	0	0	0	0	0	0	0	0	0	0	0	0	0	0	0	0	0	0	0	0	0	0	0	15
assemblage-498-521	217	0	0	9	0	0	160	0	0	0	0	0	0	0	0	0	0	0	0	0	0	0	0	24	0	0	0	0	0	0	0	0	0	79	0	0	0	0	0	0	0	0	0	0	0	11
assemblage-594-235	186	0	93	193	0	0	9	6	0	0	0	0	0	0	0	0	0	0	0	0	0	0	0	0	0	0	0	0	0	0	0	0	0	0	0	0	0	0	0	0	0	0	0	0	0	13
assemblage-694-256	164	15	0	75	0	0	148	0	0	0	0	0	0	0	0	0	0	0	0	0	0	0	0	0	0	0	58	0	0	0	0	0	0	0	0	0	0	0	0	0	0	17	0	16	0	7
assemblage-160-161	125	0	0	14	68	0	61	0	30	0	0	32	0	0	0	0	0	76	0	0	0	0	0	0	0	23	0	0	0	0	0	0	0	63	0	0	0	0	0	0	0	0	0	0	0	8
assemblage-904-260	179	0	0	149	0	0	86	0	0	0	0	0	58	0	0	0	0	25	0	0	0	0	0	0	0	0	0	0	0	0	0	0	0	0	0	0	0	0	0	0	0	0	0	0	0	3
assemblage-206-182	0	0	0	0	0	0	64	0	0	0	0	0	0	0	0	0	0	0	0	0	0	0	0	0	0	0	0	0	0	0	0	0	0	432	0	0	0	0	0	0	0	0	0	0	0	4
assemblage-396-352	329	0	0	108	0	0	46	0	0	0	0	0	0	0	0	0	0	0	0	0	0	0	0	0	0	0	0	0	0	0	0	0	0	0	0	0	0	0	0	0	0	0	0	0	7	10
assemblage-178-601	147	16	56	152	0	0	85	0	0	0	0	0	0	0	15	0	0	0	0	0	0	0	0	0	0	0	11	0	0	0	0	0	0	0	0	0	0	0	0	0	0	0	0	6	8	4
assemblage-165-927	183	0	0	76	0	0	110	0	0	0	0	0	0	0	0	0	0	0	0	0	0	0	0	0	0	0	117	0	0	0	0	0	0	0	0	0	0	0	0	0	0	0	4	0	0	10
assemblage-712-891	162	32	0	171	0	0	9	17	0	0	0	0	69	0	0	0	0	0	0	0	0	0	0	0	0	0	37	0	0	0	0	0	0	0	0	0	0	0	0	0	0	0	0	0	0	3
assemblage-635-856	167	0	0	183	0	0	87	0	0	0	0	0	50	0	0	0	0	8	0	0	0	0	0	0	0	0	0	0	0	0	0	0	0	0	0	0	0	0	0	0	0	0	0	0	0	5
assemblage-412-358	173	0	83	228	0	0	2	0	0	0	6	0	0	0	0	0	0	0	0	0	0	0	0	0	0	0	0	0	0	0	0	0	0	0	0	0	0	0	0	0	0	0	0	0	0	8
assemblage-319-550	115	0	0	174	0	0	165	0	0	0	0	0	0	0	0	0	0	18	0	0	0	0	0	0	0	0	28	0	0	0	0	0	0	0	0	0	0	0	0	0	0	0	0	0	0	0
assemblage-259-333	261	0	0	126	0	0	57	0	0	0	0	0	29	0	0	0	0	6	0	0	0	0	0	0	0	0	0	0	0	0	17	0	0	0	0	0	0	0	0	0	0	0	0	0	0	4
assemblage-520-558	86	0	0	171	0	0	191	0	0	0	0	0	0	0	0	0	0	0	0	0	0	28	0	0	0	0	13	0	0	0	0	0	0	0	0	0	0	0	0	0	0	0	0	0	0	11
assemblage-160-196	116	0	0	22	6	0	225	0	0	0	0	13	0	0	0	23	0	0	0	0	0	0	12	0	0	18	0	0	0	0	0	0	0	65	0	0	0	0	0	0	0	0	0	0	0	0
assemblage-359-264	114	0	0	27	19	0	236	0	0	0	0	63	0	0	0	0	0	0	0	0	0	0	0	0	0	22	0	0	0	0	0	0	0	10	0	0	0	0	0	0	0	0	0	0	0	9
assemblage-520-549	107	0	7	113	0	0	168	0	0	0	0	0	0	0	0	0	0	0	0	0	0	3	0	0	0	0	84	0	0	0	0	0	0	0	0	0	0	0	0	0	0	0	0	5	0	13
assemblage-242-242	93	0	0	218	0	0	0	0	0	0	0	35	0	68	0	0	0	58	0	0	21	0	0	0	0	0	0	0	0	0	0	0	0	0	0	0	0	0	0	0	0	0	0	0	0	7
assemblage-929-680	153	0	0	147	0	17	152	0	0	0	0	0	0	0	0	0	0	21	0	0	0	0	0	0	0	0	0	0	0	0	0	0	0	9	0	0	0	0	0	0	0	0	0	0	0	1
assemblage-943-691	167	0	0	34	0	0	160	0	0	0	0	0	0	0	0	0	0	77	0	0	0	0	0	0	0	0	37	0	0	5	0	0	0	12	0	0	0	0	0	0	0	0	0	0	0	8
assemblage-305-132	101	0	0	99	0	0	126	0	0	0	0	0	0	0	0	0	0	30	0	0	0	0	0	0	0	0	0	0	0	0	0	0	0	133	0	0	0	0	0	0	0	0	0	0	0	11
assemblage-526-916	107	0	0	97	0	0	155	0	0	0	0	0	0	0	0	0	0	24	0	0	0	0	0	0	0	0	0	0	0	0	0	0	0	112	0	0	0	0	0	0	0	0	0	0	0	5
assemblage-358-789	174	0	0	63	0	0	125	0	0	0	0	0	0	0	0	0	0	0	0	0	0	0	0	0	0	0	119	0	0	0	0	0	0	0	0	0	0	0	0	0	0	0	5	0	0	14
assemblage-611-217	172	9	57	144	0	0	78	0	0	0	0	0	0	0	10	0	0	0	0	0	0	0	0	0	0	0	19	0	0	0	0	0	0	0	0	0	0	0	0	0	0	0	0	4	6	1
assemblage-670-392	201	19	18	119	0	0	54	0	0	0	9	0	0	0	0	0	0	0	0	0	0	0	0	0	0	0	58	0	0	0	0	0	0	0	0	0	0	0	0	0	0	0	0	0	9	13
assemblage-907-527	0	0	0	0	138	0	339	0	0	0	0	0	0	0	0	0	0	0	0	0	0	0	0	0	0	0	0	0	15	0	0	0	0	8	0	0	0	0	0	0	0	0	0	0	0	0
assemblage-358-786	26	0	37	180	0	0	133	0	0	0	0	0	0	0	0	0	0	0	0	0	0	0	0	0	0	0	118	0	0	0	0	0	0	0	0	0	0	0	0	0	0	0	0	0	0	6
assemblage-742-872	97	0	0	33	25	0	236	0	0	0	0	51	0	0	0	0	0	0	0	0	0	0	0	0	0	32	0	0	0	0	0	0	0	9	0	0	0	0	0	0	0	0	0	0	0	17
assemblage-627-458	105	0	0	17	9	0	226	0	0	0	0	13	0	0	0	21	0	0	0	0	0	0	5	0	0	16	0	0	0	0	0	0	0	82	0	0	0	0	0	0	0	0	0	0	0	6
assemblage-545-737	120	0	0	143	0	0	176	0	0	0	0	0	0	0	0	0	0	31	0	0	0	0	0	0	0	0	0	0	0	0	0	0	0	20	0	0	5	0	0	0	0	0	0	0	0	5
assemblage-606-238	228	59	0	89	0	0	25	17	0	0	5	0	17	0	0	0	0	0	0	0	0	0	0	0	0	0	47	0	0	0	0	0	0	0	0	0	0	0	0	0	0	0	0	0	0	13
assemblage-195-187	0	0	0	0	4	0	67	0	0	0	0	0	0	0	0	0	0	0	0	0	0	0	0	0	0	0	0	0	0	0	0	0	0	429	0	0	0	0	0	0	0	0	0	0	0	0
assemblage-171-608	147	20	28	127	0	0	82	0	0	0	64	0	0	0	0	0	0	0	0	0	0	0	0	0	0	0	30	0	0	0	0	0	0	0	0	0	0	0	0	0	0	0	0	0	0	2
assemblage-466-351	188	0	0	75	0	0	0	0	0	0	0	118	0	0	0	0	0	0	0	0	0	0	0	0	0	109	0	0	0	0	0	0	0	0	0	0	0	0	0	0	0	0	0	0	0	10
assemblage-687-910	224	0	6	143	0	0	70	0	0	0	0	0	20	0	0	0	0	26	0	0	0	0	0	0	0	0	0	0	0	0	3	0	0	0	0	0	0	0	0	0	0	0	0	0	0	8
assemblage-209-176	0	0	0	0	0	0	51	0	0	0	0	0	0	0	0	0	0	0	0	0	0	0	0	0	0	0	0	0	0	0	0	0	0	448	0	0	0	0	0	0	0	0	0	0	0	1
assemblage-281-541	120	0	0	81	0	0	159	0	0	0	0	0	5	0	0	0	0	32	0	0	0	0	0	0	0	0	102	0	0	0	0	0	0	0	0	0	0	0	0	0	0	0	0	0	0	1
assemblage-762-878	36	0	0	74	6	0	45	0	0	0	0	48	0	0	0	0	0	0	0	0	0	0	0	0	0	2	0	0	0	0	0	0	0	285	0	0	0	0	0	0	0	0	0	0	0	4
assemblage-181-190	110	0	0	36	19	0	234	0	0	0	0	59	0	0	0	0	0	0	0	0	0	0	0	0	0	18	0	0	0	0	0	0	0	10	0	0	0	0	0	0	0	0	0	0	0	14
assemblage-168-953	145	20	0	89	0	0	149	0	0	0	0	0	0	0	0	0	0	0	0	0	0	0	0	0	0	0	55	0	0	0	0	0	0	0	0	0	0	0	0	0	0	15	0	24	0	3
assemblage-990-345	170	30	0	184	0	0	13	10	0	0	0	0	63	0	0	0	0	0	0	0	0	0	0	0	0	0	21	0	0	0	0	0	0	0	0	0	0	0	0	0	0	0	0	0	0	9
assemblage-549-750	128	0	0	70	0	0	235	0	0	0	0	0	0	0	0	0	0	6	3	0	0	0	0	0	0	0	0	0	0	0	0	0	0	43	0	0	0	0	0	0	0	0	0	0	0	15
assemblage-480-335	190	0	0	78	0	0	0	0	0	0	0	126	0	0	0	0	0	0	0	0	0	0	0	0	0	103	0	0	0	0	0	0	0	0	0	0	0	0	0	0	0	0	0	0	0	3
assemblage-535-559	26	0	26	200	0	0	115	0	0	0	0	0	0	0	0	0	0	0	0	0	0	0	0	0	0	0	122	0	0	0	0	0	0	0	0	0	0	0	0	0	0	0	0	0	0	11
assemblage-183-166	99	0	0	32	16	0	226	0	0	0	0	17	0	0	0	24	0	0	0	0	0	0	6	0	0	14	0	11	0	0	0	0	0	51	0	0	0	0	0	0	0	0	0	0	0	4
assemblage-176-599	198	8	11	140	0	0	54	0	0	0	11	0	0	0	0	0	0	0	0	0	0	0	0	0	0	0	65	0	0	0	0	0	0	0	0	0	0	0	0	0	0	0	0	0	6	7
assemblage-924-289	78	0	0	192	0	0	168	0	0	0	0	0	0	0	0	0	0	25	0	0	0	0	0	0	0	0	33	0	0	0	0	0	0	0	0	0	0	0	0	0	0	0	0	0	0	4
assemblage-235-847	178	0	0	11	7	0	175	0	51	0	0	2	0	0	0	0	0	0	0	0	0	0	0	0	26	0	0	0	0	0	0	0	0	41	0	0	0	0	0	0	0	0	0	0	0	9
assemblage-298-582	342	11	11	66	0	0	6	0	0	0	32	0	0	0	0	0	0	0	0	0	0	0	0	0	0	0	22	0	0	0	0	0	0	0	0	0	0	0	0	0	0	0	0	0	0	10
assemblage-172-188	144	0	0	17	76	0	66	0	34	0	0	46	0	5	0	0	0	64	0	0	0	0	0	0	0	15	0	0	0	0	0	0	0	31	0	0	0	0	0	0	0	0	0	0	0	2
assemblage-299-556	93	0	0	165	0	0	186	0	0	0	0	0	0	0	0	0	0	21	0	0	0	0	0	0	0	0	31	0	0	0	0	0	0	0	0	0	0	0	0	0	0	0	0	0	0	4
assemblage-809-471	209	0	0	77	0	0	188	0	0	0	0	0	0	0	0	0	0	0	0	0	0	0	0	0	0	0	0	0	0	0	0	0	0	19	0	0	0	0	0	0	0	0	0	0	0	7
assemblage-183-592	143	11	48	197	0	0	65	0	0	0	0	0	0	0	17	0	0	0	0	0	0	0	0	0	0	0	14	0	0	0	0	0	0	0	0	0	0	0	0	0	0	0	0	0	2	3
assemblage-870-401	137	0	0	126	0	2	179	0	0	0	0	0	0	0	0	0	0	39	0	0	0	0	0	0	0	0	0	0	0	0	0	0	0	13	0	0	0	0	0	0	0	0	0	0	0	4
assemblage-299-553	325	0	0	79	0	0	18	4	0	0	26	0	0	0	0	0	0	0	0	0	0	0	0	0	0	0	33	0	0	0	0	0	0	0	0	0	0	0	0	0	0	0	0	0	0	15
assemblage-267-236	85	0	0	227	0	0	0	0	0	0	0	39	0	49	0	0	0	68	0	0	18	0	0	0	0	0	0	0	0	0	0	0	0	0	0	0	0	0	0	0	0	0	0	0	0	14
assemblage-690-252	179	0	0	94	0	0	93	0	0	0	0	0	0	0	0	0	0	0	0	0	0	0	0	0	0	0	117	0	0	0	0	0	0	0	0	0	0	0	0	0	0	0	7	0	0	10
assemblage-889-395	70	0	0	78	0	0	243	0	0	0	0	0	0	0	0	0	0	83	0	0	0	0	0	3	0	0	0	0	0	0	0	0	0	15	0	0	0	0	0	0	0	0	0	0	0	8
assemblage-619-459	103	0	0	40	13	0	218	0	0	0	0	12	0	0	0	28	0	0	0	0	0	0	8	0	0	16	0	0	0	0	0	0	0	55	0	0	0	0	0	0	0	0	0	0	0	7
assemblage-296-136	62	0	0	116	0	0	145	0	11	16	0	0	0	0	0	0	0	5	0	0	0	0	0	34	0	0	0	0	0	0	0	0	0	100	0	0	0	0	0	0	0	0	0	0	0	11
assemblage-609-214	227	11	16	107	0	0	43	0	0	0	13	0	0	0	0	0	0	0	0	0	0	0	0	0	0	0	63	0	0	0	0	0	0	0	0	0	0	0	0	0	0	0	0	0	12	8
assemblage-526-929	49	0	0	147	0	0	143	0	0	0	0	0	0	0	0	9	0	47	0	0	0	0	0	0	0	0	0	0	0	0	0	0	0	96	0	0	0	0	0	0	0	0	0	0	0	9
assemblage-950-251	196	0	0	31	0	0	151	0	0	0	0	0	0	0	0	0	0	76	0	0	0	0	0	0	0	0	23	0	0	5	0	0	0	14	0	0	0	0	0	0	0	0	0	0	0	4
assemblage-663-393	139	15	46	155	0	0	94	0	0	0	0	0	0	0	27	0	0	0	0	0	0	0	0	0	0	0	8	0	0	0	0	0	0	0	0	0	0	0	0	0	0	0	0	0	4	12
assemblage-1000-339	250	0	0	128	0	0	70	0	0	0	0	0	29	0	0	0	0	5	0	0	0	0	0	0	0	0	0	0	0	0	7	0	0	0	0	0	0	0	0	0	0	0	0	0	0	11
assemblage-154-592	172	17	46	142	0	0	75	0	0	0	0	0	0	0	15	0	0	0	0	0	0	0	0	0	0	0	9	0	0	0	0	0	0	0	0	0	0	0	0	0	0	0	0	11	8	5
assemblage-181-932	39	0	32	212	0	0	112	0	0	0	0	0	0	0	0	0	0	0	0	0	0	0	0	0	0	0	94	0	0	0	0	0	0	0	0	0	0	0	0	0	0	0	0	8	0	3
assemblage-343-236	169	0	33	116	0	0	73	0	0	0	0	0	18	0	0	0	0	57	0	0	0	0	0	0	0	0	30	0	0	0	0	0	0	0	0	0	0	0	0	0	0	0	0	0	0	4
assemblage-152-958	124	14	0	102	0	0	176	0	0	0	0	0	0	0	0	0	0	0	0	0	0	0	0	0	0	0	50	0	0	0	0	0	0	0	0	0	0	0	0	0	0	20	0	13	0	1
assemblage-503-944	52	0	0	146	0	0	146	0	0	0	0	0	0	0	0	7	0	64	0	0	0	0	0	0	0	0	0	0	0	0	0	0	0	76	0	0	0	0	0	0	0	0	0	0	0	9
assemblage-150-176	93	0	0	22	9	0	228	0	0	0	0	17	0	0	0	28	0	0	0	0	0	0	12	0	0	13	0	0	0	0	0	0	0	70	0	0	0	0	0	0	0	0	0	0	0	8
assemblage-537-763	113	0	0	128	0	0	198	0	0	0	0	0	0	0	0	0	0	28	0	0	0	0	0	0	0	0	0	0	0	0	0	0	0	16	0	0	6	0	0	0	0	0	0	0	0	11
assemblage-911-277	172	4	0	135	0	0	145	0	0	0	0	0	0	0	0	0	0	27	0	0	0	0	0	0	0	0	9	0	0	0	0	0	0	0	0	0	0	0	0	0	0	0	0	0	0	8
assemblage-500-534	118	0	0	68	0	0	207	0	0	0	0	0	0	0	0	0	0	14	8	0	0	0	0	0	5	0	0	0	0	0	0	0	0	68	0	0	0	0	0	0	0	0	0	0	0	12
assemblage-594-237	334	0	4	64	0	0	13	0	0	0	28	0	0	0	0	0	0	0	0	0	0	0	0	0	0	0	37	0	0	0	0	0	0	0	0	0	0	0	0	0	0	0	0	0	0	20
assemblage-790-466	152	0	0	131	0	12	165	0	0	0	0	0	0	0	0	0	0	27	0	0	0	0	0	0	0	0	0	0	0	0	0	0	0	11	0	0	0	0	0	0	0	0	0	0	0	2
assemblage-235-826	72	0	0	111	0	0	151	0	7	23	0	10	0	0	0	0	0	3	0	0	0	0	0	28	0	0	0	0	0	0	0	0	0	85	0	0	0	0	0	0	0	0	0	0	0	10
assemblage-585-209	194	13	13	142	0	0	42	0	0	0	6	0	0	0	0	0	0	0	0	0	0	0	0	0	0	0	63	0	0	0	0	0	0	0	0	0	0	0	0	0	0	0	0	0	15	12
assemblage-285-119	178	0	0	10	0	0	149	0	53	0	0	5	0	0	0	0	0	8	0	0	0	0	0	0	36	0	0	0	0	0	0	0	0	56	0	0	0	0	0	0	0	0	0	0	0	5
assemblage-936-250	155	0	0	130	0	11	149	0	0	0	0	0	0	0	0	0	0	48	0	0	0	0	0	0	0	0	0	0	0	0	0	0	0	6	0	0	0	0	0	0	0	0	0	0	0	1
assemblage-988-353	196	20	0	161	0	0	13	20	0	0	0	0	61	0	0	0	0	0	0	0	0	0	0	0	0	0	20	0	0	0	0	0	0	0	0	0	0	0	0	0	0	0	0	0	0	9
assemblage-692-481	151	10	71	169	0	0	63	0	0	0	0	0	0	0	13	0	0	0	0	0	0	0	0	0	0	0	8	0	0	0	0	0	0	0	0	0	0	0	0	0	0	0	0	0	5	10
assemblage-497-531	198	0	0	11	0	0	168	0	0	0	0	0	0	0	0	0	0	0	0	0	0	0	0	21	0	0	0	0	0	0	0	0	0	94	0	0	0	0	0	0	0	0	0	0	0	8
assemblage-604-675	112	0	0	133	0	0	207	0	0	0	0	0	0	0	0	0	0	20	0	0	0	0	0	0	0	0	0	0	0	0	0	0	0	13	0	0	0	0	0	0	0	0	0	0	0	15
assemblage-481-156	127	0	0	60	0	0	225	0	0	0	0	0	0	0	0	0	0	5	9	6	0	0	0	0	0	0	0	0	0	0	0	0	0	62	0	0	0	0	0	0	0	0	0	0	0	6
assemblage-465-144	45	0	0	59	0	0	228	0	0	8	0	0	0	0	0	0	0	83	0	0	0	0	0	0	0	0	0	0	0	0	0	0	30	30	0	0	0	0	0	0	0	0	0	0	0	17
assemblage-607-238	193	71	0	88	0	0	20	28	0	0	15	0	21	0	0	0	0	0	0	0	0	0	0	0	0	0	52	0	0	0	0	0	0	0	0	0	0	0	0	0	0	0	0	0	0	12
assemblage-508-917	101	0	0	118	0	0	124	0	0	0	0	0	0	0	0	0	0	35	0	0	0	0	0	0	0	0	0	0	0	0	0	0	0	113	0	0	0	0	0	0	0	0	0	0	0	9
assemblage-806-986	210	10	0	119	0	0	126	0	0	0	0	0	0	0	0	0	0	28	0	0	0	0	0	0	0	0	1	0	0	0	0	0	0	0	0	0	0	0	0	0	0	0	0	0	0	6
assemblage-666-410	156	11	0	70	0	0	89	0	0	0	0	0	0	0	0	0	0	0	0	0	0	0	0	0	0	0	167	0	0	0	0	0	0	0	0	0	0	0	0	0	0	0	0	0	0	7
assemblage-667-848	165	0	0	147	0	0	114	0	0	0	0	0	55	0	0	0	0	13	0	0	0	0	0	0	0	0	0	0	0	0	0	0	0	0	0	0	0	0	0	0	0	0	0	0	0	6
assemblage-763-893	118	0	0	31	16	0	241	0	0	0	0	46	0	0	0	0	0	0	0	0	0	0	0	0	0	19	0	0	0	0	0	0	0	11	0	0	0	0	0	0	0	0	0	0	0	18
assemblage-991-355	163	0	41	123	0	0	81	0	0	0	0	0	27	0	0	0	0	37	0	0	0	0	0	0	0	0	19	0	0	0	0	0	0	0	0	0	0	0	0	0	0	0	0	0	0	9
assemblage-711-905	202	0	0	148	0	0	72	0	0	0	0	0	34	0	0	0	0	25	0	0	0	0	0	0	0	0	0	0	0	0	5	0	0	0	0	0	0	0	0	0	0	0	0	0	0	14
assemblage-405-331	333	0	0	84	0	0	17	0	0	0	20	0	0	0	0	0	0	0	0	0	0	0	0	0	0	0	35	0	0	0	0	0	0	0	0	0	0	0	0	0	0	0	0	0	0	11
assemblage-267-347	266	0	0	123	0	0	59	0	0	0	0	0	19	0	0	0	0	9	0	0	0	0	0	0	0	0	0	0	0	0	18	0	0	0	0	0	0	0	0	0	0	0	0	0	0	6
assemblage-702-912	256	0	0	89	0	0	92	0	0	0	0	0	20	0	0	0	0	8	0	0	0	0	0	0	0	0	0	0	0	0	18	0	0	0	0	0	0	0	0	0	0	0	0	0	0	17
assemblage-520-527	125	0	0	124	0	0	204	0	0	0	0	0	0	0	0	0	0	24	0	0	0	0	0	0	0	0	0	0	0	0	0	0	0	11	0	0	0	0	0	0	0	0	0	0	0	12
assemblage-471-319	195	0	0	84	0	0	0	0	0	0	0	111	0	0	0	0	0	0	0	0	0	0	0	0	0	103	0	0	0	0	0	0	0	0	0	0	0	0	0	0	0	0	0	0	0	7
assemblage-302-569	301	0	0	122	0	0	56	0	0	0	0	0	0	0	0	0	0	0	0	0	0	0	0	0	0	0	0	0	0	0	0	0	0	0	0	0	0	0	0	0	0	0	0	0	8	13
assemblage-499-512	125	0	0	128	0	0	199	0	0	0	0	0	0	0	0	0	0	21	0	0	0	0	0	0	0	0	0	0	0	0	0	0	0	13	0	0	0	0	0	0	0	0	0	0	0	14
assemblage-230-157	0	0	0	0	6	0	58	0	0	0	0	0	0	0	0	0	0	0	0	0	0	0	0	0	0	0	0	0	0	0	0	0	0	434	0	0	0	0	0	0	0	0	0	0	0	2
assemblage-891-274	87	0	0	174	0	0	184	0	0	0	0	0	0	0	0	0	0	29	0	0	0	0	0	0	0	0	19	0	0	0	0	0	0	0	0	0	0	0	0	0	0	0	0	0	0	7
assemblage-371-808	163	0	0	100	0	0	116	0	0	0	0	0	0	0	0	0	0	0	0	0	0	0	0	0	0	0	104	0	0	0	0	0	0	0	0	0	0	0	0	0	0	0	4	0	0	13
assemblage-916-1002	67	0	0	130	0	0	118	0	10	21	0	0	0	0	0	0	0	11	0	0	0	0	0	31	0	0	0	0	0	0	0	0	0	106	0	0	0	0	0	0	0	0	0	0	0	6
assemblage-575-740	53	0	0	51	0	0	229	0	0	10	0	0	0	0	0	0	0	103	0	0	0	0	0	0	0	0	0	0	0	0	0	0	20	26	0	0	0	0	0	0	0	0	0	0	0	8
assemblage-799-965	112	0	0	147	0	0	181	0	0	0	0	0	0	0	0	0	0	24	0	0	0	0	0	0	0	0	28	0	0	0	0	0	0	0	0	0	0	0	0	0	0	0	0	0	0	8
assemblage-599-246	225	16	26	146	0	0	28	11	0	0	11	0	8	0	0	0	0	0	0	0	0	0	0	0	0	0	22	0	0	0	0	0	0	0	0	0	0	0	0	0	0	0	0	0	0	7
assemblage-398-355	183	0	90	204	0	0	0	0	0	0	0	0	0	0	0	0	0	0	0	0	0	0	0	0	0	0	0	0	0	0	0	0	0	0	0	0	0	0	0	0	0	0	0	0	0	23
assemblage-526-569	74	0	0	158	0	0	200	0	0	0	0	0	0	0	0	0	0	0	0	0	0	29	0	0	0	0	28	0	0	0	0	0	0	0	0	0	0	0	0	0	0	0	0	0	0	11
assemblage-509-534	125	0	0	122	0	0	196	0	0	0	0	0	0	0	0	0	0	31	0	0	0	0	0	0	6	0	0	0	0	0	0	0	0	11	0	0	6	0	0	0	0	0	0	0	0	3
assemblage-675-257	175	0	0	84	0	0	96	0	0	0	0	0	0	0	0	0	0	0	0	0	0	0	0	0	0	0	125	0	0	0	0	0	0	0	0	0	0	0	0	0	0	0	6	0	0	14
assemblage-612-218	199	10	10	121	0	0	62	0	0	0	9	0	0	0	0	0	0	0	0	0	0	0	0	0	0	0	74	0	0	0	0	0	0	0	0	0	0	0	0	0	0	0	0	0	8	7
assemblage-525-913	68	0	0	126	0	0	159	0	0	0	0	0	0	0	0	7	0	49	0	0	0	0	0	0	0	0	0	0	0	0	0	0	0	81	0	0	0	0	0	0	0	0	0	0	0	10
assemblage-164-933	154	0	0	87	0	0	108	0	0	0	0	0	0	0	0	0	0	0	0	0	0	0	0	0	0	0	132	0	0	0	0	0	0	0	0	0	0	0	0	0	0	0	9	0	0	10
assemblage-470-127	45	0	0	60	0	0	229	0	0	3	0	0	0	0	0	0	0	100	0	0	0	0	0	0	0	0	0	0	0	0	0	0	10	41	0	0	0	0	0	0	0	0	0	0	0	12
assemblage-257-856	99	0	0	108	0	0	151	0	21	0	0	0	0	0	0	0	0	21	0	0	0	0	0	6	9	0	0	0	0	0	0	0	0	71	0	0	0	0	0	0	0	0	0	0	0	14
assemblage-782-467	165	0	0	103	0	0	185	0	0	0	0	0	0	0	0	0	0	0	0	0	0	0	0	0	0	0	0	0	0	0	0	0	0	32	0	0	0	0	0	0	0	0	0	0	0	15
assemblage-540-938	176	0	0	2	8	0	164	0	48	0	0	0	0	0	0	0	0	0	0	0	0	0	0	0	29	0	0	0	0	0	0	0	0	58	0	0	0	0	0	0	0	0	0	0	0	15
assemblage-477-336	195	0	0	82	0	0	0	0	0	0	0	119	0	0	0	0	0	0	0	0	0	0	0	0	0	99	0	0	0	0	0	0	0	0	0	0	0	0	0	0	0	0	0	0	0	5
assemblage-370-281	116	0	0	37	18	0	156	0	6	0	0	30	0	0	0	5	0	15	0	0	0	0	0	0	0	14	0	0	0	0	0	0	0	96	0	0	0	0	0	0	0	0	0	0	0	7
assemblage-672-407	158	27	0	77	0	0	78	0	0	0	0	0	0	0	0	0	0	0	0	0	0	0	0	0	0	0	140	0	0	0	0	0	0	0	0	0	0	0	0	7	0	0	0	0	0	13
assemblage-928-1006	52	0	0	129	0	0	162	0	13	0	0	0	0	0	0	5	0	44	0	0	0	0	0	0	0	0	0	0	0	0	0	0	0	93	0	0	0	0	0	0	0	0	0	0	0	2
assemblage-250-872	181	0	0	5	8	0	143	0	35	0	0	13	0	0	0	0	0	8	0	0	0	0	0	0	46	0	0	0	0	0	0	0	0	53	0	0	0	0	0	0	0	0	0	0	0	8
assemblage-510-572	148	15	0	103	0	0	142	0	0	0	0	0	0	0	0	0	0	0	0	0	0	0	0	0	0	0	50	0	0	0	0	0	0	0	0	0	0	0	0	0	0	16	0	20	0	6
assemblage-673-388	141	25	0	86	0	0	80	0	0	0	0	0	0	0	0	0	0	0	0	0	0	0	0	0	0	0	152	0	0	0	0	0	0	0	0	0	0	0	0	2	0	0	0	0	0	14
assemblage-288-575	200	61	0	110	0	0	32	15	0	0	10	0	7	0	0	0	0	0	0	0	0	0	0	0	0	0	56	0	0	0	0	0	0	0	0	0	0	0	0	0	0	0	0	0	0	9
assemblage-356-329	190	78	0	79	0	0	23	23	0	0	15	0	21	0	0	0	0	0	0	0	0	0	0	0	0	0	61	0	0	0	0	0	0	0	0	0	0	3	0	0	0	0	0	0	0	7
assemblage-935-1004	52	0	0	131	0	0	144	0	3	0	0	0	0	0	0	0	0	59	0	0	0	0	0	0	0	0	0	0	0	0	0	0	0	101	0	0	0	0	0	0	0	0	0	0	0	10
assemblage-988-336	177	0	29	127	0	0	67	0	0	0	0	0	33	0	0	0	0	41	0	0	0	0	0	0	0	0	23	0	0	0	0	0	0	0	0	0	0	0	0	0	0	0	0	0	0	3
assemblage-344-220	218	0	0	158	0	0	63	0	0	0	0	0	35	0	0	0	0	15	0	0	0	0	0	0	0	0	0	0	0	0	4	0	0	0	0	0	0	0	0	0	0	0	0	0	0	7
assemblage-352-266	29	0	0	76	12	0	70	0	0	0	0	35	0	0	0	0	0	0	0	0	0	0	0	0	0	0	0	0	0	0	0	0	0	268	0	0	0	0	0	0	0	0	0	0	0	10
assemblage-261-343	162	34	0	180	0	0	8	19	0	0	4	0	44	0	0	0	0	0	0	0	0	0	0	0	0	0	45	0	0	0	0	0	0	0	0	0	0	0	0	0	0	0	0	0	0	4
assemblage-793-991	187	0	0	161	0	0	75	0	0	0	0	0	53	0	0	0	0	19	0	0	0	0	0	0	0	0	0	0	0	0	0	0	0	0	0	0	0	0	0	0	0	0	0	0	0	5
assemblage-689-249	93	0	0	168	0	0	178	0	0	0	0	0	0	0	0	0	0	0	0	0	0	33	0	0	0	0	15	0	0	0	0	0	0	0	0	0	0	0	0	0	0	0	0	7	0	6
assemblage-923-976	38	0	0	151	0	0	151	0	0	0	0	0	0	0	0	10	0	52	0	0	0	0	0	0	0	0	0	0	0	0	0	0	0	80	0	0	0	0	0	0	0	0	0	0	0	18
assemblage-178-167	42	0	0	82	9	0	50	0	0	0	0	25	0	0	0	0	0	0	0	0	0	0	0	0	0	4	0	0	0	0	0	0	0	285	0	0	0	0	0	0	0	0	0	0	0	3
assemblage-562-744	128	0	0	118	0	0	190	0	0	0	0	0	0	0	0	0	0	35	0	0	0	0	0	0	10	0	0	0	0	0	0	0	0	14	0	0	0	0	0	0	0	0	0	0	0	5
assemblage-263-346	182	29	0	153	0	0	10	26	0	0	5	0	62	0	0	0	0	0	0	0	0	0	0	0	0	0	31	0	0	0	0	0	0	0	0	0	0	0	0	0	0	0	0	0	0	2
assemblage-667-407	212	3	9	119	0	0	48	0	0	0	9	0	0	0	0	0	0	0	0	0	0	0	0	0	0	0	86	0	0	0	0	0	0	0	0	0	0	0	0	0	0	0	0	0	8	6
assemblage-471-161	199	0	0	12	0	0	161	0	0	0	0	0	0	0	0	0	0	0	0	0	0	0	0	33	0	0	0	0	0	0	0	0	0	88	0	0	0	0	0	0	0	0	0	0	0	7
assemblage-955-695	184	0	0	23	0	0	160	0	0	0	0	0	0	0	0	0	0	89	0	0	0	0	0	0	0	0	21	0	0	1	0	0	0	17	0	0	0	0	0	0	0	0	0	0	0	5
assemblage-562-770	63	0	0	65	0	0	219	0	0	3	0	0	0	0	0	0	0	89	0	0	0	0	0	0	0	0	0	0	0	0	0	0	12	42	0	0	0	0	0	0	0	0	0	0	0	7
assemblage-809-982	119	0	0	80	0	0	174	0	0	0	0	0	0	0	0	0	0	45	0	0	0	0	0	0	0	0	80	0	0	0	0	0	0	0	0	0	0	0	0	0	0	0	0	0	0	2
assemblage-594-250	170	0	81	220	0	0	7	5	0	0	3	0	0	0	0	0	0	0	0	0	0	0	0	0	0	0	0	0	0	0	0	0	0	0	0	0	0	0	0	0	0	0	0	0	0	14
assemblage-491-357	179	0	0	82	0	0	0	0	0	0	0	128	0	0	0	0	0	0	0	0	0	0	0	0	0	103	0	0	0	0	0	0	0	0	0	0	0	0	0	0	0	0	0	0	0	8
assemblage-491-516	132	0	0	130	0	0	192	0	0	0	0	0	0	0	0	0	0	25	0	0	0	0	0	0	7	0	0	0	0	0	0	0	0	6	0	0	6	0	0	0	0	0	0	0	0	2
assemblage-340-344	199	69	0	101	0	0	22	25	0	0	11	0	15	0	0	0	0	0	0	0	0	0	0	0	0	0	52	0	0	0	0	0	0	0	0	0	0	0	0	0	0	0	0	0	0	6
assemblage-921-684	80	0	0	79	0	0	253	0	0	0	0	0	0	0	0	0	0	59	0	0	0	0	0	0	0	0	0	0	0	0	0	0	0	20	0	0	0	0	0	0	0	0	0	0	0	9
assemblage-900-267	180	8	0	108	0	0	152	0	0	0	0	0	0	0	0	0	0	35	0	0	0	0	0	0	0	0	0	0	0	0	0	0	0	0	0	0	0	0	0	0	0	0	0	0	0	17
assemblage-709-471	145	13	50	129	0	0	92	0	0	0	51	0	0	0	0	0	0	0	0	0	0	0	0	0	0	0	14	0	0	0	0	0	0	0	0	0	0	0	0	0	0	0	0	0	0	6
assemblage-291-540	173	0	0	159	0	0	79	0	0	0	0	0	65	0	0	0	0	6	0	0	0	0	0	0	0	0	3	0	0	0	0	0	0	0	0	0	0	0	0	0	0	0	0	0	0	15
assemblage-532-565	75	0	0	153	0	0	216	0	0	0	0	0	0	0	0	0	0	0	0	0	0	24	0	0	0	0	19	0	0	0	0	0	0	0	0	0	0	0	0	0	0	0	0	0	0	13
assemblage-602-233	144	17	45	166	0	0	82	0	0	0	0	0	0	0	16	0	0	0	0	0	0	0	0	0	0	0	11	0	0	0	0	0	0	0	0	0	0	0	0	0	0	0	0	6	12	1
assemblage-868-416	87	0	0	81	0	0	227	0	0	0	0	0	0	0	0	0	0	70	0	0	0	0	0	0	0	0	0	0	0	0	0	0	0	26	0	0	0	0	0	0	0	0	0	0	0	9
assemblage-164-945	146	7	0	96	0	0	159	0	0	0	0	0	0	0	0	0	0	0	0	0	0	0	0	0	0	0	70	0	0	0	0	0	0	0	0	0	0	0	0	0	0	12	0	8	0	2
assemblage-609-673	210	0	0	7	0	0	137	0	0	0	0	0	0	0	0	0	0	0	0	0	0	0	0	29	0	0	0	0	0	0	0	0	0	104	0	0	0	0	0	0	0	0	0	0	0	13
assemblage-361-255	112	0	0	21	17	0	229	0	0	0	0	11	0	0	0	27	0	0	0	0	0	0	4	0	0	12	0	0	0	0	0	0	0	65	0	0	0	0	0	0	0	0	0	0	0	2
assemblage-194-177	0	0	0	0	0	0	64	0	0	0	0	0	0	0	0	0	0	0	0	0	0	0	0	0	0	0	0	0	0	0	0	0	0	432	0	0	0	0	0	0	0	0	0	0	0	4
assemblage-906-535	0	0	0	0	123	0	342	0	0	0	0	0	0	0	0	0	0	0	0	0	0	0	0	0	0	0	0	0	14	0	0	0	0	20	0	0	0	0	0	0	0	0	0	0	0	1
assemblage-915-529	0	0	0	0	136	0	338	0	0	0	0	0	0	0	0	0	0	0	0	0	0	0	0	0	0	0	0	0	16	0	0	0	0	9	0	0	0	0	0	0	0	0	0	0	0	1
assemblage-518-548	78	0	0	154	0	0	194	0	0	0	0	0	0	0	0	0	0	0	0	0	0	37	0	0	0	0	22	0	0	0	0	0	0	0	0	0	0	0	0	0	0	0	0	0	0	15
assemblage-699-475	166	30	0	83	0	0	63	0	0	0	0	0	0	0	0	0	0	0	0	0	0	0	0	0	0	0	150	0	0	0	0	0	0	0	0	0	0	0	0	0	0	0	0	0	0	8
assemblage-919-1011	181	0	0	14	2	0	155	0	38	0	0	13	0	0	0	0	0	8	0	0	0	0	0	0	35	0	0	0	0	0	0	0	0	48	0	0	0	0	0	0	0	0	0	0	0	6
assemblage-458-160	44	0	0	60	0	0	217	0	0	0	0	0	0	0	0	0	0	118	0	0	0	0	0	0	0	0	0	0	0	0	0	0	17	31	0	0	0	0	0	0	0	0	0	0	0	13
assemblage-247-871	108	0	0	101	0	0	146	0	0	0	0	0	0	0	0	0	0	32	0	0	0	0	0	0	0	0	0	0	0	0	0	0	0	105	0	0	0	0	0	0	0	0	0	0	0	8
assemblage-760-869	134	0	0	15	65	0	66	0	29	0	0	33	0	8	0	0	0	74	0	0	0	0	0	0	0	32	0	0	0	0	0	0	0	41	0	0	0	0	0	0	0	0	0	0	0	3
assemblage-253-215	113	0	0	204	0	0	0	0	0	0	0	34	0	66	0	0	0	54	0	0	25	0	0	0	0	0	0	0	0	0	0	0	0	0	0	0	0	0	0	0	0	0	0	0	0	4
assemblage-258-243	96	0	0	210	0	0	0	0	0	0	0	42	0	58	0	0	0	59	0	0	26	0	0	0	0	0	0	0	0	0	0	0	0	0	0	0	0	0	0	0	0	0	0	0	0	9
assemblage-229-848	62	0	0	127	0	0	126	0	8	30	0	0	0	0	0	0	0	16	0	0	0	0	0	24	0	0	0	0	0	0	0	0	0	93	0	0	0	0	0	0	0	0	0	0	0	14
assemblage-297-123	61	0	0	122	0	0	123	0	6	14	0	10	0	0	0	0	0	13	0	0	0	0	0	39	0	0	0	0	0	0	0	0	0	109	0	0	0	0	0	0	0	0	0	0	0	3
assemblage-262-855	115	0	0	105	0	0	114	0	0	0	0	0	0	0	0	0	0	36	0	0	0	0	0	0	0	0	0	0	0	0	0	0	0	120	0	0	0	0	0	0	0	0	0	0	0	10
assemblage-767-883	50	0	0	87	8	0	57	0	0	0	0	33	0	0	0	0	0	0	0	0	0	0	0	0	0	0	0	0	0	0	0	0	0	257	0	0	0	0	0	0	0	0	0	0	0	8
assemblage-790-480	77	0	0	89	0	0	245	0	0	0	0	0	0	0	0	0	0	69	0	0	0	0	0	0	0	0	0	0	0	0	0	0	0	9	0	0	0	0	0	0	0	0	0	0	0	11
assemblage-604-218	147	26	0	81	0	0	90	0	0	0	0	0	0	0	0	0	0	0	0	0	0	0	0	0	0	0	144	0	0	0	0	0	0	0	0	0	0	0	0	3	0	0	0	0	0	9
assemblage-356-798	23	0	41	175	0	0	144	0	0	0	0	0	0	0	0	0	0	0	0	0	0	0	0	0	0	0	108	0	0	0	0	0	0	0	0	0	0	0	0	0	0	0	0	0	0	9
assemblage-524-544	45	0	41	196	0	0	120	0	0	0	3	0	0	0	0	0	0	0	0	0	0	0	0	0	0	0	91	0	0	0	0	0	0	0	0	0	0	0	0	0	0	0	0	0	0	4
assemblage-713-902	216	27	0	160	0	0	9	20	0	0	0	0	49	0	0	0	0	0	0	0	0	0	0	0	0	0	14	0	0	0	0	0	0	0	0	0	0	0	0	0	0	0	0	0	0	5
assemblage-912-548	0	0	0	0	152	0	321	0	0	0	0	0	0	0	0	0	0	0	0	0	0	0	0	0	0	0	0	0	14	0	0	0	0	12	0	0	0	0	0	0	0	0	0	0	0	1
assemblage-414-339	281	0	0	133	0	0	65	0	0	0	0	0	0	0	0	0	0	0	0	0	0	0	0	0	0	0	0	0	0	0	0	0	0	0	0	6	0	0	0	0	0	0	0	0	0	15
assemblage-713-907	251	0	2	121	0	0	55	0	0	0	0	0	31	0	0	0	0	25	0	0	0	0	0	0	0	0	0	0	0	0	9	0	0	0	4	0	0	0	0	0	0	0	0	0	0	2
assemblage-499-537	43	0	0	49	0	0	232	0	0	7	0	0	0	0	0	0	0	95	0	0	0	0	0	0	0	0	0	0	0	0	0	0	18	48	0	0	0	0	0	0	0	0	0	0	0	8
assemblage-539-762	107	0	0	90	0	0	208	0	0	0	0	0	0	0	0	0	0	9	0	0	0	0	0	0	0	0	0	0	0	0	0	0	0	72	0	0	0	0	0	0	0	0	0	0	0	14
assemblage-599-228	188	0	91	199	0	0	0	0	0	0	3	0	0	0	0	0	0	0	0	0	0	0	0	0	0	0	0	0	0	0	0	0	0	0	0	0	0	0	0	0	0	0	0	0	0	19
assemblage-804-979	98	0	0	102	0	0	176	0	0	0	0	0	5	0	0	0	0	50	0	0	0	0	0	0	0	0	68	0	0	0	0	0	0	0	0	0	0	0	0	0	0	0	0	0	0	1
assemblage-784-478	158	0	0	125	0	7	168	0	0	0	0	0	0	0	0	0	0	29	0	0	0	0	0	0	0	0	0	0	0	0	0	0	0	12	0	0	0	0	0	0	0	0	0	0	0	1
assemblage-353-252	100	0	0	30	7	0	246	0	0	0	0	8	0	0	0	22	0	0	0	0	0	0	15	0	0	4	0	0	0	0	0	0	0	63	0	0	0	0	0	0	0	0	0	0	0	5
assemblage-608-642	118	0	0	80	0	0	192	0	0	0	0	0	0	0	0	0	0	35	0	0	0	0	0	6	0	0	0	0	0	0	0	0	0	54	0	0	0	0	0	0	0	0	0	0	0	15
assemblage-458-145	203	0	0	0	0	0	185	0	0	0	0	0	0	0	0	0	0	0	0	0	0	0	0	21	7	0	0	0	0	0	0	0	0	80	0	0	0	0	0	0	0	0	0	0	0	4
assemblage-204-172	0	0	0	0	6	0	58	0	0	0	0	0	0	0	0	0	0	0	0	0	0	0	0	0	0	0	0	0	0	0	0	0	0	433	0	0	0	0	0	0	0	0	0	0	0	3
assemblage-692-253	35	0	40	179	0	0	119	0	0	0	0	0	0	0	0	0	0	0	0	0	0	0	0	0	0	0	114	0	0	0	0	0	0	0	0	0	0	0	0	0	0	0	0	0	0	13
assemblage-151-166	147	0	0	19	51	0	64	0	33	0	0	42	0	4	0	0	0	72	0	0	0	0	0	0	0	28	0	0	0	0	0	0	0	39	0	0	0	0	0	0	0	0	0	0	0	1
assemblage-768-861	145	0	0	14	50	0	58	0	35	0	0	48	0	5	0	0	0	60	0	0	0	0	0	0	0	35	0	0	0	0	0	0	0	47	0	0	0	0	0	0	0	0	0	0	0	3
assemblage-793-461	73	0	0	107	0	0	227	0	0	0	0	0	0	0	0	0	0	61	0	0	0	0	0	0	0	0	0	0	0	0	0	2	0	24	0	0	0	0	0	0	0	0	0	0	0	6
assemblage-936-696	148	0	0	72	0	0	175	0	0	0	0	0	0	0	0	0	0	56	0	0	0	0	0	0	0	0	13	0	0	0	0	0	0	22	0	0	0	0	0	0	0	0	0	0	0	14
assemblage-298-562	297	0	0	150	0	0	41	0	0	0	0	0	0	0	0	0	0	0	0	0	0	0	0	0	0	0	0	0	0	0	0	0	0	0	0	0	0	0	0	0	0	0	0	0	0	12
assemblage-256-346	267	0	0	126	0	0	46	0	0	0	0	0	26	0	0	0	0	7	0	0	0	0	0	0	0	0	0	0	0	0	13	0	0	0	0	0	0	0	0	0	0	0	0	0	0	15
assemblage-525-934	77	0	0	117	0	0	133	0	6	25	0	0	0	0	0	0	0	10	0	0	0	0	0	22	0	0	0	0	0	0	0	0	0	95	0	0	0	0	0	0	0	0	0	0	0	15
assemblage-325-227	187	30	0	170	0	0	12	20	0	0	9	0	44	0	0	0	0	0	0	0	0	0	0	0	0	0	26	0	0	0	0	0	0	0	0	0	0	0	0	0	0	0	0	0	0	2
assemblage-352-801	200	0	0	77	0	0	120	0	0	0	0	0	0	0	0	0	0	0	0	0	0	0	0	0	0	0	89	0	0	0	0	0	0	0	0	0	0	0	0	0	0	0	3	0	0	11
assemblage-254-348	228	0	0	140	0	0	78	0	0	0	0	0	20	0	0	0	0	12	0	0	0	0	0	0	0	0	0	0	0	0	12	0	0	0	0	0	0	0	0	0	0	0	0	0	0	10
assemblage-391-369	180	0	74	225	0	0	5	0	0	0	4	0	0	0	0	0	0	0	0	0	0	0	0	0	0	0	0	0	0	0	0	0	0	0	0	0	0	0	0	0	0	0	0	0	0	12
assemblage-873-390	66	0	0	80	0	0	253	0	0	0	0	0	0	0	0	0	0	69	0	0	0	0	0	0	0	0	0	0	0	0	0	0	0	23	0	0	0	0	0	0	0	0	0	0	0	9
assemblage-664-252	37	0	29	190	0	0	137	0	0	0	0	0	0	0	0	0	0	0	0	0	0	0	0	0	0	0	93	0	0	0	0	0	0	0	0	0	0	0	0	0	0	0	0	0	0	14
assemblage-351-254	115	0	0	19	13	0	242	0	0	0	0	53	0	0	0	0	0	0	0	0	0	0	0	0	0	28	0	0	0	0	0	0	0	15	0	0	0	0	0	0	0	0	0	0	0	15
assemblage-638-844	106	0	0	78	0	0	170	0	0	0	0	0	0	0	0	0	0	48	0	0	0	0	0	0	0	0	93	0	0	0	0	0	0	0	0	0	0	0	0	0	0	0	0	0	0	5
assemblage-406-358	180	59	0	105	0	0	27	25	0	0	7	0	13	0	0	0	0	0	0	0	0	0	0	0	0	0	61	0	0	0	0	0	0	0	0	0	0	0	5	0	0	0	0	0	0	18
assemblage-478-349	183	0	0	89	0	0	0	0	0	0	0	122	0	0	0	0	0	0	0	0	0	0	0	0	0	99	0	0	0	0	0	0	0	0	0	0	0	0	0	0	0	0	0	0	0	7
assemblage-294-127	117	0	0	84	0	0	129	0	0	0	0	0	0	0	0	0	0	33	0	0	0	0	0	0	0	0	0	0	0	0	0	0	0	128	0	0	0	0	0	0	0	0	0	0	0	9
assemblage-894-551	0	0	0	0	115	0	362	0	0	0	0	0	0	0	0	0	0	0	0	0	0	0	0	0	0	0	0	0	8	0	0	0	0	15	0	0	0	0	0	0	0	0	0	0	0	0
assemblage-185-590	162	23	27	101	0	0	101	0	0	0	63	0	0	0	0	0	0	0	0	0	0	0	0	0	0	0	19	0	0	0	0	0	0	0	0	0	0	0	0	0	0	0	0	0	0	4
assemblage-708-462	137	8	40	114	0	0	107	0	0	0	64	0	0	0	6	0	0	0	0	0	0	0	0	0	0	0	22	0	0	0	0	0	0	0	0	0	0	0	0	0	0	0	0	0	0	2
assemblage-371-811	132	14	0	115	0	0	156	0	0	0	0	0	0	0	0	0	0	0	0	0	0	0	0	0	0	0	41	0	0	0	0	0	0	0	0	0	0	0	0	0	0	22	0	16	0	4
assemblage-960-692	68	0	0	85	0	0	239	0	0	0	0	0	0	0	0	0	0	76	0	0	0	0	0	0	0	0	0	0	0	0	0	0	0	23	0	0	0	0	0	0	0	0	0	0	0	9
assemblage-619-655	106	0	0	84	0	0	211	0	0	0	0	0	0	0	0	0	0	9	5	0	0	0	0	0	4	0	0	0	0	0	0	0	0	72	0	0	0	0	0	0	0	0	0	0	0	9
assemblage-884-412	161	0	0	20	0	0	162	0	0	0	0	0	0	0	0	0	8	116	0	0	0	0	0	0	0	0	18	0	0	6	0	0	0	8	0	0	0	0	0	0	0	0	0	0	0	1
assemblage-934-1004	181	0	0	8	9	0	159	0	36	0	0	7	0	0	0	8	0	6	0	0	0	0	0	0	34	0	0	0	0	0	0	0	0	51	0	0	0	0	0	0	0	0	0	0	0	1
assemblage-713-915	237	0	4	143	0	0	62	0	0	0	0	0	21	0	0	0	0	22	0	0	0	0	0	0	0	0	0	0	0	0	3	0	0	0	0	0	0	0	0	0	0	0	0	0	0	8
assemblage-820-982	158	0	0	174	0	0	107	0	0	0	0	0	38	0	0	0	0	12	0	0	0	0	0	0	0	0	0	0	0	0	0	0	0	0	0	0	0	0	0	0	0	0	0	0	0	11
assemblage-980-351	171	32	0	187	0	0	7	17	0	0	4	0	53	0	0	0	0	0	0	0	0	0	0	0	0	0	27	0	0	0	0	0	0	0	0	0	0	0	0	0	0	0	0	0	0	2
assemblage-457-134	46	0	0	59	0	0	243	0	0	6	0	0	0	0	0	0	0	92	0	0	0	0	0	0	0	0	0	0	0	0	0	0	21	30	0	0	0	0	0	0	0	0	0	0	0	3
assemblage-341-212	197	8	9	147	0	0	55	0	0	0	0	0	37	0	0	0	0	15	0	0	0	0	0	0	0	0	14	0	0	0	4	0	0	0	0	0	0	0	0	0	0	0	0	0	0	14
