Assemblage_Name	2-1813224-953820	2-6896183-4	3-3657696-1	1-1-0	3-2-5080067	8926372-4-0	1-0-3	4366665-2-1	5624984-2-1	4601734-2-1	3-6040151-1	2-3-4	9549284-4-0	4-1-2	3340326-2-1	1-8756231-3	3-8106150-1	3-2-4026553	3-2-2984682	3-2-5658886	3-946367-1	3-2-1653589	1812618-0-3	7740345-2-2059891	610109-2-1	3-2-6331651	3-521361-8180069	6968052-2-1	1-0-1541476	2-6896183-953820	3-2-1928552	3-3233833-1	3-5027936-1	4-1-2979465	1712616-2-1	2645525-2-1	4-1-9026600	7297345-2-1	7193104-2-1	3-2-3407110	3-4733021-1	7891866-5348249-1	5624984-8124496-1	3-2-1119691	1871891-2-1	3-2-9202932	4-4-0	7586620-3657696-1	3-521361-1	3-377302-1	3-5114044-1	6320240-2-1	289101-2-1	3-5114044-3460303	3-5348249-1	7297345-2-5255084	8631183-2-1	5535327-5114044-1	3-2-1	7740345-2-1	3500148-2-1	4-4-9759578	2-4950760-953820	3-2-186671	3-2-5105135
assemblage-160-948	0	0	28	0	0	0	0	0	0	0	121	0	0	0	0	0	0	0	0	0	0	0	0	0	13	0	0	0	0	7	0	0	0	0	0	0	0	0	0	0	0	25	29	0	0	0	0	0	0	0	32	0	0	11	90	0	0	0	134	0	0	0	0	0	10
assemblage-357-334	0	0	0	0	0	0	0	0	0	0	0	0	0	0	0	0	0	0	0	0	0	0	0	0	0	0	0	0	0	0	0	0	0	0	0	0	0	0	0	0	0	0	0	0	0	0	0	0	0	0	0	0	11	0	16	0	0	0	457	12	0	0	0	0	4
assemblage-679-391	0	0	0	0	0	0	0	0	0	0	66	0	0	0	0	0	0	0	0	0	0	0	0	0	0	0	0	0	0	0	0	0	0	0	0	0	0	0	22	0	0	23	0	23	0	0	0	0	0	0	0	0	0	8	47	0	0	0	300	0	0	0	0	0	11
assemblage-610-223	0	0	5	0	0	0	0	0	32	0	57	0	0	0	0	0	0	0	0	0	0	0	0	0	0	0	0	0	0	92	0	0	0	0	0	0	0	0	0	0	0	0	13	0	0	0	0	0	0	0	19	0	0	0	10	0	0	0	240	12	0	0	7	0	13
assemblage-688-487	0	0	177	0	0	0	0	0	0	0	0	0	0	0	0	0	0	0	0	0	0	0	0	0	15	0	0	0	0	0	0	0	0	0	0	0	0	0	0	0	0	0	19	0	0	0	0	0	0	0	0	0	0	0	49	0	0	0	229	0	0	0	0	0	11
assemblage-349-339	0	0	0	0	0	0	0	0	0	0	16	0	0	0	0	0	0	0	0	0	0	0	0	0	0	0	0	0	0	0	0	0	0	0	0	7	0	0	0	0	0	0	0	0	0	0	0	0	0	0	0	0	0	0	24	0	0	0	437	0	0	0	0	0	16
assemblage-803-461	0	0	0	0	0	0	36	0	0	0	0	0	0	0	0	0	0	0	0	0	0	0	0	0	0	0	0	0	0	0	0	0	10	0	0	0	0	4	0	0	0	0	0	0	0	0	0	0	0	0	0	0	0	0	0	0	0	0	438	0	0	0	0	0	12
assemblage-260-232	0	0	0	0	0	0	116	0	0	0	0	46	0	32	0	0	0	0	0	0	0	0	3	0	0	0	0	4	0	0	0	0	0	0	0	0	0	26	0	0	0	0	0	0	0	0	84	0	20	0	0	0	0	0	0	0	0	0	145	0	0	0	0	0	24
assemblage-977-352	0	7	0	0	0	0	0	0	0	0	0	0	0	0	0	0	0	0	0	0	0	0	0	0	0	0	0	0	0	0	0	0	0	0	0	0	0	0	0	0	0	0	0	0	0	0	0	0	0	0	0	0	0	0	0	0	0	0	484	0	0	0	0	0	9
assemblage-614-667	0	40	0	0	0	0	101	0	0	0	0	0	0	0	0	0	0	0	0	0	13	0	0	0	0	0	0	0	0	0	0	0	14	0	0	0	0	0	0	0	0	0	0	0	0	0	61	0	0	0	0	0	0	0	0	0	0	0	252	0	0	12	0	0	7
assemblage-198-177	0	0	0	0	0	0	0	0	0	0	0	0	0	129	0	0	0	0	0	0	0	0	0	0	0	0	0	0	0	0	0	0	0	0	0	0	0	94	0	0	0	0	0	0	0	0	0	0	0	0	0	0	0	0	0	8	0	0	265	0	0	0	0	0	4
assemblage-898-542	0	0	0	18	0	0	0	0	0	0	0	0	0	8	17	0	0	0	0	0	0	0	0	0	0	0	15	22	0	0	0	0	0	0	0	0	0	0	0	0	0	0	0	0	0	0	0	0	102	0	0	0	0	0	0	0	0	0	314	0	0	0	0	0	4
assemblage-942-233	0	15	0	0	0	0	43	0	0	0	0	0	0	0	0	0	0	0	0	0	0	0	0	0	0	4	0	0	0	0	0	0	0	0	0	0	0	0	0	0	0	0	0	0	0	0	0	0	0	0	0	0	0	0	0	0	0	0	427	0	0	0	0	0	11
assemblage-894-247	0	51	0	0	0	0	64	0	0	0	0	0	0	0	0	0	0	0	0	0	0	0	0	0	0	0	0	0	0	0	0	0	0	0	0	0	0	0	0	0	0	0	0	0	0	0	0	0	0	0	0	0	0	0	0	0	0	0	382	0	0	0	0	0	3
assemblage-894-530	0	0	0	14	0	0	0	0	0	0	0	0	0	13	13	0	0	0	0	0	0	0	0	0	0	0	12	22	0	0	0	0	0	0	0	0	0	0	0	0	0	0	0	0	0	0	0	0	116	0	0	0	0	0	0	0	0	0	310	0	0	0	0	0	0
assemblage-930-240	0	30	0	0	0	0	152	0	0	0	0	0	0	0	0	0	8	0	0	0	0	0	0	0	0	0	0	0	0	0	0	0	46	0	0	0	0	0	0	0	0	0	0	0	0	0	0	0	0	0	0	0	0	0	0	0	0	0	251	0	0	0	0	0	13
assemblage-411-344	0	0	0	0	0	0	0	0	0	0	24	0	0	0	0	0	0	0	0	0	0	0	0	0	0	0	0	0	0	0	0	0	0	0	0	7	0	0	0	0	0	0	0	0	0	0	0	0	0	0	0	0	0	0	33	0	0	0	417	0	0	0	0	0	19
assemblage-673-417	0	0	0	0	0	0	0	0	0	0	0	0	0	0	0	0	0	0	0	0	0	0	0	0	0	0	0	0	0	0	0	0	0	0	0	0	0	0	0	0	0	0	0	0	0	0	0	0	0	0	34	0	0	0	89	0	0	0	361	0	0	0	0	0	16
assemblage-254-333	0	7	0	0	0	0	0	0	0	0	0	0	0	0	0	0	0	0	0	0	0	0	0	0	0	0	0	0	0	0	0	0	0	0	0	0	0	0	0	0	0	0	0	0	0	0	0	0	0	0	0	0	0	0	0	0	0	0	479	0	0	0	0	0	14
assemblage-260-332	0	62	0	0	0	0	0	0	0	0	0	0	0	0	0	0	0	0	0	0	0	0	0	0	0	0	0	0	0	0	8	0	0	0	0	0	0	0	0	0	0	0	0	0	0	0	0	0	0	0	0	0	0	0	0	0	0	0	409	0	0	0	0	0	21
assemblage-681-262	0	0	170	0	0	0	0	0	0	0	57	0	0	0	0	0	0	0	0	0	0	0	0	0	0	0	0	0	0	14	0	0	0	0	0	0	0	0	0	0	0	0	0	0	0	0	0	15	0	0	74	0	0	0	6	0	0	0	156	0	0	0	0	0	8
assemblage-925-280	0	34	0	0	0	0	7	0	0	0	0	0	0	0	0	0	0	0	0	0	0	18	0	0	0	0	0	0	0	0	0	0	0	0	0	0	0	0	0	0	0	0	0	0	0	0	0	0	0	0	0	0	0	0	0	0	0	0	426	0	0	0	0	0	15
assemblage-371-813	0	0	23	0	0	0	0	0	0	0	22	0	0	0	0	0	0	0	0	0	0	0	0	0	6	0	0	0	0	0	0	37	0	0	0	0	0	0	0	0	0	48	0	31	0	0	0	0	0	0	24	0	0	0	93	0	0	0	98	0	0	0	99	0	19
assemblage-172-952	55	0	43	0	0	0	0	0	11	0	34	0	0	0	0	0	0	0	0	0	0	0	0	0	0	0	0	0	0	20	0	0	0	0	0	0	0	0	0	0	0	67	0	0	0	0	0	0	0	0	29	18	0	0	75	0	0	0	131	0	0	0	0	0	17
assemblage-887-413	0	0	0	0	0	0	32	0	0	0	0	0	0	0	0	0	0	0	0	0	0	0	0	0	0	0	0	0	0	0	0	0	10	0	0	0	0	0	0	0	0	0	0	0	0	0	0	0	0	0	0	0	0	0	0	0	0	0	436	0	0	0	0	0	22
assemblage-333-235	0	84	0	0	0	0	3	0	0	0	0	0	0	0	0	0	0	0	0	0	0	0	0	0	0	0	0	0	0	0	0	0	0	0	0	0	0	0	0	0	0	0	0	0	0	0	0	0	0	0	0	0	0	0	0	0	0	0	404	0	0	0	0	0	9
assemblage-296-570	0	0	0	0	0	0	0	0	0	0	16	0	0	0	0	0	0	0	0	0	0	0	0	0	0	0	0	0	0	0	0	0	0	0	0	3	0	0	0	0	0	0	0	0	0	0	0	0	0	0	0	0	0	0	32	0	0	0	429	0	0	0	0	0	20
assemblage-292-563	0	0	0	0	0	0	0	0	0	0	0	0	0	0	0	0	0	0	0	0	0	0	0	0	0	0	0	0	0	0	0	0	0	0	0	0	0	0	0	0	0	0	0	0	0	0	0	0	0	0	0	0	0	0	84	0	0	0	407	0	0	0	0	0	9
assemblage-357-256	0	16	0	0	0	0	149	0	0	0	0	39	0	8	0	0	0	0	0	0	0	0	0	0	0	0	0	0	0	0	0	0	0	0	0	0	0	11	0	0	0	0	0	0	0	0	121	0	0	0	0	0	0	0	0	0	0	0	137	0	0	8	0	0	11
assemblage-897-536	0	0	0	15	0	0	0	0	0	0	0	0	0	8	13	0	0	0	0	0	0	0	0	0	0	0	14	23	0	0	0	0	0	0	0	0	0	0	0	0	0	0	0	0	0	0	0	0	101	0	0	0	0	0	0	0	0	0	322	0	0	0	0	0	4
assemblage-957-688	0	4	0	0	0	0	36	0	0	0	0	0	0	0	0	0	0	0	0	0	0	0	0	0	0	0	0	0	0	0	0	0	7	0	0	0	0	3	0	0	0	0	0	0	0	0	0	0	0	0	0	0	0	0	0	0	0	0	445	0	0	0	0	0	5
assemblage-344-340	0	0	0	0	0	0	0	0	0	0	0	0	0	0	0	0	0	0	0	0	0	0	0	0	0	0	0	0	0	0	0	0	0	0	0	0	0	0	0	0	0	0	0	0	0	0	0	0	0	0	0	0	12	0	22	0	0	0	442	21	0	0	0	0	3
assemblage-340-239	0	87	0	0	0	0	6	0	0	0	0	0	0	0	0	0	0	0	0	0	0	0	0	0	0	0	0	0	0	0	5	0	0	0	0	0	0	0	0	0	0	0	0	0	0	0	0	0	0	0	0	0	0	0	0	0	0	0	394	0	0	0	0	0	8
assemblage-928-253	0	3	0	0	0	0	30	0	0	0	0	0	0	0	0	0	0	0	0	0	0	0	0	0	0	0	0	0	0	0	0	0	10	0	0	0	0	8	0	0	0	0	0	0	0	0	0	0	0	0	0	0	0	0	0	0	0	0	439	0	0	0	0	0	10
assemblage-449-332	0	0	0	0	0	16	0	0	0	0	0	128	0	0	0	0	0	0	0	0	0	0	0	0	0	0	0	0	0	0	0	0	0	0	0	0	0	0	0	0	0	0	0	0	0	0	349	0	0	0	0	0	0	0	0	0	0	0	0	0	0	0	0	0	7
assemblage-261-238	0	0	0	0	0	0	432	0	0	0	0	22	0	0	0	0	0	0	0	0	0	0	26	0	0	0	0	0	0	0	0	0	0	0	0	0	0	0	0	0	0	0	0	0	0	0	4	0	0	0	0	0	0	0	0	0	0	0	0	0	0	0	0	0	16
assemblage-363-786	62	0	21	0	0	0	0	0	7	0	41	0	0	0	0	0	0	0	0	0	0	0	0	0	0	0	0	0	0	25	0	0	0	0	0	0	0	0	0	0	0	52	0	0	0	0	0	0	0	0	37	20	0	0	85	0	0	0	137	0	0	0	0	0	13
assemblage-279-115	0	12	0	0	0	0	77	0	0	0	0	0	0	0	0	0	0	3	0	0	0	0	0	0	0	0	0	0	0	0	0	0	26	0	0	0	0	0	0	0	0	0	0	0	0	0	27	0	0	0	0	0	0	0	0	0	25	0	180	0	0	136	0	0	14
assemblage-543-930	0	47	0	0	0	0	143	0	0	0	0	0	0	0	0	0	0	0	0	0	0	0	0	0	0	0	0	0	0	0	0	0	0	0	7	0	0	72	0	0	0	0	0	0	0	0	8	0	0	0	0	0	0	0	0	0	0	0	213	0	0	6	0	0	4
assemblage-629-460	0	0	0	0	0	0	124	0	0	0	0	4	0	36	0	0	0	0	0	0	0	0	0	0	0	0	0	0	0	0	0	0	0	0	0	0	0	70	0	0	0	0	0	0	0	0	14	0	0	0	0	0	0	0	0	0	0	0	247	0	0	0	0	0	5
assemblage-815-972	0	34	0	0	0	0	12	8	0	0	0	0	0	0	0	0	0	0	0	0	0	0	0	0	0	0	0	0	0	0	0	0	0	0	0	0	0	0	0	0	0	0	0	0	0	0	0	0	0	0	0	0	0	0	0	0	0	0	442	0	0	0	0	0	4
assemblage-597-662	0	32	0	0	0	0	128	0	0	0	0	0	0	0	0	0	0	0	0	0	17	0	0	0	0	0	0	0	0	0	0	0	10	0	0	0	0	0	0	0	0	0	0	0	0	0	60	0	0	0	0	0	0	0	0	0	0	0	235	0	0	11	0	0	7
assemblage-292-549	0	28	0	0	0	0	18	8	0	0	0	0	0	0	0	0	0	0	0	0	0	0	0	0	0	0	0	0	0	0	0	0	0	0	0	0	0	0	0	0	0	0	0	0	0	0	0	0	0	0	0	0	0	0	0	0	0	0	444	0	0	0	0	0	2
assemblage-631-459	0	0	0	0	0	0	112	0	0	0	0	15	0	35	0	0	0	0	0	0	0	0	0	0	0	0	0	0	0	0	0	0	0	0	0	0	0	75	0	0	0	0	0	0	0	0	22	0	0	0	0	0	0	0	0	0	0	0	237	0	0	0	0	0	4
assemblage-353-336	0	0	0	0	0	0	0	0	0	0	0	0	0	0	0	0	0	0	0	0	0	0	0	0	0	0	0	0	0	0	0	0	0	0	0	0	0	0	0	0	0	0	0	0	0	0	0	0	0	0	0	0	16	0	17	0	0	0	443	16	0	0	0	0	8
assemblage-293-129	0	51	0	0	0	0	105	0	0	0	0	0	0	5	0	27	0	0	0	0	0	0	0	0	0	0	0	0	0	0	0	0	27	0	0	0	0	0	0	0	0	0	0	0	0	0	33	0	0	0	0	0	0	0	0	0	0	0	214	0	0	18	0	0	20
assemblage-370-312	0	0	0	0	0	0	0	0	0	0	0	0	0	0	0	0	0	0	0	0	0	0	0	0	0	0	0	0	0	0	0	0	0	0	0	0	0	0	0	0	0	0	0	0	0	0	0	0	0	0	0	0	12	0	29	0	0	0	444	13	0	0	0	0	2
assemblage-929-253	0	44	0	0	0	0	114	0	0	0	0	0	0	0	0	0	17	0	0	0	0	0	0	0	0	0	0	0	0	0	0	0	62	0	0	0	0	0	0	0	0	0	0	0	0	0	0	0	0	0	0	0	0	0	0	0	0	0	247	0	0	0	0	0	16
assemblage-295-545	0	32	0	0	0	0	52	0	0	0	0	0	0	0	0	0	0	0	0	0	0	0	0	0	0	0	0	0	0	0	0	0	0	0	0	0	0	0	0	0	0	0	0	0	0	0	0	0	0	0	0	0	0	0	0	0	0	0	413	0	0	0	0	0	3
assemblage-646-853	0	32	0	0	0	0	73	0	0	0	0	0	0	0	0	0	0	0	0	0	0	0	0	0	0	0	0	0	0	0	0	0	0	0	0	0	0	0	0	0	0	0	0	0	0	0	0	0	0	0	0	0	0	0	0	0	0	0	390	0	0	0	0	0	5
assemblage-280-126	0	60	0	0	0	0	151	0	0	0	0	0	0	0	0	0	0	0	0	0	0	0	0	0	0	0	0	0	0	0	0	0	0	0	4	0	0	69	0	0	0	0	0	0	0	0	6	0	0	0	0	0	0	0	0	0	0	0	201	0	0	0	0	0	9
assemblage-925-992	0	0	0	0	0	0	82	0	0	0	0	0	0	0	0	0	0	0	0	0	0	0	0	0	0	0	0	0	0	0	0	0	17	0	0	0	0	36	0	19	0	0	0	0	0	0	148	0	0	0	0	0	0	0	0	0	0	0	183	0	0	5	0	0	10
assemblage-196-186	0	0	0	0	0	0	0	0	0	0	0	0	0	136	0	0	0	0	0	0	0	0	0	0	0	0	0	0	0	0	0	0	0	0	0	0	0	112	0	0	0	0	0	0	0	0	0	0	0	0	0	0	0	0	0	11	0	0	227	0	0	0	0	0	14
assemblage-941-247	0	4	0	0	0	0	21	0	0	0	0	0	0	0	0	0	0	0	0	0	0	0	0	0	0	0	0	0	0	0	0	0	11	0	0	0	0	0	0	0	0	0	0	0	0	0	0	0	0	0	0	0	0	0	0	0	0	0	445	0	0	0	0	0	19
assemblage-882-392	0	3	0	0	0	0	22	0	0	0	0	0	0	0	0	0	0	0	0	0	0	0	0	0	0	0	0	0	0	0	0	0	8	0	0	0	0	0	0	0	0	0	0	0	0	0	0	0	0	0	0	0	0	0	0	0	0	0	451	0	0	0	0	0	16
assemblage-623-454	0	0	0	0	0	0	114	0	0	0	0	6	0	33	0	0	0	0	0	0	0	0	0	0	0	0	0	0	0	0	0	0	0	0	0	0	0	69	0	0	0	0	0	0	0	0	23	0	0	0	0	0	0	0	0	0	0	0	252	0	0	0	0	0	3
assemblage-621-440	0	0	0	0	0	0	0	0	0	0	0	49	0	45	30	0	0	0	0	0	0	0	0	0	0	0	0	0	0	0	0	0	0	0	0	0	3	0	0	0	0	0	0	0	0	0	38	0	0	0	0	0	0	0	0	7	0	0	309	0	0	0	0	0	19
assemblage-898-394	0	22	0	0	0	0	46	0	0	0	0	0	0	0	0	0	0	0	0	0	0	0	0	0	0	0	0	0	0	0	0	0	0	0	0	0	0	0	0	0	0	0	0	0	0	0	0	0	0	0	0	0	0	0	0	0	0	0	415	0	0	0	0	0	17
assemblage-720-910	0	82	0	0	0	0	8	0	0	0	0	0	0	0	0	0	0	0	0	0	0	0	0	0	0	0	0	0	0	0	8	0	0	0	0	0	0	0	0	0	0	0	0	0	0	0	0	0	0	0	0	0	0	0	0	0	0	0	394	0	0	0	0	0	8
assemblage-237-258	0	0	0	0	0	0	436	0	0	0	0	18	0	0	0	0	0	0	0	0	0	0	26	0	0	0	0	0	4	0	0	0	0	0	0	0	0	0	0	0	0	0	0	0	0	0	5	0	0	0	0	0	0	0	0	0	0	0	0	0	0	0	0	0	11
assemblage-687-249	0	0	172	0	0	0	0	0	0	0	59	0	0	0	0	0	0	0	0	0	0	0	0	0	0	0	0	0	0	12	0	0	0	0	0	0	0	0	0	0	0	0	0	0	0	0	0	14	0	0	75	0	0	0	13	0	0	0	142	0	0	0	0	0	13
assemblage-642-861	0	28	0	0	0	0	25	10	0	0	0	0	0	0	0	0	0	0	0	0	0	0	0	0	0	0	0	0	0	0	0	0	0	0	0	0	0	0	0	0	0	0	0	0	0	0	0	0	0	0	0	0	0	0	0	0	0	0	431	0	0	0	0	0	6
assemblage-246-246	0	0	0	0	0	0	432	0	0	0	0	29	0	0	0	0	0	0	0	0	0	0	17	0	0	0	0	0	0	0	0	0	0	0	0	0	0	0	0	0	0	0	0	0	0	0	11	0	0	0	0	0	0	0	0	0	0	0	0	0	0	0	0	0	11
assemblage-759-877	0	0	0	0	13	0	223	0	0	0	0	21	17	44	0	0	0	0	0	0	0	0	0	0	0	0	0	0	0	0	0	0	20	0	0	0	0	0	0	0	0	0	0	0	0	0	6	0	0	0	0	0	0	0	0	0	0	0	146	0	0	0	0	0	10
assemblage-759-874	0	0	0	0	15	0	212	0	0	0	0	8	17	35	0	9	0	0	0	0	0	0	0	0	0	0	0	0	0	0	0	0	17	0	0	0	0	0	0	0	0	0	0	0	0	0	8	0	0	0	0	0	0	0	0	0	0	0	167	0	0	0	0	0	12
assemblage-923-236	0	12	0	0	0	0	46	0	0	0	0	0	0	0	0	0	0	0	0	0	0	0	0	0	0	0	0	0	0	0	0	0	0	0	0	0	0	0	0	0	0	0	0	0	0	0	0	0	0	0	0	0	0	0	0	0	0	0	428	0	0	0	0	0	14
assemblage-280-565	0	38	0	0	0	0	32	0	0	0	0	0	0	0	0	0	0	0	0	8	0	0	0	0	0	0	0	0	0	0	0	0	6	0	0	0	0	0	0	0	0	0	0	0	0	0	0	0	0	0	0	0	0	0	0	0	0	0	406	0	0	0	0	0	10
assemblage-628-854	0	41	0	0	0	0	8	13	0	0	0	0	0	0	0	0	0	0	0	0	0	0	0	0	0	0	0	0	0	0	0	0	0	0	0	0	0	0	0	0	0	0	0	0	0	0	0	0	0	0	0	0	0	0	0	0	0	0	435	0	0	0	0	0	3
assemblage-710-473	0	0	44	0	0	0	0	0	13	0	35	0	0	0	0	0	0	0	0	0	0	0	0	0	0	0	0	0	0	17	0	0	0	0	0	0	0	0	7	0	0	15	6	2	0	0	0	0	0	0	24	0	0	0	49	0	0	0	268	0	0	0	0	0	20
assemblage-277-528	0	19	0	0	0	0	46	0	0	0	0	0	0	0	0	0	0	0	0	25	0	0	0	0	0	0	0	0	0	0	0	0	17	0	0	0	0	0	0	0	0	0	0	0	7	0	0	0	0	0	0	0	0	0	0	0	0	0	382	0	0	0	0	0	4
assemblage-328-328	0	0	0	0	0	0	0	0	0	0	0	0	0	0	0	0	0	0	0	0	0	0	0	0	0	0	0	0	0	0	0	0	0	0	0	0	0	0	0	0	0	0	0	0	0	0	0	0	0	0	0	0	0	0	90	0	0	0	405	0	0	0	0	0	5
assemblage-630-846	0	19	0	0	0	0	46	0	0	0	0	0	0	0	0	0	0	0	0	25	0	0	0	0	0	0	0	0	0	0	0	0	25	0	0	0	0	0	0	0	0	0	0	0	0	0	0	0	0	0	0	0	0	0	0	0	0	0	380	0	0	0	0	0	5
assemblage-190-596	0	0	0	0	0	0	0	0	0	0	64	0	0	0	0	0	0	0	0	0	0	0	0	0	0	0	0	0	0	0	0	0	0	0	0	0	0	0	16	0	0	41	0	20	0	0	0	0	0	0	0	0	0	0	42	0	0	0	297	0	0	0	0	0	20
assemblage-359-271	0	0	0	0	13	0	213	0	0	0	0	17	21	36	0	8	0	0	0	0	0	0	0	0	0	0	0	0	0	0	0	0	16	0	0	0	0	0	0	0	0	0	0	0	0	0	4	0	0	0	0	0	0	0	0	0	0	0	163	0	0	0	0	0	9
assemblage-985-351	0	11	0	0	0	0	0	0	0	0	0	0	0	0	0	0	0	0	13	0	0	0	0	0	0	0	0	0	0	0	0	0	0	0	0	0	0	0	0	0	0	0	0	0	0	0	0	0	0	0	0	0	0	0	0	0	0	0	471	0	0	0	0	0	5
assemblage-597-671	0	26	0	0	0	0	78	0	0	0	0	0	0	0	0	0	0	0	0	0	0	0	0	0	0	0	0	0	0	0	0	0	94	0	0	0	0	6	0	0	0	0	0	0	0	0	59	0	0	0	0	0	0	0	0	0	0	0	210	0	9	6	0	0	12
assemblage-460-153	0	13	0	0	0	0	76	0	0	0	0	0	0	0	0	0	0	0	0	0	5	0	0	0	0	0	0	0	0	0	0	0	129	0	0	0	0	7	0	0	0	0	0	0	0	0	51	0	0	0	0	0	0	0	0	0	0	0	200	0	11	2	0	0	6
assemblage-684-472	0	0	8	0	0	0	0	0	0	0	0	0	0	0	0	0	0	0	0	0	0	0	0	0	0	0	0	0	0	0	0	0	0	0	0	0	0	0	0	0	0	0	0	0	0	0	0	0	0	0	49	0	0	0	89	0	0	0	342	0	0	0	0	0	12
assemblage-689-477	0	0	0	0	0	0	0	0	0	0	0	0	0	0	0	0	0	0	0	0	0	0	0	0	0	0	0	0	0	0	0	0	0	0	0	0	0	0	8	0	0	0	0	0	0	0	0	0	0	0	37	0	0	0	69	0	0	0	375	0	0	0	0	0	11
assemblage-308-566	0	0	0	0	0	0	0	0	0	0	25	0	0	0	0	0	0	0	0	0	0	0	0	0	0	0	0	0	0	0	0	0	0	0	0	0	0	0	0	0	0	0	0	0	0	10	0	0	0	0	0	0	0	0	34	0	0	0	411	0	0	0	0	0	20
assemblage-471-340	0	0	0	0	0	21	7	0	0	0	0	121	0	0	0	0	0	0	0	0	0	0	0	0	0	0	0	0	0	0	0	0	0	0	0	0	0	0	0	0	0	0	0	0	0	0	346	0	0	0	0	0	0	0	0	0	0	0	0	0	0	0	0	0	5
assemblage-922-687	0	12	0	0	0	0	36	0	0	0	0	0	0	0	0	0	0	0	0	0	0	0	0	0	0	2	0	0	0	0	0	0	0	0	0	0	0	0	0	0	0	0	0	0	0	0	0	0	0	0	0	0	0	0	0	0	0	0	440	0	0	0	0	0	10
assemblage-910-1006	0	3	0	0	0	0	72	0	0	0	0	0	0	0	0	0	0	8	0	0	0	0	0	0	0	0	0	0	0	0	0	0	28	0	0	0	0	0	0	0	0	0	0	0	0	0	25	0	0	0	0	0	0	0	0	0	35	0	217	0	0	101	0	0	11
assemblage-774-471	0	83	0	0	0	0	6	0	0	0	0	0	0	0	0	0	0	0	0	0	0	0	0	0	0	0	0	0	0	0	0	0	9	0	0	0	0	0	0	0	3	0	0	0	0	0	0	0	0	0	0	0	0	0	0	0	0	0	371	0	12	0	0	0	16
assemblage-239-868	0	72	0	0	0	0	99	0	0	0	0	0	0	11	0	20	0	0	0	0	0	0	0	0	0	0	0	0	0	0	0	0	39	5	0	0	0	0	0	0	0	0	0	0	0	0	36	0	0	0	0	0	0	0	0	0	0	0	186	0	0	19	0	0	13
assemblage-543-757	0	35	0	0	0	0	116	0	0	0	0	0	0	0	0	0	0	0	0	0	9	0	0	0	0	0	0	0	0	0	0	0	14	0	0	0	0	0	0	0	0	0	0	0	0	0	63	0	0	0	0	0	0	0	0	0	0	0	243	0	0	12	0	0	8
assemblage-615-216	0	0	174	0	0	0	0	0	0	0	0	0	0	0	0	0	0	0	0	0	0	0	0	0	15	0	0	0	0	0	0	0	0	0	0	0	0	0	0	0	0	0	22	0	0	0	0	0	0	0	0	0	0	0	56	0	0	0	215	3	0	0	0	0	15
assemblage-352-230	0	10	0	0	0	0	0	0	0	0	0	0	0	0	0	0	0	0	0	0	0	0	0	0	0	0	0	0	0	0	0	0	0	0	0	0	0	0	0	0	0	0	0	0	0	0	0	0	0	0	0	0	0	0	0	0	0	0	482	0	0	0	0	0	8
assemblage-614-458	0	12	0	0	0	0	170	0	0	0	0	32	0	0	3	0	0	0	0	0	0	0	0	0	0	0	0	0	0	0	0	0	0	0	0	0	0	12	0	0	0	0	0	0	0	0	124	0	0	0	0	0	0	0	0	0	0	0	118	0	0	15	0	0	14
assemblage-614-459	0	0	0	0	0	0	116	0	0	0	0	9	0	37	0	0	0	0	0	0	0	0	0	0	0	0	0	0	0	0	0	0	0	0	0	0	0	74	0	0	0	0	0	0	0	0	29	0	0	0	0	0	0	0	0	0	0	0	224	0	0	0	0	0	11
assemblage-598-655	0	37	0	0	0	0	57	0	0	0	0	0	0	0	0	0	0	0	0	0	0	0	0	0	0	0	0	0	0	0	0	0	10	0	0	0	0	17	0	0	0	0	0	0	0	0	91	0	0	0	0	0	0	0	0	0	0	0	252	0	0	31	0	0	5
assemblage-336-223	0	9	0	0	0	0	0	0	0	0	0	0	0	0	0	0	0	0	13	0	0	0	0	0	0	0	0	0	0	0	0	0	0	0	0	0	0	0	0	0	0	0	0	0	0	0	0	0	0	0	0	0	0	0	0	0	0	0	472	0	0	0	0	0	6
assemblage-787-982	0	19	0	0	0	0	52	0	0	0	0	0	0	0	0	0	5	0	0	32	0	0	0	0	0	0	0	0	0	0	0	0	29	0	0	0	0	0	0	0	0	0	0	0	0	0	0	0	0	0	0	0	0	0	0	0	0	0	361	0	0	0	0	0	2
assemblage-637-842	0	25	0	0	0	0	15	0	0	0	0	0	0	0	0	0	0	0	0	0	0	0	0	0	0	0	0	0	0	0	0	0	0	0	0	0	0	0	0	0	0	0	0	0	0	0	0	0	0	0	0	0	0	0	0	0	0	0	458	0	0	0	0	0	2
assemblage-912-277	0	26	0	0	0	0	0	0	0	0	0	0	0	0	0	0	0	0	0	0	0	13	0	0	0	0	0	0	0	0	0	0	0	0	0	0	0	0	0	0	0	0	0	0	0	0	0	0	0	0	0	0	0	0	0	0	0	0	440	0	0	0	0	0	21
assemblage-167-585	0	0	0	0	0	0	0	0	0	0	76	0	0	0	0	0	0	0	0	0	0	0	0	0	0	0	0	0	0	0	0	0	0	0	0	0	0	0	24	0	0	37	0	16	0	0	0	0	0	0	0	0	0	0	45	0	0	0	294	0	0	0	0	0	8
assemblage-605-243	0	32	58	0	0	0	0	0	13	0	0	0	0	0	0	0	0	0	0	0	0	0	0	0	0	0	0	0	0	0	0	0	0	0	0	9	0	0	0	0	0	0	0	0	0	0	0	0	0	0	0	0	0	0	76	0	0	0	304	0	0	0	0	0	8
assemblage-498-521	0	41	0	0	0	0	108	0	0	0	0	0	0	0	0	0	0	0	0	0	12	0	0	0	0	0	0	0	0	0	0	0	10	0	0	0	0	0	0	0	0	0	0	0	0	0	67	0	0	0	0	0	0	0	0	0	0	0	245	0	0	16	0	0	1
assemblage-594-235	0	43	77	0	0	0	0	0	8	0	0	0	0	0	0	0	0	0	0	0	0	0	0	0	0	0	0	0	0	0	0	0	0	0	0	4	0	0	0	0	0	0	0	0	0	0	0	0	0	0	0	0	0	0	87	0	0	0	278	0	0	0	0	0	3
assemblage-694-256	54	0	23	0	0	0	0	0	6	0	25	0	0	0	0	0	0	0	0	0	0	0	0	0	0	0	0	0	0	25	0	0	0	0	0	0	0	0	0	0	0	60	0	0	0	0	0	0	0	0	27	16	0	0	91	0	0	0	157	0	0	0	0	0	16
assemblage-160-161	0	9	0	0	0	0	126	0	0	0	0	49	0	0	0	0	0	0	0	0	0	0	0	0	0	0	0	0	0	0	0	0	0	0	0	0	0	8	0	0	0	0	0	0	0	0	128	0	0	0	0	0	0	0	0	0	0	0	151	0	0	11	0	0	18
assemblage-904-260	0	35	0	0	0	0	11	0	0	0	0	0	0	0	0	0	0	0	0	0	0	10	0	0	0	0	0	0	0	0	0	0	5	0	0	0	0	0	0	0	0	0	0	0	0	0	0	0	0	0	0	0	0	0	0	0	0	0	426	0	0	0	0	0	13
assemblage-206-182	0	0	0	0	0	0	0	0	0	0	0	0	0	152	0	0	0	0	0	0	0	0	0	0	0	0	0	0	0	0	0	0	0	0	0	0	0	80	0	0	0	0	0	0	0	0	0	0	0	0	0	0	0	0	0	7	0	0	257	0	0	0	0	0	4
assemblage-396-352	0	0	0	0	0	0	0	0	0	0	0	0	0	0	0	0	0	0	0	0	0	0	0	0	0	0	0	0	0	0	0	0	0	0	0	0	0	0	0	0	0	0	0	0	0	0	0	0	0	0	0	0	12	0	24	0	0	0	440	17	0	0	0	0	7
assemblage-178-601	0	0	9	0	0	0	0	0	44	0	60	0	0	0	0	0	0	0	0	0	0	0	0	4	0	0	0	0	0	87	0	0	0	0	0	0	0	0	0	0	0	0	12	0	0	0	0	0	0	0	22	0	0	0	6	0	0	0	240	7	0	0	0	0	9
assemblage-165-927	0	0	20	0	0	0	0	0	0	0	12	0	0	0	0	0	0	0	0	0	0	0	0	0	9	0	0	0	0	8	0	30	0	0	0	0	0	0	0	0	0	42	0	23	0	0	0	0	0	0	34	0	0	0	90	0	0	4	109	0	0	0	108	0	11
assemblage-712-891	0	21	0	0	0	0	0	0	0	0	0	0	0	0	0	0	0	0	0	0	0	0	0	0	0	0	0	0	0	0	0	0	0	0	0	0	0	0	0	0	0	0	0	0	0	0	0	0	0	13	0	0	0	0	48	0	0	0	416	0	0	0	0	0	2
assemblage-635-856	0	29	0	0	0	0	11	0	0	0	0	0	0	0	0	0	0	0	0	0	0	12	0	0	0	0	0	0	0	0	0	0	10	0	0	0	0	0	0	0	0	0	0	0	0	0	0	0	0	0	0	0	0	0	0	0	0	0	431	0	0	0	0	0	7
assemblage-412-358	0	30	69	0	0	0	0	0	6	0	0	0	0	0	0	0	0	0	0	0	0	0	0	0	0	0	0	0	0	0	0	0	0	0	0	10	0	0	0	0	0	0	0	0	0	0	0	0	0	0	0	0	0	0	69	0	0	0	307	0	0	0	0	0	9
assemblage-319-550	0	29	0	0	0	0	54	0	0	0	0	0	0	0	0	0	0	0	0	0	0	0	0	0	0	0	0	0	0	0	0	0	0	0	0	0	0	0	0	0	0	0	0	0	0	0	0	0	0	0	0	0	0	0	0	0	0	0	413	0	0	0	0	0	4
assemblage-259-333	0	11	0	0	0	0	0	0	0	0	0	0	0	0	0	0	0	0	20	0	0	0	0	0	0	0	0	0	0	0	0	0	0	0	0	0	0	0	0	0	0	0	0	0	0	0	0	0	0	0	0	0	0	0	0	0	0	0	458	0	0	0	0	0	11
assemblage-520-558	0	0	178	0	0	0	0	0	0	0	65	0	0	0	0	0	0	0	0	0	0	0	0	0	0	0	0	0	0	17	0	0	0	0	0	0	0	0	0	0	0	0	0	0	0	0	0	11	0	0	75	0	0	0	8	0	0	0	131	0	0	0	0	0	15
assemblage-160-196	0	0	0	0	0	0	0	0	0	0	0	56	0	40	27	0	0	0	0	0	0	0	0	0	0	0	0	0	0	0	0	0	0	0	0	0	12	0	0	0	0	0	0	0	0	0	35	0	0	0	0	0	0	0	0	10	0	0	302	0	0	0	0	0	18
assemblage-359-264	0	0	0	0	13	0	215	0	0	0	0	15	11	58	0	0	0	0	0	0	0	0	0	0	0	0	0	0	0	0	0	0	19	0	0	0	0	0	0	0	0	0	0	0	0	0	0	0	0	0	0	0	0	0	0	0	0	0	149	0	0	0	0	0	20
assemblage-520-549	17	0	71	0	0	0	0	0	0	0	41	0	0	0	0	0	0	0	0	0	0	0	0	0	9	0	0	0	0	9	0	4	0	0	0	0	0	0	0	0	0	37	2	15	0	0	0	0	0	0	34	2	0	0	81	0	0	0	138	0	0	0	27	0	13
assemblage-242-242	0	0	0	0	0	0	441	0	0	0	0	17	0	0	0	0	0	0	0	0	0	0	19	0	0	0	0	0	0	0	0	0	0	0	0	0	0	0	0	0	0	0	0	0	0	0	4	0	0	0	0	0	0	0	0	0	0	0	0	0	0	0	0	0	19
assemblage-929-680	0	22	0	0	0	0	147	0	0	0	0	0	0	0	0	0	9	0	0	0	0	0	0	0	0	0	0	0	0	0	0	0	72	0	0	0	0	0	0	0	0	0	0	0	0	0	0	0	0	0	0	0	0	0	0	0	0	0	241	0	0	0	0	0	9
assemblage-943-691	0	6	0	0	0	0	43	0	0	0	0	0	0	0	0	0	0	0	0	0	0	0	0	0	0	0	0	0	0	0	0	0	0	0	0	0	0	0	0	0	0	0	0	0	0	0	0	0	0	0	0	0	0	0	0	0	0	0	434	0	0	0	0	0	17
assemblage-305-132	0	3	0	0	0	0	73	0	0	0	0	0	0	0	0	0	0	11	0	0	0	0	0	0	0	0	0	0	0	0	0	0	12	0	0	0	0	11	0	0	0	0	0	0	0	0	27	0	0	0	0	0	0	0	0	0	26	0	199	0	0	128	0	0	10
assemblage-526-916	0	8	0	0	0	0	71	0	0	0	0	0	0	0	0	0	0	0	0	0	0	0	0	0	0	0	0	0	0	0	0	0	32	0	0	0	0	0	0	0	0	0	0	0	0	0	39	0	0	0	0	0	0	0	0	0	29	0	171	0	0	135	0	0	15
assemblage-358-789	0	0	26	0	0	0	0	0	0	0	19	0	0	0	0	0	0	0	0	0	0	0	0	0	0	0	0	0	0	10	0	40	0	0	0	0	0	0	0	0	0	53	0	26	0	0	0	0	0	0	41	0	0	0	98	0	0	0	99	0	0	0	71	0	17
assemblage-611-217	0	0	9	0	0	0	0	0	52	0	43	0	0	0	0	0	0	0	0	0	0	0	0	0	0	0	0	0	0	77	0	0	0	0	0	0	0	0	0	0	0	0	11	0	0	0	0	0	0	0	21	0	0	0	8	0	0	0	239	10	0	0	0	0	30
assemblage-670-392	0	0	161	0	0	0	0	0	0	0	0	0	0	0	0	0	0	0	0	0	0	0	0	0	15	0	0	0	0	0	0	0	0	0	0	0	0	0	0	0	0	0	20	0	0	0	0	0	0	0	0	0	0	0	41	0	0	0	244	0	0	0	0	0	19
assemblage-907-527	0	0	0	24	0	0	0	0	0	0	0	0	0	11	13	0	0	0	0	0	0	0	0	0	0	0	11	20	0	0	0	0	0	0	0	0	0	0	0	0	0	0	0	0	0	0	0	0	105	0	0	0	0	0	0	0	0	0	315	0	0	0	0	0	1
assemblage-358-786	0	0	13	0	0	0	0	0	0	0	123	0	0	0	0	0	0	0	0	0	0	0	0	0	15	0	0	0	0	9	0	0	0	0	0	0	0	0	0	0	0	20	23	5	0	0	0	0	0	0	17	0	0	13	87	0	0	0	153	0	0	0	13	0	9
assemblage-742-872	0	0	0	0	13	0	245	0	0	0	0	19	19	36	0	0	0	0	0	0	0	0	0	0	0	0	0	0	0	0	0	0	8	0	0	0	0	0	0	0	0	0	0	0	0	0	6	0	0	0	0	0	0	0	0	0	0	0	146	0	0	0	0	0	8
assemblage-627-458	0	0	0	0	0	0	0	0	0	0	0	49	0	38	30	0	0	0	0	0	0	0	0	0	0	0	0	0	0	0	0	0	0	0	0	0	9	6	0	0	0	0	0	0	0	0	19	0	0	0	0	0	0	0	0	11	0	0	325	0	0	0	0	0	13
assemblage-545-737	0	0	0	0	0	0	100	0	0	0	0	0	0	0	0	0	0	0	0	0	0	0	0	0	0	0	0	0	0	0	0	0	11	0	0	0	0	37	0	0	0	0	0	0	0	0	25	0	0	0	0	0	0	0	0	0	0	0	269	0	0	42	0	0	16
assemblage-606-238	0	0	0	0	0	0	0	0	0	0	0	0	0	0	0	0	0	0	0	0	0	0	0	0	0	0	0	0	0	0	0	0	0	0	0	0	0	0	0	0	0	0	0	0	0	0	0	0	0	0	0	0	0	0	84	0	0	0	406	0	0	0	0	0	10
assemblage-195-187	0	0	0	0	0	0	0	0	0	0	0	0	0	143	0	0	0	0	0	0	0	0	0	0	0	0	0	0	0	0	0	0	0	0	0	0	0	95	0	0	0	0	0	0	0	0	0	0	0	0	0	0	0	0	0	5	0	0	249	0	0	0	0	0	8
assemblage-171-608	0	0	0	0	0	0	0	0	0	0	0	0	0	0	0	0	0	0	0	0	0	0	0	0	0	0	0	0	0	0	0	0	0	0	0	0	0	0	5	0	0	0	0	0	0	0	0	0	0	0	43	0	0	0	86	0	0	0	337	0	0	0	0	0	29
assemblage-466-351	0	0	0	0	0	12	0	0	0	0	0	123	0	0	0	0	0	0	0	0	0	0	0	0	0	0	0	0	0	0	0	0	0	0	0	0	0	0	0	0	0	0	0	0	0	0	351	0	0	0	0	0	0	0	0	0	0	0	0	0	0	0	0	0	14
assemblage-687-910	0	9	0	0	0	0	0	0	0	0	0	0	0	0	0	0	0	0	0	0	0	0	0	0	0	0	0	0	0	0	0	0	0	0	0	0	0	0	0	0	0	0	0	0	0	0	0	0	0	0	0	0	0	0	0	0	0	0	485	0	0	0	0	0	6
assemblage-209-176	0	0	0	0	0	0	0	0	0	0	0	0	0	134	0	0	0	0	0	0	0	0	0	0	0	0	0	0	0	0	0	0	0	0	0	0	0	113	0	0	0	0	0	0	0	0	0	0	0	0	0	0	0	0	0	5	0	0	238	0	0	0	0	0	10
assemblage-281-541	0	21	0	0	0	0	40	0	0	0	0	0	0	0	0	0	0	0	0	21	0	0	0	0	0	0	0	0	0	0	0	0	20	0	0	0	0	0	0	0	0	0	0	0	0	0	0	0	0	0	0	0	0	0	0	0	0	0	386	0	0	0	0	0	12
assemblage-762-878	0	0	0	0	0	0	133	0	0	0	0	12	0	27	0	0	0	0	0	0	0	0	0	0	0	0	0	0	0	0	0	0	0	0	0	0	0	62	0	0	0	0	0	0	0	0	20	0	0	0	0	0	0	0	0	0	0	0	241	0	0	0	0	0	5
assemblage-181-190	0	0	0	0	9	0	227	0	0	0	0	23	13	37	0	0	0	0	0	0	0	0	0	0	0	0	0	0	0	0	0	0	29	0	0	0	0	0	0	0	0	0	0	0	0	0	9	0	0	0	0	0	0	0	0	0	0	0	140	0	0	0	0	0	13
assemblage-168-953	34	0	31	0	0	0	0	0	5	0	27	0	0	0	0	0	0	0	0	0	0	0	0	0	0	0	0	0	0	17	0	0	0	0	0	0	0	0	0	0	0	81	6	0	0	0	0	0	0	0	30	19	0	0	90	0	0	0	143	0	0	0	0	0	17
assemblage-990-345	0	22	0	0	0	0	0	0	0	0	0	0	0	0	0	0	0	0	0	0	0	0	0	0	0	0	0	0	0	0	0	0	0	0	0	0	0	0	0	0	0	0	0	0	0	0	0	0	0	17	0	0	0	0	38	0	0	0	415	0	0	0	0	0	8
assemblage-549-750	0	29	0	0	0	0	72	0	0	0	0	0	0	0	0	0	0	0	0	0	0	0	0	0	0	0	0	0	0	0	0	0	100	0	0	0	0	4	0	0	0	0	0	0	0	0	53	0	0	0	0	0	0	0	0	0	0	0	212	0	12	9	0	0	9
assemblage-480-335	0	0	0	0	0	11	0	0	0	0	0	131	0	0	0	0	0	0	0	0	0	0	0	0	0	0	0	0	0	0	0	0	0	0	0	0	0	0	0	0	0	0	0	0	0	0	352	0	0	0	0	0	0	0	0	0	0	0	0	0	0	0	0	0	6
assemblage-535-559	0	0	28	0	0	0	0	0	0	0	112	0	0	0	0	0	0	0	0	0	0	0	0	0	21	0	0	0	0	4	0	0	0	0	0	0	0	0	0	0	0	14	18	0	0	0	0	0	0	0	27	0	0	17	94	0	0	0	155	0	0	0	0	0	10
assemblage-183-166	0	0	0	0	0	0	13	0	0	0	0	59	0	43	26	0	0	0	0	0	0	0	0	0	0	0	0	0	0	0	0	0	0	0	0	0	4	0	0	0	0	0	0	0	0	0	34	0	0	0	0	0	0	0	0	7	0	0	295	0	0	0	0	0	19
assemblage-176-599	0	0	190	0	0	0	0	0	0	0	0	0	0	0	0	0	0	0	0	0	0	0	0	0	10	0	0	0	0	0	0	0	0	0	0	0	0	0	0	0	0	0	10	0	0	0	0	0	0	0	0	0	0	0	57	0	0	0	210	7	0	0	0	0	16
assemblage-924-289	0	37	0	0	0	0	53	0	0	0	0	0	0	0	0	0	0	0	0	0	0	0	0	0	0	0	0	0	0	0	0	0	0	0	0	0	0	0	0	0	0	0	0	0	0	0	0	0	0	0	0	0	0	0	0	0	0	0	404	0	0	0	0	0	6
assemblage-235-847	0	67	0	0	0	0	112	0	0	8	0	0	0	11	0	18	0	0	0	0	0	0	0	0	0	0	0	0	0	0	0	0	26	0	0	0	0	0	0	0	0	0	0	0	0	0	33	0	0	0	0	0	0	0	0	0	0	0	202	0	0	11	0	0	12
assemblage-298-582	0	0	0	0	0	0	0	0	0	0	27	0	0	0	0	0	0	0	0	0	0	0	0	0	0	0	0	0	0	0	0	0	0	0	0	5	0	0	0	0	0	0	0	0	0	0	0	0	0	0	0	0	0	0	37	0	0	0	410	0	0	0	0	0	21
assemblage-172-188	0	10	0	0	0	0	134	0	0	0	0	57	0	0	0	0	0	0	0	0	0	0	0	0	0	0	0	0	0	0	0	0	0	0	0	0	0	9	0	0	0	0	0	0	0	0	113	0	0	0	0	0	0	0	0	0	0	0	152	0	0	10	0	0	15
assemblage-299-556	0	26	0	0	0	0	63	0	0	0	0	0	0	0	0	0	0	0	0	0	0	0	0	0	0	0	0	0	0	0	0	0	0	0	0	0	0	0	0	0	0	0	0	0	0	0	0	0	0	0	0	0	0	0	0	0	0	0	407	0	0	0	0	0	4
assemblage-809-471	0	0	0	0	0	0	19	0	0	0	0	0	0	0	0	0	0	0	0	0	0	0	0	0	0	0	0	0	0	0	0	0	6	0	0	0	0	10	0	0	0	0	0	0	0	0	0	0	0	0	0	0	0	0	0	0	0	0	446	0	0	0	0	0	19
assemblage-183-592	0	0	6	0	0	0	0	0	38	0	55	0	0	0	0	0	0	0	0	0	0	0	0	0	0	0	0	0	0	78	0	0	0	0	0	0	0	0	0	0	0	0	15	0	0	0	0	0	0	0	26	0	0	0	9	0	0	0	251	7	0	0	4	0	11
assemblage-870-401	0	34	0	0	0	0	125	0	0	0	0	0	0	0	0	0	18	0	0	0	0	0	0	0	0	0	0	0	0	0	0	0	58	0	0	0	0	0	0	0	0	0	0	0	0	0	0	0	0	0	0	0	0	0	0	0	0	0	256	0	0	0	0	0	9
assemblage-299-553	0	0	0	0	0	0	0	0	0	0	27	0	0	0	0	0	0	0	0	0	0	0	0	0	0	0	0	0	0	0	0	0	0	0	0	9	0	0	0	0	0	0	0	0	0	0	0	0	0	0	0	0	0	0	31	0	0	0	416	0	0	0	0	0	17
assemblage-267-236	0	0	0	0	0	0	443	0	0	0	0	19	0	0	0	0	0	0	0	0	0	0	14	0	0	0	0	0	0	0	0	0	0	0	0	0	0	0	0	0	0	0	0	0	0	0	8	0	0	0	0	0	0	0	0	0	0	0	0	0	0	0	0	0	16
assemblage-690-252	0	0	27	0	0	0	0	0	0	0	17	0	0	0	0	0	0	0	0	0	0	0	0	0	12	0	0	0	0	0	0	39	0	0	0	0	0	0	0	0	0	31	0	27	0	0	0	0	0	0	47	0	0	6	70	0	0	0	127	0	0	0	85	0	12
assemblage-889-395	0	60	0	0	0	0	5	0	0	0	0	0	0	0	0	0	0	0	0	0	0	0	0	0	0	0	0	0	0	0	0	0	9	0	0	0	0	0	0	0	12	0	0	0	0	0	0	0	0	0	0	0	0	0	0	0	0	0	386	0	7	6	0	0	15
assemblage-619-459	0	0	0	0	0	0	5	0	0	0	0	44	0	32	19	0	0	0	0	0	0	0	0	0	0	0	0	0	0	0	0	0	0	0	0	0	12	10	0	0	0	0	0	0	0	0	28	0	0	0	0	0	0	0	0	13	0	0	320	0	0	0	0	0	17
assemblage-296-136	0	53	0	0	0	0	145	0	0	0	0	0	0	0	0	0	0	0	0	0	0	0	0	0	0	0	0	0	0	0	0	0	0	0	9	0	0	66	0	0	0	0	0	0	0	0	10	0	0	0	0	0	0	0	0	0	0	0	200	0	0	6	0	0	11
assemblage-609-214	0	0	172	0	0	0	0	0	0	0	0	0	0	0	0	0	0	0	0	0	0	0	0	0	13	0	0	0	0	0	0	0	0	0	0	0	0	0	0	0	0	0	23	0	0	0	0	0	0	0	0	0	0	0	48	0	0	0	218	0	0	0	0	0	26
assemblage-526-929	0	0	0	0	0	0	88	0	0	0	0	0	0	0	0	0	0	0	0	0	0	0	0	0	0	0	0	0	0	0	0	0	21	0	0	0	0	24	0	19	0	0	0	0	0	0	139	0	0	0	0	0	0	0	0	0	0	0	184	0	0	12	0	0	13
assemblage-950-251	0	9	0	0	0	0	40	0	0	0	0	0	0	0	0	0	0	0	0	0	0	0	0	0	0	7	0	0	0	0	0	0	0	0	0	0	0	0	0	0	0	0	0	0	0	0	0	0	0	0	0	0	0	0	0	0	0	0	432	0	0	0	0	0	12
assemblage-663-393	0	0	6	0	0	0	0	0	46	0	42	0	0	0	0	0	0	0	0	0	0	0	0	0	0	0	0	0	0	88	0	0	0	0	0	0	0	0	0	0	0	0	8	0	0	0	0	0	0	0	21	0	0	0	3	0	0	0	253	12	0	0	6	0	15
assemblage-1000-339	0	16	0	0	0	0	7	0	0	0	0	0	0	0	0	0	0	0	14	0	0	0	0	0	0	0	0	0	0	0	0	0	0	0	0	0	0	0	0	0	0	0	0	0	0	0	0	0	0	0	0	0	0	0	0	0	0	0	461	0	0	0	0	0	2
assemblage-154-592	0	0	18	0	0	0	0	0	29	0	51	0	0	0	0	0	0	0	0	0	0	0	0	0	0	0	0	0	0	84	0	0	0	0	0	0	0	0	0	0	0	0	14	0	0	0	0	0	0	0	24	0	6	0	8	0	0	0	229	21	0	0	0	0	16
assemblage-181-932	0	0	25	0	0	0	0	0	0	0	113	0	0	0	0	0	0	0	0	0	0	0	0	0	19	0	0	0	0	5	0	0	0	0	0	0	0	0	0	0	0	21	16	0	0	0	0	0	0	0	33	0	0	5	107	0	0	0	143	0	0	0	4	0	9
assemblage-343-236	0	64	0	0	0	0	9	0	0	0	0	0	0	0	0	0	0	0	0	0	0	0	0	0	0	0	0	0	0	0	0	0	0	0	0	0	0	0	0	0	0	0	0	0	0	0	0	0	0	0	0	0	0	0	0	0	0	0	408	0	0	0	0	0	19
assemblage-152-958	48	0	31	0	0	0	0	0	12	0	37	0	0	0	0	0	0	0	0	0	0	0	0	0	0	0	0	0	0	18	0	0	0	0	0	0	0	0	0	0	0	54	0	0	0	0	0	0	0	0	31	17	0	0	107	0	0	0	137	0	0	0	0	0	8
assemblage-503-944	0	0	0	0	0	0	100	0	0	0	0	0	0	0	0	0	0	0	0	0	0	0	0	0	0	0	0	0	0	0	0	0	12	0	0	0	0	37	0	10	0	0	0	0	0	0	167	0	0	0	0	0	0	0	0	0	0	0	154	0	0	7	0	0	13
assemblage-150-176	0	0	0	0	0	0	4	0	0	0	0	62	0	37	34	0	0	0	0	0	0	0	0	0	0	0	0	0	0	0	0	0	0	0	0	0	9	0	0	0	0	0	0	0	0	0	35	0	0	0	0	0	0	0	0	14	0	0	292	0	0	0	0	0	13
assemblage-537-763	0	0	0	0	0	0	110	0	0	0	0	0	0	0	0	0	0	0	0	0	0	0	0	0	0	0	0	0	0	0	0	0	9	0	0	0	0	37	0	0	0	0	0	0	0	0	25	0	0	0	0	0	0	0	0	0	0	0	269	0	0	40	0	0	10
assemblage-911-277	0	24	0	0	0	0	9	0	0	0	0	0	0	0	0	0	0	0	0	0	0	0	0	0	0	0	0	0	0	0	0	0	0	0	0	0	0	0	0	0	0	0	0	0	0	0	0	0	0	0	0	0	0	0	0	0	0	0	458	0	0	0	0	0	9
assemblage-500-534	0	21	0	0	0	0	74	0	0	0	0	0	0	0	0	0	0	0	0	0	0	0	0	0	0	0	0	0	0	0	0	0	109	0	0	0	0	0	0	0	0	0	0	0	0	0	45	0	0	0	0	0	0	0	0	0	0	0	217	0	9	14	0	0	11
assemblage-594-237	0	0	0	0	0	0	0	0	0	0	29	0	0	0	0	0	0	0	0	0	0	0	0	0	0	0	0	0	0	0	0	0	0	0	0	0	0	0	0	0	0	0	0	0	0	0	0	0	0	0	0	0	0	0	29	0	0	0	424	0	0	0	0	0	18
assemblage-790-466	0	37	0	0	0	0	146	0	0	0	0	0	0	0	0	0	9	0	0	0	0	0	0	0	0	0	0	0	0	0	0	0	53	0	0	0	0	0	0	0	0	0	0	0	0	0	0	0	0	0	0	0	0	0	0	0	0	0	250	0	0	0	0	0	5
assemblage-235-826	0	43	0	0	0	0	161	0	0	0	0	0	0	0	0	0	0	0	0	0	0	0	0	0	0	0	0	0	0	0	0	0	0	0	6	0	0	75	0	0	0	0	0	0	0	0	10	0	0	0	0	0	0	0	0	0	0	0	185	0	0	7	0	0	13
assemblage-585-209	0	0	178	0	0	0	0	0	0	0	0	0	0	0	0	0	0	0	0	0	0	0	0	0	13	0	0	0	0	0	0	0	0	0	0	0	0	0	0	0	0	0	29	0	0	0	0	0	0	0	0	0	0	0	57	0	0	0	205	4	0	0	0	0	14
assemblage-285-119	0	52	0	0	0	0	111	0	0	0	0	0	0	9	0	15	0	0	0	0	0	0	0	0	0	0	0	0	0	0	0	0	26	0	0	0	0	0	0	0	0	0	0	0	0	0	43	0	0	0	0	0	0	0	0	0	0	0	211	0	0	18	0	0	15
assemblage-936-250	0	28	0	0	0	0	138	0	0	0	0	0	0	0	0	0	6	0	0	0	0	0	0	0	0	0	0	0	0	0	0	0	56	0	0	0	0	0	0	0	0	0	0	0	0	0	0	0	0	0	0	0	0	0	0	0	0	0	259	0	0	0	0	0	13
assemblage-988-353	0	28	0	0	0	0	0	0	0	0	0	0	0	0	0	0	0	0	0	0	0	0	0	0	0	0	0	0	0	0	0	0	0	0	0	0	0	0	0	0	0	0	0	0	0	0	0	0	0	16	0	0	0	0	52	0	0	0	395	0	0	0	0	0	9
assemblage-692-481	0	0	19	0	0	0	0	0	31	0	44	0	0	0	0	0	0	0	0	0	0	0	0	0	0	0	0	0	0	88	0	0	0	0	0	0	0	0	0	0	0	0	14	0	0	0	0	0	0	0	17	0	0	0	8	0	0	0	244	11	0	0	11	0	13
assemblage-497-531	0	43	0	0	0	0	108	0	0	0	0	0	0	0	0	0	0	0	0	0	12	0	0	0	0	0	0	0	0	0	0	0	8	0	0	0	0	0	0	0	0	0	0	0	0	0	66	0	0	0	0	0	0	0	0	0	0	0	245	0	0	14	0	0	4
assemblage-604-675	0	0	0	0	0	0	75	0	0	0	0	0	0	0	0	0	0	0	0	0	0	0	0	0	0	0	0	0	0	0	0	0	15	0	0	0	0	42	0	0	0	0	0	0	0	0	29	0	0	0	0	0	0	0	0	0	0	0	279	0	0	42	0	0	18
assemblage-481-156	0	19	0	0	0	0	60	0	0	0	0	0	0	0	0	0	0	0	0	0	0	0	0	0	0	0	0	0	0	0	0	0	117	0	0	0	0	4	0	0	0	0	0	0	0	0	58	0	0	0	0	0	0	0	0	0	0	0	221	0	8	7	0	0	6
assemblage-465-144	0	27	0	0	0	0	50	0	0	0	0	0	0	0	0	0	0	0	0	0	0	0	0	0	0	0	0	0	0	0	0	0	10	0	0	0	0	11	0	0	0	0	0	0	0	0	83	0	0	0	0	0	0	0	0	0	0	0	290	0	0	21	0	0	8
assemblage-607-238	0	0	0	0	0	0	0	0	0	0	0	0	0	0	0	0	0	0	0	0	0	0	0	0	0	0	0	0	0	0	0	0	0	0	0	0	0	0	0	0	0	0	0	0	0	0	0	0	0	0	0	0	0	0	77	0	0	0	417	0	0	0	0	0	6
assemblage-508-917	0	0	0	0	0	0	84	0	0	0	0	0	0	0	0	0	0	5	0	0	0	0	0	0	0	0	0	0	0	0	0	0	26	0	0	0	0	0	0	0	0	0	0	0	0	0	26	0	0	0	0	0	0	0	0	0	26	0	187	0	0	133	0	0	13
assemblage-806-986	0	28	0	0	0	0	10	6	0	0	0	0	0	0	0	0	0	0	0	0	0	0	0	0	0	0	0	0	0	0	0	0	0	0	0	0	0	0	0	0	0	0	0	0	0	0	0	0	0	0	0	0	0	0	0	0	0	0	454	0	0	0	0	0	2
assemblage-666-410	0	0	0	0	0	0	0	0	0	0	54	0	0	0	0	0	0	0	0	0	0	0	0	0	0	0	0	0	0	0	0	0	0	0	0	0	0	0	26	0	0	46	0	26	0	0	0	0	0	0	0	0	0	0	43	0	0	0	295	0	0	0	0	0	10
assemblage-667-848	0	23	0	0	0	0	13	0	0	0	0	0	0	0	0	0	0	0	0	0	0	13	0	0	0	0	0	0	0	0	0	0	0	0	0	0	0	0	0	0	0	0	0	0	0	0	0	0	0	0	0	0	0	0	2	0	0	0	436	0	0	0	0	0	13
assemblage-763-893	0	0	0	0	12	0	234	0	0	0	0	20	15	44	0	0	0	0	0	0	0	0	0	0	0	0	0	0	0	0	0	0	10	0	0	0	0	0	0	0	0	0	0	0	0	0	7	0	0	0	0	0	0	0	0	0	0	0	146	0	0	0	0	0	12
assemblage-991-355	0	87	0	0	0	0	7	0	0	0	0	0	0	0	0	0	0	0	0	0	0	0	0	0	0	0	0	0	0	0	0	0	0	0	0	0	0	0	0	0	0	0	0	0	0	0	0	0	0	0	0	0	0	0	0	0	0	0	395	0	0	0	0	0	11
assemblage-711-905	0	12	0	0	0	0	0	0	0	0	0	0	0	0	0	0	0	0	0	0	0	0	0	0	0	0	0	0	0	0	0	0	0	0	0	0	0	0	0	0	0	0	0	0	0	0	0	0	0	0	0	0	0	0	0	0	0	0	480	0	0	0	0	0	8
assemblage-405-331	0	0	0	0	0	0	0	0	0	0	30	0	0	0	0	0	0	0	0	0	0	0	0	0	0	0	0	0	0	0	0	0	0	0	0	8	0	0	0	0	0	0	0	0	0	0	0	0	0	0	0	0	0	0	34	0	0	0	418	0	0	0	0	0	10
assemblage-267-347	0	11	0	0	0	0	0	0	0	0	0	0	0	0	0	0	0	0	17	0	0	0	0	0	0	0	0	0	0	0	0	0	0	0	0	0	0	0	0	0	0	0	0	0	0	0	0	0	0	0	0	0	0	0	0	0	0	0	460	0	0	0	0	0	12
assemblage-702-912	0	13	0	0	0	0	5	0	0	0	0	0	0	0	0	0	0	0	19	0	0	0	0	0	0	0	0	0	0	0	0	0	0	0	0	0	0	0	0	0	0	0	0	0	0	0	0	0	0	0	0	0	0	0	0	0	0	0	461	0	0	0	0	0	2
assemblage-520-527	0	0	0	0	0	0	78	0	0	0	0	0	0	0	0	0	0	0	0	0	0	0	0	0	0	0	0	0	0	0	0	0	18	0	0	0	0	34	0	0	0	0	0	0	0	0	15	0	0	0	0	0	0	0	0	0	0	0	299	0	0	43	0	7	6
assemblage-471-319	0	0	0	0	0	10	0	0	0	0	0	134	0	0	0	0	0	0	0	0	0	0	0	0	0	0	0	0	0	0	0	0	0	0	0	0	0	0	0	0	0	0	0	0	0	0	342	0	0	0	0	0	0	0	0	0	0	0	0	0	0	0	0	0	14
assemblage-302-569	0	2	0	0	0	0	0	0	0	0	0	0	0	0	0	0	0	0	0	0	0	0	0	0	0	0	0	0	0	0	0	0	0	0	0	0	0	0	0	0	0	0	0	0	0	0	0	0	0	0	0	0	17	0	18	0	0	0	435	23	0	0	0	0	5
assemblage-499-512	0	0	0	0	0	0	72	0	0	0	0	0	0	0	0	0	0	0	0	0	0	0	0	0	0	0	0	0	0	0	0	0	17	0	0	0	0	53	0	0	0	0	0	0	0	0	25	0	0	0	0	0	0	0	0	0	0	0	277	0	0	44	0	0	12
assemblage-230-157	0	0	0	0	0	0	0	0	0	0	0	0	0	142	0	0	0	0	0	0	0	0	0	0	0	0	0	0	0	0	0	0	0	0	0	0	0	109	0	0	0	0	0	0	0	0	0	0	0	0	0	0	0	0	0	7	0	0	238	0	0	0	0	0	4
assemblage-891-274	0	30	0	0	0	0	47	0	0	0	0	0	0	0	0	0	0	0	0	0	0	0	0	0	0	0	0	0	0	0	0	0	0	0	0	0	0	0	0	0	0	0	0	0	0	0	0	0	0	0	0	0	0	0	0	0	0	0	419	0	0	0	0	0	4
assemblage-371-808	0	0	28	0	0	0	0	0	0	0	18	0	0	0	0	0	0	0	0	0	0	0	0	0	6	0	0	0	0	0	0	29	0	0	0	0	0	0	0	0	0	48	0	23	0	0	0	0	0	0	37	0	0	0	92	0	0	6	110	0	0	0	90	0	13
assemblage-916-1002	0	64	0	0	0	0	160	0	0	0	0	0	0	0	0	0	0	0	0	0	0	0	0	0	0	0	0	0	0	0	0	0	0	0	0	0	0	77	0	0	0	0	0	0	0	0	8	0	0	0	0	0	0	0	0	0	0	0	165	0	0	8	0	0	18
assemblage-575-740	0	38	0	0	0	0	54	0	0	0	0	0	0	0	0	0	0	0	0	0	0	0	0	0	0	0	0	0	0	0	0	0	11	0	0	0	0	11	0	0	0	0	0	0	0	0	73	0	0	0	0	0	0	0	0	0	0	0	263	0	0	42	0	0	8
assemblage-799-965	0	25	0	0	0	0	52	0	0	0	0	0	0	0	0	0	0	0	0	0	0	0	0	0	0	0	0	0	0	0	0	0	0	0	0	0	0	0	0	0	0	0	0	0	0	0	0	0	0	0	0	0	0	0	0	0	0	0	421	0	0	0	0	0	2
assemblage-599-246	0	8	21	0	0	0	0	0	0	0	2	0	0	0	0	0	0	0	0	0	0	0	0	0	0	0	0	0	0	0	0	0	0	0	0	0	0	0	0	0	0	0	0	0	0	0	0	0	0	0	0	0	0	0	63	0	0	0	383	0	0	0	0	0	23
assemblage-398-355	0	36	64	0	0	0	0	0	9	0	0	0	0	0	0	0	0	0	0	0	0	0	0	0	0	0	0	0	0	0	0	0	0	0	0	10	0	0	0	0	0	0	0	0	0	0	0	0	0	0	0	0	0	0	63	0	0	0	310	0	0	0	0	0	8
assemblage-526-569	0	0	180	0	0	0	0	0	0	0	49	0	0	0	0	0	0	0	0	0	0	0	0	0	0	0	0	0	0	12	0	0	0	0	0	0	0	0	0	0	0	0	0	0	0	0	0	8	0	0	69	0	0	0	15	0	0	0	154	0	0	0	0	0	13
assemblage-509-534	0	0	0	0	0	0	96	0	0	0	0	0	0	0	0	0	0	0	0	0	0	0	0	0	0	0	0	0	0	0	0	0	14	0	0	0	0	47	0	0	0	0	0	0	0	0	15	0	0	0	0	0	0	0	0	0	0	0	280	0	0	28	0	0	20
assemblage-675-257	0	0	42	0	0	0	0	0	0	0	28	0	0	0	0	0	0	0	0	0	0	0	0	0	3	0	0	0	0	0	0	21	0	0	0	0	0	0	0	0	0	57	0	20	0	0	0	0	0	0	26	0	0	0	77	0	0	0	100	0	0	0	102	0	24
assemblage-612-218	0	0	172	0	0	0	0	0	0	0	0	0	0	0	0	0	0	0	0	0	0	0	0	0	16	0	0	0	0	0	0	0	0	0	0	0	0	0	0	0	0	0	21	0	0	0	0	0	0	0	0	0	0	0	45	0	0	0	218	11	0	0	0	0	17
assemblage-525-913	0	0	0	0	0	0	103	0	0	0	0	0	0	0	0	0	0	0	0	0	0	0	0	0	0	0	0	0	0	0	0	0	28	0	0	0	0	29	0	16	0	0	0	0	0	0	136	0	0	0	0	0	0	0	0	0	0	0	170	0	0	8	0	0	10
assemblage-164-933	0	0	29	0	0	0	0	0	0	0	24	0	0	0	0	0	0	0	0	0	0	0	0	0	13	0	0	0	0	0	0	13	0	0	0	0	0	0	0	0	0	53	0	30	0	0	0	0	0	0	52	0	0	0	84	0	0	8	113	0	0	0	69	0	12
assemblage-470-127	0	38	0	0	0	0	43	0	0	0	0	0	0	0	0	0	0	0	0	0	0	0	0	0	0	0	0	0	0	0	0	0	14	0	0	0	0	7	0	0	0	0	0	0	0	0	82	0	0	0	0	0	0	0	0	0	0	0	275	0	0	36	0	0	5
assemblage-257-856	0	31	0	0	0	0	102	0	0	0	0	0	0	0	0	3	0	0	0	0	0	0	0	0	0	0	0	0	0	0	0	0	19	0	0	0	0	43	0	0	0	0	0	0	0	0	52	0	0	0	0	0	0	0	0	0	5	0	187	0	0	39	0	0	19
assemblage-782-467	0	0	0	0	0	0	27	0	0	0	0	0	0	0	0	0	0	0	0	0	0	0	0	0	0	0	0	0	0	0	0	0	8	0	0	0	0	9	0	0	0	0	0	0	0	0	0	0	0	0	0	0	0	0	0	0	0	0	444	0	0	0	0	0	12
assemblage-540-938	0	69	0	0	0	0	90	0	0	5	0	0	0	9	0	24	0	0	0	0	0	0	0	0	0	0	0	0	0	0	0	0	28	0	0	0	0	0	0	0	0	0	0	0	0	0	42	0	0	0	0	0	0	0	0	0	0	0	202	0	0	19	0	0	12
assemblage-477-336	0	0	0	0	0	17	0	0	0	0	0	126	0	0	0	0	0	0	0	0	0	0	0	0	0	0	0	0	0	0	0	0	0	0	0	0	0	0	0	0	0	0	0	0	0	0	344	0	0	0	0	0	0	0	0	0	0	0	0	0	0	0	0	0	13
assemblage-370-281	0	0	0	0	0	0	139	0	0	0	0	40	0	29	12	0	0	0	0	0	0	0	0	0	0	0	0	0	0	0	0	0	0	0	0	0	0	18	0	0	0	0	0	0	0	0	50	0	0	0	0	0	0	0	0	0	0	0	180	0	0	0	0	0	32
assemblage-672-407	0	0	0	0	0	0	0	0	0	0	54	0	0	0	0	0	0	0	0	0	0	0	0	0	0	0	0	0	0	0	0	0	0	0	0	0	0	0	25	0	0	41	0	18	0	0	0	0	0	0	0	0	0	0	47	0	0	0	298	0	0	0	0	0	17
assemblage-928-1006	0	0	0	0	0	0	76	0	0	0	0	0	0	0	0	0	0	0	0	0	0	0	0	0	0	0	0	0	0	0	0	0	13	0	0	0	0	43	0	16	0	0	0	0	0	0	138	0	0	0	0	0	0	0	0	0	0	0	177	0	0	10	0	0	27
assemblage-250-872	0	64	0	0	0	0	118	0	0	8	0	0	0	5	0	12	0	0	0	0	0	0	0	0	0	0	0	0	0	0	0	0	31	5	0	0	0	0	0	0	0	0	0	0	0	0	29	0	0	0	0	0	0	0	0	0	0	0	198	0	0	16	0	0	14
assemblage-510-572	53	0	41	0	0	0	0	0	7	0	31	0	0	0	0	0	0	0	0	0	0	0	0	0	0	0	0	0	0	25	0	0	0	0	0	0	0	0	0	0	0	44	0	0	0	0	0	0	0	0	36	11	0	0	75	0	0	0	159	0	0	0	0	0	18
assemblage-673-388	0	0	0	0	0	0	0	0	0	0	60	0	0	0	0	0	0	0	0	0	0	0	0	0	0	0	0	0	0	0	0	0	0	0	0	0	0	0	20	0	0	54	0	11	0	0	0	0	0	0	0	0	0	6	55	0	0	0	287	0	0	0	0	0	7
assemblage-288-575	0	0	0	0	0	0	0	0	0	0	0	0	0	0	0	0	0	0	0	0	0	0	0	0	0	0	0	0	0	0	0	0	0	0	0	0	0	0	0	0	0	0	0	0	0	0	0	0	0	0	0	0	0	0	96	0	0	0	397	0	0	0	0	0	7
assemblage-356-329	0	0	0	0	0	0	0	0	0	0	0	0	0	0	0	0	0	0	0	0	0	0	0	0	0	0	0	0	0	0	0	0	0	0	0	0	0	0	0	0	0	0	0	0	0	0	0	0	0	0	0	0	0	0	80	0	0	0	410	0	0	0	0	0	10
assemblage-935-1004	0	0	0	0	0	0	73	0	0	0	0	0	0	0	0	0	0	0	0	0	0	0	0	0	0	0	0	0	0	0	0	0	24	0	0	0	0	31	0	17	0	0	0	0	0	0	151	0	0	0	0	0	0	0	0	0	0	0	186	0	0	3	0	0	15
assemblage-988-336	0	74	0	0	0	0	5	0	0	0	0	0	0	0	0	0	0	0	0	0	0	0	0	0	0	0	0	0	0	0	8	0	0	0	0	0	0	0	0	0	0	0	0	0	0	0	0	0	0	0	0	0	0	0	0	0	0	0	399	0	0	0	0	0	14
assemblage-344-220	0	5	0	0	0	0	0	0	0	0	0	0	0	0	0	0	0	0	8	0	0	0	0	0	0	0	0	0	0	0	0	0	0	0	0	0	0	0	0	0	0	0	0	0	0	0	0	0	0	0	0	0	0	0	0	0	0	0	484	0	0	0	0	0	3
assemblage-352-266	0	0	0	0	0	0	129	0	0	0	0	0	0	31	0	0	0	0	0	0	0	0	0	0	0	0	0	0	0	0	0	0	0	0	0	0	0	71	0	0	0	0	0	0	0	0	19	0	0	0	0	0	0	0	0	0	0	0	242	0	0	0	0	0	8
assemblage-261-343	0	27	0	0	0	0	0	0	0	0	0	0	0	0	0	0	0	0	0	0	0	0	0	0	0	0	0	0	0	0	0	0	0	0	0	0	0	0	0	0	0	0	0	0	0	0	0	0	0	17	0	0	0	0	45	0	0	0	395	0	0	0	0	0	16
assemblage-793-991	0	24	0	0	0	0	0	0	0	0	0	0	0	0	0	0	0	0	0	0	0	12	0	0	0	0	0	0	0	0	0	0	2	0	0	0	0	0	0	0	0	0	0	0	0	0	0	0	0	0	0	0	0	0	6	0	0	0	449	0	0	0	0	0	7
assemblage-689-249	0	0	151	0	0	0	0	0	0	0	56	0	0	0	0	0	0	0	0	0	0	0	0	0	0	0	0	0	0	11	0	0	0	0	0	0	0	0	0	0	0	0	0	0	0	0	0	15	0	0	88	0	0	0	16	0	0	0	145	0	0	0	0	0	18
assemblage-923-976	0	0	0	0	0	0	104	0	0	0	0	0	0	0	0	0	0	0	0	0	0	0	0	0	0	0	0	0	0	0	0	0	26	0	0	0	0	33	0	14	0	0	0	0	0	0	126	0	0	0	0	0	0	0	0	0	0	0	184	0	0	7	0	0	6
assemblage-178-167	0	0	0	0	0	0	125	0	0	0	0	10	0	36	0	0	0	0	0	0	0	0	0	0	0	0	0	0	0	0	0	0	0	0	0	0	0	66	0	0	0	0	0	0	0	0	23	0	0	0	0	0	0	0	0	0	0	0	234	0	0	0	0	0	6
assemblage-562-744	0	0	0	0	0	0	89	0	0	0	0	0	0	0	0	0	0	0	0	0	0	0	0	0	0	0	0	0	0	0	0	0	14	0	0	0	0	39	0	0	0	0	0	0	0	0	26	0	0	0	0	0	0	0	0	0	0	0	285	0	0	40	0	0	7
assemblage-263-346	0	19	0	0	0	0	0	0	0	0	0	0	0	0	0	0	0	0	0	0	0	0	0	0	0	0	0	0	0	0	0	0	0	0	0	0	0	0	0	0	0	0	0	0	0	0	0	0	0	17	0	0	0	0	58	0	0	0	400	0	0	0	0	0	6
assemblage-667-407	0	0	203	0	0	0	0	0	0	0	0	0	0	0	0	0	0	0	0	0	0	0	0	0	17	0	0	0	0	0	0	0	0	0	0	0	0	0	0	0	0	0	14	0	0	0	0	0	0	0	0	0	0	0	54	0	0	0	195	6	0	0	0	0	11
assemblage-471-161	0	44	0	0	0	0	98	0	0	0	0	0	0	0	0	0	0	0	0	0	13	0	0	0	0	0	0	0	0	0	0	0	16	0	0	0	0	0	0	0	0	0	0	0	0	0	73	0	0	0	0	0	0	0	0	0	0	0	242	0	0	10	0	0	4
assemblage-955-695	0	20	0	0	0	0	48	0	0	0	0	0	0	0	0	0	0	0	0	0	0	0	0	0	0	0	0	0	0	0	0	0	0	0	0	0	0	0	0	0	0	0	0	0	0	0	0	0	0	0	0	0	0	0	0	0	0	0	427	0	0	0	0	0	5
assemblage-562-770	0	34	0	0	0	0	51	0	0	0	0	0	0	0	0	0	0	0	0	0	0	0	0	0	0	0	0	0	0	0	0	0	12	0	0	0	0	9	0	0	0	0	0	0	0	0	69	0	0	0	0	0	0	0	0	0	0	0	285	0	0	32	0	0	8
assemblage-809-982	0	28	0	0	0	0	37	0	0	0	0	0	0	0	0	0	10	0	0	26	0	0	0	0	0	0	0	0	0	0	0	0	23	0	0	0	0	0	0	0	0	0	0	0	0	0	0	0	0	0	0	0	0	0	0	0	0	0	375	0	0	0	0	0	1
assemblage-594-250	0	25	77	0	0	0	0	0	15	0	0	0	0	0	0	0	0	0	0	0	0	0	0	0	0	0	0	0	0	0	0	0	0	0	0	3	0	0	0	0	0	0	0	0	0	0	0	0	0	0	0	0	0	0	70	0	0	0	304	0	0	0	0	0	6
assemblage-491-357	0	0	0	0	0	13	0	0	0	0	0	148	0	0	0	0	0	0	0	0	0	0	0	0	0	0	0	0	0	0	0	0	0	0	0	0	0	0	0	0	0	0	0	0	0	0	328	0	0	0	0	0	0	0	0	0	0	0	0	0	0	0	0	0	11
assemblage-491-516	0	0	0	0	0	0	68	0	0	0	0	0	0	0	0	0	0	0	0	0	0	0	0	0	0	0	0	0	0	0	0	0	8	0	0	0	0	46	0	0	0	0	0	0	0	0	23	0	0	0	0	0	0	0	0	0	0	0	304	0	0	40	0	0	11
assemblage-340-344	0	0	0	0	0	0	0	0	0	0	0	0	0	0	0	0	0	0	0	0	0	0	0	0	0	0	0	0	0	0	0	0	0	0	0	0	0	0	0	0	0	0	0	0	0	0	0	0	0	0	0	0	0	0	72	0	0	0	420	0	0	0	0	0	8
assemblage-921-684	0	64	0	0	0	0	3	0	0	0	0	0	0	0	0	0	0	0	0	0	0	0	0	0	0	0	0	0	0	0	0	0	12	0	0	0	0	0	0	0	4	0	0	0	0	0	0	0	0	0	0	0	0	0	0	0	0	0	397	0	4	0	0	0	16
assemblage-900-267	0	34	0	0	0	0	6	0	0	0	0	0	0	0	0	0	0	0	0	0	0	0	0	0	0	0	0	0	0	0	0	0	0	0	0	0	0	0	0	0	0	0	0	0	0	0	0	0	0	0	0	0	0	0	0	0	0	0	443	0	0	0	0	0	17
assemblage-709-471	0	0	0	0	0	0	0	0	0	0	0	0	0	0	0	0	0	0	0	0	0	0	0	0	0	0	0	0	0	0	0	0	0	0	0	0	0	0	8	0	0	0	0	0	0	0	0	0	0	0	39	0	0	0	81	0	0	0	362	0	0	0	0	0	10
assemblage-291-540	0	32	0	0	0	0	7	0	0	0	0	0	0	0	0	0	0	0	0	0	0	15	0	0	0	0	0	0	0	0	0	0	0	0	0	0	0	0	0	0	0	0	0	0	0	0	0	0	0	0	0	0	0	0	7	0	0	0	430	0	0	0	0	0	9
assemblage-532-565	0	0	166	0	0	0	0	0	0	0	60	0	0	0	0	0	0	0	0	0	0	0	0	0	0	0	0	0	0	20	0	0	0	0	0	0	0	0	0	0	0	0	0	0	0	0	0	8	0	0	73	0	0	0	22	0	0	0	145	0	0	0	0	0	6
assemblage-602-233	0	0	9	0	0	0	0	0	38	0	45	0	0	0	0	0	0	0	0	0	0	0	0	0	0	0	0	0	0	83	0	0	0	0	0	0	0	0	0	0	0	0	19	0	0	0	0	0	0	0	16	0	8	0	7	0	0	0	252	5	0	0	8	0	10
assemblage-868-416	0	79	0	0	0	0	0	0	0	0	0	0	0	0	0	0	0	0	0	0	0	0	0	0	0	0	0	0	0	0	0	0	9	0	0	0	0	0	0	0	3	0	0	0	0	0	0	0	0	0	0	0	0	0	0	0	0	0	380	0	0	0	0	0	29
assemblage-164-945	53	0	42	0	0	0	0	0	11	0	32	0	0	0	0	0	0	0	0	0	0	0	0	0	0	0	0	0	0	13	0	0	0	0	0	0	0	0	0	0	0	49	0	0	0	0	0	0	0	0	36	20	0	0	86	0	0	0	139	0	0	0	0	0	19
assemblage-609-673	0	34	0	0	0	0	120	0	0	0	0	0	0	0	0	0	0	0	0	0	8	0	0	0	0	0	0	0	0	0	0	0	24	0	0	0	0	0	0	0	0	0	0	0	0	0	59	0	0	0	0	0	0	0	0	0	0	0	238	0	0	13	0	0	4
assemblage-361-255	0	0	0	0	0	0	6	0	0	0	0	60	0	47	32	0	0	0	0	0	0	0	0	0	0	0	0	0	0	0	0	0	0	0	8	0	9	0	0	0	0	0	0	0	0	0	23	0	0	0	0	0	0	0	0	11	0	0	289	0	0	0	0	0	15
assemblage-194-177	0	0	0	0	0	0	0	0	0	0	0	0	0	160	0	0	0	0	0	0	0	0	0	0	0	0	0	0	0	0	0	0	0	0	0	0	0	100	0	0	0	0	0	0	0	0	0	0	0	0	0	0	0	0	0	11	0	0	222	0	0	0	0	0	7
assemblage-906-535	0	0	0	18	0	0	0	0	0	0	0	0	0	19	8	0	0	0	0	0	0	0	0	0	0	0	20	24	0	0	0	0	0	0	0	0	0	0	0	0	0	0	0	0	0	0	0	0	102	0	0	0	0	0	0	0	0	0	306	0	0	0	0	0	3
assemblage-915-529	0	0	0	20	0	0	0	0	0	0	0	0	0	9	11	0	0	0	0	0	0	0	0	0	0	0	11	23	0	0	0	0	0	0	0	0	0	0	0	0	0	0	0	0	0	0	0	0	97	0	0	0	0	0	0	0	0	0	326	0	0	0	0	0	3
assemblage-518-548	0	0	155	0	0	0	0	0	0	0	46	0	0	0	0	0	0	0	0	0	0	0	0	0	0	0	0	0	0	19	0	0	0	0	0	0	0	0	0	0	0	0	0	0	0	0	0	15	0	0	81	0	0	0	8	0	0	0	165	0	0	0	0	0	11
assemblage-699-475	0	0	0	0	0	0	0	0	0	0	60	0	0	0	0	0	0	0	0	0	0	0	0	0	0	0	0	0	0	0	0	0	0	0	0	0	0	0	24	0	0	45	0	19	0	0	0	0	0	0	0	0	0	0	51	0	0	0	285	0	0	0	0	0	16
assemblage-919-1011	0	68	0	0	0	0	87	0	0	0	0	0	0	16	0	15	0	0	0	0	0	0	0	0	0	0	0	0	0	0	0	0	37	0	0	0	0	0	0	0	0	0	0	0	0	0	25	0	0	0	0	0	0	0	0	0	0	0	224	0	0	7	0	0	21
assemblage-458-160	0	26	0	0	0	0	56	0	0	0	0	0	0	0	0	0	0	0	0	0	0	0	0	0	0	0	0	0	0	0	0	0	16	0	0	0	0	9	0	0	0	0	0	0	0	0	74	0	0	0	0	0	0	0	0	0	0	0	281	0	0	36	0	0	2
assemblage-247-871	0	12	0	0	0	0	75	0	0	0	0	0	0	0	0	0	0	5	0	0	0	0	0	0	0	0	0	0	0	0	0	0	21	0	0	0	0	0	0	0	0	0	0	0	0	0	25	0	0	0	0	0	0	0	0	0	19	0	204	0	0	120	0	0	19
assemblage-760-869	0	10	0	0	0	0	182	0	0	0	0	40	0	0	0	0	0	0	0	0	0	0	0	0	0	0	0	0	0	0	0	0	0	0	0	0	0	5	0	0	0	0	0	0	0	0	120	0	0	0	0	0	0	0	0	0	0	0	122	0	0	4	0	0	17
assemblage-253-215	0	0	0	0	0	0	429	0	0	0	0	15	0	0	0	0	0	0	0	0	0	0	24	0	0	0	0	0	0	0	0	0	0	0	0	0	0	0	0	0	0	0	0	0	0	0	9	0	0	0	0	0	0	0	0	0	0	0	0	0	0	0	0	0	23
assemblage-258-243	0	0	0	0	0	0	421	0	0	0	0	32	0	0	0	0	0	0	0	0	0	0	20	0	0	0	0	0	0	0	0	0	0	0	0	0	0	0	0	0	0	0	0	0	0	0	11	0	0	0	0	0	0	0	0	0	0	0	0	0	0	0	0	0	16
assemblage-229-848	0	47	0	0	0	0	144	0	0	0	0	0	0	0	0	0	0	0	0	0	0	0	0	0	0	0	0	0	0	0	0	0	0	0	9	0	0	76	0	0	0	0	0	0	0	0	15	0	0	0	0	0	0	0	0	0	0	0	200	0	0	0	0	0	9
assemblage-297-123	0	42	0	0	0	0	143	0	0	0	0	0	0	0	0	0	0	0	0	0	0	0	0	0	0	0	0	0	0	0	0	0	0	0	10	0	0	84	0	0	0	0	0	0	0	0	8	0	0	0	0	0	0	0	0	0	0	0	200	0	0	4	0	0	9
assemblage-262-855	0	10	0	0	0	0	64	0	0	0	0	0	0	0	0	0	0	1	0	0	0	0	0	0	0	0	0	0	0	0	0	0	19	0	0	0	0	0	0	0	0	0	0	0	0	0	29	0	0	0	0	0	0	0	0	0	18	0	209	0	0	130	0	0	20
assemblage-767-883	0	0	0	0	0	0	136	0	0	0	0	4	0	27	0	0	0	0	0	0	0	0	0	0	0	0	0	0	0	0	0	0	0	0	0	0	0	71	0	0	0	0	0	0	0	0	13	0	0	0	0	0	0	0	0	0	0	0	236	0	0	0	0	0	13
assemblage-790-480	0	53	0	0	0	0	6	0	0	0	0	0	0	0	0	0	0	0	0	0	0	0	0	0	0	0	0	0	0	0	0	0	7	0	0	0	0	0	0	0	9	0	0	0	0	0	0	0	0	0	0	0	0	0	0	0	0	0	391	0	9	0	0	0	25
assemblage-604-218	0	0	0	0	0	0	0	0	0	0	58	0	0	0	0	0	0	0	0	0	0	0	0	0	0	0	0	0	0	0	0	0	0	0	0	0	0	0	30	0	0	42	0	18	0	0	0	0	0	0	0	0	0	5	43	0	0	0	294	0	0	0	0	0	10
assemblage-356-798	0	0	25	0	0	0	0	0	0	0	108	0	0	0	0	0	0	0	0	0	0	0	0	0	20	0	0	0	0	4	0	0	0	0	0	0	0	0	0	0	0	11	29	0	0	0	0	0	0	0	30	0	0	10	93	0	0	0	149	0	0	0	0	0	21
assemblage-524-544	0	0	18	0	0	0	0	0	0	0	136	0	0	0	0	0	0	0	0	0	0	0	0	0	13	0	0	0	0	0	0	0	0	0	0	0	0	0	0	0	0	18	17	0	0	0	0	0	0	0	25	0	0	11	92	0	0	0	147	0	0	0	0	0	23
assemblage-713-902	0	20	0	0	0	0	0	0	0	0	0	0	0	0	0	0	0	0	0	0	0	0	0	0	0	0	0	0	0	0	0	0	0	0	0	0	0	0	0	0	0	0	0	0	0	0	0	0	0	20	0	0	0	0	49	0	0	0	406	0	0	0	0	0	5
assemblage-912-548	0	0	0	15	0	0	0	0	0	0	0	0	0	15	10	0	0	0	0	0	0	0	0	0	0	0	24	16	0	0	0	0	0	0	0	0	0	0	0	0	0	0	0	0	0	0	0	0	93	0	0	0	0	0	0	0	0	0	326	0	0	0	0	0	1
assemblage-414-339	0	0	0	0	0	0	0	0	0	0	0	0	0	0	0	0	0	0	0	0	0	0	0	0	0	0	0	0	0	0	0	0	0	0	0	0	0	0	0	0	0	0	0	0	0	0	0	0	0	0	0	0	14	0	17	0	0	0	448	16	0	0	0	0	5
assemblage-713-907	0	6	0	0	0	0	0	0	0	0	0	0	0	0	0	0	0	0	0	0	0	0	0	0	0	0	0	0	0	0	0	0	0	0	0	0	0	0	0	0	0	0	0	0	0	0	0	0	0	0	0	0	0	0	0	0	0	0	487	0	0	0	0	0	7
assemblage-499-537	0	31	0	0	0	0	61	0	0	0	0	0	0	0	0	0	0	0	0	0	0	0	0	0	0	0	0	0	0	0	0	0	12	0	0	0	0	12	0	0	0	0	0	0	0	0	89	0	0	0	0	0	0	0	0	0	0	0	265	0	0	27	0	0	3
assemblage-539-762	0	25	0	0	0	0	55	0	0	0	0	0	0	0	0	0	0	0	0	0	0	0	0	0	0	0	0	0	0	0	0	0	79	0	0	0	0	6	0	0	0	0	0	0	0	0	57	0	0	0	0	0	0	0	0	0	0	0	248	0	17	5	0	0	8
assemblage-599-228	0	27	55	0	0	0	0	0	7	0	0	0	0	0	0	0	0	0	0	0	0	0	0	0	0	0	0	0	0	0	0	0	0	0	0	11	0	0	0	0	0	0	0	0	0	0	0	0	0	0	0	0	0	0	87	0	0	0	304	0	0	0	0	0	9
assemblage-804-979	0	25	0	0	0	0	45	0	0	0	0	0	0	0	0	0	0	0	0	16	0	0	0	0	0	0	0	0	0	0	0	0	25	0	0	0	0	0	0	0	0	0	0	0	0	0	0	0	0	0	0	0	0	0	0	0	0	0	376	0	0	0	0	0	13
assemblage-784-478	0	36	0	0	0	0	139	0	0	0	0	0	0	0	0	0	9	0	0	0	0	0	0	0	0	0	0	0	0	0	0	0	70	0	0	0	0	0	0	0	0	0	0	0	0	0	0	0	0	0	0	0	0	0	0	0	0	0	239	0	0	0	0	0	7
assemblage-353-252	0	0	0	0	0	0	0	0	0	0	0	55	0	54	29	0	0	0	0	0	0	0	0	0	0	0	0	0	0	0	0	0	0	0	0	0	6	0	0	0	0	0	0	0	0	0	28	0	0	0	0	0	0	0	0	11	0	0	290	0	0	0	0	0	27
assemblage-608-642	0	24	0	0	0	0	62	0	0	0	0	0	0	0	0	0	0	0	0	0	0	0	0	0	0	0	0	0	0	0	0	0	32	0	0	0	0	14	0	0	0	0	0	0	0	0	63	0	0	0	0	0	0	0	0	0	0	0	266	0	0	19	0	0	20
assemblage-458-145	0	35	0	0	0	0	95	0	0	0	0	0	0	0	0	0	0	0	0	0	15	0	0	0	0	0	0	0	0	0	0	0	16	0	0	0	0	0	0	0	0	0	0	0	0	0	75	0	0	0	0	0	0	0	0	0	0	0	247	0	0	12	0	0	5
assemblage-204-172	0	0	0	0	0	0	0	0	0	0	0	0	0	113	0	0	0	0	0	0	0	0	0	0	0	0	0	0	0	0	0	0	0	0	0	0	0	102	0	0	0	0	0	0	0	0	0	0	0	0	0	0	0	0	0	4	0	0	269	0	0	0	0	0	12
assemblage-692-253	0	0	29	0	0	0	0	0	0	0	105	0	0	0	0	0	0	0	0	0	0	0	0	0	12	0	0	0	0	5	0	0	0	0	0	0	0	0	0	0	0	15	22	9	0	0	0	0	0	0	36	0	0	15	112	0	0	0	129	0	0	0	6	0	5
assemblage-151-166	0	14	0	0	0	0	125	0	0	0	0	61	0	0	0	0	0	0	0	0	0	0	0	0	0	0	0	0	0	0	0	0	0	0	0	0	0	17	0	0	0	0	0	0	0	0	125	0	0	0	0	0	0	0	0	0	0	0	132	0	0	13	0	0	13
assemblage-768-861	0	12	0	0	0	0	155	0	0	0	0	47	0	0	0	0	0	0	0	0	0	0	0	0	0	0	0	0	0	0	0	0	0	0	0	0	0	10	0	0	0	0	0	0	0	0	120	0	0	0	0	0	0	0	0	0	0	0	132	0	0	11	0	0	13
assemblage-793-461	0	65	0	0	0	0	3	0	0	0	0	0	0	0	0	0	0	0	0	0	0	0	0	0	0	0	0	0	0	0	0	0	8	0	0	0	0	0	0	0	5	0	0	0	0	0	0	0	0	0	0	0	0	0	0	0	0	0	389	0	4	0	0	0	26
assemblage-936-696	0	27	0	0	0	0	51	0	0	0	0	0	0	0	0	0	0	0	0	0	0	0	0	0	0	0	0	0	0	0	0	0	24	0	0	0	0	0	0	0	0	0	0	0	0	0	0	0	0	0	0	0	0	0	0	0	0	0	378	0	0	0	0	0	20
assemblage-298-562	0	0	0	0	0	0	0	0	0	0	0	0	0	0	0	0	0	0	0	0	0	0	0	0	0	0	0	0	0	0	0	0	0	0	0	0	0	0	0	0	0	0	0	0	0	0	0	0	0	0	0	0	7	0	21	0	0	0	451	13	0	0	0	0	8
assemblage-256-346	0	7	0	0	0	0	0	0	0	0	0	0	0	0	0	0	0	0	22	0	0	0	0	0	0	0	0	0	0	0	0	0	0	0	0	0	0	0	0	0	0	0	0	0	0	0	0	0	0	0	0	0	0	0	0	0	0	0	467	0	0	0	0	0	4
assemblage-525-934	0	46	0	0	0	0	158	0	0	0	0	0	0	0	0	0	0	0	0	0	0	0	0	0	0	0	0	0	0	0	0	0	0	0	0	0	0	52	0	0	0	0	0	0	0	0	14	0	0	0	0	0	0	0	0	0	0	0	218	0	0	0	0	0	12
assemblage-325-227	0	11	0	0	0	0	0	0	0	0	0	0	0	0	0	0	0	0	0	0	0	0	0	0	0	0	0	0	0	0	0	0	0	0	0	0	0	0	0	0	0	0	0	0	0	0	0	0	0	28	0	0	0	0	59	0	0	0	388	0	0	0	0	0	14
assemblage-352-801	0	0	31	0	0	0	0	0	0	0	32	0	0	0	0	0	0	0	0	0	0	0	0	0	9	0	0	0	0	0	0	34	0	0	0	0	0	0	0	0	0	62	0	21	0	0	0	0	0	0	30	0	0	0	84	0	0	0	92	0	0	0	87	0	18
assemblage-254-348	0	7	0	0	0	0	0	0	0	0	0	0	0	0	0	0	0	0	18	0	0	0	0	0	0	0	0	0	0	0	0	0	0	0	0	0	0	0	0	0	0	0	0	0	0	0	0	0	0	0	0	0	0	0	0	0	0	0	470	0	0	0	0	0	5
assemblage-391-369	0	39	68	0	0	0	0	0	12	0	0	0	0	0	0	0	0	0	0	0	0	0	0	0	0	0	0	0	0	0	0	0	0	0	0	8	0	0	0	0	0	0	0	0	0	0	0	0	0	0	0	0	0	0	80	0	0	0	287	0	0	0	0	0	6
assemblage-873-390	0	80	0	0	0	0	4	0	0	0	0	0	0	0	0	0	0	0	0	0	0	0	0	0	0	0	0	0	0	0	0	0	5	0	0	0	0	0	0	0	5	0	0	0	0	0	0	0	0	0	0	0	0	0	0	0	0	0	378	0	8	0	0	0	20
assemblage-664-252	0	0	42	0	0	0	0	0	0	0	119	0	0	0	0	0	0	0	0	0	0	0	0	0	18	0	0	0	0	7	0	0	0	0	0	0	0	0	0	0	0	14	18	4	0	0	0	0	0	0	29	0	0	9	86	0	0	0	143	0	0	0	0	0	11
assemblage-351-254	0	0	0	0	20	0	238	0	0	0	0	16	21	36	0	0	0	0	0	0	0	0	0	0	0	0	0	0	0	0	0	0	13	0	0	0	0	0	0	0	0	0	0	0	0	0	3	0	0	0	0	0	0	0	0	0	0	0	143	0	0	0	0	0	10
assemblage-638-844	0	29	0	0	0	0	48	0	0	0	0	0	0	0	0	0	0	0	0	28	0	0	0	0	0	0	0	0	0	0	0	0	18	0	0	0	0	0	0	0	0	0	0	0	0	0	0	0	0	0	0	0	0	0	0	0	0	0	368	0	0	0	0	0	9
assemblage-406-358	0	0	0	0	0	0	0	0	0	0	0	0	0	0	0	0	0	0	0	0	0	0	0	0	0	0	0	0	0	0	0	0	0	0	0	0	0	0	0	0	0	0	0	0	0	0	0	0	0	0	0	0	0	0	78	0	0	0	417	0	0	0	0	0	5
assemblage-478-349	0	0	0	0	0	16	0	0	0	0	0	149	0	0	0	0	0	0	0	0	0	0	0	0	0	0	0	0	0	0	0	0	0	0	0	0	0	0	0	0	0	0	0	0	0	0	325	0	0	0	0	0	0	0	0	0	0	0	0	0	0	0	0	0	10
assemblage-294-127	0	4	0	0	0	0	71	0	0	0	0	0	0	0	0	0	0	8	0	0	0	0	0	0	0	0	0	0	0	0	0	0	28	0	0	0	0	0	0	0	0	0	0	0	0	0	26	0	0	0	0	0	0	0	0	0	18	0	199	0	0	134	0	0	12
assemblage-894-551	0	0	0	23	0	0	0	0	0	0	0	0	0	16	8	0	0	0	0	0	0	0	0	0	0	0	14	20	0	0	0	0	0	0	0	0	0	0	0	0	0	0	0	0	0	0	0	0	95	0	0	0	0	0	0	0	0	0	322	0	0	0	0	0	2
assemblage-185-590	0	0	5	0	0	0	0	0	0	0	0	0	0	0	0	0	0	0	0	0	0	0	0	0	0	0	0	0	0	0	0	0	0	0	0	0	0	0	5	0	0	0	0	0	0	0	0	0	0	0	39	0	0	0	78	0	0	0	355	0	0	0	0	0	18
assemblage-708-462	0	0	4	0	0	0	0	0	0	0	0	0	0	0	0	0	0	0	0	0	0	0	0	0	0	0	0	0	0	0	0	0	0	0	0	0	0	0	7	0	0	0	0	0	0	0	0	0	0	0	41	0	0	0	88	0	0	0	348	0	0	0	0	0	12
assemblage-371-811	56	0	36	0	0	0	0	0	1	0	29	0	0	0	0	0	0	0	0	0	0	0	0	0	0	0	0	0	0	18	0	0	0	0	0	0	0	0	0	0	0	74	0	0	0	0	0	0	0	0	28	20	0	0	93	0	0	0	128	0	0	0	0	0	17
assemblage-960-692	0	80	0	0	0	0	6	0	0	0	0	0	0	0	0	0	0	0	0	0	0	0	0	0	0	0	0	0	0	0	0	0	10	0	0	0	0	0	0	0	14	0	0	0	0	0	0	0	0	0	0	0	0	0	0	0	0	0	371	0	7	0	0	0	12
assemblage-619-655	0	16	0	0	0	0	62	0	0	0	0	0	0	0	0	0	0	0	0	0	8	0	0	0	0	0	0	0	0	0	0	0	119	0	0	0	0	6	0	0	0	0	0	0	0	0	47	0	0	0	0	0	0	0	0	0	0	0	221	0	6	8	0	0	7
assemblage-884-412	0	5	0	0	0	0	31	0	0	0	0	0	0	0	0	0	0	0	0	0	0	0	0	0	0	0	0	0	0	0	0	0	0	0	0	0	0	0	0	0	0	0	0	0	0	0	0	0	0	0	0	0	0	0	0	0	0	0	452	0	0	0	0	0	12
assemblage-934-1004	0	63	0	0	0	0	107	0	0	8	0	0	0	13	0	17	0	0	0	0	0	0	0	0	0	0	0	0	0	0	0	0	37	3	0	0	0	0	0	0	0	0	0	0	0	0	38	0	0	0	0	0	0	0	0	0	0	0	189	0	0	18	0	0	7
assemblage-713-915	0	11	0	0	0	0	0	0	0	0	0	0	0	0	0	0	0	0	0	0	0	0	0	0	0	0	0	0	0	0	0	0	0	0	0	0	0	0	0	0	0	0	0	0	0	0	0	0	0	0	0	0	0	0	0	0	0	0	485	0	0	0	0	0	4
assemblage-820-982	0	26	0	0	0	0	9	0	0	0	0	0	0	0	0	0	0	0	0	0	0	18	0	0	0	0	0	0	0	0	0	0	0	0	0	0	0	0	0	0	0	0	0	0	0	0	0	0	0	0	0	0	0	0	0	0	0	0	439	0	0	0	0	0	8
assemblage-980-351	0	23	0	0	0	0	0	0	0	0	0	0	0	0	0	0	0	0	0	0	0	0	0	0	0	0	0	0	0	0	0	0	0	0	0	0	0	0	0	0	0	0	0	0	0	0	0	0	0	20	0	0	0	0	47	0	0	0	404	0	0	0	0	0	6
assemblage-457-134	0	32	0	0	0	0	54	0	0	0	0	0	0	0	0	0	0	0	0	0	0	0	0	0	0	0	0	0	0	0	0	0	3	0	0	0	0	12	0	0	0	0	0	0	0	0	68	0	0	0	0	0	0	0	0	0	0	0	309	0	0	18	0	0	4
assemblage-341-212	0	31	0	0	0	0	0	0	0	0	0	0	0	0	0	0	0	0	5	0	0	0	0	0	0	0	0	0	0	0	0	0	0	0	0	0	0	0	0	0	0	0	0	0	0	0	0	0	0	0	0	0	0	0	12	0	0	0	439	0	0	0	0	0	13
