Assemblage_Name	0-3731468-2	4-4742269-3	8426723-0-3	2-3-4	8225307-3-2	0-1-4348437	4-0-3287143	8225307-3-7794810	0-8230468-2	188961-0-3	0-1-1849687	0-8230468-988909	188961-0-1353812	0-1-2	0-9473612-2	0-7802105-2	9152710-0-3047486	4-4830362-3	9152710-0-3	4-0-3	4-2970034-3	0-0-1	4-1773106-3	5568015-0-3	0-8230468-8803984	0-816519-4802851	9152710-3071375-3	0-9473612-4802851	0-2315853-2	0-1226362-2	4-3390923-3	0-8230468-7597093	4-8827250-3	2-7569902-4	2-6107023-2118455	2-6107023-4	4-3713788-3	4-2970034-5441056	3-2-1	3-2-477318	9152710-4716236-3
assemblage-160-948	0	0	0	0	0	0	0	0	139	0	0	0	0	179	0	0	0	0	24	0	107	0	0	0	0	0	0	0	0	38	0	0	0	0	0	0	0	12	0	0	1
assemblage-357-334	0	0	0	0	0	0	0	0	72	0	0	0	0	45	0	0	0	0	88	19	271	0	0	0	0	0	0	0	0	0	0	0	0	0	0	0	0	0	0	0	5
assemblage-679-391	0	0	0	0	0	0	0	0	81	0	0	0	0	140	0	0	0	0	60	49	162	0	0	0	0	0	0	0	0	0	0	0	0	0	0	0	0	0	0	0	8
assemblage-610-223	0	0	0	0	0	0	0	0	22	0	0	0	0	178	0	0	0	0	107	56	95	0	0	0	0	0	0	0	0	0	0	0	0	0	0	0	0	40	0	0	2
assemblage-688-487	0	0	0	0	0	0	0	0	49	0	0	0	0	174	0	0	0	0	20	14	209	0	0	0	0	0	0	0	0	0	0	0	0	0	0	0	0	27	0	0	7
assemblage-349-339	0	0	0	0	0	0	0	0	121	0	0	0	0	60	0	0	0	0	120	36	109	0	0	0	0	0	0	0	0	0	0	10	0	0	0	0	0	40	0	0	4
assemblage-803-461	0	0	0	0	0	29	0	0	32	0	0	0	0	17	0	0	0	0	102	206	98	0	0	0	0	0	0	0	0	0	0	0	0	0	0	13	0	0	0	0	3
assemblage-260-232	0	0	0	44	13	0	0	0	74	40	0	0	0	148	0	0	0	0	34	52	0	59	0	0	0	0	0	0	0	0	0	0	0	0	0	0	0	0	16	4	16
assemblage-977-352	0	0	0	0	0	0	0	0	60	0	0	0	0	112	0	0	7	0	52	77	140	0	0	0	0	0	0	0	0	0	0	43	0	0	0	5	0	0	0	0	4
assemblage-614-667	0	0	0	7	0	81	0	0	60	0	0	0	0	33	0	0	0	0	174	70	0	32	0	0	0	0	0	0	0	0	0	0	0	0	0	35	0	0	0	0	8
assemblage-198-177	0	0	0	0	0	0	0	0	28	0	0	0	0	413	0	0	0	0	0	0	0	0	0	0	0	0	0	0	0	0	0	0	0	0	0	0	0	0	45	0	14
assemblage-898-542	0	0	0	0	64	10	0	0	257	0	0	6	0	149	11	0	0	0	0	0	0	0	0	0	0	0	0	0	0	0	0	0	0	0	0	0	0	0	0	0	3
assemblage-942-233	0	0	0	0	0	4	3	0	0	0	0	0	0	131	0	0	0	12	101	145	25	5	0	0	0	0	0	0	0	0	0	0	0	0	0	65	0	0	0	0	9
assemblage-894-247	0	0	0	0	0	0	0	0	99	0	0	0	0	12	0	0	0	11	98	203	54	0	0	0	0	0	0	0	0	0	4	0	0	0	0	12	0	0	0	0	7
assemblage-894-530	0	0	0	0	35	10	0	0	245	0	0	0	0	176	28	0	0	0	0	0	0	0	0	0	0	0	0	0	0	0	0	0	0	0	0	0	0	0	0	0	6
assemblage-930-240	0	0	0	0	0	15	0	0	0	0	0	0	0	128	0	0	0	0	129	100	35	25	0	0	0	0	0	0	0	0	0	0	0	10	0	48	0	0	0	0	10
assemblage-411-344	0	0	0	0	0	0	0	0	135	0	0	0	0	68	0	0	0	0	90	32	143	0	0	0	0	0	0	0	0	0	0	3	0	0	0	0	0	26	0	0	3
assemblage-673-417	0	0	0	0	0	0	0	0	22	0	0	0	0	127	0	0	0	0	11	5	187	0	0	0	0	0	0	0	0	0	0	0	0	0	0	0	0	147	0	0	1
assemblage-254-333	0	0	0	0	0	0	0	0	60	0	0	0	0	141	0	0	0	0	61	49	148	0	0	0	0	0	0	0	0	0	0	25	6	0	0	7	0	0	0	0	3
assemblage-260-332	0	0	0	0	0	0	0	0	61	0	0	0	0	17	0	0	14	0	26	110	259	0	0	0	0	0	0	0	0	0	0	10	0	0	0	0	0	0	0	0	3
assemblage-681-262	0	0	0	0	0	0	0	0	0	0	0	0	0	243	0	0	0	0	41	0	203	0	0	0	0	0	0	0	0	0	0	0	0	0	0	0	0	3	0	0	10
assemblage-925-280	0	0	0	0	0	0	0	0	58	0	0	0	0	92	0	0	0	0	189	72	31	0	0	0	0	0	0	0	0	0	0	0	0	8	0	49	0	0	0	0	1
assemblage-371-813	0	0	0	0	0	0	0	0	29	0	0	0	0	258	0	0	0	0	17	13	98	0	0	0	0	0	0	0	0	0	0	0	0	0	0	0	0	82	0	0	3
assemblage-172-952	0	0	0	0	0	0	0	0	101	0	0	0	0	182	0	0	0	0	113	0	82	0	0	0	16	0	0	0	0	0	0	0	0	0	0	0	0	0	0	0	6
assemblage-887-413	0	0	0	0	0	32	0	0	36	0	0	0	0	11	0	0	0	0	98	187	99	0	0	0	0	0	0	0	0	0	0	0	0	0	0	31	0	0	0	0	6
assemblage-333-235	0	0	0	0	0	0	0	0	87	0	0	0	0	9	0	0	20	0	27	128	212	0	0	0	0	0	0	0	0	0	0	15	0	0	0	0	0	0	0	0	2
assemblage-296-570	0	0	0	0	0	0	0	0	108	0	0	0	0	98	0	0	0	0	66	58	107	0	0	0	0	0	0	0	0	0	0	9	0	0	0	0	0	54	0	0	0
assemblage-292-563	0	0	0	0	0	0	0	0	49	0	0	0	0	172	0	12	0	0	33	73	161	0	0	0	0	0	0	0	0	0	0	0	0	0	0	0	0	0	0	0	0
assemblage-357-256	0	0	0	22	0	60	0	0	30	24	0	0	0	65	0	0	0	0	99	54	0	103	0	0	0	0	0	0	0	0	0	0	0	0	0	35	0	0	0	0	8
assemblage-897-536	0	0	0	0	42	8	0	0	294	0	0	0	0	139	12	0	0	0	0	0	0	0	0	0	0	0	0	0	0	0	0	0	0	0	0	0	0	0	0	0	5
assemblage-957-688	0	0	0	0	0	35	0	0	36	0	0	0	0	14	0	0	0	0	124	190	75	0	0	0	0	0	0	0	0	0	0	0	0	0	0	22	0	0	0	0	4
assemblage-344-340	0	0	0	0	0	0	0	0	73	0	0	0	0	66	0	0	0	0	86	23	249	0	0	0	0	0	0	0	0	0	0	0	0	0	0	0	0	0	0	0	3
assemblage-340-239	0	0	0	0	0	0	0	0	91	0	0	0	0	10	0	0	11	0	23	134	223	0	0	0	0	0	0	0	0	0	0	7	0	0	0	0	0	0	0	0	1
assemblage-928-253	0	0	0	0	0	29	0	0	37	0	0	0	0	14	0	0	0	0	92	222	79	0	0	0	0	0	0	0	0	0	0	0	0	0	0	23	0	0	0	0	4
assemblage-449-332	0	0	0	0	0	0	0	0	0	163	0	0	0	0	0	0	0	0	100	221	0	14	0	0	0	0	0	0	0	0	0	0	0	0	0	0	0	0	0	0	2
assemblage-261-238	0	0	0	211	0	0	0	0	0	0	0	0	0	0	0	0	0	0	33	5	0	224	0	0	0	0	0	0	0	0	0	0	0	0	0	0	0	0	18	8	1
assemblage-363-786	0	0	0	0	0	0	0	0	115	0	0	0	0	158	0	0	0	0	139	0	80	0	0	0	3	0	0	0	0	0	0	0	0	0	0	0	0	4	0	0	1
assemblage-279-115	0	0	0	5	0	81	0	0	60	0	0	0	0	31	7	0	0	0	94	74	17	124	0	0	0	0	0	0	0	0	0	0	0	0	0	0	0	0	0	0	7
assemblage-543-930	0	0	0	37	0	3	0	0	22	0	0	0	7	68	0	0	0	0	194	52	0	111	0	0	0	0	0	0	0	0	0	0	0	0	0	0	0	0	0	0	6
assemblage-629-460	0	0	0	18	0	0	0	0	102	0	0	0	0	175	0	0	0	0	0	47	0	153	0	0	0	0	0	0	0	0	0	0	0	0	0	0	0	0	0	0	5
assemblage-815-972	0	0	0	0	0	5	0	0	19	0	0	0	0	150	0	0	0	0	117	161	17	0	0	0	0	0	0	0	0	0	0	0	0	0	0	29	0	0	0	0	2
assemblage-597-662	0	0	0	12	0	61	0	0	92	0	0	0	0	32	0	0	0	0	171	52	0	53	0	0	0	0	0	0	0	0	0	0	0	0	0	22	0	0	0	0	5
assemblage-292-549	0	0	0	0	0	8	0	0	13	0	0	0	0	146	0	0	0	0	139	156	5	0	0	0	0	0	0	0	0	0	0	0	0	0	0	31	0	0	0	0	2
assemblage-631-459	0	0	0	19	0	0	0	0	102	0	0	0	0	195	0	0	0	0	0	55	0	121	0	0	0	0	0	0	0	0	0	0	0	0	0	0	0	0	0	0	8
assemblage-353-336	0	0	0	0	0	0	0	0	76	0	0	0	0	61	0	0	0	0	96	31	227	0	0	0	0	0	0	0	0	0	0	0	0	0	0	0	0	0	0	0	9
assemblage-293-129	0	0	0	25	0	0	0	0	55	0	0	0	7	137	41	0	0	0	55	44	0	69	0	0	0	0	0	31	2	0	0	0	0	0	0	22	0	0	0	0	12
assemblage-370-312	0	0	0	0	0	0	0	0	85	0	0	0	0	65	0	0	0	0	88	22	235	0	0	0	0	0	0	0	0	0	0	0	0	0	0	0	0	0	0	0	5
assemblage-929-253	0	0	0	0	0	0	0	0	0	0	0	0	0	134	0	0	0	0	138	103	30	43	0	0	0	0	0	0	0	0	0	0	0	0	0	37	0	0	0	0	15
assemblage-295-545	0	0	0	0	0	0	0	0	106	0	0	0	0	18	0	0	0	7	95	191	71	0	0	0	0	0	0	0	0	0	6	0	0	0	0	6	0	0	0	0	0
assemblage-646-853	0	0	0	0	0	0	0	0	114	0	0	0	0	13	0	0	0	9	93	166	75	0	0	0	0	0	0	0	0	0	0	0	0	0	0	26	0	0	0	0	4
assemblage-280-126	0	0	0	30	0	4	0	0	19	0	0	0	14	54	0	0	0	0	199	52	0	123	0	0	0	0	0	0	0	0	0	0	0	0	0	0	0	0	0	0	5
assemblage-925-992	0	0	0	23	0	11	0	0	58	0	0	0	0	183	0	0	0	0	13	14	0	190	0	0	0	0	0	0	0	0	0	0	0	0	0	0	0	0	0	0	8
assemblage-196-186	0	0	0	0	0	0	0	0	28	0	0	0	0	411	0	0	0	0	0	0	0	0	0	0	0	0	0	0	0	0	0	0	0	0	0	0	0	0	53	0	8
assemblage-941-247	0	0	0	0	0	32	0	0	38	0	0	0	0	10	0	0	0	0	100	207	94	0	0	0	0	0	0	0	0	0	0	0	0	0	0	17	0	0	0	0	2
assemblage-882-392	0	0	0	0	0	50	0	0	36	0	0	0	0	8	0	0	0	0	118	179	76	0	0	0	0	0	0	0	0	0	0	0	0	0	0	24	0	0	0	0	9
assemblage-623-454	0	0	0	17	0	0	0	0	78	0	0	0	0	170	0	0	0	0	0	64	0	164	0	0	0	0	0	0	0	0	0	0	0	0	0	0	0	0	0	0	7
assemblage-621-440	0	0	0	0	0	4	0	0	57	46	0	0	0	156	0	0	0	0	139	90	0	0	0	0	0	0	0	0	0	0	0	0	0	0	0	0	0	0	0	0	8
assemblage-898-394	0	0	0	0	0	0	0	0	0	0	0	0	0	129	0	0	0	6	81	157	23	11	0	0	0	0	11	0	0	0	0	0	0	0	0	69	0	0	0	0	13
assemblage-720-910	0	0	0	0	0	0	0	0	83	0	0	0	0	11	0	0	15	0	39	127	210	0	0	0	0	0	0	0	0	0	0	11	0	0	0	0	0	0	0	0	4
assemblage-237-258	0	0	0	170	0	0	0	0	0	0	0	0	0	0	0	0	0	0	29	0	0	254	0	0	0	0	0	0	0	0	0	0	0	0	0	0	0	0	21	19	7
assemblage-687-249	0	0	0	0	0	0	0	0	0	0	0	0	0	214	0	0	0	0	36	0	234	0	0	0	0	0	0	0	0	0	0	0	0	0	0	0	0	0	0	0	16
assemblage-642-861	0	0	0	0	0	5	0	0	26	0	0	0	0	168	0	0	0	0	141	132	4	0	0	0	0	0	0	0	0	0	0	0	0	0	0	19	0	0	0	0	5
assemblage-246-246	0	0	0	185	0	0	0	0	0	0	0	0	0	0	0	0	0	0	20	5	0	239	0	0	0	0	0	0	0	0	0	0	0	0	0	0	0	0	12	37	2
assemblage-759-877	0	0	0	124	0	12	0	0	129	0	0	0	0	85	73	0	0	0	33	7	0	28	0	0	0	0	0	0	7	0	0	0	0	0	0	0	0	0	0	0	2
assemblage-759-874	0	0	0	119	0	17	0	0	119	0	0	0	0	78	69	0	0	0	45	11	0	25	0	0	0	0	0	0	15	0	0	0	0	0	0	0	0	0	0	0	2
assemblage-923-236	0	0	0	0	0	0	0	0	0	0	0	0	0	109	0	0	0	6	103	146	24	11	0	0	0	0	10	0	0	0	0	0	0	0	0	75	0	0	0	0	16
assemblage-280-565	0	0	0	0	0	0	0	0	63	0	0	0	0	74	0	0	13	0	123	133	50	0	0	0	0	0	0	0	0	0	0	0	0	0	0	28	0	0	0	0	16
assemblage-628-854	0	0	0	0	0	5	0	0	17	0	0	0	0	154	0	0	0	0	133	148	9	0	0	0	0	0	0	0	0	0	0	0	0	0	0	32	0	0	0	0	2
assemblage-710-473	0	0	0	0	0	0	0	0	37	0	0	0	0	147	0	0	0	0	45	34	188	0	0	0	0	0	0	0	0	0	0	0	0	0	0	0	0	47	0	0	2
assemblage-277-528	0	0	0	0	0	0	0	0	103	0	0	0	0	30	0	0	57	10	58	130	64	0	0	0	0	0	0	0	0	0	0	11	0	0	0	31	0	0	0	0	6
assemblage-328-328	0	0	0	0	0	0	0	0	39	0	0	0	0	169	0	0	0	0	44	87	152	0	0	0	0	0	0	0	0	0	0	0	0	0	0	0	0	0	0	0	9
assemblage-630-846	0	0	0	0	0	0	0	0	128	0	0	0	0	56	0	0	47	4	54	129	49	0	0	0	0	0	0	0	0	0	0	0	0	0	0	17	0	0	0	0	16
assemblage-190-596	0	0	0	0	0	0	0	0	77	0	0	0	0	117	0	0	0	0	50	52	197	0	0	0	0	0	0	0	0	0	0	0	0	0	0	0	0	0	0	0	7
assemblage-359-271	0	0	0	133	0	27	0	0	111	0	0	0	0	110	56	0	0	0	31	4	0	12	0	0	0	0	0	0	11	0	0	0	0	0	0	0	0	0	0	0	5
assemblage-985-351	0	0	0	0	0	0	0	0	5	0	0	0	0	192	0	0	11	0	102	87	93	0	0	0	0	0	0	0	0	0	0	6	0	0	0	0	0	0	0	0	4
assemblage-597-671	0	0	0	8	0	73	0	0	33	0	0	0	0	143	0	0	0	0	56	114	0	65	0	0	0	0	0	0	0	0	0	0	0	0	0	5	0	0	0	0	3
assemblage-460-153	0	0	0	11	0	59	0	0	23	0	0	0	0	171	0	0	0	0	55	114	0	51	0	0	0	0	0	0	0	0	0	0	0	0	0	10	0	0	0	0	6
assemblage-684-472	0	0	0	0	0	0	0	0	8	0	0	0	0	165	0	0	0	0	14	24	196	0	0	0	0	0	0	0	0	0	0	0	0	0	0	0	0	92	0	0	1
assemblage-689-477	0	0	0	0	0	0	0	0	14	0	0	0	0	145	0	0	0	0	4	14	187	0	0	0	0	0	0	0	0	0	0	0	0	0	0	0	0	136	0	0	0
assemblage-308-566	0	0	0	0	0	0	0	0	102	0	0	0	0	76	0	0	0	0	98	48	131	0	0	0	0	0	0	0	0	0	0	0	0	0	0	0	0	39	0	0	6
assemblage-471-340	0	0	0	0	0	0	0	0	0	155	0	0	0	0	0	0	0	0	93	238	0	10	0	0	0	0	0	0	0	0	0	0	0	0	0	0	0	0	0	0	4
assemblage-922-687	0	0	0	0	0	0	0	0	0	0	0	0	0	130	0	0	0	11	72	153	22	8	0	0	0	0	11	0	0	0	0	0	0	0	0	78	0	0	0	0	15
assemblage-910-1006	0	0	0	8	0	112	0	0	44	0	0	0	0	19	0	0	0	0	93	72	8	127	0	0	0	0	0	0	0	0	0	0	0	0	0	0	0	0	0	0	17
assemblage-774-471	0	0	0	0	0	19	0	0	92	0	0	0	0	74	0	0	0	0	82	127	40	38	0	0	0	0	0	0	0	0	0	0	0	0	0	28	0	0	0	0	0
assemblage-239-868	0	0	0	18	0	0	0	0	67	0	0	0	7	146	55	0	0	0	62	20	0	67	0	0	0	0	0	26	0	0	0	0	0	0	0	11	0	0	0	0	21
assemblage-543-757	0	0	0	9	0	90	0	0	67	0	0	0	0	23	9	0	0	0	168	57	0	45	0	0	0	0	0	0	0	0	0	0	0	0	0	31	0	0	0	0	1
assemblage-615-216	0	0	0	0	0	0	0	0	48	0	0	0	0	162	0	0	0	0	19	15	239	0	0	0	0	0	0	0	0	0	0	0	0	0	0	0	0	17	0	0	0
assemblage-352-230	0	0	0	0	0	0	0	0	90	0	0	0	0	99	0	0	0	0	47	48	151	0	0	0	0	0	0	0	0	0	0	44	0	0	0	13	0	0	0	0	8
assemblage-614-458	0	0	0	36	0	54	0	0	31	24	0	0	7	58	0	0	0	0	72	73	0	94	0	0	0	0	0	0	0	0	0	0	0	0	0	42	0	0	0	0	9
assemblage-614-459	0	0	0	14	0	0	0	0	113	0	0	0	0	144	0	0	0	0	0	60	0	164	0	0	0	0	0	0	0	0	0	0	0	0	0	0	0	0	0	0	5
assemblage-598-655	0	0	0	0	0	41	0	0	0	0	0	0	0	95	0	0	0	0	161	79	0	114	0	0	0	0	0	0	0	0	0	0	0	0	0	0	0	0	0	0	10
assemblage-336-223	0	0	0	0	0	0	0	0	0	0	0	0	0	170	0	0	13	0	93	101	89	0	0	0	0	0	0	0	0	0	0	14	0	0	0	0	0	0	0	0	20
assemblage-787-982	0	0	0	0	0	0	0	0	100	0	0	0	0	52	0	0	41	12	67	124	37	0	0	0	0	0	0	0	0	0	0	18	0	0	0	39	0	0	0	0	10
assemblage-637-842	0	0	0	0	0	12	0	0	26	0	0	0	0	127	0	0	0	0	162	136	9	0	0	0	0	0	0	0	0	0	0	0	0	0	0	28	0	0	0	0	0
assemblage-912-277	0	0	0	0	0	0	0	0	68	0	0	0	0	100	0	0	0	0	146	63	48	0	0	0	0	0	0	0	0	0	0	0	0	6	0	64	0	0	0	0	5
assemblage-167-585	0	0	0	0	0	0	0	0	56	0	0	0	0	112	0	0	0	0	72	44	196	0	0	0	0	0	0	0	0	0	0	0	0	0	0	0	3	14	0	0	3
assemblage-605-243	0	0	0	0	0	0	0	0	35	0	0	0	0	51	0	0	0	0	99	30	283	0	0	0	0	0	0	0	0	0	0	0	0	0	0	0	0	0	0	0	2
assemblage-498-521	0	0	0	10	0	100	0	0	57	0	0	0	0	29	6	0	0	0	144	58	0	68	0	0	0	0	0	0	0	0	0	0	0	0	0	24	0	0	0	0	4
assemblage-594-235	0	0	0	0	0	0	0	0	46	0	0	0	0	50	0	0	0	0	101	31	266	0	0	0	0	0	0	0	0	0	0	0	0	0	0	0	0	0	0	0	6
assemblage-694-256	0	0	0	0	0	0	0	0	139	0	0	0	0	147	0	0	0	0	112	0	94	0	0	0	6	0	0	0	0	0	0	0	0	0	0	0	0	0	0	0	2
assemblage-160-161	0	0	0	45	0	67	0	0	34	20	0	0	9	38	0	0	0	0	76	76	0	99	0	0	0	0	0	0	0	0	0	0	0	0	0	31	0	0	0	0	5
assemblage-904-260	0	0	0	0	0	0	0	0	36	0	0	0	0	105	0	0	0	0	154	105	45	0	0	0	0	0	0	0	0	0	0	0	0	10	0	42	0	0	0	0	3
assemblage-206-182	0	0	0	0	0	0	0	0	26	0	0	0	0	425	0	0	0	0	0	0	0	0	0	0	0	0	0	0	0	0	0	0	0	0	0	0	0	0	33	0	16
assemblage-396-352	0	7	0	0	0	0	0	0	103	0	0	0	0	64	0	0	0	0	86	35	203	0	0	0	0	0	0	0	0	0	0	0	0	0	0	0	0	0	0	0	2
assemblage-178-601	0	0	0	0	0	0	0	0	20	0	0	0	0	162	0	0	0	0	92	70	132	0	0	3	0	0	0	0	0	0	0	0	0	0	0	0	0	17	0	0	4
assemblage-165-927	0	0	0	0	0	0	0	0	14	0	0	0	0	247	0	0	0	0	17	11	106	0	0	0	0	0	0	0	0	0	0	0	0	0	0	0	0	104	0	0	1
assemblage-712-891	0	0	0	0	0	0	0	0	12	0	0	0	0	28	0	0	57	0	150	117	100	0	0	0	0	0	0	0	0	0	0	0	0	0	13	22	0	0	0	0	1
assemblage-635-856	0	0	0	0	0	0	0	0	63	0	0	0	0	92	0	0	0	0	160	53	58	0	0	0	0	0	0	0	0	0	0	0	0	6	0	63	0	0	0	0	5
assemblage-412-358	0	0	0	0	0	0	0	0	49	0	0	0	0	82	0	0	0	0	101	35	231	0	0	0	0	0	0	0	0	0	0	0	0	0	0	0	0	0	0	0	2
assemblage-319-550	0	0	0	0	0	0	0	0	95	0	0	0	0	10	0	0	0	10	100	194	72	0	0	0	0	0	0	0	0	0	0	0	0	0	0	15	0	0	0	0	4
assemblage-259-333	0	0	0	0	0	0	0	0	11	0	0	0	0	147	0	0	0	0	130	89	105	0	4	0	0	0	0	0	0	0	0	7	0	0	0	0	0	0	0	0	7
assemblage-520-558	0	0	0	0	0	0	0	0	0	0	0	0	0	214	0	0	0	0	38	0	243	0	0	0	0	0	0	0	0	0	0	0	0	0	0	0	0	0	0	0	5
assemblage-160-196	0	0	0	0	0	10	0	0	60	45	0	0	0	136	0	0	0	0	123	115	0	0	0	0	0	0	0	0	0	0	0	0	0	0	0	0	0	0	0	0	11
assemblage-359-264	0	0	0	99	0	29	0	0	105	0	0	0	0	96	79	0	0	0	37	5	0	40	0	0	0	0	0	0	7	0	0	0	0	0	0	0	0	0	0	0	3
assemblage-520-549	0	0	0	0	0	0	0	0	65	0	0	0	0	196	0	0	0	0	53	0	130	0	0	0	0	0	0	0	0	17	0	0	0	0	0	0	0	33	0	0	6
assemblage-242-242	0	0	0	198	0	0	0	0	0	0	0	0	0	0	0	0	0	0	30	0	0	230	0	0	0	0	0	0	0	0	0	0	0	0	0	0	0	0	20	18	4
assemblage-929-680	0	0	0	0	0	6	0	0	10	0	0	0	0	160	0	0	0	0	117	103	39	27	0	0	0	0	0	0	0	0	0	0	0	0	0	29	0	0	0	0	9
assemblage-943-691	0	0	0	0	0	4	10	0	0	0	0	0	0	94	0	0	0	12	86	152	24	15	0	0	0	0	4	0	0	0	0	0	0	0	0	93	0	0	0	0	6
assemblage-305-132	0	0	0	16	0	83	0	0	55	0	0	0	0	23	0	0	0	0	113	69	23	98	0	0	0	0	0	0	12	0	0	0	0	0	0	0	0	0	0	0	8
assemblage-526-916	0	0	0	20	0	81	0	0	37	0	0	0	0	36	0	0	0	0	92	65	16	138	0	0	0	0	0	0	0	0	0	0	0	0	0	0	0	0	0	0	15
assemblage-358-789	0	0	0	0	0	0	0	0	25	0	0	0	0	257	0	0	0	0	11	16	97	0	0	0	0	0	0	0	0	0	0	0	0	0	0	0	0	92	0	0	2
assemblage-611-217	0	0	0	0	0	0	0	0	9	0	0	0	0	145	0	0	0	0	107	80	131	0	0	0	0	0	0	0	0	0	0	0	0	0	0	0	0	26	0	0	2
assemblage-670-392	0	0	0	0	0	0	0	0	83	0	0	0	0	143	0	0	0	0	14	19	214	0	0	0	0	0	0	0	0	0	0	0	0	0	0	0	0	16	0	0	11
assemblage-907-527	0	0	0	0	47	8	0	5	264	0	0	0	0	154	17	0	0	0	0	0	0	0	0	0	0	0	0	0	0	0	0	0	0	0	0	0	0	0	0	0	5
assemblage-358-786	0	0	0	0	0	0	0	0	109	0	0	0	0	146	0	0	0	0	30	0	129	0	0	0	0	0	0	0	0	58	0	0	0	0	0	0	0	26	0	0	2
assemblage-742-872	0	0	0	140	0	14	0	0	115	0	0	0	0	107	43	0	0	0	41	0	0	26	0	0	0	0	0	0	0	0	0	0	0	0	0	0	0	0	0	0	14
assemblage-627-458	0	0	0	7	0	0	0	0	28	47	0	0	0	189	0	0	0	0	119	103	0	0	0	0	0	0	0	0	0	0	0	0	0	0	0	0	0	0	0	0	7
assemblage-545-737	0	0	0	0	0	18	15	0	19	0	14	0	0	70	0	0	0	0	22	208	42	32	0	0	0	9	0	0	0	0	0	0	0	0	0	44	0	0	0	0	7
assemblage-606-238	0	0	0	0	0	0	0	0	34	0	0	0	0	146	0	10	0	0	33	107	169	0	0	0	0	0	0	0	0	0	0	0	0	0	0	0	0	0	0	0	1
assemblage-195-187	10	0	0	0	0	0	0	0	26	0	0	0	0	411	0	0	0	0	0	0	0	0	0	0	0	0	0	0	0	0	0	0	0	0	0	0	0	0	40	0	13
assemblage-171-608	0	0	0	0	0	0	0	0	7	0	0	0	0	153	0	0	0	0	9	21	190	0	0	0	0	0	0	0	0	0	0	0	0	0	0	0	0	118	0	0	2
assemblage-466-351	0	0	0	0	0	0	0	0	0	145	0	0	0	0	0	0	0	0	100	244	0	11	0	0	0	0	0	0	0	0	0	0	0	0	0	0	0	0	0	0	0
assemblage-687-910	0	0	0	0	0	0	0	0	56	0	0	0	0	105	0	0	0	0	52	69	159	0	0	0	0	0	0	0	0	0	0	47	0	0	0	0	0	0	0	0	12
assemblage-209-176	6	0	0	0	0	0	0	0	27	0	0	0	0	410	0	0	0	0	0	0	0	0	0	0	0	0	0	0	0	0	0	0	0	0	0	0	0	0	50	0	7
assemblage-281-541	0	0	0	0	0	0	0	0	143	0	0	0	0	43	0	0	37	0	62	123	54	0	0	0	0	0	0	0	0	0	0	0	0	0	0	25	0	0	0	0	13
assemblage-762-878	0	0	0	31	0	0	0	0	81	0	0	0	0	180	0	0	0	0	0	43	0	164	0	0	0	0	0	0	0	0	0	0	0	0	0	0	0	0	0	0	1
assemblage-181-190	0	0	0	128	0	13	0	0	106	0	0	0	0	105	67	0	0	0	38	13	0	20	0	0	0	0	0	0	7	0	0	0	0	0	0	0	0	0	0	0	3
assemblage-168-953	0	0	0	0	0	0	0	0	117	0	0	0	0	183	0	0	0	0	95	0	100	0	0	0	5	0	0	0	0	0	0	0	0	0	0	0	0	0	0	0	0
assemblage-990-345	0	0	0	0	0	0	0	0	12	0	0	0	0	34	0	0	51	0	150	108	111	0	0	0	0	0	0	0	0	0	0	0	0	0	5	22	0	0	0	0	7
assemblage-549-750	0	0	0	17	0	69	0	0	29	0	0	0	0	160	0	0	0	0	81	89	0	34	0	0	0	0	0	0	0	0	0	0	0	0	0	10	0	0	0	0	11
assemblage-480-335	0	0	0	0	0	0	0	0	0	140	0	0	0	0	0	0	0	0	89	246	0	19	0	0	0	0	0	0	0	0	0	0	0	0	0	0	0	0	0	0	6
assemblage-535-559	0	0	0	0	0	0	0	0	120	0	0	0	0	180	0	0	0	0	35	0	103	0	0	0	0	0	0	0	0	35	0	0	0	0	0	0	0	26	0	0	1
assemblage-183-166	0	0	0	0	0	4	0	0	42	35	0	0	0	181	0	0	0	0	95	134	0	0	0	0	0	0	0	0	0	0	0	0	0	0	0	0	0	0	0	0	9
assemblage-176-599	0	0	0	0	0	0	0	0	67	0	0	0	0	151	0	0	0	0	14	15	231	0	0	0	0	0	0	0	0	0	0	0	0	0	0	0	0	18	0	0	4
assemblage-924-289	0	0	0	0	0	0	0	0	80	0	0	0	0	11	0	0	0	12	79	201	99	0	0	0	0	0	0	0	0	0	0	0	0	0	0	15	0	0	0	0	3
assemblage-235-847	0	0	0	23	0	0	0	0	78	0	0	0	0	122	59	0	0	0	60	31	0	64	0	0	0	0	0	20	0	0	0	0	0	0	0	17	0	0	0	0	26
assemblage-298-582	0	0	0	0	0	0	0	0	87	0	0	0	0	80	0	0	0	0	107	65	110	0	0	0	0	0	0	0	0	0	0	9	0	0	0	0	0	39	0	0	3
assemblage-172-188	0	0	0	31	0	42	0	0	32	23	0	0	5	62	0	0	0	0	93	76	0	87	0	0	0	0	0	0	0	0	0	0	0	0	0	42	0	0	0	0	7
assemblage-299-556	0	0	0	0	0	0	0	0	92	0	0	0	0	17	0	0	0	6	97	198	69	0	0	0	0	0	0	0	0	0	0	0	0	0	0	17	0	0	0	0	4
assemblage-809-471	0	0	0	0	0	28	0	0	35	0	0	0	0	3	0	0	0	0	118	205	79	0	0	0	0	0	0	0	0	0	0	0	0	0	0	24	0	0	0	0	8
assemblage-183-592	0	0	0	0	0	0	0	0	9	0	0	0	0	171	0	0	0	0	111	74	104	0	0	4	0	0	0	0	0	0	0	0	0	0	0	0	0	17	0	0	10
assemblage-870-401	0	0	0	0	0	6	0	0	0	0	0	0	0	153	0	0	0	0	147	102	18	35	0	0	0	0	0	0	0	0	0	0	0	0	0	35	0	0	0	0	4
assemblage-299-553	0	0	0	0	0	0	0	0	124	0	0	0	0	67	0	0	0	0	101	48	104	0	0	0	0	0	0	0	0	0	0	0	0	0	0	0	0	47	0	0	9
assemblage-267-236	0	0	0	173	0	0	0	0	0	0	0	0	0	0	0	0	0	0	43	0	0	229	0	0	0	0	0	0	0	0	0	0	0	0	0	0	0	0	22	29	4
assemblage-690-252	0	0	0	0	0	0	0	0	16	0	0	0	0	258	0	0	0	0	15	10	117	0	0	0	0	0	0	0	0	0	0	0	0	0	0	0	0	82	0	0	2
assemblage-889-395	0	0	0	0	0	15	0	0	69	0	0	0	0	76	0	0	0	0	98	135	39	14	0	0	0	0	0	0	0	0	0	0	0	0	0	53	0	0	0	0	1
assemblage-619-459	0	0	0	0	0	11	0	0	38	33	0	0	0	186	0	0	0	0	128	94	0	0	0	0	0	0	0	0	0	0	0	0	0	0	0	0	0	0	0	0	10
assemblage-296-136	0	0	0	52	0	10	0	0	19	0	0	0	10	68	0	0	0	0	168	68	0	98	0	0	0	0	0	0	0	0	0	0	0	0	0	0	0	0	0	0	7
assemblage-609-214	0	0	0	0	0	0	0	0	48	0	0	0	0	161	0	0	0	0	19	29	189	0	0	0	0	0	0	0	0	0	0	0	0	0	0	0	0	47	0	0	7
assemblage-526-929	0	0	0	34	0	0	0	0	75	0	0	0	0	174	0	0	0	0	8	13	0	189	0	0	0	0	0	0	0	0	0	0	0	0	0	0	0	0	0	0	7
assemblage-950-251	0	0	0	0	0	0	13	0	0	0	0	0	0	107	0	0	0	21	89	148	29	16	0	0	0	0	7	0	0	0	0	0	0	0	0	62	0	0	0	0	8
assemblage-663-393	0	0	0	0	0	0	0	0	13	0	0	0	0	159	0	0	0	0	83	73	138	0	0	0	0	0	0	0	0	0	0	0	0	0	0	0	0	30	0	0	4
assemblage-1000-339	0	0	0	0	0	0	0	0	3	0	0	0	0	166	0	0	6	0	127	88	98	0	0	0	0	0	0	0	0	0	0	11	0	0	0	0	0	0	0	0	1
assemblage-154-592	0	0	0	0	0	0	0	0	25	0	0	0	0	140	0	0	0	0	104	66	118	0	0	0	0	0	0	0	0	0	0	0	0	0	0	0	0	36	0	0	11
assemblage-181-932	0	0	0	0	0	0	0	0	94	0	0	0	0	168	0	0	0	0	52	0	115	0	0	0	0	0	0	0	0	42	0	0	0	0	0	0	0	22	0	0	7
assemblage-343-236	0	0	0	0	0	0	0	0	67	0	0	0	0	13	0	0	11	0	36	137	231	0	0	0	0	0	0	0	0	0	0	0	0	0	0	0	0	0	0	0	5
assemblage-152-958	0	0	0	0	0	0	0	0	116	0	0	0	0	180	0	0	0	0	97	0	88	0	0	0	15	0	0	0	0	0	0	0	0	0	0	0	0	0	0	0	4
assemblage-503-944	0	0	0	24	0	0	0	0	79	0	0	0	0	189	0	0	0	0	0	18	0	180	0	0	0	0	0	0	0	0	0	0	0	0	0	0	0	0	0	0	10
assemblage-150-176	0	0	0	9	0	16	0	0	37	34	0	0	0	140	0	0	0	0	122	134	0	0	0	0	0	0	0	0	0	0	0	0	0	0	0	0	0	0	0	0	8
assemblage-537-763	0	0	0	0	0	24	15	0	16	0	7	0	0	85	0	0	0	0	36	184	42	28	0	0	0	10	0	0	0	0	0	0	0	0	0	49	0	0	0	0	4
assemblage-911-277	0	0	0	0	0	10	0	0	11	0	0	0	0	147	0	0	0	0	152	143	17	0	0	0	0	0	0	0	0	0	0	0	0	0	0	17	0	0	0	0	3
assemblage-500-534	0	0	0	25	0	56	0	0	33	0	0	0	0	134	0	0	0	0	97	105	0	39	0	0	0	0	0	0	0	0	0	0	0	0	0	5	0	0	0	0	6
assemblage-594-237	0	0	0	0	0	0	0	0	103	0	0	0	0	79	0	0	0	0	103	42	120	0	0	0	0	0	0	0	0	0	0	0	0	0	0	0	0	49	0	0	4
assemblage-790-466	0	0	0	0	0	11	0	0	0	0	0	0	0	136	0	0	0	0	159	75	35	26	0	0	0	0	0	0	0	0	0	0	0	8	0	40	0	0	0	0	10
assemblage-235-826	0	0	0	43	0	12	0	0	19	0	0	0	12	61	0	0	0	0	185	54	0	108	0	0	0	0	0	0	0	0	0	0	0	0	0	0	0	0	0	0	6
assemblage-585-209	0	0	0	0	0	0	0	0	42	0	0	0	0	174	0	0	0	0	21	17	233	0	0	0	0	0	0	0	0	0	0	0	0	0	0	0	0	12	0	0	1
assemblage-285-119	0	0	0	20	0	0	0	0	56	0	0	0	0	133	51	0	0	0	69	29	0	74	0	0	0	0	0	33	0	0	0	0	0	0	0	14	0	0	0	0	21
assemblage-936-250	0	0	0	0	0	5	0	0	0	0	0	0	0	157	0	0	0	0	122	95	38	48	0	0	0	0	0	0	0	0	0	0	0	15	0	16	0	0	0	0	4
assemblage-988-353	0	0	0	0	0	0	0	0	11	0	0	0	0	39	0	0	46	0	182	106	89	0	0	0	0	0	0	0	0	0	0	0	0	0	5	13	0	0	0	0	9
assemblage-692-481	0	0	0	0	0	0	0	0	10	0	0	0	0	114	0	0	0	0	121	83	133	0	0	0	0	0	0	0	0	0	0	0	0	0	0	0	0	35	0	0	4
assemblage-497-531	0	0	0	11	0	85	0	0	49	0	0	0	0	32	0	0	0	0	169	53	0	53	0	0	0	0	0	0	0	0	0	0	0	0	0	39	0	0	0	0	9
assemblage-604-675	0	0	0	0	0	20	18	0	19	0	0	0	0	95	0	0	0	0	26	205	30	38	0	0	0	12	0	0	0	0	0	0	0	0	0	26	0	0	0	0	11
assemblage-481-156	0	0	0	23	0	55	0	0	21	0	0	0	0	168	0	0	0	0	65	110	0	41	0	0	0	0	0	0	0	0	0	0	0	0	0	7	0	0	0	0	10
assemblage-465-144	0	0	0	0	0	29	0	0	0	0	0	0	0	100	0	0	0	0	156	71	0	134	0	0	0	0	0	0	0	0	0	0	0	0	0	0	0	0	0	0	10
assemblage-607-238	0	0	0	0	0	0	0	0	36	0	0	0	0	162	0	3	0	0	27	100	169	0	0	0	0	0	0	0	0	0	0	0	0	0	0	0	0	0	0	0	3
assemblage-508-917	0	0	0	16	0	73	0	0	68	0	0	0	0	26	4	0	0	0	79	93	18	112	0	0	0	0	0	0	0	0	0	0	0	0	0	0	0	0	0	0	11
assemblage-806-986	0	0	0	0	0	10	0	0	21	0	0	0	0	144	0	0	0	0	121	161	16	0	0	0	0	0	0	0	0	0	0	0	0	0	0	27	0	0	0	0	0
assemblage-666-410	0	0	0	0	0	0	0	0	86	0	0	0	0	107	0	0	0	0	55	49	198	0	0	0	0	0	0	0	0	0	0	0	0	0	0	0	0	0	0	0	5
assemblage-667-848	0	0	0	0	0	0	0	0	43	0	0	0	0	93	0	0	0	0	180	88	29	0	0	0	0	0	0	0	0	0	0	0	0	7	0	54	0	0	0	0	6
assemblage-763-893	0	0	0	134	0	11	0	0	81	0	0	0	0	109	70	0	0	0	38	14	0	22	0	0	0	0	0	0	11	0	0	0	0	0	0	0	0	0	0	0	10
assemblage-991-355	0	0	0	0	0	0	0	0	88	0	0	0	0	22	0	0	19	0	36	133	195	0	0	0	0	0	0	0	0	0	0	6	0	0	0	0	0	0	0	0	1
assemblage-711-905	0	0	0	0	0	0	0	0	60	0	0	0	0	107	0	0	0	0	65	66	158	0	0	0	0	0	0	0	0	0	0	29	0	0	0	8	0	0	0	0	7
assemblage-405-331	0	0	0	0	0	0	0	0	106	0	0	0	0	85	0	0	0	0	99	50	112	0	0	0	0	0	0	0	0	0	0	3	0	0	0	0	0	41	0	0	4
assemblage-267-347	0	0	0	0	0	0	0	0	0	0	0	0	0	153	0	0	0	0	113	82	130	0	0	0	0	0	0	0	0	0	0	8	0	0	0	0	0	0	0	0	14
assemblage-702-912	0	0	0	0	0	0	0	0	12	0	0	0	0	167	0	0	5	0	104	99	94	0	0	0	0	0	0	0	0	0	0	15	0	0	0	0	0	0	0	0	4
assemblage-520-527	0	0	0	0	0	18	9	0	19	0	6	0	0	90	0	0	0	0	31	223	33	22	0	0	0	5	0	0	0	0	0	0	0	0	0	40	0	0	0	0	4
assemblage-471-319	0	0	0	0	0	0	0	0	0	150	0	0	0	0	0	0	0	0	90	243	0	11	0	0	0	0	0	0	0	0	0	0	0	0	0	0	0	0	0	0	6
assemblage-302-569	0	0	0	0	0	0	0	0	98	0	0	0	0	51	0	0	0	0	111	23	212	0	0	0	0	0	0	0	0	0	0	0	0	0	0	0	0	0	0	0	5
assemblage-499-512	0	0	0	0	0	25	17	0	31	0	6	0	0	70	0	0	0	0	19	232	22	38	0	0	0	11	0	0	0	0	0	0	0	0	0	28	0	0	0	0	1
assemblage-230-157	0	0	0	0	0	0	0	0	31	0	0	0	0	424	0	0	0	0	0	0	0	0	0	0	0	0	0	0	0	0	0	0	0	0	0	0	0	0	36	0	9
assemblage-891-274	0	0	0	0	0	0	0	0	111	0	0	0	0	17	0	0	0	12	76	193	71	0	0	0	0	0	0	0	0	0	0	0	0	0	0	16	0	0	0	0	4
assemblage-371-808	0	0	0	0	0	0	0	0	19	0	0	0	0	294	0	0	0	0	14	7	76	0	0	0	0	0	0	0	0	0	0	0	0	0	0	0	0	85	0	0	5
assemblage-916-1002	0	0	0	29	0	11	0	0	19	0	0	0	15	53	0	0	0	0	218	58	0	90	0	0	0	0	0	0	0	0	0	0	0	0	0	0	0	0	0	0	7
assemblage-575-740	0	0	0	0	0	34	0	0	0	0	0	0	0	96	0	0	0	0	165	72	0	123	0	0	0	0	0	0	0	0	0	0	0	0	0	0	0	0	0	0	10
assemblage-799-965	0	0	0	0	0	0	0	0	101	0	0	0	0	9	0	0	0	13	87	198	73	0	0	0	0	0	0	0	0	0	0	0	0	0	0	14	0	0	0	0	5
assemblage-599-246	0	0	0	0	0	0	0	0	67	0	0	0	0	93	0	0	0	0	88	49	184	0	0	0	0	0	0	0	0	0	0	0	0	0	0	0	0	14	0	0	5
assemblage-398-355	0	0	0	0	0	0	0	0	55	0	0	0	0	49	0	0	0	0	127	21	241	0	0	0	0	0	0	0	0	0	0	0	0	0	0	0	0	0	0	0	7
assemblage-526-569	0	0	0	0	0	0	0	0	4	0	0	0	0	230	0	0	0	0	31	0	228	0	0	0	0	0	0	0	0	0	0	0	0	0	0	0	0	0	0	0	7
assemblage-509-534	0	0	0	0	0	11	27	0	13	0	0	0	0	85	0	0	0	0	35	192	55	29	0	0	0	6	0	0	0	0	0	0	0	0	0	40	0	0	0	0	7
assemblage-675-257	0	0	0	0	0	0	0	0	20	0	0	0	0	246	0	0	0	0	11	6	123	0	0	0	0	0	0	0	0	0	0	0	0	0	0	0	0	94	0	0	0
assemblage-612-218	0	0	0	0	0	0	0	0	55	0	0	0	0	169	0	0	0	0	23	17	202	0	0	0	0	0	0	0	0	0	0	0	0	0	0	0	0	30	0	0	4
assemblage-525-913	0	0	0	37	0	0	0	0	71	0	0	0	0	162	0	0	0	0	9	18	0	198	0	0	0	0	0	0	0	0	0	0	0	0	0	0	0	0	0	0	5
assemblage-164-933	0	0	0	0	0	0	0	0	25	0	0	0	0	266	0	0	0	0	23	15	98	0	0	0	0	0	0	0	0	0	0	0	0	0	0	0	0	70	0	0	3
assemblage-470-127	0	0	0	0	0	35	0	0	0	0	0	0	0	153	0	0	0	0	150	69	0	89	0	0	0	0	0	0	0	0	0	0	0	0	0	0	0	0	0	0	4
assemblage-257-856	0	0	0	26	0	21	0	0	39	0	0	0	0	102	14	0	0	0	104	32	0	133	0	0	0	0	0	10	0	0	0	0	0	0	0	0	0	0	0	0	19
assemblage-782-467	0	0	0	0	0	28	0	0	28	0	0	0	0	14	0	0	0	0	114	196	86	4	0	0	0	0	0	0	0	0	0	0	0	0	0	26	0	0	0	0	4
assemblage-540-938	0	0	0	26	0	0	0	0	62	0	0	0	0	138	39	0	0	0	77	50	0	50	0	0	0	0	0	26	0	0	0	0	0	0	0	14	0	0	0	0	18
assemblage-477-336	0	0	12	0	0	0	0	0	0	164	0	0	0	0	0	0	0	0	86	226	0	12	0	0	0	0	0	0	0	0	0	0	0	0	0	0	0	0	0	0	0
assemblage-370-281	0	0	0	34	0	23	0	0	74	10	0	0	0	122	21	0	0	0	75	55	0	68	0	0	0	0	0	0	0	0	0	0	0	0	0	12	0	0	0	0	6
assemblage-672-407	0	0	0	0	0	0	0	0	88	0	0	0	0	114	0	0	0	0	60	34	198	0	0	0	0	0	0	0	0	0	0	0	0	0	0	0	0	0	0	0	6
assemblage-928-1006	0	0	0	36	0	0	0	0	57	0	0	0	0	154	0	0	0	0	17	20	0	206	0	0	0	0	0	0	0	0	0	0	0	0	0	0	0	0	0	0	10
assemblage-250-872	0	0	0	12	0	0	0	0	61	0	0	0	5	134	65	0	0	0	66	32	0	81	0	0	0	0	0	26	0	0	0	0	0	0	0	7	0	0	0	0	11
assemblage-510-572	0	0	0	0	0	0	0	0	94	0	0	0	0	176	0	0	0	0	119	0	96	0	0	0	11	0	0	0	0	0	0	0	0	0	0	0	0	0	0	0	4
assemblage-673-388	0	0	0	0	0	0	0	0	71	0	0	0	0	145	0	0	0	0	72	35	170	0	0	0	0	0	0	0	0	0	0	0	0	0	0	0	0	0	0	0	7
assemblage-288-575	0	0	0	0	0	0	0	0	48	0	0	0	0	130	0	7	0	0	41	90	182	0	0	0	0	0	0	0	0	0	0	0	0	0	0	0	0	0	0	0	2
assemblage-356-329	0	0	0	0	0	0	0	0	45	0	0	0	0	157	0	15	0	0	24	80	175	0	0	0	0	0	0	0	0	0	0	0	0	0	0	0	0	0	0	0	4
assemblage-935-1004	0	0	0	23	0	0	0	0	60	0	0	0	0	166	0	0	0	0	15	28	0	189	0	0	0	0	0	0	0	0	0	0	0	0	0	0	0	0	0	0	19
assemblage-988-336	0	0	0	0	0	0	0	0	61	0	0	0	0	15	0	0	14	0	23	130	248	0	0	0	0	0	0	0	0	0	0	7	0	0	0	0	0	0	0	0	2
assemblage-344-220	0	0	0	0	0	0	0	0	64	0	0	0	0	132	0	0	0	0	52	56	138	0	0	0	0	0	0	0	0	0	0	41	0	0	0	4	0	0	0	0	13
assemblage-352-266	0	0	0	16	0	0	0	0	93	0	0	0	0	165	0	0	0	0	0	56	0	162	0	0	0	0	0	0	0	0	0	0	0	0	0	0	0	0	0	0	8
assemblage-261-343	0	0	0	0	0	0	0	0	18	0	0	0	0	26	0	0	48	0	167	98	102	0	0	0	0	0	0	0	0	0	0	0	0	0	6	31	0	0	0	0	4
assemblage-793-991	0	0	0	0	0	0	0	0	50	0	0	0	0	121	0	0	0	0	158	52	43	0	0	0	0	0	0	0	0	0	0	0	0	0	0	58	0	0	0	0	18
assemblage-689-249	0	0	0	0	0	0	0	0	11	0	0	0	0	217	0	0	0	0	21	0	239	0	0	0	0	0	0	0	0	0	0	0	0	0	0	0	0	8	0	0	4
assemblage-923-976	0	0	0	40	0	0	0	0	68	0	0	0	0	166	0	0	0	0	0	16	0	196	0	0	0	0	0	0	0	0	0	0	0	0	0	0	0	0	0	0	14
assemblage-178-167	0	0	0	13	0	0	0	0	86	0	0	0	0	211	0	0	0	0	0	70	0	109	0	0	0	0	0	0	0	0	0	0	0	0	0	0	0	0	0	0	11
assemblage-562-744	0	0	0	0	0	17	21	0	15	0	0	0	0	91	0	0	0	0	20	210	51	34	0	0	0	11	0	0	0	0	0	0	0	0	0	27	0	0	0	0	3
assemblage-263-346	0	0	0	0	0	0	0	0	14	0	0	0	0	33	0	0	29	0	197	109	72	0	0	0	0	0	0	0	0	0	0	0	0	0	11	32	0	0	0	0	3
assemblage-667-407	0	0	0	0	0	0	0	0	60	0	0	0	0	145	0	0	0	0	21	17	227	0	0	0	0	0	0	0	0	0	0	0	0	0	0	0	0	27	0	0	3
assemblage-471-161	0	0	0	9	0	69	0	0	84	0	0	0	0	28	0	0	0	0	149	60	0	67	0	0	0	0	0	0	0	0	0	0	0	0	0	30	0	0	0	0	4
assemblage-955-695	0	0	0	0	0	6	8	0	0	0	0	0	0	130	0	0	0	9	95	126	34	9	0	0	0	0	13	0	0	0	0	0	0	0	0	65	0	0	0	0	5
assemblage-562-770	0	0	0	0	0	27	0	0	0	0	0	0	0	115	0	0	0	0	173	57	0	122	0	0	0	0	0	0	0	0	0	0	0	0	0	0	0	0	0	0	6
assemblage-809-982	0	0	0	0	0	0	0	0	124	0	0	0	0	41	0	0	58	0	60	135	50	0	0	0	0	0	0	0	0	0	0	7	0	0	0	14	0	0	0	0	11
assemblage-594-250	0	0	0	0	0	0	0	0	39	0	0	0	0	45	0	0	0	0	93	43	277	0	0	0	0	0	0	0	0	0	0	0	0	0	0	0	0	0	0	0	3
assemblage-491-357	0	0	0	0	0	0	0	0	0	138	0	0	0	0	0	0	0	0	121	228	0	6	0	0	0	0	0	0	0	0	0	0	0	0	0	0	0	0	0	0	7
assemblage-491-516	0	0	0	0	0	16	17	0	31	0	0	0	0	83	0	0	0	0	17	211	35	38	0	0	0	10	0	0	0	0	0	0	0	0	0	34	0	0	0	0	8
assemblage-340-344	0	0	0	0	0	0	0	0	41	0	0	0	0	151	0	11	0	0	44	62	188	0	0	0	0	0	0	0	0	0	0	0	0	0	0	0	0	0	0	0	3
assemblage-921-684	0	0	0	0	0	21	0	0	110	0	0	0	0	72	0	0	0	0	90	109	37	18	0	0	0	0	0	0	0	0	0	0	0	0	0	43	0	0	0	0	0
assemblage-900-267	0	0	0	0	0	0	0	0	20	0	0	0	0	159	0	0	0	0	135	145	8	0	0	0	0	0	0	0	0	0	0	0	0	0	0	28	0	0	0	0	5
assemblage-709-471	0	0	0	0	0	0	0	0	11	0	0	0	0	152	0	0	0	0	13	13	163	0	0	0	0	0	0	0	0	0	0	0	0	0	0	0	0	145	0	0	3
assemblage-291-540	0	0	0	0	0	0	0	0	43	0	0	0	0	102	0	0	0	0	170	82	37	0	0	0	0	0	0	0	0	0	0	0	0	4	0	56	0	0	0	0	6
assemblage-532-565	0	0	0	0	0	0	0	0	0	0	0	0	0	220	0	0	0	0	25	0	246	0	0	0	0	0	0	0	0	0	0	0	0	0	0	0	0	0	0	0	9
assemblage-602-233	0	0	0	0	0	0	0	0	9	0	0	0	0	161	0	0	0	0	99	70	108	0	0	0	0	0	0	0	0	0	0	0	0	0	0	0	0	41	0	0	12
assemblage-868-416	0	0	0	0	0	34	0	0	97	0	0	0	0	65	0	0	0	0	88	127	44	10	0	0	0	0	0	0	0	0	0	0	0	0	0	33	0	0	0	0	2
assemblage-164-945	0	0	0	0	0	0	0	0	120	0	0	0	0	150	0	0	0	0	128	0	87	0	0	0	14	0	0	0	0	0	0	0	0	0	0	0	0	0	0	0	1
assemblage-609-673	0	0	0	9	0	97	0	0	86	0	0	0	0	26	0	0	0	0	159	31	0	51	0	0	0	0	0	0	0	0	0	0	0	0	0	34	0	0	0	0	7
assemblage-361-255	0	0	0	0	0	5	0	0	54	42	0	0	0	169	0	0	0	0	99	122	0	0	0	0	0	0	0	0	0	0	0	0	0	0	0	0	0	0	0	0	9
assemblage-194-177	0	0	0	0	0	0	0	0	21	0	0	0	0	434	0	0	0	0	0	0	0	0	0	0	0	0	0	0	0	0	0	0	0	0	0	0	0	0	42	0	3
assemblage-906-535	0	0	0	0	47	12	0	0	270	0	0	12	0	141	18	0	0	0	0	0	0	0	0	0	0	0	0	0	0	0	0	0	0	0	0	0	0	0	0	0	0
assemblage-915-529	0	0	0	0	51	19	0	0	250	0	0	0	0	166	9	0	0	0	0	0	0	0	0	0	0	0	0	0	0	0	0	0	0	0	0	0	0	0	0	0	5
assemblage-518-548	0	0	0	0	0	0	0	0	0	0	0	0	0	241	0	0	0	0	31	0	222	0	0	0	0	0	0	0	0	0	0	0	0	0	0	0	0	0	0	0	6
assemblage-699-475	0	0	0	0	0	0	0	0	80	0	0	0	0	114	0	0	0	0	50	46	201	0	0	0	0	0	0	0	0	0	0	0	0	0	0	0	0	6	0	0	3
assemblage-919-1011	0	0	0	19	0	0	0	0	71	0	0	0	0	148	44	0	0	0	45	44	0	74	0	0	0	0	0	27	0	0	0	0	0	0	0	16	0	0	0	0	12
assemblage-458-160	0	0	0	0	0	22	0	0	0	0	0	0	0	102	0	0	0	0	161	68	0	138	0	0	0	0	0	0	0	0	0	0	0	0	0	0	0	0	0	0	9
assemblage-247-871	0	0	0	30	0	80	0	0	50	0	0	0	0	34	8	0	0	0	99	73	14	103	0	0	0	0	0	0	6	0	0	0	0	0	0	0	0	0	0	0	3
assemblage-760-869	0	0	0	36	0	40	0	0	29	16	0	0	4	59	5	0	0	0	80	51	0	135	0	0	0	0	0	0	0	0	0	0	0	0	0	43	0	0	0	0	2
assemblage-253-215	0	0	0	163	0	0	0	0	0	0	0	0	0	0	0	0	0	0	38	3	0	226	0	0	0	0	0	0	0	0	0	0	0	0	0	0	0	0	41	23	6
assemblage-258-243	0	0	0	170	0	0	0	0	0	0	0	0	0	0	0	0	0	0	41	0	0	241	0	0	0	0	0	0	0	0	0	0	0	0	0	0	0	0	18	26	4
assemblage-229-848	0	0	0	39	0	9	0	0	15	0	0	0	5	67	0	0	0	0	205	40	0	114	0	0	0	0	0	0	0	0	0	0	0	0	0	0	0	0	0	0	6
assemblage-297-123	0	0	0	26	0	21	0	0	16	0	0	0	16	47	0	0	0	0	211	48	0	115	0	0	0	0	0	0	0	0	0	0	0	0	0	0	0	0	0	0	0
assemblage-262-855	0	0	0	16	0	103	0	0	31	0	0	0	0	28	9	0	0	0	101	61	14	119	0	0	0	0	0	0	0	0	0	0	0	0	0	0	0	0	0	0	18
assemblage-767-883	0	0	0	21	0	0	0	0	105	0	0	0	0	184	0	0	0	0	0	59	0	123	0	0	0	0	0	0	0	0	0	0	0	0	0	0	0	0	0	0	8
assemblage-790-480	0	0	0	0	0	28	0	0	85	0	0	0	0	72	0	0	0	0	106	117	43	17	0	0	0	0	0	0	0	0	0	0	0	0	0	32	0	0	0	0	0
assemblage-604-218	0	0	0	0	0	0	0	0	75	0	0	0	0	130	0	0	0	0	50	51	189	0	0	0	0	0	0	0	0	0	0	0	0	0	0	0	0	0	0	0	5
assemblage-356-798	0	0	0	0	0	0	0	0	109	0	0	0	0	174	0	0	0	0	31	0	96	0	0	0	0	0	0	0	0	64	0	0	0	0	0	0	0	25	0	0	1
assemblage-524-544	0	0	0	0	0	0	0	0	125	0	0	0	0	189	0	0	0	0	14	0	87	0	0	0	0	0	0	0	0	51	0	0	0	0	0	0	0	24	0	0	10
assemblage-713-902	0	0	0	0	0	0	0	0	5	0	0	0	0	52	0	0	40	0	162	96	88	0	0	0	0	0	0	0	0	0	0	0	0	0	9	37	0	0	0	0	11
assemblage-912-548	0	0	0	0	46	10	0	0	288	0	0	5	0	132	18	0	0	0	0	0	0	0	0	0	0	0	0	0	0	0	0	0	0	0	0	0	0	0	0	0	1
assemblage-414-339	0	0	0	0	0	0	0	0	81	0	0	0	0	70	0	0	0	0	99	17	228	0	0	0	0	0	0	0	0	0	0	0	0	0	0	0	0	0	0	0	5
assemblage-713-907	0	0	0	0	0	0	0	0	69	0	0	0	0	98	0	0	4	0	57	77	151	0	0	0	0	0	0	0	0	0	0	36	0	0	0	2	0	0	0	0	6
assemblage-499-537	0	0	0	0	0	30	0	0	0	0	0	0	0	113	0	0	0	0	185	45	0	123	0	0	0	0	0	0	0	0	0	0	0	0	0	0	0	0	0	0	4
assemblage-539-762	0	0	0	15	0	54	0	0	27	0	0	0	0	151	0	0	0	0	61	110	0	65	0	0	0	0	0	0	0	0	0	0	0	0	0	14	0	0	0	0	3
assemblage-599-228	0	0	0	0	0	0	0	0	55	0	0	0	0	42	0	0	0	0	84	53	264	0	0	0	0	0	0	0	0	0	0	0	0	0	0	0	0	0	0	0	2
assemblage-804-979	0	0	0	0	0	0	0	0	120	0	0	0	0	37	0	0	53	6	45	141	52	0	0	0	0	0	0	0	0	0	0	5	0	0	0	30	0	0	0	0	11
assemblage-784-478	0	0	0	0	0	9	0	0	0	0	0	0	0	134	0	0	0	0	141	89	35	42	0	0	0	0	0	0	0	0	0	0	0	0	0	39	0	0	0	0	11
assemblage-353-252	0	0	0	0	0	18	0	0	39	49	0	0	0	170	0	0	0	0	96	115	0	0	0	0	0	0	0	0	0	0	0	0	0	0	0	0	0	0	0	0	13
assemblage-608-642	0	0	0	7	0	52	0	0	31	0	0	0	0	86	0	0	0	0	119	103	10	60	0	0	0	0	0	0	0	0	0	0	0	0	0	22	0	0	0	0	10
assemblage-458-145	0	0	0	5	0	93	0	0	58	0	0	0	0	29	0	0	0	0	197	46	0	46	0	0	0	0	0	0	0	0	0	0	0	0	0	18	0	0	0	0	8
assemblage-204-172	0	0	0	0	9	0	0	0	36	0	0	0	0	388	0	0	0	0	0	0	0	0	0	0	0	0	0	0	0	0	0	0	0	0	0	0	0	0	59	0	8
assemblage-692-253	0	0	0	0	0	0	0	0	116	0	0	0	0	173	0	0	0	0	34	0	87	0	0	0	0	0	0	0	0	56	0	0	0	0	0	0	0	32	0	0	2
assemblage-151-166	0	0	0	47	0	68	0	0	27	17	0	0	8	45	0	0	0	0	99	45	0	94	0	0	0	0	0	0	0	0	0	0	0	0	0	45	0	0	0	0	5
assemblage-768-861	0	0	0	43	0	52	0	0	36	20	0	0	0	46	0	0	0	0	83	62	0	106	0	0	0	0	0	0	0	0	0	0	0	0	0	44	0	0	0	0	8
assemblage-793-461	0	0	0	0	0	15	0	0	76	0	0	0	0	93	0	0	0	0	99	128	37	22	0	0	0	0	0	0	0	0	0	0	0	0	0	29	0	0	0	0	1
assemblage-936-696	0	0	0	0	0	16	0	0	35	0	0	0	0	76	0	0	0	0	104	148	35	25	0	0	0	0	0	0	0	0	0	0	0	0	0	48	0	0	0	0	13
assemblage-298-562	0	4	0	0	0	0	0	0	65	0	0	0	0	59	0	0	0	0	121	19	229	0	0	0	0	0	0	0	0	0	0	0	0	0	0	0	0	0	0	0	3
assemblage-256-346	0	0	0	0	0	0	0	0	0	0	0	0	0	119	0	0	6	0	124	101	130	0	0	0	0	0	0	0	0	0	0	13	0	0	0	0	0	0	0	0	7
assemblage-525-934	0	0	0	27	0	5	0	0	23	0	0	0	18	48	0	0	0	0	193	59	0	123	0	0	0	0	0	0	0	0	0	0	0	0	0	0	0	0	0	0	4
assemblage-325-227	0	0	0	0	0	0	0	0	12	0	0	0	0	46	0	0	38	0	157	93	113	0	0	0	0	0	0	0	0	0	0	0	0	0	7	27	0	0	0	0	7
assemblage-352-801	0	0	0	0	0	0	0	0	26	0	0	0	0	246	0	0	0	0	23	17	96	0	0	0	0	0	0	0	0	0	0	0	0	0	0	0	0	90	0	0	2
assemblage-254-348	0	0	0	0	0	0	0	0	0	0	0	0	0	147	0	0	0	0	135	90	106	0	0	0	0	0	0	0	0	0	0	12	0	0	0	0	0	0	0	0	10
assemblage-391-369	0	0	0	0	0	0	0	0	37	0	0	0	0	62	0	0	0	0	97	36	263	0	0	0	0	0	0	0	0	0	0	0	0	0	0	0	0	0	0	0	5
assemblage-873-390	0	0	0	0	0	36	0	0	104	0	0	0	0	83	0	0	0	0	85	107	39	15	0	0	0	0	0	0	0	0	0	0	0	0	0	28	0	0	0	0	3
assemblage-664-252	0	0	0	0	0	0	0	0	93	0	0	0	0	178	0	0	0	0	36	0	104	0	0	0	0	0	0	0	0	60	0	0	0	0	0	0	0	23	0	0	6
assemblage-351-254	0	0	0	112	0	21	0	0	116	0	0	0	0	107	55	0	0	0	42	0	0	26	0	0	0	0	0	0	12	0	0	0	0	0	0	0	0	0	0	0	9
assemblage-638-844	0	0	0	0	0	0	0	0	138	0	0	0	0	25	0	0	54	5	31	138	72	0	0	0	0	0	0	0	0	0	0	11	0	0	0	21	0	0	0	0	5
assemblage-406-358	0	0	0	0	0	0	0	0	30	0	0	0	0	150	0	7	0	0	42	99	170	0	0	0	0	0	0	0	0	0	0	0	0	0	0	0	0	0	0	0	2
assemblage-478-349	0	0	0	0	0	0	0	0	0	151	0	0	0	0	0	0	0	0	89	242	0	15	0	0	0	0	0	0	0	0	0	0	0	0	0	0	0	0	0	0	3
assemblage-294-127	0	0	0	23	0	84	0	0	65	0	0	0	0	22	13	0	0	0	77	75	13	111	0	0	0	0	0	0	0	0	0	0	0	0	0	0	0	0	0	0	17
assemblage-894-551	0	0	0	0	46	5	0	0	286	0	0	0	0	148	12	0	0	0	0	0	0	0	0	0	0	0	0	0	0	0	0	0	0	0	0	0	0	0	0	0	3
assemblage-185-590	0	0	0	0	0	0	0	0	6	0	0	0	0	176	0	0	0	0	9	14	207	0	0	0	0	0	0	0	0	0	0	0	0	0	0	0	0	88	0	0	0
assemblage-708-462	0	0	0	0	0	0	0	0	15	0	0	0	0	153	0	0	0	0	7	9	200	0	0	0	0	0	0	0	0	0	0	0	0	0	0	0	0	116	0	0	0
assemblage-371-811	0	0	0	0	0	0	0	0	109	0	0	0	0	172	0	0	0	0	101	0	103	0	0	0	12	0	0	0	0	0	0	0	0	0	0	0	0	0	0	0	3
assemblage-960-692	0	0	0	0	0	30	0	0	98	0	0	0	0	83	0	0	0	0	91	134	24	23	0	0	0	0	0	0	0	0	0	0	0	0	0	17	0	0	0	0	0
assemblage-619-655	0	0	0	15	0	53	0	0	29	0	0	0	0	157	0	0	0	0	64	118	0	50	0	0	0	0	0	0	0	0	0	0	0	0	0	8	0	0	0	0	6
assemblage-884-412	0	0	0	0	0	0	13	0	0	0	0	0	0	141	0	0	0	9	80	149	22	13	0	0	0	0	2	0	0	0	0	0	0	0	0	65	0	0	0	0	6
assemblage-934-1004	0	0	0	12	0	7	0	0	71	0	0	0	0	131	38	0	0	0	57	47	0	84	0	0	0	0	0	29	0	0	0	0	0	0	0	10	0	0	0	0	14
assemblage-713-915	0	0	0	0	0	0	0	0	73	0	0	0	0	103	0	0	4	0	39	73	152	0	0	0	0	0	0	0	0	0	0	42	0	0	0	6	0	0	0	0	8
assemblage-820-982	0	0	0	0	0	0	0	0	44	0	0	0	0	96	0	0	0	0	157	88	47	0	0	0	0	0	0	0	0	0	0	0	0	0	0	54	0	0	0	0	14
assemblage-980-351	0	0	0	0	0	0	0	0	13	0	0	0	0	46	0	0	29	0	177	100	93	0	0	0	0	0	0	0	0	0	0	0	0	0	11	23	0	0	0	0	8
assemblage-457-134	0	0	0	0	0	36	0	0	0	0	0	0	0	98	0	0	0	0	187	62	0	104	0	0	0	0	0	0	0	0	0	0	0	0	0	0	0	0	0	0	13
assemblage-341-212	0	0	0	0	0	0	0	0	48	0	0	0	0	68	0	0	16	0	101	83	140	0	0	0	0	0	0	0	0	0	0	21	0	0	0	13	0	0	0	0	10
