Assemblage_Name	2-1-6028385	2630200-1-4486420	1-1-0	3455402-1-0	428518-9786172-4	2169391-9344973-4929240	22512-3-4	428518-1091581-4	2169391-9344973-7731851	0-3-8769458	1-4424123-0	3-3-4	0-3-7859921	2-1-3684969	2169391-943021-0	4-2-2	428518-3-4	0-948059-2	2-832347-4	428518-468315-4	428518-3429291-3801618	2-7891024-4486420	9454786-3-2	2169391-8067816-0	9132303-9344973-0	428518-9375582-4	428518-3-6446833	5386560-1-0	2169391-9344973-3173811	428518-3-4304188	0-3-335923	2-660759-4486420	7961369-832347-4	2-4423718-4	2169391-9344973-0	3-3-1040722	0-1231449-609762	2169391-3475390-8964296	5064593-3-2	2169391-3475390-0	6123373-3-2	4-2-9007962	2-1-4661466	4754844-1-4486420	2-0-4	0-5321031-2	2-1-4486420	9132303-9344973-7054436	3859609-3-2	4-8291026-2	2-1-868132	0-3-2	308433-3-4	45556-3-2	428518-4203094-4	428518-3429291-4	0-3-3708735	2-4207272-4	428518-2931471-4	2-346170-4	1836474-4423718-4	428518-3-3145684	428518-5160173-4	2169391-9031681-0	428518-5637109-4	1984152-9344973-0	0-3-2437904	2403114-1-4486420	2523418-3-4	3537044-3-4	0-1231449-2	3628159-9344973-0	656690-3-4	6351819-9344973-0	428518-4967462-4
assemblage-160-948	0	0	0	0	0	0	0	0	0	0	0	0	0	0	0	0	325	0	0	27	0	0	0	0	0	42	3	0	0	0	0	0	0	0	38	0	0	0	0	0	0	0	0	0	0	0	0	0	0	0	0	28	0	0	0	29	0	0	0	0	0	0	0	0	5	0	0	0	0	0	0	0	0	0	3
assemblage-357-334	0	0	0	0	0	0	68	0	0	0	0	0	0	0	4	0	230	0	0	0	0	0	0	0	0	0	0	0	0	0	0	5	0	0	49	0	8	0	0	18	0	0	0	0	0	0	13	0	0	0	0	22	0	0	0	0	0	0	0	0	0	0	0	13	0	0	16	0	0	0	54	0	0	0	0
assemblage-679-391	0	0	0	0	0	0	0	0	0	0	0	0	0	0	0	0	402	0	0	0	0	0	0	0	0	0	0	0	0	6	0	0	0	0	0	0	11	0	0	0	0	0	0	0	0	0	0	0	0	0	0	56	0	0	0	0	0	0	0	0	0	0	0	0	0	0	0	0	0	0	8	0	0	0	17
assemblage-610-223	0	0	0	0	0	0	26	0	0	0	0	0	0	0	0	0	177	0	0	0	0	0	0	0	0	35	0	0	0	0	3	0	0	0	79	0	0	0	0	0	0	0	0	0	0	0	0	0	0	0	0	63	0	0	8	0	0	0	0	0	0	0	0	0	0	0	78	0	0	16	0	0	0	0	15
assemblage-688-487	0	0	0	0	0	0	20	0	0	0	0	0	0	0	0	0	364	0	0	0	0	0	0	0	0	6	0	0	0	0	0	10	0	0	41	0	0	0	0	0	0	0	0	0	0	0	0	0	0	0	0	51	0	0	0	0	0	0	0	0	0	0	0	0	0	0	0	0	0	0	0	0	0	0	8
assemblage-349-339	0	0	0	0	0	0	0	0	0	0	0	0	0	0	0	0	221	0	0	0	0	0	0	0	0	0	0	0	0	0	0	56	0	0	13	0	13	0	0	36	0	0	0	0	0	0	14	0	0	0	0	115	0	0	0	0	0	0	0	0	0	0	0	0	0	0	0	0	0	0	28	0	0	0	4
assemblage-803-461	0	0	0	0	0	0	0	0	0	0	0	0	0	0	0	0	36	0	0	0	0	0	0	0	0	0	0	0	0	0	0	0	0	0	128	0	0	0	49	0	0	0	0	0	0	0	75	0	0	0	0	202	0	0	0	0	0	0	0	0	0	0	0	0	0	0	0	0	0	0	0	0	0	0	10
assemblage-260-232	0	0	56	0	0	0	0	0	0	0	0	35	0	0	0	54	0	0	0	0	0	0	0	0	6	0	0	0	0	0	0	0	0	11	43	0	0	0	0	0	0	0	0	0	58	0	109	0	0	5	0	101	0	0	0	0	0	0	0	0	0	0	0	0	0	0	0	0	0	0	0	0	0	0	22
assemblage-977-352	43	0	0	0	0	0	0	0	0	0	0	0	0	0	0	0	215	0	0	0	0	0	0	0	0	0	0	0	0	0	0	9	0	0	62	0	0	0	0	0	0	0	0	0	0	0	79	0	0	0	0	39	0	0	0	0	0	0	0	0	0	0	0	0	0	0	0	0	0	0	48	0	0	0	5
assemblage-614-667	4	0	37	0	0	0	0	0	0	0	0	0	0	0	0	0	5	0	0	0	0	0	0	0	0	0	0	0	0	0	0	0	0	20	32	0	0	0	0	0	0	0	0	0	17	0	125	0	0	0	0	235	0	0	0	0	0	0	0	0	0	0	0	0	0	0	0	19	0	0	0	0	0	0	6
assemblage-198-177	0	0	0	0	0	0	0	0	11	0	0	0	0	0	0	0	0	0	0	0	0	0	0	0	38	0	0	0	0	0	0	0	0	100	136	0	0	0	0	0	0	0	0	0	202	0	0	0	0	0	0	4	0	0	0	0	0	0	0	0	0	0	0	0	0	0	0	0	0	0	0	0	0	0	9
assemblage-898-542	0	0	0	0	0	0	0	0	0	0	0	0	0	0	0	0	0	0	0	0	0	0	10	0	0	0	0	0	0	0	0	0	0	0	0	0	0	0	0	0	0	0	0	0	0	0	0	0	0	0	0	482	0	0	0	0	0	0	0	0	0	0	0	0	0	0	0	0	0	0	0	0	0	0	8
assemblage-942-233	121	0	0	0	3	0	0	0	0	0	0	0	0	0	0	0	65	0	6	0	0	0	0	0	0	0	0	0	0	0	0	0	0	85	26	0	0	0	0	0	0	0	0	0	0	0	74	0	0	0	0	114	0	0	0	0	0	0	0	0	0	0	0	0	0	0	0	0	0	0	0	0	0	0	6
assemblage-894-247	0	0	0	0	0	0	0	0	0	0	0	0	0	0	0	0	44	0	0	0	0	0	0	0	0	0	0	0	0	0	0	0	0	32	68	0	0	0	0	0	0	0	0	0	0	0	119	0	0	0	0	232	0	0	0	0	0	0	0	0	0	0	0	0	0	0	0	0	0	0	0	0	0	0	5
assemblage-894-530	0	0	0	0	0	0	0	0	0	0	0	0	0	0	0	0	0	0	0	0	0	0	14	0	0	0	0	0	0	0	0	0	0	0	0	0	0	0	0	0	0	0	0	0	0	0	0	0	0	0	0	474	0	7	0	0	0	0	0	0	0	0	0	0	0	0	0	0	0	0	0	0	0	0	5
assemblage-930-240	6	0	0	0	0	0	0	0	0	0	0	0	0	0	0	0	29	0	0	0	0	0	0	0	0	0	0	0	0	0	0	0	0	9	209	0	0	0	0	0	0	0	0	0	0	0	126	0	0	0	0	117	0	0	0	0	0	0	0	0	0	0	0	0	0	0	0	0	0	0	0	0	0	0	4
assemblage-411-344	0	0	0	0	0	0	0	0	0	0	0	0	0	0	0	0	201	0	0	0	0	0	0	0	0	0	0	0	0	0	0	33	0	0	12	0	15	0	0	25	0	0	0	0	0	0	10	0	0	0	0	160	0	0	0	0	0	0	0	0	0	0	0	0	0	0	0	0	0	0	35	0	0	0	9
assemblage-673-417	0	0	0	0	0	0	0	0	0	0	0	0	0	0	0	0	287	0	0	0	0	0	0	0	0	0	18	0	0	0	0	12	0	0	22	0	18	0	0	9	0	0	0	0	0	0	0	0	0	0	0	123	0	0	0	0	0	0	0	0	0	0	0	0	0	0	0	0	0	0	0	0	0	0	11
assemblage-254-333	45	0	0	0	0	0	0	0	0	0	0	0	0	0	0	0	206	0	0	0	0	0	0	0	0	0	0	0	0	0	0	7	0	0	78	0	0	0	0	0	0	0	0	0	0	0	61	0	0	0	0	31	0	0	0	0	0	0	0	0	0	0	0	0	0	0	0	0	0	0	69	0	0	0	3
assemblage-260-332	0	0	0	0	0	0	0	0	0	0	0	0	0	0	0	0	260	0	0	0	0	0	0	0	0	0	0	0	0	0	0	0	0	0	8	0	60	0	0	0	0	0	0	0	0	0	50	0	0	0	0	111	0	0	0	0	0	0	0	0	0	0	0	0	0	0	0	0	0	0	0	0	0	0	11
assemblage-681-262	0	0	0	0	0	0	0	0	0	0	0	0	0	0	0	0	267	0	0	0	0	0	0	0	0	11	54	0	0	0	0	0	0	0	56	0	0	0	0	0	0	0	0	0	0	9	0	0	0	0	0	54	0	0	0	0	0	0	0	0	0	0	0	0	0	0	37	0	0	0	0	0	0	0	12
assemblage-925-280	33	0	0	0	0	36	0	0	0	0	0	0	0	0	0	0	88	0	0	0	0	0	0	0	0	0	0	0	0	0	0	0	0	65	84	0	0	0	0	0	0	0	0	0	0	0	65	0	0	0	0	106	0	0	0	0	0	0	0	0	0	0	0	0	0	0	0	0	0	0	0	0	0	0	23
assemblage-371-813	0	0	0	0	0	0	0	0	0	0	0	0	0	0	0	0	374	0	0	14	0	0	0	0	0	22	21	0	0	0	0	0	0	0	0	0	0	0	0	0	0	0	0	0	0	0	0	0	0	0	0	44	0	0	0	11	0	0	0	0	0	0	0	0	0	0	0	0	0	0	0	0	0	0	14
assemblage-172-952	0	0	0	0	0	0	0	0	0	0	0	0	0	0	0	0	343	0	0	0	0	0	0	0	0	11	0	0	0	0	0	0	0	0	8	0	0	0	0	0	0	0	0	0	0	0	0	0	0	0	0	97	11	0	0	0	12	0	0	0	0	0	0	0	0	0	8	0	0	0	0	0	0	0	10
assemblage-887-413	0	0	0	0	0	0	0	0	0	0	0	0	6	0	0	0	35	0	0	0	0	0	0	0	0	0	0	0	0	0	0	0	0	0	142	0	0	0	44	0	0	0	0	0	0	0	56	0	0	0	0	203	0	0	0	0	0	0	0	0	0	0	0	0	0	0	0	0	0	0	0	0	0	0	14
assemblage-333-235	0	0	0	0	0	0	0	0	0	0	0	0	0	0	0	0	282	0	0	0	0	0	0	0	0	0	0	0	0	0	0	0	0	0	8	0	43	0	0	0	0	0	0	0	0	0	36	0	0	0	0	119	0	0	0	0	0	0	0	0	0	0	0	0	0	0	0	0	0	0	5	0	0	0	7
assemblage-296-570	0	0	0	0	0	0	0	0	0	0	0	0	0	0	0	0	223	0	0	0	0	0	0	0	0	0	0	0	0	0	0	45	0	0	8	0	12	0	0	44	0	0	0	0	0	0	11	0	0	0	0	120	0	0	0	0	0	0	0	0	0	0	0	0	0	0	0	0	0	0	31	0	0	0	6
assemblage-292-563	0	0	0	0	0	0	0	0	0	0	0	0	0	0	0	0	232	0	0	0	0	0	0	0	0	0	0	0	0	0	0	0	0	0	69	0	31	0	0	0	0	0	0	0	0	0	0	0	0	0	0	132	0	0	0	0	0	0	0	0	0	0	0	0	0	0	0	0	0	0	12	0	0	0	24
assemblage-357-256	0	0	40	0	0	0	0	0	0	0	0	102	0	0	0	21	0	0	0	0	0	0	0	0	0	0	0	0	0	0	0	0	0	0	0	0	0	0	0	0	0	0	0	0	79	0	37	0	0	0	0	194	0	6	0	0	0	0	0	0	0	0	0	0	0	0	0	0	0	0	0	0	0	0	21
assemblage-897-536	0	0	0	0	0	0	0	0	0	0	0	0	0	0	0	0	0	0	0	0	0	0	3	0	0	0	0	0	0	0	0	0	0	0	0	0	0	0	0	0	0	0	0	0	0	0	0	0	0	0	0	485	0	5	0	0	0	0	0	0	0	0	0	0	0	0	0	0	0	0	0	0	0	0	7
assemblage-957-688	0	0	0	0	0	0	0	0	0	0	0	0	3	0	0	0	35	0	0	0	0	0	0	0	0	0	0	0	0	0	0	0	0	0	133	0	0	0	46	0	0	0	0	0	0	0	91	0	0	0	0	180	0	0	0	0	0	0	0	0	0	0	0	0	0	0	0	0	0	0	0	5	0	0	7
assemblage-344-340	0	0	0	0	0	0	65	0	0	0	0	0	0	0	0	0	249	0	0	0	0	0	0	0	0	0	0	0	0	0	0	7	0	0	38	0	4	0	0	8	0	0	0	0	0	0	15	0	0	0	0	26	0	0	0	0	0	0	0	0	0	0	0	25	0	0	6	0	0	0	46	0	0	0	11
assemblage-340-239	0	0	0	0	0	0	0	0	0	0	0	0	0	0	0	0	247	0	0	0	0	0	0	0	0	0	0	0	0	0	0	0	0	0	17	0	47	0	0	0	0	0	0	0	0	0	58	0	0	0	0	108	0	0	0	0	0	0	0	0	0	0	0	0	0	0	0	0	0	0	11	0	0	0	12
assemblage-928-253	0	0	0	0	0	0	0	0	0	0	0	0	0	0	0	0	38	0	0	0	0	0	0	0	0	0	0	0	0	0	0	0	0	0	142	0	0	0	51	0	0	0	0	0	0	0	65	0	0	0	0	176	0	0	0	0	0	0	0	0	0	0	0	0	0	0	0	0	0	0	0	0	0	0	28
assemblage-449-332	0	0	80	0	0	0	0	0	0	0	0	157	0	0	0	162	0	0	0	0	0	0	0	0	0	0	0	8	0	0	0	0	0	0	0	15	0	0	0	0	0	0	0	0	0	0	46	0	0	25	0	0	0	0	0	0	0	0	0	0	0	0	0	0	0	0	0	0	0	0	0	0	0	0	7
assemblage-261-238	0	0	104	0	0	0	0	0	0	0	0	3	0	0	0	0	0	0	0	0	0	0	0	0	0	0	0	0	0	0	0	0	0	0	0	0	0	0	0	0	0	0	0	0	0	0	386	0	0	0	0	0	0	0	0	0	0	0	0	0	0	0	0	0	0	0	0	0	0	0	0	0	0	0	7
assemblage-363-786	0	0	0	0	0	0	0	7	0	0	0	0	0	0	0	0	349	0	0	0	0	0	0	0	0	4	6	0	0	0	0	0	0	0	0	0	0	0	0	0	0	0	0	0	0	0	0	0	0	0	0	86	13	0	0	0	24	0	0	0	0	0	0	0	0	0	0	0	0	0	0	0	0	0	11
assemblage-279-115	0	0	26	0	0	0	0	0	0	0	0	0	0	0	0	0	0	0	0	0	0	0	0	0	0	0	0	0	0	0	0	0	0	0	36	0	0	0	0	0	0	0	0	0	43	0	243	0	0	0	0	124	0	0	0	0	0	16	0	0	0	0	0	0	0	0	0	0	0	0	0	0	0	0	12
assemblage-543-930	0	0	0	0	0	0	0	0	0	0	0	0	0	0	0	0	0	0	0	0	0	0	0	0	0	0	0	0	0	0	0	0	0	44	76	0	0	0	0	0	0	0	0	3	6	0	54	0	0	0	0	268	0	0	0	0	0	0	0	0	0	0	0	0	0	0	0	44	0	0	0	0	0	0	5
assemblage-629-460	0	0	0	0	0	0	0	0	0	0	0	0	0	0	0	0	0	0	0	0	0	0	0	0	11	0	0	0	0	0	0	0	0	45	139	0	0	0	0	0	0	0	0	0	25	0	241	0	0	0	0	23	0	7	0	0	0	0	0	0	0	0	0	0	0	0	0	0	0	0	0	0	0	0	9
assemblage-815-972	81	0	0	0	0	13	0	0	0	0	0	0	0	0	0	0	127	0	0	0	0	0	0	0	0	0	0	0	0	0	0	0	0	10	138	0	0	0	17	26	0	0	0	0	0	0	47	0	0	0	0	40	0	0	0	0	0	0	0	0	0	0	0	0	0	0	0	0	0	0	0	0	0	0	1
assemblage-597-662	9	0	25	0	0	0	0	0	0	0	0	0	0	0	0	0	4	0	0	0	0	0	0	0	0	0	0	0	0	0	0	0	0	21	10	0	0	0	0	0	0	0	0	0	30	0	129	0	0	0	0	231	0	0	0	0	0	0	0	0	0	0	0	0	0	0	0	34	0	0	0	0	0	0	7
assemblage-292-549	79	0	0	0	0	14	0	0	0	0	0	0	0	0	0	0	109	0	0	0	0	0	0	0	0	0	0	0	0	0	0	0	0	21	131	0	0	0	8	20	0	0	0	0	0	0	86	0	0	0	0	28	0	0	0	0	0	0	0	0	0	0	0	0	0	0	0	0	0	0	0	0	0	0	4
assemblage-631-459	0	0	0	0	0	0	0	0	0	0	0	0	0	0	0	4	0	0	0	0	0	0	0	0	0	0	0	0	0	0	0	0	0	70	144	0	0	0	0	0	0	0	0	0	26	0	218	0	0	0	0	16	0	0	0	0	0	0	0	0	0	0	0	0	0	0	0	0	0	0	0	0	0	0	22
assemblage-353-336	0	0	0	0	0	0	54	0	0	0	0	0	0	0	8	0	240	0	0	0	0	0	0	0	0	0	0	0	0	0	0	9	0	0	50	0	0	0	0	18	0	0	0	0	0	0	10	0	0	0	0	40	0	0	0	0	0	0	0	0	0	0	0	12	0	0	13	0	0	0	40	0	0	0	6
assemblage-293-129	0	0	90	0	0	0	0	0	0	11	0	26	0	0	0	0	11	0	0	0	0	0	0	0	0	0	0	0	0	0	0	0	0	0	99	0	0	0	0	0	0	0	0	0	3	0	131	0	0	0	0	101	0	0	0	0	0	0	0	0	0	0	0	0	0	0	0	24	0	0	0	0	0	0	4
assemblage-370-312	0	0	0	0	0	0	68	0	0	0	0	0	0	0	0	0	222	0	0	0	0	0	0	0	0	0	0	0	0	0	0	6	0	0	32	0	6	0	0	12	0	0	0	0	0	0	14	0	0	0	0	25	0	0	0	0	0	0	0	0	0	0	0	12	0	0	30	0	0	0	66	0	0	0	7
assemblage-929-253	0	0	0	0	0	0	0	0	0	0	0	0	0	0	0	0	43	0	0	0	0	0	0	0	0	0	0	0	0	0	0	0	0	9	208	0	0	0	0	0	0	0	0	0	0	0	106	0	0	0	0	125	0	0	0	0	0	0	0	0	0	0	0	0	0	0	0	0	0	0	0	0	0	0	9
assemblage-295-545	7	0	0	0	0	0	0	0	0	0	0	0	0	0	0	0	47	0	0	0	0	0	0	0	0	0	0	0	0	0	0	0	0	17	57	0	0	0	0	0	0	0	0	0	0	0	131	0	0	0	0	232	0	0	0	0	0	0	0	0	0	0	0	0	0	0	0	0	0	0	0	0	0	0	9
assemblage-646-853	0	0	0	0	0	0	0	0	0	0	0	0	0	0	0	0	91	0	0	0	0	0	0	0	0	0	0	0	0	0	0	0	0	20	72	0	0	0	0	0	0	0	0	0	0	0	89	0	0	0	0	223	0	0	0	0	0	0	0	0	0	0	0	0	0	0	0	0	0	0	0	0	0	0	5
assemblage-280-126	0	0	5	0	0	0	0	0	0	0	0	0	0	0	0	0	0	0	0	0	0	0	0	0	0	0	0	0	0	0	0	0	0	48	70	0	0	0	0	0	0	0	0	0	10	0	34	0	0	0	0	280	0	0	0	0	0	0	0	0	0	0	0	0	0	0	0	48	0	0	0	0	0	0	5
assemblage-925-992	0	0	30	0	0	0	0	0	0	0	0	0	0	0	0	0	0	0	0	0	0	0	0	0	0	0	0	0	0	0	0	0	0	21	237	0	0	0	0	0	0	0	0	0	56	0	77	0	0	0	0	55	0	0	0	0	0	0	0	0	0	0	0	0	0	0	0	20	0	0	0	0	0	0	4
assemblage-196-186	0	0	0	0	0	0	0	0	12	0	0	0	0	0	0	0	0	0	0	0	0	0	0	0	41	0	0	0	0	0	0	0	0	62	155	0	0	0	0	0	0	0	0	0	207	0	0	0	0	0	0	8	0	0	0	0	0	0	0	0	8	0	0	0	0	0	0	0	0	0	0	0	0	0	7
assemblage-941-247	0	0	0	0	0	0	0	0	0	0	0	0	4	0	0	0	23	0	0	0	0	0	0	0	0	0	0	0	0	0	0	0	0	0	179	0	0	0	46	0	0	0	0	0	0	0	61	0	0	0	0	174	0	0	0	0	0	0	0	0	0	0	0	0	0	0	0	0	0	0	0	0	0	0	13
assemblage-882-392	0	0	0	0	0	0	0	0	0	0	0	0	11	0	0	0	32	0	0	0	0	0	0	0	0	0	0	0	0	0	0	0	0	0	121	0	0	0	68	0	0	0	0	0	0	0	54	0	0	0	0	192	0	0	0	0	0	0	0	0	0	0	0	0	0	0	0	0	0	0	0	5	0	0	17
assemblage-623-454	0	0	0	0	0	0	0	0	0	0	0	0	0	0	0	0	0	0	0	0	0	0	0	0	9	0	0	0	0	0	0	0	0	54	131	0	0	0	0	0	0	0	0	0	38	0	226	0	0	0	0	30	0	4	0	0	0	0	0	0	0	0	0	0	0	0	0	0	0	0	0	0	0	0	8
assemblage-621-440	0	0	18	0	0	0	0	0	0	0	0	52	0	0	0	39	0	0	0	0	0	0	0	0	0	0	0	0	0	0	0	0	0	24	0	5	0	0	0	0	0	0	0	0	179	0	18	0	0	0	0	141	0	0	0	0	0	0	0	0	0	0	0	0	0	0	0	0	0	0	0	0	0	0	24
assemblage-898-394	103	0	0	0	8	0	0	0	0	0	0	0	0	0	0	0	40	0	0	0	0	0	0	0	0	0	0	0	0	0	0	0	0	100	30	0	0	0	0	0	0	0	0	0	0	0	106	0	0	0	0	107	0	0	0	0	0	0	0	0	0	0	0	0	0	0	0	0	0	0	0	0	0	0	6
assemblage-720-910	0	0	0	0	0	0	0	0	0	0	0	0	0	0	0	0	287	0	0	0	0	0	0	0	0	0	0	0	0	0	0	0	0	0	9	0	43	0	0	0	0	0	0	0	0	0	41	0	0	0	0	114	0	0	0	0	0	0	0	0	0	0	0	0	0	0	0	0	0	0	0	0	0	0	6
assemblage-237-258	0	0	92	0	0	0	0	0	0	0	0	7	0	0	0	0	0	0	0	0	0	0	0	0	0	0	0	0	0	0	0	0	0	0	0	0	0	0	0	0	0	0	0	0	0	0	396	0	0	0	0	0	0	0	0	0	0	0	0	0	0	0	0	0	0	0	0	0	0	0	0	0	0	0	5
assemblage-687-249	0	0	0	0	0	0	0	0	0	0	0	0	0	0	0	0	294	0	0	0	0	0	0	0	0	20	67	0	0	0	0	0	0	0	42	0	0	0	0	0	0	0	0	0	0	0	0	0	0	0	0	32	0	0	0	0	0	0	0	0	0	0	0	0	0	0	33	0	0	7	0	0	0	0	5
assemblage-642-861	79	0	0	0	0	7	0	0	0	0	0	0	0	0	0	0	120	0	0	0	0	0	0	0	0	0	0	0	0	0	0	0	0	16	129	0	0	0	11	19	0	0	0	0	0	0	61	0	0	0	0	50	0	0	0	0	0	0	0	0	0	0	0	0	0	0	0	0	0	0	0	0	0	0	8
assemblage-246-246	0	0	120	0	0	0	0	0	0	0	0	3	0	0	0	0	0	0	0	0	0	0	0	0	0	0	0	0	0	0	0	0	0	0	0	0	0	0	0	0	0	0	0	0	0	0	368	0	0	0	0	0	0	0	0	0	0	0	0	0	0	0	0	0	0	0	0	0	0	0	0	0	0	0	9
assemblage-759-877	0	0	77	0	0	0	0	0	0	14	0	0	0	0	0	19	0	0	0	0	0	0	0	0	0	0	0	0	0	0	0	0	0	0	0	0	0	0	0	0	0	0	0	0	0	0	158	0	0	0	0	182	0	0	0	0	0	0	0	0	0	0	0	0	0	0	0	40	0	0	0	0	0	0	10
assemblage-759-874	0	0	65	0	0	0	0	0	0	0	0	0	0	0	0	24	0	0	0	0	0	0	0	0	0	0	0	0	0	0	0	0	0	0	0	0	0	0	0	0	0	0	0	0	8	0	164	0	0	0	0	185	0	0	0	0	0	0	0	0	0	0	0	0	0	0	0	39	0	0	0	0	0	0	15
assemblage-923-236	107	0	0	0	5	0	0	0	0	0	0	0	0	0	0	0	44	0	0	0	0	0	0	0	0	0	0	0	0	0	0	0	0	85	35	0	0	0	0	0	0	0	0	0	0	0	85	0	0	0	0	130	0	0	0	0	0	0	0	0	0	0	0	0	0	0	0	0	0	0	0	0	0	0	9
assemblage-280-565	37	0	0	0	0	9	0	0	0	0	0	0	0	0	0	0	97	0	0	0	0	0	0	0	0	0	0	0	0	0	0	0	0	43	79	0	0	0	17	0	0	0	0	0	0	0	87	0	0	0	0	120	0	0	0	0	0	0	0	0	0	0	0	0	0	0	0	0	0	0	0	0	0	0	11
assemblage-628-854	70	0	0	0	0	11	0	0	0	0	0	0	0	0	0	0	138	0	0	0	0	0	0	0	0	0	0	0	0	0	0	0	0	9	141	0	0	0	7	17	0	0	0	0	0	0	75	0	0	0	0	29	0	0	0	0	0	0	0	0	0	0	0	0	0	0	0	0	0	0	0	0	0	0	3
assemblage-710-473	0	0	0	0	0	0	9	0	0	0	0	0	0	0	0	0	301	0	0	0	0	0	0	0	0	17	11	0	0	0	0	4	0	0	37	0	12	0	0	0	0	0	0	0	0	0	0	0	0	0	0	70	0	0	0	0	0	0	0	0	0	0	0	0	0	0	11	0	0	0	5	0	0	0	23
assemblage-277-528	23	0	0	0	0	22	0	0	0	0	0	0	0	0	0	0	100	0	0	0	0	0	0	0	0	0	0	0	0	0	0	0	0	53	65	0	0	0	18	0	0	0	0	0	0	0	48	0	0	0	0	164	0	0	0	0	0	0	0	0	0	0	0	0	0	0	0	0	0	0	0	0	0	0	7
assemblage-328-328	0	0	0	0	0	0	0	0	0	0	0	0	0	0	0	0	237	0	0	0	0	0	0	0	0	0	0	0	0	0	0	0	0	0	60	0	50	0	0	0	0	0	0	0	0	0	0	0	0	0	0	115	0	0	0	0	0	0	0	0	0	0	0	0	0	0	0	0	0	0	23	0	0	0	15
assemblage-630-846	8	0	0	0	0	21	0	0	0	0	0	0	0	0	0	0	92	0	0	0	0	0	0	0	0	0	0	0	0	0	0	0	0	45	67	0	0	0	10	0	0	0	0	0	0	0	60	0	0	0	0	194	0	0	0	0	0	0	0	0	0	0	0	0	0	0	0	0	0	0	0	0	0	0	3
assemblage-190-596	0	0	0	0	0	0	6	0	0	0	0	0	0	0	0	0	367	0	0	0	0	0	0	0	0	0	0	0	0	10	0	0	0	0	0	0	0	0	0	0	0	0	0	0	0	0	0	0	0	0	0	78	0	0	0	0	0	0	0	0	0	8	0	0	0	0	0	0	0	0	11	0	0	0	20
assemblage-359-271	0	0	58	0	0	0	0	0	0	8	0	0	0	0	0	47	0	0	0	0	0	0	0	0	0	0	0	0	0	0	0	0	0	0	0	0	0	0	0	0	0	0	0	0	0	0	144	0	0	0	0	191	0	0	0	0	0	0	0	0	0	0	0	0	0	0	0	39	0	0	0	0	0	0	13
assemblage-985-351	12	0	0	0	0	0	0	0	0	0	0	0	0	0	0	0	88	0	0	0	0	0	0	8	0	0	0	0	0	0	0	0	0	0	239	0	0	0	0	83	0	0	0	0	0	0	7	0	0	0	0	52	0	0	0	0	0	0	0	0	0	0	0	0	0	0	0	0	0	0	5	0	0	0	6
assemblage-597-671	0	0	77	0	0	0	0	0	0	0	0	0	0	0	0	0	20	0	0	0	0	0	0	0	0	0	0	0	0	0	0	0	0	0	121	0	0	0	0	0	0	0	0	0	0	0	224	0	0	0	0	32	0	0	0	0	0	0	1	0	0	0	0	0	0	0	0	0	0	0	0	0	0	0	25
assemblage-460-153	0	0	76	0	0	0	0	0	0	0	0	0	0	0	0	0	28	0	0	0	0	0	0	0	0	0	0	0	0	0	0	0	0	0	110	0	0	0	0	0	0	0	0	0	0	0	200	0	0	0	0	63	0	0	0	0	0	0	0	0	0	0	0	0	0	0	0	0	0	0	0	0	0	0	23
assemblage-684-472	0	0	0	0	0	0	0	0	0	0	0	0	0	0	0	0	269	0	0	0	0	0	0	0	0	0	26	0	0	0	20	10	0	0	32	0	16	0	0	0	0	0	0	0	0	0	0	0	0	0	0	110	0	0	0	0	0	0	0	0	0	0	0	0	0	0	0	0	0	0	0	0	0	0	17
assemblage-689-477	0	0	0	0	0	0	0	0	0	0	0	0	0	0	0	0	252	7	0	0	0	0	0	0	0	0	23	0	0	0	0	18	0	0	20	0	27	0	0	12	0	0	0	0	0	0	0	0	0	0	0	115	0	0	0	0	0	0	0	0	0	0	0	0	0	0	0	0	0	0	0	0	0	0	26
assemblage-308-566	0	0	0	0	0	0	4	0	0	0	0	0	0	0	0	0	196	0	0	0	0	0	0	0	0	0	0	0	0	0	0	53	0	0	14	0	15	0	0	37	0	0	0	0	0	0	11	0	0	0	0	137	0	0	0	0	0	0	0	0	0	0	0	0	0	0	0	0	0	0	22	0	0	0	11
assemblage-471-340	0	0	92	0	0	0	0	0	0	0	0	127	0	0	0	145	0	0	0	0	0	0	0	0	0	0	0	10	0	0	0	0	0	0	0	22	0	0	0	0	0	0	0	0	0	0	47	0	0	43	0	0	0	0	0	0	0	0	0	0	0	0	0	0	0	0	0	0	10	0	0	0	0	0	4
assemblage-922-687	74	0	0	0	0	0	0	0	0	0	0	0	0	0	0	0	34	0	13	0	0	0	0	0	0	0	0	0	0	0	0	0	0	94	46	0	0	0	0	0	0	0	0	0	0	0	112	0	0	0	0	117	0	0	0	0	0	0	0	0	0	0	0	0	0	0	0	0	0	0	0	0	0	0	10
assemblage-910-1006	0	4	12	0	0	0	0	0	0	0	0	0	0	0	0	0	0	0	0	0	0	0	0	0	0	0	0	0	0	0	0	0	0	0	28	0	0	0	0	0	0	0	0	0	24	0	288	0	0	0	0	136	0	0	0	0	0	0	0	0	0	0	0	0	0	0	0	0	0	0	0	0	0	0	8
assemblage-774-471	0	0	0	0	0	28	0	0	0	0	0	0	0	0	0	0	0	0	0	0	0	0	0	0	0	0	0	0	0	0	0	0	0	64	99	0	0	0	0	0	0	0	0	0	0	0	192	0	0	0	0	100	0	0	0	0	0	0	6	0	0	0	0	0	0	0	0	0	0	0	0	0	0	0	11
assemblage-239-868	0	0	121	0	0	0	0	0	0	9	0	30	0	0	0	0	6	0	0	0	0	0	0	0	0	0	0	0	0	0	0	0	0	0	93	0	0	0	0	0	0	0	0	0	0	0	115	0	0	0	0	90	0	0	0	0	0	0	0	0	0	0	0	0	0	0	0	27	0	0	0	0	0	0	9
assemblage-543-757	7	0	25	0	0	0	0	0	0	0	0	0	0	0	0	0	11	0	0	0	0	0	0	0	0	0	0	0	0	0	0	0	0	12	29	0	0	0	0	0	0	0	0	0	22	0	164	0	0	0	0	205	0	0	0	0	0	0	0	0	0	0	0	0	0	0	0	21	0	0	0	0	0	0	4
assemblage-615-216	0	0	0	0	0	0	18	0	0	0	0	0	0	0	0	0	341	0	0	0	0	0	0	0	0	14	0	0	0	0	0	0	0	0	65	0	0	0	0	0	0	0	0	0	0	0	0	0	0	0	0	48	0	0	0	0	0	0	0	0	0	0	0	0	0	0	0	0	0	0	0	0	0	0	14
assemblage-352-230	24	0	0	0	0	0	0	0	0	0	0	0	0	0	0	0	266	0	0	0	0	0	0	0	0	0	0	0	0	0	0	6	0	0	53	0	0	0	0	0	0	0	0	0	0	0	67	0	0	0	0	25	0	0	0	0	0	0	0	0	0	0	0	0	0	0	0	0	0	0	58	0	0	0	1
assemblage-614-458	0	0	26	0	0	0	0	0	0	0	0	126	0	0	0	18	0	0	0	0	0	0	0	0	0	0	0	0	0	0	0	0	0	0	0	0	0	0	0	0	0	0	0	0	93	0	31	0	0	0	14	179	0	0	0	0	0	0	0	0	0	0	0	0	0	0	0	0	0	0	0	0	0	0	13
assemblage-614-459	0	0	0	0	0	0	0	0	0	0	0	0	0	0	0	0	0	0	0	0	0	0	0	0	11	0	0	0	0	0	0	0	0	51	120	0	0	0	0	0	0	0	0	0	33	0	245	0	0	0	0	13	0	13	0	0	0	0	0	0	0	0	0	0	0	0	0	0	0	0	0	0	0	0	14
assemblage-598-655	0	0	0	0	0	0	0	0	0	0	0	0	0	0	0	0	0	0	0	0	0	0	0	0	0	0	0	0	0	0	0	0	0	115	125	0	0	0	0	0	0	0	0	0	10	0	191	0	0	0	0	43	0	0	0	0	0	0	0	0	0	0	0	0	0	0	0	7	0	0	0	0	0	0	9
assemblage-336-223	21	0	0	0	0	0	0	0	0	0	0	0	0	0	0	0	113	0	0	0	0	0	0	0	0	0	0	0	0	0	0	0	0	0	212	0	0	0	0	44	0	0	0	0	0	0	0	0	0	0	0	74	0	0	0	0	0	0	0	0	0	0	0	0	0	0	0	0	0	0	17	0	0	0	19
assemblage-787-982	17	0	0	0	0	37	0	0	0	0	0	0	0	0	0	0	106	0	0	0	0	0	0	0	0	0	0	0	0	0	0	0	0	31	45	0	0	0	16	0	0	0	0	0	0	0	69	0	0	0	0	175	0	0	0	0	0	0	0	0	0	0	0	0	0	0	0	0	0	0	0	0	0	0	4
assemblage-637-842	80	0	0	0	0	9	0	0	0	0	0	0	0	0	0	0	95	0	0	0	0	0	0	0	0	0	0	0	0	0	0	0	0	22	143	0	0	0	17	23	0	0	0	0	0	0	71	0	0	0	0	35	0	0	0	0	0	0	0	0	0	0	0	0	0	0	0	0	0	0	0	0	0	0	5
assemblage-912-277	51	0	0	0	0	16	0	0	0	0	0	0	0	0	0	0	85	0	0	0	0	0	0	0	0	0	0	0	0	0	0	0	0	79	67	0	0	0	0	0	0	0	0	0	0	0	72	0	0	0	0	114	0	0	0	0	0	0	0	0	0	0	0	0	0	0	0	0	0	0	0	0	0	0	16
assemblage-167-585	0	0	0	0	0	0	8	0	0	0	0	0	0	0	0	0	369	0	0	0	0	0	0	0	0	0	0	0	0	0	0	0	0	0	0	0	14	0	0	0	0	0	0	0	0	0	0	0	0	0	0	87	0	0	0	0	0	0	0	0	0	0	0	0	0	0	0	0	0	0	6	0	0	0	16
assemblage-605-243	0	0	0	0	0	0	0	0	0	0	0	0	0	0	0	0	249	0	0	0	0	0	0	0	0	0	0	0	0	0	5	0	0	0	80	0	0	0	0	15	0	0	0	0	0	0	0	0	0	0	0	95	0	0	0	0	0	0	0	0	0	0	11	0	0	0	0	0	0	0	0	0	27	0	18
assemblage-498-521	6	0	40	0	0	0	0	0	0	0	0	0	0	0	0	0	7	0	0	0	0	0	0	0	0	0	0	0	0	0	0	0	0	20	21	0	0	0	7	0	0	0	0	0	23	0	149	0	0	0	0	205	0	0	0	0	0	0	0	0	0	0	0	0	0	0	0	19	0	0	0	0	0	0	3
assemblage-594-235	0	0	0	0	0	0	0	0	0	0	0	0	0	0	0	0	185	0	0	0	0	0	0	0	0	0	0	0	0	0	0	0	0	0	121	0	0	4	0	12	0	0	0	0	0	0	0	0	0	0	0	106	0	0	0	0	0	0	0	0	0	0	15	0	0	0	0	0	0	0	0	0	36	0	21
assemblage-694-256	0	0	0	0	0	0	0	0	0	0	0	0	0	0	0	0	348	0	0	0	0	0	0	0	0	17	0	0	0	0	0	0	0	0	9	0	0	0	0	0	0	0	0	0	0	0	0	0	0	0	0	78	18	0	0	0	13	0	0	0	0	0	0	0	0	0	0	0	0	0	0	0	0	0	17
assemblage-160-161	0	0	32	0	0	0	0	0	0	0	0	101	0	0	0	22	0	0	0	0	0	0	0	0	0	0	0	0	0	0	0	0	0	0	0	6	0	0	0	0	0	0	0	0	71	0	23	0	0	0	12	218	0	0	0	0	0	0	0	0	0	0	0	0	0	0	0	0	0	0	0	0	0	0	15
assemblage-904-260	52	0	0	0	0	23	0	0	0	0	0	0	0	0	0	0	91	0	0	0	0	0	0	0	0	0	0	0	0	0	0	0	0	58	74	0	0	0	6	0	0	0	0	0	0	0	70	0	0	0	0	110	0	0	0	0	0	0	0	0	0	0	0	0	0	0	0	0	0	0	0	0	0	0	16
assemblage-206-182	0	0	0	0	0	0	0	0	10	0	0	0	0	0	0	0	0	0	0	0	0	0	0	0	35	0	0	0	0	0	0	0	0	67	160	0	0	0	0	0	0	0	0	0	207	0	0	0	0	0	0	0	0	0	0	0	0	0	0	0	0	0	0	0	0	0	0	0	0	0	0	0	0	0	21
assemblage-396-352	0	0	0	0	0	0	72	0	0	0	0	0	0	0	14	0	224	0	0	0	0	0	0	0	0	0	0	0	0	0	0	6	0	0	58	0	0	0	0	18	0	0	0	0	0	0	13	0	0	0	0	26	0	0	0	0	0	0	0	0	0	0	0	18	0	0	19	0	0	0	31	0	0	0	1
assemblage-178-601	0	0	0	0	0	0	21	0	0	0	0	0	0	0	0	0	186	0	0	0	0	0	0	0	0	43	5	0	0	0	5	0	0	0	97	0	0	0	0	0	0	0	0	0	0	0	0	0	0	0	0	62	0	0	6	0	0	0	0	0	0	0	0	0	0	0	43	0	0	19	6	0	0	0	7
assemblage-165-927	0	0	0	0	0	0	0	0	0	0	0	0	0	0	0	0	386	0	0	28	10	0	0	0	0	31	6	0	0	0	0	0	0	0	8	0	0	0	0	0	0	0	0	0	0	0	0	0	0	0	0	15	0	0	0	0	0	0	0	0	0	0	0	0	0	0	0	0	0	0	0	0	0	0	16
assemblage-712-891	6	0	0	0	0	0	0	0	0	0	0	0	0	0	0	0	35	0	0	0	0	0	0	0	0	0	0	0	0	0	0	37	0	0	143	0	0	0	0	0	0	0	0	0	0	0	18	0	0	0	0	239	0	0	0	0	0	0	0	0	0	0	0	0	0	0	0	0	0	0	0	0	0	8	14
assemblage-635-856	41	0	0	0	0	23	0	0	0	0	0	0	0	0	0	0	105	0	0	0	0	0	0	0	0	0	0	0	0	0	0	0	0	54	62	0	0	0	0	0	0	0	0	0	0	0	86	0	0	0	0	118	0	0	0	0	0	0	0	0	0	0	0	0	0	0	0	0	0	0	0	0	0	0	11
assemblage-412-358	0	0	0	0	0	0	0	0	0	0	0	0	0	0	0	0	220	0	0	0	0	0	0	0	0	0	0	0	0	0	17	0	0	0	107	0	0	0	0	23	0	0	0	0	0	0	0	0	0	0	0	85	0	0	0	0	0	0	0	0	0	0	11	0	0	0	0	0	0	0	0	0	18	0	19
assemblage-319-550	5	0	0	0	0	0	0	0	0	0	0	0	0	0	0	0	51	0	0	0	0	0	0	0	0	0	0	0	0	0	0	0	0	15	70	0	0	0	0	0	0	0	0	0	0	0	116	0	0	0	0	237	0	0	0	0	0	0	0	0	0	0	0	0	0	0	0	0	0	0	0	0	0	0	6
assemblage-259-333	19	0	0	0	0	0	0	0	0	0	0	0	0	0	0	0	98	0	0	0	0	0	0	0	0	0	0	0	0	0	0	0	0	0	232	0	0	0	0	77	0	0	0	0	0	0	12	0	0	0	0	37	0	0	0	0	0	0	0	0	0	0	0	0	0	0	0	0	0	0	17	0	0	0	8
assemblage-520-558	0	0	0	0	0	0	0	0	0	0	0	0	0	0	0	0	284	0	0	0	0	0	0	0	0	14	58	0	0	0	0	0	0	0	44	0	0	0	0	0	0	0	0	0	0	0	0	0	0	0	0	54	0	0	0	0	0	0	0	0	0	0	0	0	0	0	33	0	0	0	0	0	0	0	13
assemblage-160-196	0	0	22	0	0	0	0	0	0	0	0	42	0	0	0	57	0	0	0	0	0	0	0	0	0	0	0	0	0	0	0	0	0	42	0	6	0	0	0	0	0	6	0	0	127	0	28	0	0	0	0	161	0	0	0	0	0	0	0	0	0	0	0	0	0	0	0	0	0	0	0	0	0	0	9
assemblage-359-264	0	0	54	0	0	0	0	0	0	0	0	0	0	0	0	12	0	0	0	0	0	0	0	0	0	0	0	0	0	0	0	0	0	0	0	0	0	0	0	0	0	0	0	0	0	0	155	0	0	0	0	222	0	0	0	0	0	0	0	0	0	0	0	0	0	0	0	36	0	0	0	0	0	0	21
assemblage-520-549	0	0	0	0	0	0	0	0	0	0	0	0	0	0	0	0	336	0	0	20	0	0	0	0	0	21	20	0	0	0	0	0	0	0	18	0	0	0	0	0	0	0	0	0	0	0	0	0	0	0	0	42	0	0	0	13	0	0	0	0	0	0	0	0	0	0	17	0	0	0	0	0	0	0	13
assemblage-242-242	0	0	104	0	0	0	0	0	0	0	0	12	0	0	0	0	0	0	0	0	0	0	0	0	0	0	0	0	0	0	0	0	0	0	0	0	0	0	0	0	0	0	0	0	0	0	377	0	0	0	0	0	0	0	0	0	0	0	0	0	0	0	0	0	0	0	0	0	0	0	0	0	0	0	7
assemblage-929-680	0	0	0	0	0	0	0	0	0	0	0	0	0	0	0	0	42	0	0	0	0	0	0	0	0	0	0	0	0	0	0	0	0	4	203	0	0	0	0	0	0	0	0	0	0	0	105	0	0	0	0	137	0	0	0	0	0	0	0	0	0	0	0	0	0	0	0	0	0	0	0	0	0	0	9
assemblage-943-691	119	0	0	0	2	0	0	0	0	0	0	0	0	0	0	0	51	0	15	0	0	0	0	0	0	0	0	0	0	0	0	0	0	69	42	0	0	0	0	0	0	0	0	0	0	0	89	0	0	0	0	102	0	0	0	0	0	0	0	0	0	0	0	0	0	0	0	0	0	0	0	0	0	0	11
assemblage-305-132	0	0	45	0	0	0	0	0	0	0	0	0	0	0	0	0	0	0	0	0	0	0	0	0	0	0	0	0	0	0	0	0	0	0	47	0	0	0	0	0	0	0	0	0	24	0	250	0	0	0	0	119	0	0	0	0	0	0	0	0	0	0	0	0	0	0	0	0	0	0	0	0	0	0	15
assemblage-526-916	0	0	39	0	0	0	0	0	0	0	0	0	0	0	0	0	0	0	0	0	0	0	0	0	0	0	0	0	0	0	0	0	0	0	24	0	0	0	0	0	0	0	0	0	22	0	260	0	0	0	0	150	0	0	0	0	0	0	0	0	0	0	0	0	0	0	0	0	0	0	0	0	0	0	5
assemblage-358-789	0	0	0	0	0	0	0	0	0	0	0	0	0	0	0	0	400	0	0	19	0	0	0	0	0	22	17	0	0	0	0	0	0	0	0	0	0	0	0	0	0	0	0	0	0	0	0	0	0	0	0	25	0	0	0	0	0	0	0	0	0	0	0	0	0	0	0	0	0	0	0	0	0	0	17
assemblage-611-217	0	0	0	0	0	0	14	0	0	0	0	0	0	0	0	0	179	0	0	0	0	0	0	0	0	42	9	0	0	0	0	8	0	0	99	0	0	0	0	0	0	0	0	0	0	0	0	0	0	0	0	71	0	0	7	0	0	0	0	0	0	0	0	0	0	0	37	0	0	10	15	0	0	0	9
assemblage-670-392	0	0	0	0	0	0	7	0	0	0	0	0	0	0	0	0	343	0	0	0	0	0	0	0	0	19	0	0	0	0	0	0	0	0	57	0	0	0	0	0	0	0	0	0	0	0	0	0	0	0	0	59	0	0	0	0	0	0	0	0	0	0	0	0	0	0	0	0	0	0	0	0	0	0	15
assemblage-907-527	0	0	0	0	0	0	0	0	0	0	0	0	0	0	0	0	0	0	0	0	0	0	6	0	0	0	0	0	0	0	0	0	0	0	0	0	0	0	0	0	0	0	0	0	0	0	0	0	0	0	0	478	0	10	0	0	0	0	0	0	0	0	0	0	0	0	0	0	0	0	0	0	0	0	6
assemblage-358-786	0	0	0	0	0	0	0	0	0	0	0	0	0	0	0	0	299	0	0	31	0	0	0	0	0	37	0	0	0	0	0	0	0	0	37	0	0	0	0	0	0	0	0	0	0	0	0	0	0	0	0	32	0	0	0	36	0	0	0	0	0	0	0	0	0	0	9	0	0	0	0	0	0	0	19
assemblage-742-872	0	0	45	0	0	0	0	0	0	10	0	0	0	0	0	32	0	0	0	0	0	0	0	0	0	0	0	0	0	0	0	0	0	0	0	0	0	0	0	0	0	0	0	0	0	0	163	0	0	0	0	203	0	0	0	0	0	0	0	0	0	0	0	0	0	0	0	34	0	0	0	0	0	0	13
assemblage-627-458	0	0	12	0	0	0	0	0	0	0	0	42	0	0	0	37	0	0	0	0	0	0	0	0	0	0	0	0	0	0	0	0	0	35	0	10	0	0	0	0	0	6	0	0	158	0	17	0	0	0	0	171	0	0	0	0	0	0	0	0	0	0	0	0	0	0	0	0	0	0	0	0	0	0	12
assemblage-545-737	6	0	58	0	0	0	0	0	0	0	0	0	0	0	0	0	99	0	0	0	0	0	0	0	0	0	0	0	0	0	0	0	0	0	105	0	0	0	0	0	0	0	0	0	0	0	108	0	0	0	0	120	0	0	0	0	0	0	0	0	0	0	0	0	0	0	0	0	0	0	0	0	0	0	4
assemblage-606-238	0	0	0	0	0	0	0	0	0	0	0	0	0	0	0	0	233	0	0	0	0	0	0	0	0	0	0	0	0	0	0	9	0	0	84	0	38	0	0	0	0	0	0	0	0	0	0	0	0	0	0	118	0	0	0	0	0	0	0	0	0	0	0	0	0	0	0	0	0	0	7	0	0	0	11
assemblage-195-187	0	0	0	0	0	0	0	0	19	0	0	0	0	0	0	0	0	0	0	0	0	0	0	0	30	0	0	0	0	0	0	0	0	80	161	0	0	0	0	0	0	0	0	0	190	0	0	6	0	0	0	5	0	0	0	0	0	0	0	6	0	0	0	0	0	0	0	0	0	0	0	0	0	0	3
assemblage-171-608	0	0	0	0	0	0	0	0	0	0	0	0	0	0	0	0	239	0	0	0	0	0	0	0	0	7	43	0	0	0	0	12	0	0	18	0	12	0	0	7	0	0	0	0	0	0	0	0	0	0	0	137	0	0	0	0	0	0	0	0	0	0	0	0	0	0	0	0	0	0	0	0	0	0	25
assemblage-466-351	0	0	104	0	0	0	0	0	0	0	0	139	0	0	0	168	0	0	0	0	0	0	0	0	0	0	0	6	0	0	0	0	0	0	0	9	0	0	0	0	0	0	0	0	0	0	24	0	0	38	0	0	0	0	0	0	0	0	0	0	0	0	0	0	0	0	0	0	0	0	0	0	0	0	12
assemblage-687-910	37	0	0	0	0	0	0	0	0	0	0	0	0	0	0	0	219	0	0	0	0	0	0	0	0	0	0	0	0	0	0	15	0	0	55	0	0	0	0	0	0	0	0	0	0	0	96	0	0	0	0	29	0	0	0	0	0	0	0	0	0	0	0	0	0	0	0	0	0	0	47	0	0	0	2
assemblage-209-176	0	0	0	0	0	0	0	0	17	0	0	0	0	0	0	0	0	0	0	0	0	0	0	0	31	0	0	0	0	0	0	0	0	76	164	0	0	0	0	0	0	0	0	0	191	0	0	0	0	0	0	10	0	0	0	0	0	0	0	0	3	0	0	0	0	0	0	0	0	0	0	0	0	0	8
assemblage-281-541	15	0	0	0	0	18	0	0	0	0	0	0	0	0	0	0	107	0	0	0	0	0	0	0	0	0	0	0	0	0	0	0	0	41	43	0	0	0	10	0	0	0	0	0	0	0	65	0	0	0	0	200	0	0	0	0	0	0	0	0	0	0	0	0	0	0	0	0	0	0	0	0	0	0	1
assemblage-762-878	0	0	0	0	0	0	0	0	0	0	0	0	0	0	0	0	0	0	0	0	0	0	0	0	1	0	0	0	0	0	0	0	0	48	122	0	0	0	0	0	0	0	0	0	20	0	274	0	0	0	0	15	0	7	0	0	0	0	0	0	0	0	0	0	0	0	0	0	0	0	0	0	0	0	13
assemblage-181-190	0	0	54	0	0	0	0	0	0	7	0	0	0	0	0	38	0	0	0	0	0	0	0	0	0	0	0	0	0	0	0	0	0	0	0	0	0	0	0	0	0	0	0	0	0	0	144	0	0	0	0	206	0	0	0	0	0	0	0	0	0	0	0	0	0	0	0	46	0	0	0	0	0	0	5
assemblage-168-953	0	0	0	0	0	0	0	2	0	0	0	0	0	0	0	0	382	0	0	0	0	0	0	0	0	10	0	0	0	0	0	0	0	0	0	0	0	0	0	0	0	0	0	0	0	0	0	0	0	0	0	72	8	0	0	0	19	0	0	0	0	0	0	0	0	0	0	0	0	0	0	0	0	0	7
assemblage-990-345	11	0	0	0	0	0	0	0	0	0	0	0	0	0	0	0	61	0	0	0	0	0	0	0	0	0	0	0	0	0	0	41	0	0	98	0	0	0	0	0	0	0	0	0	0	0	16	0	0	0	0	245	0	0	0	0	0	0	0	0	0	0	0	0	0	0	0	0	0	0	0	0	0	0	28
assemblage-549-750	0	0	75	0	0	0	0	0	0	0	0	0	0	0	0	0	20	0	0	0	0	7	0	0	0	0	0	0	0	0	0	0	0	0	102	0	0	0	0	0	0	0	0	0	0	0	211	0	0	0	0	70	0	0	0	0	0	0	0	0	0	0	0	0	0	0	0	0	0	0	0	0	0	0	15
assemblage-480-335	0	0	83	0	0	0	0	0	0	0	0	141	0	0	0	161	0	0	0	0	0	0	0	0	0	0	0	12	0	0	0	0	0	0	0	13	0	0	0	0	0	0	0	0	0	0	63	0	0	21	0	0	0	0	0	0	0	0	0	0	0	0	0	0	0	0	0	0	0	0	0	0	0	0	6
assemblage-535-559	0	0	0	0	0	0	0	0	0	0	0	0	0	0	0	0	317	0	0	32	0	0	0	0	0	38	6	0	0	0	0	0	0	0	53	0	0	0	0	0	0	0	0	0	0	0	0	0	0	0	0	17	0	0	0	24	0	0	0	0	0	0	0	0	0	0	5	0	0	0	0	0	0	0	8
assemblage-183-166	0	0	21	0	0	0	0	0	0	0	0	62	0	0	0	64	0	0	0	0	0	0	0	0	0	0	0	0	0	0	0	0	0	41	0	0	0	0	0	0	0	0	0	0	124	0	13	0	0	0	0	142	0	0	0	0	0	0	0	0	0	0	0	0	0	0	0	0	0	0	0	0	0	0	33
assemblage-176-599	0	0	0	0	0	0	12	0	0	0	0	0	0	0	0	0	378	0	0	0	0	0	0	0	0	16	0	0	0	0	0	0	0	0	34	0	0	0	0	0	0	0	0	0	0	0	0	0	0	0	0	54	0	0	0	0	0	0	0	0	0	0	0	0	0	0	0	0	0	0	0	0	0	0	6
assemblage-924-289	15	0	0	0	0	0	0	0	0	0	0	0	0	0	0	0	55	0	0	0	0	0	0	0	0	0	0	0	0	0	0	0	0	29	72	0	0	0	0	0	0	0	0	0	0	0	103	0	0	0	0	225	0	0	0	0	0	0	0	0	0	0	0	0	0	0	0	0	0	0	0	0	0	0	1
assemblage-235-847	0	0	120	0	0	0	0	0	0	5	0	30	0	0	0	0	10	0	0	0	0	0	0	0	0	0	0	0	0	0	0	0	0	5	66	0	0	0	0	0	0	0	0	0	0	0	121	0	0	0	0	103	0	0	0	0	0	0	0	0	0	0	0	0	0	0	0	33	0	0	0	0	0	0	7
assemblage-298-582	0	0	0	0	0	0	0	0	0	0	0	0	0	0	0	0	212	0	0	0	0	0	0	0	0	0	0	0	0	0	0	48	0	0	11	0	10	0	0	32	0	0	0	0	0	0	20	0	0	0	0	134	0	0	0	0	0	0	0	0	0	0	0	0	0	0	0	0	0	0	26	0	0	0	7
assemblage-172-188	0	0	44	0	0	0	0	0	0	0	0	99	0	0	0	30	0	0	0	0	0	0	0	0	0	0	0	0	0	0	0	0	0	0	0	7	0	0	0	0	0	0	0	0	65	0	24	0	0	0	5	218	0	0	0	0	0	0	0	0	0	0	0	0	0	0	0	0	0	0	0	0	0	0	8
assemblage-299-556	13	0	0	0	0	0	0	0	0	0	0	0	0	0	0	0	59	0	0	0	0	0	0	0	0	0	0	0	0	0	0	0	0	28	74	0	0	0	0	0	0	0	0	0	0	0	131	0	0	0	0	192	0	0	0	0	0	0	0	0	0	0	0	0	0	0	0	0	0	0	0	0	0	0	3
assemblage-809-471	0	0	0	0	0	0	0	0	0	0	0	0	16	0	0	0	26	0	0	0	0	0	0	0	0	0	0	0	0	0	0	0	0	0	148	0	0	0	62	0	0	0	0	0	0	0	66	0	0	0	0	169	0	0	0	0	0	0	0	0	0	0	0	0	0	0	0	0	0	0	0	2	0	0	11
assemblage-183-592	0	0	0	0	0	0	14	0	0	0	0	0	0	0	0	0	202	0	0	0	0	0	0	0	0	38	7	0	0	0	0	0	0	0	84	0	0	0	0	0	0	0	0	0	0	0	0	0	0	0	0	52	0	0	14	0	0	0	0	0	0	0	0	0	0	0	66	0	0	6	0	0	0	0	17
assemblage-870-401	0	0	0	0	0	0	0	0	0	0	0	0	0	0	0	0	44	0	0	0	0	0	0	0	0	0	0	0	0	0	0	0	0	12	194	0	0	0	0	0	0	0	0	0	0	0	110	0	0	0	0	125	0	0	0	0	0	0	0	0	0	0	0	0	0	0	0	0	0	0	0	0	0	0	15
assemblage-299-553	0	0	0	0	0	0	0	0	0	0	0	0	0	0	0	0	229	0	0	0	0	0	0	0	0	0	0	0	0	0	0	42	0	0	9	0	21	0	0	21	0	0	0	0	0	0	18	0	0	0	0	143	0	0	0	0	0	0	0	0	0	0	0	0	0	0	0	0	0	0	12	0	0	0	5
assemblage-267-236	0	0	86	0	0	0	0	0	0	0	0	6	0	0	0	0	0	0	0	0	0	0	0	0	0	0	0	0	0	0	0	0	0	0	0	0	0	0	0	0	0	0	0	0	0	0	397	0	0	0	0	0	0	0	0	0	0	0	0	0	0	0	0	0	0	0	0	0	0	0	0	0	0	0	11
assemblage-690-252	0	0	0	0	0	0	0	0	0	0	0	0	0	0	0	0	396	0	0	25	0	0	0	0	0	19	2	0	0	0	0	0	0	0	0	0	0	0	0	0	0	0	0	0	0	0	0	0	0	0	0	37	0	0	0	9	0	0	0	0	0	0	0	0	0	0	0	0	0	0	0	0	0	0	12
assemblage-889-395	0	0	0	0	0	17	0	0	0	0	0	0	0	0	0	0	6	0	0	0	0	0	0	0	0	0	0	0	0	0	0	0	0	64	112	0	0	0	0	0	0	0	0	0	0	0	197	0	0	0	0	82	0	0	0	0	0	0	0	0	0	0	0	0	0	0	0	0	0	0	0	0	0	0	22
assemblage-619-459	0	0	27	0	0	0	0	0	0	0	0	46	0	0	0	52	0	0	0	0	0	0	0	0	0	0	0	0	0	0	0	0	0	34	0	6	0	0	0	0	0	0	0	0	170	0	18	0	0	0	0	128	0	0	0	0	0	0	0	0	0	0	0	0	0	0	0	0	0	0	0	0	0	0	19
assemblage-296-136	0	0	11	0	0	0	0	0	0	0	0	0	0	0	0	0	0	0	0	0	0	0	0	0	0	0	0	0	0	0	0	0	0	57	96	0	0	0	0	0	0	0	0	0	4	0	56	0	0	0	0	249	0	0	0	0	0	0	0	0	0	0	0	0	0	0	0	25	0	0	0	0	0	0	2
assemblage-609-214	0	0	0	0	0	0	24	0	0	0	0	0	0	0	0	0	326	0	0	0	0	0	0	0	0	12	0	0	0	0	0	7	0	0	63	0	0	0	0	0	0	0	0	0	0	0	0	0	0	0	0	61	0	0	0	0	0	0	0	0	0	0	0	0	0	0	0	0	0	0	0	0	0	0	7
assemblage-526-929	0	0	40	0	0	0	0	0	0	0	0	0	0	0	0	0	0	0	0	0	0	0	0	0	0	0	0	0	0	0	0	0	0	14	236	0	0	0	0	0	0	0	0	0	56	0	55	0	0	0	0	66	0	0	0	0	0	0	0	0	0	0	0	0	0	0	0	31	0	0	0	0	0	0	2
assemblage-950-251	84	0	0	0	7	0	0	0	0	0	0	0	0	0	0	0	56	0	8	0	0	0	0	0	0	0	0	0	0	0	0	0	0	78	37	0	0	0	0	0	0	0	0	0	0	0	101	0	0	0	0	117	0	0	0	0	0	0	0	0	0	0	0	0	0	0	0	0	0	0	0	0	0	0	12
assemblage-663-393	0	0	0	0	0	0	26	0	0	0	0	0	0	0	0	0	198	0	0	0	0	0	0	0	0	35	0	0	0	0	0	0	0	0	78	0	0	0	0	0	0	0	0	0	0	0	0	0	0	0	0	64	0	0	0	0	0	0	0	0	0	0	0	0	0	0	62	0	0	16	3	0	0	0	18
assemblage-1000-339	23	0	0	0	0	0	0	0	0	0	0	0	0	0	0	0	94	0	0	0	0	0	0	0	0	0	0	0	0	0	0	0	0	0	219	0	0	0	0	67	0	0	0	0	0	0	0	0	0	0	0	66	0	0	0	0	0	0	0	0	0	0	0	0	0	7	0	0	0	0	11	0	0	0	13
assemblage-154-592	0	0	0	0	0	0	13	0	0	0	0	0	0	0	0	0	247	0	0	0	0	0	0	0	0	40	8	0	0	0	0	0	0	0	90	0	0	0	0	0	0	0	0	0	0	0	0	0	0	0	0	46	0	0	2	0	0	0	0	0	0	0	0	0	0	0	31	0	0	7	6	0	0	0	10
assemblage-181-932	0	0	0	0	0	0	0	0	0	0	0	0	0	0	0	0	318	0	0	26	0	0	0	0	0	44	9	0	0	0	0	0	0	0	30	0	0	0	0	0	0	0	0	0	0	0	0	0	0	0	0	18	0	0	0	42	0	0	0	0	0	0	0	0	0	0	9	0	0	0	0	0	0	0	4
assemblage-343-236	0	0	0	0	0	0	0	0	0	0	0	0	0	0	0	0	260	0	0	0	0	0	0	0	0	0	0	0	0	0	0	0	0	0	11	0	35	0	0	0	0	0	0	0	0	0	56	0	0	0	0	132	0	0	0	0	0	0	0	0	0	0	0	0	0	0	0	0	0	0	0	0	0	0	6
assemblage-152-958	0	0	0	0	0	0	0	0	0	0	0	0	0	0	0	0	360	0	0	0	0	0	0	0	0	8	0	0	0	0	0	0	0	0	6	0	0	0	0	0	0	0	0	0	0	0	0	0	0	0	0	93	6	0	0	0	20	0	0	0	0	0	0	0	0	0	0	0	0	0	0	0	0	0	7
assemblage-503-944	0	0	35	0	0	0	0	0	0	0	0	0	0	0	0	0	0	0	0	0	0	0	0	0	0	0	0	0	0	0	0	0	0	26	229	0	0	0	0	0	0	0	0	0	55	0	67	0	0	0	0	70	0	0	0	0	0	0	0	0	0	0	0	0	0	0	0	17	0	0	0	0	0	0	1
assemblage-150-176	0	0	11	0	0	0	0	0	0	0	0	46	0	0	0	48	0	0	0	0	0	0	0	0	0	0	0	0	0	0	0	0	0	30	0	12	0	0	0	0	0	0	0	0	143	0	19	0	0	0	0	175	0	0	0	0	0	0	0	0	0	0	0	0	0	0	0	0	0	0	0	0	0	0	16
assemblage-537-763	0	0	61	0	0	0	0	0	0	0	0	0	0	0	0	0	59	0	0	0	0	0	0	0	0	0	0	0	0	0	0	0	0	0	81	0	0	0	0	0	0	0	0	0	0	0	147	0	0	0	0	142	0	0	0	0	0	0	0	0	0	0	0	0	0	0	0	0	0	0	0	0	0	0	10
assemblage-911-277	79	0	0	0	0	8	0	0	0	0	0	0	0	0	0	0	128	0	0	0	0	0	0	0	0	0	0	0	0	0	0	0	0	4	109	0	0	0	24	25	0	0	0	0	0	0	76	0	0	0	0	42	0	0	0	0	0	0	0	0	0	0	0	0	0	0	0	0	0	0	0	0	0	0	5
assemblage-500-534	0	0	63	0	0	0	0	0	0	0	0	0	0	0	0	0	28	0	0	0	0	0	0	0	0	0	0	0	0	0	0	0	0	0	126	0	0	0	0	0	0	0	0	0	0	0	213	0	0	0	0	49	0	0	0	0	0	0	0	0	0	0	0	0	0	0	0	0	0	0	0	0	0	0	21
assemblage-594-237	0	0	0	0	0	0	9	0	0	0	0	0	0	0	0	0	160	0	0	0	0	0	0	0	0	0	0	0	0	0	0	54	0	0	19	0	18	0	0	35	0	0	0	0	0	0	14	0	0	0	0	162	0	0	0	0	0	0	0	0	0	0	0	0	0	0	0	0	0	0	26	0	0	0	3
assemblage-790-466	0	0	0	0	0	0	0	0	0	0	0	0	0	0	0	0	36	0	0	0	0	0	0	0	0	0	0	0	0	0	0	0	0	9	201	0	0	0	0	0	0	0	0	0	0	0	106	0	0	0	0	144	0	0	0	0	0	0	0	0	0	0	0	0	0	0	0	0	0	0	0	0	0	0	4
assemblage-235-826	0	0	8	0	0	0	0	0	0	4	0	0	0	0	0	0	0	0	0	0	0	0	0	0	0	0	0	0	0	0	0	0	0	55	81	0	0	0	0	0	0	0	0	0	0	0	41	0	0	0	0	268	0	0	0	0	0	0	0	0	0	0	0	0	0	0	0	35	0	0	0	0	0	0	8
assemblage-585-209	0	0	0	0	0	0	18	0	0	0	0	0	0	0	0	0	328	0	0	0	0	0	0	0	0	14	0	0	0	0	0	0	0	0	61	0	0	0	0	0	0	0	0	0	0	0	0	0	0	0	0	61	0	0	0	0	0	0	0	0	0	0	0	0	0	0	3	0	0	0	0	0	0	0	15
assemblage-285-119	0	0	111	0	0	0	0	0	0	9	0	28	0	0	0	0	0	0	0	0	0	0	0	0	0	0	0	0	0	0	0	0	0	0	109	0	0	0	0	0	0	0	0	0	0	0	96	0	0	0	0	113	0	0	0	0	0	0	0	0	0	0	0	0	0	0	0	23	0	0	0	0	0	0	11
assemblage-936-250	9	0	0	0	0	0	0	0	0	0	0	0	0	0	0	0	43	0	0	0	0	0	0	0	0	0	0	0	0	0	0	0	0	0	210	0	0	0	0	0	0	0	0	0	0	0	91	0	0	0	0	142	0	0	0	0	0	0	0	0	0	0	0	0	0	0	0	0	0	0	0	0	0	0	5
assemblage-988-353	13	0	0	0	0	0	0	0	0	0	0	0	0	0	0	0	72	0	0	0	0	0	0	0	0	0	0	0	0	0	0	46	0	0	135	0	0	0	0	0	0	0	0	0	0	0	24	0	0	0	0	190	0	0	0	0	0	0	0	0	0	0	0	0	0	0	0	0	0	0	0	0	0	0	20
assemblage-692-481	0	0	0	0	0	0	30	0	0	0	0	0	0	0	0	0	188	0	0	0	0	0	0	0	0	38	11	0	0	0	0	0	0	0	94	0	0	0	0	0	0	0	0	0	0	0	0	0	0	0	0	42	0	0	6	0	0	0	0	0	0	0	0	0	0	0	69	0	0	9	3	0	0	0	10
assemblage-497-531	6	0	37	0	0	0	0	0	0	0	0	0	0	0	0	0	9	0	0	0	0	0	0	0	0	0	0	0	0	0	0	0	0	14	13	0	0	0	0	0	0	0	0	0	17	0	149	0	0	0	0	223	0	0	0	0	0	0	0	0	0	0	0	0	0	0	0	22	0	0	0	0	0	0	10
assemblage-604-675	5	0	50	0	0	0	0	0	0	0	0	0	0	0	0	0	71	0	0	0	0	0	0	0	0	0	0	0	0	0	0	0	0	0	104	0	0	0	0	0	0	0	0	0	0	0	107	0	0	0	0	158	0	0	0	0	0	0	0	0	0	0	0	0	0	0	0	0	0	0	0	0	0	0	5
assemblage-481-156	0	0	63	0	0	0	0	0	0	0	0	0	0	0	0	0	32	0	0	0	0	7	0	0	0	0	0	0	0	0	0	0	0	0	161	0	0	0	0	0	0	0	0	0	0	0	189	0	0	0	0	33	0	0	0	0	0	0	0	0	0	0	0	0	0	0	0	0	0	0	0	0	0	0	15
assemblage-465-144	0	0	0	0	0	0	0	0	0	0	0	0	0	0	0	0	0	0	2	0	0	0	0	0	0	0	0	0	0	0	0	0	0	118	155	0	0	0	0	0	0	0	0	0	8	0	154	0	0	0	0	42	0	0	0	0	0	0	0	0	0	0	0	0	0	0	0	0	0	0	0	0	0	0	21
assemblage-607-238	0	0	0	0	0	0	0	0	0	0	0	0	0	0	0	0	214	0	0	0	0	0	0	0	0	0	0	0	0	0	0	0	0	0	66	0	45	0	0	0	0	0	0	0	0	0	3	0	0	0	0	155	0	0	0	0	0	0	0	0	0	0	0	0	0	0	0	0	0	0	9	0	0	0	8
assemblage-508-917	0	0	50	0	0	0	0	0	0	0	0	0	0	0	0	0	0	0	0	0	0	0	0	0	0	0	0	0	0	0	0	0	0	0	13	0	0	0	0	0	0	0	0	0	17	0	279	0	0	0	0	131	0	0	0	0	0	0	0	0	0	0	0	0	0	0	0	0	0	0	0	0	0	0	10
assemblage-806-986	74	0	0	0	0	9	0	0	0	0	0	0	0	0	0	0	135	0	0	0	0	0	0	0	0	0	0	0	0	0	0	0	0	11	113	0	0	0	30	28	0	0	0	0	0	0	49	0	0	0	0	50	0	0	0	0	0	0	0	0	0	0	0	0	0	0	0	0	0	0	0	0	0	0	1
assemblage-666-410	0	0	0	0	0	0	11	0	0	0	0	0	0	0	0	0	371	0	0	0	0	0	0	0	0	0	0	0	0	10	0	0	0	0	0	0	7	0	0	0	0	0	0	0	0	0	0	0	0	0	0	81	0	0	0	0	0	0	0	0	0	0	0	0	0	0	0	0	0	0	9	0	0	0	11
assemblage-667-848	51	0	0	0	0	25	0	0	0	0	0	0	0	0	0	0	82	0	0	0	0	0	0	0	0	0	0	0	0	0	0	0	0	61	49	0	0	0	15	0	6	0	0	0	0	0	61	0	0	0	0	139	0	0	0	0	0	0	0	0	0	0	0	0	0	0	0	0	0	0	0	0	0	0	11
assemblage-763-893	0	0	59	0	0	0	0	0	0	0	0	0	0	0	0	28	0	0	0	0	0	0	0	0	0	0	0	0	0	0	0	0	0	0	0	0	0	0	0	0	0	0	0	0	0	0	182	0	0	0	0	179	0	0	0	0	0	0	0	0	0	0	0	0	0	0	0	46	0	0	0	0	0	0	6
assemblage-991-355	0	0	0	0	0	0	0	0	0	0	0	0	0	0	0	0	258	0	0	0	0	0	0	0	0	0	0	0	0	0	0	0	0	0	27	0	34	0	0	0	0	0	0	0	0	0	77	0	0	0	0	89	0	0	0	0	0	0	0	0	0	0	0	0	0	0	0	0	0	0	8	0	0	0	7
assemblage-711-905	32	0	0	0	0	0	0	0	0	0	0	0	0	0	0	0	231	0	0	0	0	0	0	0	0	0	0	0	0	0	0	5	0	0	74	0	0	0	0	0	0	0	0	0	0	0	91	0	0	0	0	22	0	0	0	0	0	0	0	0	0	0	0	0	0	0	0	0	0	0	43	0	0	0	2
assemblage-405-331	0	0	0	0	0	0	0	0	0	0	0	0	0	0	0	0	196	0	0	0	0	0	0	0	0	0	0	0	0	0	0	48	0	0	22	0	18	0	0	42	0	0	0	0	0	0	17	0	0	0	0	137	0	0	0	0	0	0	0	0	0	0	0	0	0	0	0	0	0	0	15	0	0	0	5
assemblage-267-347	16	0	0	0	0	0	0	0	0	0	0	0	0	0	0	0	95	0	0	0	0	0	0	12	0	0	0	0	0	0	0	0	0	0	224	0	0	0	0	78	0	0	0	0	0	0	10	0	0	0	0	44	0	0	0	0	0	0	0	0	0	0	0	0	0	0	0	0	0	0	19	0	0	0	2
assemblage-702-912	10	0	0	0	0	0	0	0	0	0	0	0	0	0	0	0	90	0	0	0	0	0	0	0	0	0	0	0	0	0	0	0	0	0	222	0	0	0	0	96	0	0	0	0	0	0	27	0	0	0	0	42	0	0	0	0	0	0	0	0	0	0	0	0	0	0	0	0	0	0	11	0	0	0	2
assemblage-520-527	0	0	60	0	0	0	0	0	0	0	0	0	0	0	0	0	101	0	0	0	0	0	0	0	0	0	0	0	0	0	0	0	0	9	76	0	0	0	0	0	0	0	0	0	0	0	106	0	0	0	0	142	0	0	0	0	0	0	0	0	0	0	0	0	0	0	0	0	0	0	0	0	0	0	6
assemblage-471-319	0	0	93	0	0	0	0	0	0	0	0	139	0	0	0	173	0	0	0	0	0	0	0	0	0	0	0	11	0	0	0	0	0	0	0	10	0	0	0	0	0	0	0	0	0	0	37	0	0	32	0	0	0	0	0	0	0	0	0	0	0	0	0	0	0	0	0	0	0	0	0	0	0	0	5
assemblage-302-569	0	0	0	0	0	0	72	0	0	0	0	0	0	0	3	0	265	0	0	0	0	0	0	0	0	0	0	0	0	0	0	8	0	0	31	0	0	0	0	12	0	0	0	0	0	0	15	0	0	0	0	29	0	0	0	0	0	0	0	0	0	0	0	14	0	0	16	0	0	0	31	0	0	0	4
assemblage-499-512	0	0	70	0	0	0	0	0	0	0	0	0	0	0	0	0	100	0	0	0	0	0	0	0	0	0	0	0	0	0	0	0	0	0	61	0	0	0	0	0	0	0	0	0	0	0	124	0	0	0	0	140	0	0	0	0	0	0	0	0	0	0	0	0	0	0	0	0	0	0	0	0	0	0	5
assemblage-230-157	0	0	0	0	0	0	0	0	13	0	0	0	0	0	0	0	0	0	0	0	0	0	0	0	47	0	0	0	0	0	0	0	0	63	142	0	0	0	0	0	0	0	0	0	214	0	0	0	0	0	0	8	0	0	0	0	0	0	0	0	0	0	0	0	0	0	0	0	0	0	0	0	0	0	13
assemblage-891-274	2	0	0	0	0	0	0	0	0	0	0	0	0	0	0	0	53	0	0	0	0	0	0	0	0	0	0	0	0	0	0	0	0	43	66	0	0	0	0	0	0	0	0	0	0	0	130	0	0	0	0	201	0	0	0	0	0	0	0	0	0	0	0	0	0	0	0	0	0	0	0	0	0	0	5
assemblage-371-808	0	0	0	0	0	0	0	0	0	0	0	0	0	0	0	0	378	0	0	27	0	0	0	0	0	22	12	0	0	0	0	0	0	0	4	0	0	0	0	0	0	0	0	0	0	0	0	0	0	0	0	37	0	0	0	0	0	0	0	0	0	0	0	0	0	0	0	0	0	0	0	0	0	0	20
assemblage-916-1002	0	0	0	0	0	0	0	0	0	0	0	0	0	0	0	0	0	0	0	0	0	0	0	0	0	0	0	0	0	0	0	0	0	68	96	0	0	0	0	0	0	0	0	0	11	0	53	0	0	0	0	228	0	0	0	0	0	0	0	0	0	0	0	0	0	0	0	36	0	0	0	0	0	0	8
assemblage-575-740	0	0	0	0	0	0	0	0	0	0	0	0	0	0	0	0	0	0	0	0	0	0	0	0	0	0	0	0	0	0	0	0	0	113	148	0	0	0	0	0	0	0	0	0	5	0	172	0	0	0	0	45	0	0	0	0	0	0	0	0	0	0	0	0	0	0	0	0	0	0	0	0	0	0	17
assemblage-799-965	0	0	0	0	0	0	0	0	0	0	0	0	0	0	0	0	42	0	0	0	0	0	0	0	0	0	0	0	0	0	0	0	0	31	70	0	0	0	0	0	0	0	0	0	0	0	133	0	0	0	0	213	0	0	0	0	0	0	0	0	0	0	0	0	0	0	0	0	0	0	0	0	0	0	11
assemblage-599-246	0	0	0	0	0	0	21	0	0	0	0	0	0	0	0	0	219	0	0	0	0	0	0	0	0	0	0	0	0	0	0	14	0	0	64	0	10	0	0	15	0	0	0	0	0	0	9	0	0	0	0	91	0	0	0	0	0	0	0	0	0	0	0	0	0	0	0	0	0	0	20	0	11	0	26
assemblage-398-355	0	0	0	0	0	0	0	0	0	0	0	0	0	0	0	0	245	0	0	0	0	0	0	0	0	0	0	0	0	0	12	0	0	0	71	0	0	18	0	11	0	0	0	0	0	0	0	0	0	0	0	88	0	0	0	0	0	0	0	0	0	0	9	0	0	0	0	0	0	0	9	0	21	0	16
assemblage-526-569	0	0	0	0	0	0	0	0	0	0	0	0	0	0	0	0	282	0	0	0	0	0	0	0	0	9	62	0	0	0	0	0	0	0	67	0	0	0	0	0	0	0	0	0	0	0	0	0	0	0	0	40	0	0	0	0	0	0	0	0	0	0	0	0	0	0	27	0	0	0	0	0	0	0	13
assemblage-509-534	5	0	58	0	0	0	0	0	0	0	0	0	0	0	0	0	76	0	0	0	0	0	0	0	0	0	0	0	0	0	0	0	0	0	105	0	0	0	0	0	0	0	0	0	0	0	96	0	0	0	0	153	0	0	0	0	0	0	0	0	0	0	0	0	0	0	0	0	0	0	0	0	0	0	7
assemblage-675-257	0	0	0	0	0	0	0	0	0	0	0	0	0	0	0	0	409	0	0	8	0	0	0	0	0	32	8	0	0	0	0	0	0	0	0	0	0	0	0	0	0	0	0	0	0	0	0	0	0	0	0	27	0	0	0	0	0	0	0	0	0	0	0	0	0	0	0	0	0	0	0	0	0	0	16
assemblage-612-218	0	0	0	0	0	0	20	0	0	0	0	0	0	0	0	0	351	0	0	0	0	0	0	0	0	14	0	0	0	0	0	0	0	0	61	0	0	0	0	0	0	0	0	0	0	0	0	0	0	0	0	41	0	0	0	0	0	0	0	0	0	0	0	0	0	0	0	0	0	0	0	0	0	0	13
assemblage-525-913	0	0	32	0	0	0	0	0	0	0	0	0	0	0	0	0	0	0	0	0	0	0	0	0	0	0	0	0	0	0	0	0	0	23	217	0	0	0	0	0	0	0	0	0	64	0	65	0	0	0	0	55	0	0	0	0	0	0	0	0	0	0	0	0	0	0	0	34	0	0	0	0	0	0	10
assemblage-164-933	0	0	0	0	0	0	0	0	0	0	0	0	0	0	0	0	370	0	0	41	0	0	0	0	0	17	13	0	0	0	0	0	0	0	0	0	0	0	0	0	0	0	0	0	0	0	0	0	0	0	0	40	0	0	0	5	0	0	0	0	0	0	0	0	0	0	0	0	0	0	0	0	0	0	14
assemblage-470-127	0	0	0	0	0	0	0	0	0	0	0	0	0	0	0	0	0	0	0	0	0	0	0	0	0	0	0	0	0	0	0	0	0	129	140	0	0	0	0	0	0	0	0	0	9	0	166	0	0	0	0	30	0	0	0	0	0	0	0	0	0	0	0	0	0	0	0	0	0	0	0	0	0	0	26
assemblage-257-856	0	0	45	0	0	0	0	0	0	0	0	6	0	0	0	0	0	0	0	0	0	0	0	0	0	0	0	0	0	0	0	0	0	18	113	0	0	0	0	0	0	0	0	0	21	0	122	0	0	0	0	146	0	0	0	0	0	0	0	0	0	0	0	0	0	0	0	21	0	0	0	0	0	0	8
assemblage-782-467	0	0	0	0	0	0	0	0	0	0	0	0	4	0	0	0	21	0	0	0	0	0	0	0	0	0	0	0	0	0	0	0	0	0	162	0	0	0	48	0	0	0	0	0	0	0	83	0	0	0	0	168	0	0	0	0	0	0	0	0	0	0	0	0	0	0	0	0	0	0	0	0	0	0	14
assemblage-540-938	0	0	97	0	0	0	0	0	0	4	0	24	0	0	0	0	13	0	0	0	0	0	0	0	0	0	0	0	0	0	0	0	0	0	108	0	0	0	0	0	0	0	0	0	0	0	98	0	0	0	0	103	0	0	0	0	0	0	0	0	0	0	0	0	0	0	0	49	0	0	0	0	0	0	4
assemblage-477-336	0	0	102	0	0	0	0	0	0	0	0	120	0	0	0	162	0	0	0	0	0	0	0	0	0	0	0	9	0	0	0	0	0	0	0	17	0	0	0	0	0	0	0	0	0	0	53	0	0	26	0	0	0	0	0	0	0	0	0	0	0	0	0	0	0	0	0	0	0	0	0	0	0	0	11
assemblage-370-281	0	0	33	0	0	0	0	0	0	0	0	45	0	0	0	25	0	0	0	0	0	0	0	0	0	0	0	0	0	0	0	0	0	26	38	0	0	0	0	0	0	0	0	0	53	0	100	0	0	0	0	148	0	0	0	0	0	0	0	0	0	0	0	0	0	0	0	18	0	0	0	0	0	0	14
assemblage-672-407	0	0	0	0	0	0	18	0	0	0	0	0	0	0	0	0	351	0	0	0	0	0	0	0	0	0	0	0	0	9	0	0	0	0	0	0	13	0	0	0	0	0	0	0	0	0	0	0	0	0	0	69	0	0	0	0	0	0	0	0	0	0	0	0	0	0	0	0	0	0	18	0	0	0	22
assemblage-928-1006	0	0	18	0	0	0	0	0	0	0	0	0	0	0	0	0	0	0	0	0	0	0	0	0	0	0	0	0	0	0	0	0	0	14	215	0	0	0	0	0	0	0	0	0	61	0	83	0	0	0	0	90	0	0	0	0	0	0	0	0	0	0	0	0	0	0	0	14	0	0	0	0	0	0	5
assemblage-250-872	0	0	81	0	0	0	0	0	0	0	0	30	0	0	0	0	9	0	0	0	0	0	0	0	0	0	0	0	0	0	0	0	0	0	109	0	0	0	0	0	0	0	0	0	0	0	117	0	0	0	0	108	0	0	0	0	0	0	0	0	0	0	0	0	0	0	0	38	0	0	0	0	0	0	8
assemblage-510-572	0	0	0	0	0	0	0	0	0	0	0	0	0	0	0	0	384	0	0	0	0	0	0	0	0	5	0	0	0	0	0	0	0	0	0	0	0	0	0	0	0	0	0	0	0	0	0	0	0	0	0	76	12	0	0	0	9	0	0	0	0	0	0	0	0	0	0	0	0	0	0	0	0	0	14
assemblage-673-388	0	0	0	0	0	0	10	0	0	0	0	0	0	0	0	0	370	0	0	0	0	0	0	0	0	0	0	0	0	0	0	0	0	0	0	0	23	0	0	0	0	0	0	0	0	0	0	0	0	0	0	65	0	0	0	0	0	0	0	0	0	0	0	0	0	0	0	0	0	0	10	0	0	0	22
assemblage-288-575	0	0	0	0	0	0	0	0	0	0	0	0	0	0	0	0	224	0	0	0	0	0	0	0	0	0	0	0	0	0	0	6	0	0	71	0	21	0	0	0	0	0	0	0	0	0	0	0	0	0	0	145	0	0	0	0	0	0	0	0	0	0	0	0	0	0	0	0	0	0	20	0	0	0	13
assemblage-356-329	0	0	0	0	0	0	0	0	0	0	0	0	0	0	0	0	249	0	0	0	0	0	0	0	0	0	0	0	0	0	0	0	0	0	50	0	51	0	0	0	0	0	0	0	0	0	0	0	0	0	0	130	0	0	0	0	0	0	0	0	0	0	0	0	0	0	0	0	0	0	6	0	0	0	14
assemblage-935-1004	0	0	40	0	0	0	0	0	0	0	0	0	0	0	0	0	0	0	0	0	0	0	0	0	0	0	0	0	0	0	0	0	0	22	196	0	0	0	0	0	0	0	0	0	65	0	86	0	0	0	0	60	0	0	0	0	0	0	0	0	0	0	0	0	0	0	0	29	0	0	0	0	0	0	2
assemblage-988-336	0	0	0	0	0	0	0	0	0	0	0	0	0	0	0	0	257	0	0	0	0	0	0	0	0	0	0	0	0	0	0	0	0	0	14	0	54	0	0	0	0	0	0	0	0	0	47	0	0	0	0	124	0	0	0	0	0	0	0	0	0	0	0	0	0	0	0	0	0	0	0	0	0	0	4
assemblage-344-220	50	0	0	0	0	0	0	0	0	0	0	0	0	0	0	0	202	0	0	0	0	0	0	0	0	0	0	0	0	0	0	10	0	0	99	0	0	0	0	0	0	0	0	0	0	0	79	0	0	0	0	19	0	0	0	0	0	0	0	0	0	0	0	0	0	0	0	0	0	0	38	0	0	0	3
assemblage-352-266	0	0	0	0	0	0	0	0	0	0	0	0	0	0	0	0	0	0	0	0	0	0	0	0	3	0	0	0	0	0	0	0	0	67	116	0	0	0	0	0	0	0	0	0	22	0	242	0	0	0	0	26	0	10	0	0	0	0	0	0	0	0	0	0	0	0	0	0	0	0	0	0	0	0	14
assemblage-261-343	5	0	0	0	0	0	0	0	0	0	0	0	0	0	0	0	44	0	0	0	0	0	0	0	0	0	0	0	0	0	0	45	0	0	121	0	0	0	0	0	0	0	0	0	0	0	12	0	0	0	0	257	0	0	0	0	0	0	0	0	0	0	0	0	0	0	0	0	0	0	3	0	0	0	13
assemblage-793-991	51	0	0	0	0	26	0	0	0	0	0	0	0	0	0	0	91	0	0	0	0	0	0	0	0	0	0	0	0	0	0	0	0	66	53	0	0	0	0	0	0	0	0	0	0	0	62	0	0	0	0	135	0	0	0	0	0	0	0	0	0	0	0	0	0	0	0	0	0	0	0	0	0	0	16
assemblage-689-249	0	0	0	0	0	0	0	0	0	0	0	0	0	0	0	0	285	0	0	0	0	0	0	0	0	13	83	0	0	0	0	0	0	0	40	0	0	0	0	0	0	0	0	0	0	0	0	0	0	0	0	52	0	0	0	0	0	0	0	0	0	0	0	0	0	0	18	0	0	0	0	0	0	0	9
assemblage-923-976	0	0	21	0	0	0	0	0	0	0	0	0	0	0	0	0	0	0	0	0	0	0	0	0	0	0	0	0	0	0	0	0	0	15	226	0	0	0	0	0	0	0	0	0	50	0	81	0	0	0	0	71	0	0	0	0	0	0	0	0	0	0	0	0	0	0	0	32	0	0	0	0	0	0	4
assemblage-178-167	0	0	0	0	0	0	0	0	0	0	0	8	0	0	0	2	0	0	0	0	0	0	0	0	0	0	0	0	0	0	0	0	0	38	133	0	0	0	0	0	0	0	0	0	18	0	256	0	0	0	0	19	0	0	0	0	0	0	0	0	0	0	0	0	0	0	0	0	0	0	0	0	0	0	26
assemblage-562-744	0	0	82	0	0	0	0	0	0	0	0	0	0	0	0	0	77	0	0	0	0	0	0	0	0	0	0	0	0	0	0	0	0	0	57	0	0	0	0	0	0	0	0	0	0	0	133	0	0	0	0	142	0	0	0	0	0	0	0	0	0	0	0	0	0	0	0	0	0	0	0	0	0	0	9
assemblage-263-346	9	0	0	0	0	0	0	0	0	0	0	0	0	0	0	0	56	0	0	0	0	0	0	0	0	0	0	0	0	0	0	34	0	0	111	0	0	0	0	0	0	0	0	0	0	0	13	0	0	0	0	264	0	0	0	0	0	0	0	0	0	0	0	0	0	0	0	0	0	0	0	0	0	0	13
assemblage-667-407	0	0	0	0	0	0	16	0	0	0	0	0	0	0	0	0	331	0	0	0	0	0	0	0	0	9	0	0	0	0	0	0	0	0	67	0	0	0	0	0	0	0	0	0	0	0	0	0	0	0	0	61	0	0	0	0	0	0	0	0	0	0	0	0	0	0	0	0	0	0	0	0	0	0	16
assemblage-471-161	22	0	34	0	0	0	0	0	0	0	0	0	0	0	0	0	11	0	0	0	0	0	0	0	0	0	0	0	0	0	0	0	0	23	37	0	0	0	0	0	0	0	0	0	14	0	141	0	0	0	0	190	0	0	0	0	0	0	0	0	0	0	0	0	0	0	0	22	0	0	0	0	0	0	6
assemblage-955-695	80	0	0	0	0	0	0	0	0	0	0	0	0	6	0	0	52	0	10	0	0	0	0	0	0	0	0	0	0	0	0	0	0	73	37	0	0	0	0	0	0	0	0	0	0	0	122	0	0	0	0	114	0	0	0	0	0	0	0	0	0	0	0	0	0	0	0	0	0	0	0	0	0	0	6
assemblage-562-770	0	0	0	0	0	0	0	0	0	0	0	0	0	0	0	0	0	0	0	0	0	0	0	0	0	0	0	0	0	0	0	0	0	106	140	0	0	0	0	0	0	0	0	0	6	0	180	0	0	0	0	46	0	0	0	0	0	0	0	0	0	0	0	0	0	0	0	0	0	0	0	0	0	0	22
assemblage-809-982	9	0	0	0	0	20	0	0	0	0	0	0	0	0	0	0	127	0	0	0	0	0	0	0	0	0	0	0	0	0	0	0	0	39	61	0	0	0	28	0	0	0	0	0	0	0	52	0	0	0	0	162	0	0	0	0	0	0	0	0	0	0	0	0	0	0	0	0	0	0	0	0	0	0	2
assemblage-594-250	0	0	0	0	0	0	0	0	0	0	0	0	0	0	0	0	212	0	0	0	0	0	0	0	0	0	0	0	0	0	18	0	0	0	102	0	0	8	0	4	0	0	0	0	0	0	0	0	0	0	0	97	0	0	0	0	0	0	0	0	0	0	11	0	0	0	0	0	0	0	0	0	33	0	15
assemblage-491-357	0	0	74	0	0	0	0	0	0	0	0	168	0	0	0	159	0	0	0	0	0	0	0	0	0	0	0	8	0	0	0	0	0	0	0	9	0	0	0	0	0	0	0	0	0	0	49	0	0	28	0	0	0	0	0	0	0	0	0	0	0	0	0	0	0	0	0	0	3	0	0	0	0	0	2
assemblage-491-516	0	0	77	0	0	0	0	0	0	0	0	0	0	0	0	0	86	0	0	0	0	0	0	0	0	0	0	0	0	0	0	0	0	0	101	0	0	0	0	0	0	0	0	0	0	0	102	0	0	0	0	124	0	0	0	0	0	0	0	0	0	0	0	0	0	0	0	0	0	0	0	0	0	0	10
assemblage-340-344	0	0	0	0	0	0	0	0	0	0	0	0	0	0	0	0	235	0	0	0	0	0	0	0	0	0	0	0	0	0	0	6	0	0	90	0	24	0	0	0	0	0	0	0	0	0	0	0	0	0	0	123	0	0	0	0	0	0	0	0	0	0	0	0	0	0	0	0	0	0	11	0	0	0	11
assemblage-921-684	0	0	8	0	0	18	0	0	0	0	0	0	0	0	0	0	0	0	0	0	0	0	0	0	0	0	0	0	0	0	0	0	3	67	116	0	0	0	0	0	0	0	0	0	0	0	172	0	0	0	0	106	0	0	0	0	0	0	0	0	0	0	0	0	0	0	0	0	0	0	0	0	0	0	10
assemblage-900-267	102	0	0	0	0	14	0	0	0	0	0	0	0	0	0	0	106	0	0	0	0	0	0	0	0	0	0	0	0	0	0	0	0	19	130	0	0	0	15	13	0	0	0	0	0	0	64	0	0	0	0	33	0	0	0	0	0	0	0	0	0	0	0	0	0	0	0	0	0	0	0	0	0	0	4
assemblage-709-471	0	0	0	0	0	0	0	0	0	0	0	0	0	0	0	0	243	0	0	0	0	0	0	0	0	0	20	0	0	0	0	16	0	0	39	0	15	0	0	9	0	0	0	0	0	0	0	0	0	0	0	143	0	0	0	0	0	0	0	0	0	0	0	0	0	0	0	0	0	0	0	0	0	0	15
assemblage-291-540	56	0	0	0	0	18	0	0	0	0	0	0	0	0	0	0	96	0	0	0	0	0	0	0	0	0	0	0	0	0	0	0	0	46	51	0	0	0	0	0	0	0	0	0	0	0	89	0	0	0	0	122	0	0	0	0	0	0	0	0	0	0	0	0	0	0	0	0	0	0	0	0	0	0	22
assemblage-532-565	0	0	0	0	0	0	0	0	0	0	0	0	0	0	0	0	280	0	0	0	0	0	0	0	0	7	73	0	0	0	0	0	0	0	35	0	0	0	0	0	0	0	0	0	0	0	0	0	0	0	0	65	0	0	0	0	0	0	0	0	0	0	0	0	0	0	29	0	0	4	0	0	0	0	7
assemblage-602-233	0	0	0	0	0	0	29	0	0	0	0	0	0	0	0	0	165	0	0	0	0	0	0	0	0	44	8	0	0	0	0	0	0	0	83	0	0	0	0	0	0	0	0	0	0	0	0	0	0	0	0	79	0	0	5	0	0	0	0	0	0	0	0	0	0	0	47	0	0	20	10	0	0	0	10
assemblage-868-416	0	0	0	0	0	15	0	0	0	0	0	0	0	0	0	0	0	0	0	0	0	0	0	0	0	0	0	0	0	0	0	0	0	54	121	0	0	0	0	0	0	0	0	0	0	0	209	0	0	0	0	78	0	0	0	0	0	0	0	0	0	0	0	0	0	0	0	0	0	0	0	0	0	0	23
assemblage-164-945	0	0	0	0	0	0	0	0	0	0	0	0	0	0	0	0	343	0	0	0	0	0	0	0	0	9	0	0	0	0	0	0	0	0	10	0	0	0	0	0	0	0	0	0	0	0	0	0	0	0	0	85	22	0	0	0	13	0	0	0	0	0	0	0	0	0	0	0	0	0	0	0	0	0	18
assemblage-609-673	4	0	33	0	0	0	0	0	0	0	0	0	0	0	0	0	12	0	0	0	0	0	0	0	0	0	0	0	0	0	0	0	0	16	23	0	0	0	0	0	0	0	0	0	9	0	178	0	0	0	0	204	0	0	0	0	0	0	0	0	0	0	0	0	0	0	0	18	0	0	0	0	0	0	3
assemblage-361-255	0	0	14	0	0	0	0	0	0	0	0	40	0	0	0	45	0	0	0	0	0	0	0	0	0	0	0	0	0	0	0	0	0	35	0	7	0	0	0	0	0	0	0	0	160	0	11	0	0	0	0	166	0	0	0	0	0	0	0	0	0	0	0	0	0	0	0	0	0	0	0	0	0	0	22
assemblage-194-177	0	0	0	0	0	0	0	0	18	0	0	0	0	0	0	0	0	0	0	0	0	0	0	0	28	0	0	0	0	0	0	0	0	95	148	0	0	0	0	0	0	0	0	0	187	0	0	0	0	0	0	16	0	0	0	0	0	0	0	0	0	0	0	0	0	0	0	0	0	0	0	0	0	0	8
assemblage-906-535	0	0	0	0	0	0	0	0	0	0	0	0	0	0	0	0	0	0	0	0	0	0	20	0	0	0	0	0	0	0	0	0	0	0	0	0	0	0	0	0	0	0	0	0	0	0	0	0	0	0	0	457	0	7	0	0	0	0	0	0	0	0	0	0	0	0	0	0	0	0	0	0	0	0	16
assemblage-915-529	0	0	0	0	0	0	0	0	0	0	0	0	0	0	0	0	0	0	0	0	0	0	15	0	0	0	0	0	0	0	0	0	0	0	0	0	0	0	0	0	0	0	0	0	0	0	0	0	0	0	0	480	0	2	0	0	0	0	0	0	0	0	0	0	0	0	0	0	0	0	0	0	0	0	3
assemblage-518-548	0	0	0	0	0	0	0	0	0	0	0	0	0	0	0	0	288	0	0	0	0	0	0	0	0	6	55	0	0	0	0	0	0	0	62	0	0	0	0	0	0	0	0	0	0	0	0	0	0	0	0	45	0	0	0	0	0	0	0	0	0	0	0	0	0	0	32	0	0	0	0	0	0	0	12
assemblage-699-475	0	0	0	0	0	0	2	0	0	0	0	0	0	0	0	0	401	0	0	0	0	0	0	0	0	0	0	0	0	0	0	0	0	0	0	0	6	0	0	0	0	0	0	0	0	0	0	0	0	0	0	45	0	0	0	0	0	0	0	0	0	8	0	0	0	0	0	0	0	0	22	0	0	0	16
assemblage-919-1011	0	0	76	0	0	0	0	0	0	0	0	22	0	0	0	0	22	0	0	0	0	0	0	0	0	0	0	0	0	0	0	0	0	0	78	0	0	0	0	0	0	0	0	0	0	0	138	0	0	0	0	119	0	0	0	0	0	0	0	0	0	0	0	0	0	0	0	34	0	0	0	0	0	0	11
assemblage-458-160	0	0	0	0	0	0	0	0	0	0	0	0	0	0	0	0	0	0	0	0	0	0	0	0	0	0	0	0	0	0	0	0	0	133	159	0	0	0	0	0	0	0	0	0	8	0	152	0	11	0	0	28	0	0	0	0	0	0	0	0	0	0	0	0	0	0	0	0	0	0	0	0	0	0	9
assemblage-247-871	0	0	41	0	0	0	0	0	0	0	0	0	0	0	0	0	0	0	0	0	0	0	0	0	0	0	0	0	0	0	0	0	0	0	32	0	0	0	0	0	0	0	0	0	18	0	252	0	0	0	0	142	0	0	0	0	0	0	0	0	0	0	0	0	0	0	0	0	0	0	0	0	0	0	15
assemblage-760-869	0	0	66	0	0	0	0	0	0	0	0	109	0	0	0	7	0	0	0	0	0	0	0	0	0	0	0	0	0	0	0	0	0	0	0	0	0	0	0	0	0	0	0	0	60	0	47	0	0	0	6	191	0	0	0	0	0	0	0	0	0	0	0	0	0	0	0	0	0	0	0	0	0	0	14
assemblage-253-215	0	0	104	0	0	0	0	0	0	0	5	6	0	0	0	0	0	0	0	0	0	0	0	0	0	0	0	0	0	0	0	0	0	0	0	0	0	0	0	0	0	0	0	0	0	0	379	0	0	0	0	0	0	0	0	0	0	0	0	0	0	0	0	0	0	0	0	0	0	0	0	0	0	0	6
assemblage-258-243	0	0	137	0	0	0	0	0	0	0	0	0	0	0	0	0	0	0	0	0	0	0	0	0	0	0	0	0	0	0	0	0	0	0	0	0	0	0	0	0	0	0	0	0	0	0	350	0	0	0	0	0	0	0	0	0	0	0	0	0	0	0	0	0	0	0	0	0	0	0	0	0	0	0	13
assemblage-229-848	0	0	8	0	0	0	0	0	0	0	0	0	0	0	0	0	0	0	0	0	0	0	0	0	0	0	0	0	0	0	0	0	0	74	72	0	0	0	0	0	0	0	0	0	8	0	35	0	0	0	0	255	0	0	0	0	0	0	0	0	0	0	0	0	0	0	0	39	0	0	0	0	0	0	9
assemblage-297-123	0	0	0	0	0	0	0	0	0	0	0	0	0	0	0	0	0	0	0	0	0	0	0	0	0	0	0	0	0	0	0	0	0	41	61	0	0	0	0	0	0	0	0	12	5	0	49	0	0	0	0	287	0	0	0	0	0	0	0	0	0	0	0	0	0	0	0	31	0	0	0	0	0	0	14
assemblage-262-855	0	0	19	0	0	0	0	0	0	0	0	0	0	0	0	0	0	0	0	0	0	0	0	0	0	0	0	0	0	0	0	0	0	0	40	0	0	0	0	0	0	0	0	0	23	0	287	0	0	0	0	110	0	0	0	0	0	4	0	0	0	0	0	0	0	0	0	0	0	0	0	0	0	0	17
assemblage-767-883	0	0	5	0	0	0	0	0	0	0	0	0	0	0	0	0	0	0	0	0	0	0	0	0	6	0	0	0	0	0	0	0	0	74	134	0	0	0	0	0	0	0	0	0	19	0	229	0	0	0	0	17	0	6	0	0	0	0	0	0	0	0	0	0	0	0	0	0	0	0	0	0	0	0	10
assemblage-790-480	0	0	0	0	0	11	0	0	0	0	0	0	0	0	0	0	0	0	0	0	0	0	0	0	0	0	0	0	0	0	0	0	0	81	135	0	0	0	0	0	0	0	0	0	0	0	194	0	0	0	0	61	0	0	0	0	0	0	0	0	0	0	0	0	0	0	0	0	0	0	0	0	0	0	18
assemblage-604-218	0	0	0	0	0	0	2	0	0	0	0	0	0	0	0	0	375	0	0	0	0	0	0	0	0	0	0	0	0	9	0	0	0	0	0	0	16	0	0	0	0	0	0	0	0	0	0	0	0	0	0	62	0	0	0	0	0	0	0	0	0	0	0	0	0	0	9	0	0	0	15	0	0	0	12
assemblage-356-798	0	0	0	0	0	0	0	0	0	0	0	0	0	0	0	0	309	0	0	18	0	0	0	0	0	46	5	0	0	0	0	0	0	0	38	0	0	0	0	0	0	0	0	0	0	0	0	0	0	0	0	28	0	0	0	36	0	0	0	0	0	0	0	0	0	0	11	0	0	0	0	0	0	0	9
assemblage-524-544	0	0	0	0	0	0	0	0	0	0	0	0	0	0	0	0	326	0	0	43	0	0	0	0	0	40	0	0	0	0	0	0	0	0	37	0	0	0	0	0	0	0	0	0	0	0	0	0	0	0	0	24	0	0	0	16	0	0	0	0	0	0	0	0	0	0	0	0	0	0	0	0	0	0	14
assemblage-713-902	17	0	0	0	0	0	0	0	0	0	0	0	0	0	0	0	63	0	0	0	0	0	0	0	0	0	0	0	0	0	0	33	0	0	123	0	0	0	0	0	0	0	0	0	0	0	26	0	0	0	0	217	0	0	0	0	0	0	0	0	0	0	0	0	0	0	0	0	0	0	0	0	0	6	15
assemblage-912-548	0	0	0	0	0	0	0	0	0	0	0	0	0	0	0	0	0	0	0	0	0	0	6	0	0	0	0	0	0	0	0	0	0	0	0	0	0	0	0	0	0	0	0	0	0	0	0	0	0	0	0	487	0	0	0	0	0	0	0	0	0	0	0	0	0	0	0	0	0	0	0	0	0	0	7
assemblage-414-339	0	0	0	0	0	0	70	0	0	0	0	0	0	0	22	0	223	0	0	0	0	0	0	0	0	0	0	0	0	0	0	7	0	0	37	0	5	0	0	12	0	0	0	0	0	0	22	0	0	0	0	25	0	0	0	0	0	0	0	0	0	0	0	6	0	0	11	0	0	0	56	0	0	0	4
assemblage-713-907	32	0	0	0	0	0	0	0	0	0	0	0	0	0	0	0	224	0	0	0	0	0	0	0	0	0	0	0	0	0	0	18	0	0	45	0	0	0	0	0	0	0	0	0	0	0	112	0	0	0	0	21	0	0	0	0	0	0	0	0	0	0	0	0	0	0	0	0	0	0	45	0	0	0	3
assemblage-499-537	0	0	0	0	0	0	0	0	0	0	0	0	0	0	0	0	0	0	0	0	0	0	0	0	0	0	0	0	0	0	0	0	0	118	118	0	0	0	0	0	0	0	0	0	12	0	193	0	10	0	0	36	0	0	0	0	0	0	0	0	0	0	0	0	0	0	0	8	0	0	0	0	0	0	5
assemblage-539-762	0	0	66	0	0	0	0	0	0	0	0	0	0	0	0	0	22	0	0	0	0	0	0	0	0	0	0	0	0	0	0	0	0	0	142	0	0	0	0	0	0	0	0	0	0	0	199	0	0	0	0	55	0	0	0	0	0	0	0	0	0	0	0	0	0	0	0	0	0	0	0	0	0	0	16
assemblage-599-228	0	0	0	0	0	0	0	0	0	0	0	0	0	0	0	0	243	0	0	0	0	0	0	0	0	0	0	0	0	0	6	0	0	0	84	0	0	9	0	6	0	0	0	0	0	0	0	0	0	0	0	100	0	0	0	0	0	0	0	0	0	0	11	0	0	0	0	0	0	0	0	0	27	0	14
assemblage-804-979	6	0	0	0	0	26	0	0	0	0	0	0	0	0	0	0	124	0	0	0	0	0	0	0	0	0	0	0	0	0	0	0	0	50	67	0	0	0	13	0	0	0	0	0	0	0	37	0	0	0	0	167	0	0	0	0	0	0	0	0	0	0	0	0	0	0	0	0	0	0	9	0	0	0	1
assemblage-784-478	0	0	0	0	0	0	0	0	0	0	0	0	0	0	0	0	46	0	0	0	0	0	0	0	0	0	0	0	7	0	0	0	0	0	209	0	0	0	0	0	0	0	0	0	0	0	91	0	0	0	0	137	0	0	0	0	0	0	0	0	0	0	0	0	0	0	0	0	0	0	0	0	0	0	10
assemblage-353-252	0	0	20	0	0	0	0	0	0	0	0	51	0	0	0	41	0	0	0	0	0	0	0	0	0	0	0	0	0	0	0	0	0	33	0	21	0	0	0	0	0	0	0	0	139	0	10	0	0	0	0	165	0	0	0	0	0	0	0	0	0	0	0	0	0	0	0	0	0	0	0	0	0	0	20
assemblage-608-642	0	0	37	0	0	0	0	0	0	0	0	0	0	0	0	0	30	0	0	0	0	0	0	0	0	0	0	0	0	0	0	0	0	44	86	0	0	0	0	0	0	0	0	0	4	0	174	0	0	0	0	108	0	0	0	0	0	0	0	0	0	0	0	0	0	0	0	8	0	0	0	0	0	0	9
assemblage-458-145	9	0	37	0	0	0	0	0	0	0	0	0	0	0	0	0	10	0	0	0	0	0	0	0	0	0	0	0	0	0	0	0	0	17	21	0	0	0	0	0	0	0	0	0	13	0	134	0	0	0	0	224	0	0	0	0	0	0	0	0	0	0	0	0	0	0	0	33	0	0	0	0	0	0	2
assemblage-204-172	0	0	0	0	0	0	0	0	21	0	0	0	0	0	0	0	0	0	0	0	0	0	0	0	30	0	0	0	0	0	0	0	0	69	138	0	0	0	0	0	0	0	0	0	208	0	0	0	0	0	0	13	0	0	0	0	0	0	0	9	0	0	0	0	0	0	0	0	0	0	0	0	0	0	12
assemblage-692-253	0	0	0	0	0	0	0	0	0	0	0	0	0	0	0	0	327	0	0	30	0	0	0	0	0	33	0	0	0	0	0	0	0	0	31	0	0	0	0	0	0	0	0	0	0	0	0	0	0	0	0	24	0	0	0	22	0	0	0	0	0	0	0	0	7	0	17	0	0	0	0	0	0	0	9
assemblage-151-166	0	0	28	0	0	0	0	0	0	0	0	111	0	0	0	23	0	0	0	0	0	0	0	0	0	0	0	0	0	0	0	0	0	0	0	0	0	0	0	0	0	0	0	0	88	0	22	0	0	0	11	212	0	0	0	0	0	0	0	0	0	0	0	0	0	0	0	0	0	0	0	0	0	0	5
assemblage-768-861	0	0	38	0	0	0	0	0	0	0	0	112	0	0	0	7	0	0	0	0	0	0	0	0	0	0	0	0	0	0	0	0	0	0	0	0	0	0	0	0	0	0	0	0	74	0	43	0	0	0	4	212	0	0	0	0	0	0	0	0	0	0	0	0	0	0	0	0	0	0	0	0	0	0	10
assemblage-793-461	0	0	0	0	0	24	0	0	0	0	0	0	0	0	0	0	0	0	0	0	0	0	0	0	0	0	0	0	0	0	0	0	0	82	100	0	0	0	0	0	0	0	0	0	0	0	200	0	0	0	0	82	0	0	0	0	0	0	0	0	0	0	0	0	0	0	0	0	0	0	0	0	0	0	12
assemblage-936-696	22	0	0	0	0	0	0	0	0	0	0	0	0	0	0	0	54	0	0	0	0	0	0	0	0	0	0	0	0	0	0	0	0	31	122	0	0	0	14	0	0	0	0	0	0	0	117	0	0	0	0	119	0	0	0	0	0	0	0	0	0	0	0	0	0	0	0	0	0	0	0	0	0	0	21
assemblage-298-562	0	0	0	0	0	0	91	0	0	0	0	0	0	0	15	0	254	0	0	0	0	0	0	0	0	0	0	0	0	0	0	7	0	0	32	0	0	0	0	9	0	0	0	0	0	0	16	0	0	0	0	7	0	0	0	0	0	0	0	0	0	0	0	14	0	0	12	0	0	0	38	0	0	0	5
assemblage-256-346	24	0	0	0	0	0	0	0	0	0	0	0	0	0	0	0	99	0	0	0	0	0	0	0	0	0	0	0	0	0	0	0	0	0	244	0	0	0	0	66	0	0	0	0	0	0	6	0	0	0	0	30	0	0	0	0	0	0	0	0	0	0	0	0	0	0	0	0	0	0	23	0	0	0	8
assemblage-525-934	0	0	3	0	0	0	0	0	0	0	0	0	0	0	0	0	0	0	0	0	0	0	0	0	0	0	0	0	0	0	0	0	0	65	55	0	0	0	0	0	0	0	0	0	6	0	45	0	0	0	0	287	0	0	0	0	0	0	0	0	0	0	0	0	0	0	0	24	0	0	0	0	0	0	15
assemblage-325-227	12	0	0	0	0	0	0	0	0	0	0	0	0	0	0	0	51	0	0	0	0	0	0	0	0	0	0	0	0	0	0	41	0	0	108	0	0	0	0	0	0	0	0	0	0	0	13	0	0	0	0	257	0	0	0	0	0	0	0	0	0	0	0	0	0	0	0	0	0	0	0	0	0	0	18
assemblage-352-801	0	0	0	0	0	0	0	0	0	0	0	0	0	0	0	0	409	0	0	23	0	0	0	0	0	20	4	0	0	0	0	0	0	0	6	0	0	0	0	0	0	0	0	0	0	0	0	0	0	0	0	25	0	0	0	6	0	0	0	0	0	0	0	0	0	0	0	0	0	0	0	0	0	0	7
assemblage-254-348	16	0	0	0	0	0	0	0	0	0	0	0	0	0	0	0	97	0	0	0	0	0	0	14	0	0	0	0	0	0	0	0	0	0	238	0	0	0	0	48	0	0	0	0	0	0	14	0	0	0	0	57	0	0	0	0	0	0	0	0	0	0	0	0	0	0	0	0	0	0	9	0	0	0	7
assemblage-391-369	0	0	0	0	0	0	0	0	0	0	0	0	0	0	0	0	241	0	0	0	0	0	0	0	0	0	0	0	0	0	3	0	0	0	110	0	0	0	0	16	0	0	0	0	0	0	0	0	0	0	0	85	0	0	0	0	0	0	0	0	0	0	7	0	0	0	0	0	0	0	0	0	16	0	22
assemblage-873-390	0	0	0	0	0	5	0	0	0	0	0	0	0	0	0	0	0	0	0	0	0	0	0	0	0	0	0	0	0	0	0	0	0	75	109	0	0	0	0	0	0	0	0	0	0	0	203	0	0	0	0	85	0	0	0	0	0	0	8	0	0	0	0	0	0	0	0	0	0	0	0	0	0	0	15
assemblage-664-252	0	0	0	0	0	0	0	0	0	0	0	0	0	0	0	0	330	0	0	17	0	0	0	0	0	39	0	0	0	0	0	0	0	0	51	0	0	0	0	0	0	0	0	0	0	0	0	0	0	0	0	20	0	0	0	26	0	0	0	0	0	0	0	0	0	0	12	0	0	0	0	0	0	0	5
assemblage-351-254	0	0	55	0	0	0	0	0	0	0	0	0	0	0	0	32	0	0	0	0	0	0	0	0	0	0	0	0	0	0	0	0	0	0	0	0	0	0	0	0	0	0	0	0	0	0	152	0	0	0	0	188	0	0	0	0	0	0	0	0	0	0	0	0	0	0	0	63	0	0	0	0	0	0	10
assemblage-638-844	5	0	0	0	0	25	0	0	0	0	0	0	0	0	0	0	99	0	0	0	0	0	0	0	0	0	0	0	0	0	0	0	0	47	39	0	0	0	19	0	0	0	0	0	0	0	34	0	0	0	0	229	0	0	0	0	0	0	0	0	0	0	0	0	0	0	0	0	0	0	0	0	0	0	3
assemblage-406-358	0	0	0	0	0	0	0	0	0	0	0	0	0	0	0	0	223	0	0	0	0	0	0	0	0	0	0	0	0	0	0	11	0	0	70	0	33	0	0	0	0	0	0	0	0	0	8	0	0	0	0	132	0	0	0	0	0	0	0	0	0	0	0	0	0	0	0	0	0	0	13	0	0	0	10
assemblage-478-349	0	0	113	0	0	0	0	0	0	0	0	151	0	0	0	143	0	0	0	0	0	0	0	0	0	0	0	0	0	0	0	0	0	0	0	3	0	0	0	0	0	0	0	0	0	0	41	0	0	31	0	0	0	0	0	0	0	0	0	0	0	0	0	0	0	0	0	0	10	0	0	0	0	0	8
assemblage-294-127	0	0	24	0	0	0	0	0	0	0	0	0	0	0	0	0	0	0	0	0	0	0	0	0	0	0	0	0	0	0	0	0	0	0	26	0	0	0	0	0	0	0	0	0	28	0	257	0	0	0	0	147	0	0	0	0	0	0	0	0	0	0	0	0	0	0	0	0	0	0	0	0	0	0	18
assemblage-894-551	0	0	0	0	0	0	0	0	0	0	0	0	0	0	0	0	0	0	0	0	0	0	4	0	0	0	0	0	0	0	0	0	0	0	0	0	0	0	0	0	0	0	0	0	0	0	0	0	0	0	0	484	0	6	0	0	0	0	0	0	0	0	0	0	0	0	0	0	0	0	0	0	0	0	6
assemblage-185-590	0	0	0	0	0	0	0	0	0	0	0	0	0	0	0	0	286	0	0	0	0	0	0	0	0	0	34	0	0	0	10	11	0	0	25	0	27	0	0	0	0	0	0	0	0	0	0	0	0	0	0	79	0	0	0	0	0	0	0	0	0	0	0	0	0	0	0	0	0	0	0	0	0	0	28
assemblage-708-462	0	0	0	0	0	0	0	0	0	0	0	0	0	0	0	0	258	0	0	0	0	0	0	0	0	0	22	0	0	0	7	15	0	0	27	0	18	0	0	11	0	0	0	0	0	0	0	0	0	0	0	123	0	0	0	0	0	0	0	0	0	0	0	0	0	0	0	0	0	0	0	0	0	0	19
assemblage-371-811	0	0	0	0	0	0	0	0	0	0	0	0	0	0	0	0	360	0	0	0	0	0	0	0	0	8	0	0	0	0	0	0	0	0	10	0	0	0	0	0	0	0	0	0	0	0	0	0	0	0	0	87	15	0	0	0	4	0	0	0	0	0	0	0	0	0	0	0	0	0	0	0	0	0	16
assemblage-960-692	0	0	0	0	0	11	0	0	0	0	0	0	0	0	0	0	0	0	0	0	0	0	0	0	0	0	0	0	0	0	0	0	0	59	106	0	0	0	0	0	0	0	5	0	0	0	217	0	0	0	0	82	0	0	0	0	0	0	0	0	0	0	0	0	0	0	0	0	0	0	0	0	0	0	20
assemblage-619-655	0	0	76	7	0	0	0	0	0	0	0	0	0	0	0	0	37	0	0	0	0	5	0	0	0	0	0	0	0	0	0	0	0	0	133	0	0	0	0	0	0	0	0	0	0	0	185	0	0	0	0	47	0	0	0	0	0	0	5	0	0	0	0	0	0	0	0	0	0	0	0	0	0	0	5
assemblage-884-412	101	0	0	0	0	0	0	0	0	0	0	0	0	0	0	0	57	0	11	0	0	0	0	0	0	0	0	0	0	0	0	0	0	80	44	0	0	0	0	0	0	0	0	0	0	0	85	0	0	0	0	110	0	0	0	0	0	0	0	0	0	0	0	0	0	0	0	0	0	0	0	0	0	0	12
assemblage-934-1004	0	0	100	0	0	0	0	0	0	0	0	47	0	0	0	0	10	0	0	0	0	0	0	0	0	0	0	0	0	0	0	0	0	0	83	0	0	0	0	0	0	0	0	0	0	0	132	0	0	0	0	92	0	0	0	0	0	0	0	0	0	0	0	0	0	0	0	26	0	0	0	0	0	0	10
assemblage-713-915	24	0	0	0	0	0	0	0	0	0	0	0	0	0	0	0	234	0	0	0	0	0	0	0	0	0	0	0	0	0	0	17	0	0	53	0	0	0	0	0	0	0	0	0	0	0	94	0	0	0	0	25	0	0	0	0	0	0	0	0	0	0	0	0	0	0	0	0	0	0	52	0	0	0	1
assemblage-820-982	43	0	0	0	0	23	0	0	0	0	0	0	0	0	0	0	94	0	0	0	0	0	0	0	0	0	0	0	0	0	0	12	0	70	65	0	0	0	0	0	0	0	0	0	0	0	72	0	0	0	0	108	0	0	0	0	0	0	0	0	0	0	0	0	0	0	0	0	0	0	0	0	0	0	13
assemblage-980-351	10	0	0	0	0	0	0	0	0	0	0	0	0	0	0	0	63	0	0	0	0	0	0	0	0	0	0	0	0	0	0	30	0	0	123	0	0	0	0	11	0	0	0	0	0	0	16	0	0	0	0	227	0	0	0	0	0	0	0	0	0	0	0	0	0	0	0	0	0	0	0	0	0	0	20
assemblage-457-134	0	0	0	0	0	0	0	0	0	0	0	0	0	0	0	0	0	0	0	0	0	0	0	0	0	0	0	0	0	0	0	0	0	129	146	0	0	0	0	0	0	0	0	0	12	0	161	0	0	0	0	34	0	0	0	0	0	0	0	0	0	0	0	0	0	0	0	3	0	0	0	0	0	0	15
assemblage-341-212	13	0	0	0	0	0	0	0	0	0	0	0	0	0	0	0	170	0	0	0	0	0	0	0	0	0	0	0	0	0	0	17	0	0	92	0	11	0	0	14	0	0	0	0	0	0	38	0	0	0	0	116	0	0	0	0	0	0	0	0	0	0	0	0	0	0	0	0	0	0	18	0	0	0	11
