Assemblage_Name	6878391-3-3	2-1223238-0	3-3-2506258	3-4480255-3	4886922-0-2	3-3-3	3-9927829-3	2-4-1755279	4-1-3	0-4-2	6143556-5735500-3	0-4-80545	2-1477299-2	0-8661215-2	2-0-8741645	8989207-4-0	8110752-4-0	3-6784135-3	2-2-4423535	2-1545229-2	2-2-2	5602872-3-3	1-8649196-3	4422132-0-2	6143556-0-3	8846004-1030904-3	2-0-756394	2-4-9256451	3-5355528-3	2-2426730-2	2-4093214-2	2-4-9178463	8035365-3-3	2-7651633-0	2-4-0	2-4-3403863	2-820554-0	903280-3-3	5460462-0-2	1-2751566-3	5226667-8649196-3	2-0-2	1-2-0	2-0-8580645	2-9063001-0	2-8933449-2	3-9473391-2506258	2-747364-2	2-6939912-2	8846004-0-3	2986863-0-2
assemblage-160-948	9	0	25	0	0	185	0	0	0	0	0	0	0	0	0	0	0	0	0	0	0	0	0	0	0	0	0	0	0	0	0	0	3	0	69	0	0	0	0	0	0	202	0	0	0	0	0	0	0	0	7
assemblage-357-334	0	0	0	0	0	88	0	0	0	0	0	0	0	0	0	0	0	0	0	0	0	5	0	0	0	0	0	0	0	0	0	0	0	0	87	0	0	0	0	0	0	318	0	0	0	0	0	0	0	0	2
assemblage-679-391	0	0	0	0	0	183	0	0	0	0	0	0	0	0	0	0	0	0	0	37	0	0	0	0	0	0	0	0	0	0	0	0	0	0	99	0	0	0	0	0	0	173	0	0	0	0	0	0	0	0	8
assemblage-610-223	0	0	0	0	0	34	0	0	0	0	0	0	0	0	7	0	0	0	0	0	0	14	0	0	0	0	49	0	0	0	0	0	0	0	49	0	0	0	0	0	0	338	0	0	0	0	0	0	0	0	9
assemblage-688-487	0	0	0	0	0	178	0	0	0	0	0	0	0	0	0	0	0	0	0	0	0	11	0	0	0	0	0	0	0	0	0	0	0	0	9	0	0	0	0	0	0	298	0	0	0	0	0	0	0	0	4
assemblage-349-339	0	0	0	0	0	34	0	0	0	0	0	0	0	0	0	0	0	0	0	9	0	0	0	0	0	0	0	0	0	0	0	0	0	0	105	0	0	0	0	0	0	342	0	0	0	0	0	0	0	0	10
assemblage-803-461	0	0	0	0	0	116	0	0	0	0	0	0	0	0	0	0	0	0	0	0	15	0	0	0	77	0	0	0	0	0	0	0	0	0	101	0	0	0	0	0	0	175	0	11	0	0	0	0	0	0	5
assemblage-260-232	0	0	0	0	0	36	0	7	4	30	0	0	0	0	0	0	0	0	0	0	65	0	60	0	108	0	0	0	0	0	0	0	0	0	76	0	0	12	0	0	0	69	15	0	0	0	0	0	0	3	15
assemblage-977-352	0	0	0	0	0	107	0	0	0	0	0	0	0	0	0	0	0	0	0	53	0	0	0	0	0	0	0	0	0	0	0	0	0	0	165	0	0	0	0	0	0	154	0	0	0	0	0	0	17	0	4
assemblage-614-667	0	0	0	0	0	105	0	0	0	0	0	0	15	0	0	0	0	0	27	0	54	0	17	0	83	0	0	0	0	0	0	0	0	0	130	0	0	0	0	0	0	68	0	0	0	0	0	0	0	0	1
assemblage-198-177	0	0	0	0	0	91	0	0	0	0	0	0	0	0	0	0	0	0	0	0	0	0	0	0	0	0	0	0	0	0	0	0	0	0	51	0	0	64	0	0	0	201	82	0	0	0	0	0	0	0	11
assemblage-898-542	0	0	0	0	0	72	0	27	0	91	0	6	0	0	0	0	0	0	0	0	0	0	0	0	0	0	0	0	0	0	0	0	0	0	291	0	0	0	0	0	0	0	0	0	0	0	0	0	0	0	13
assemblage-942-233	0	0	0	0	0	14	0	0	0	0	0	0	0	0	0	0	0	0	0	0	0	0	0	0	0	0	0	0	0	0	0	0	0	0	183	0	0	0	43	0	0	254	0	0	0	0	0	0	0	0	6
assemblage-894-247	0	0	0	0	0	12	0	0	0	0	0	0	0	0	0	0	0	0	0	0	0	0	0	0	47	0	0	0	0	0	71	0	0	0	40	0	0	0	0	0	0	328	0	0	0	0	0	0	0	0	2
assemblage-894-530	0	0	0	0	0	59	0	37	0	123	0	0	0	0	0	0	0	0	0	0	0	0	0	0	0	0	0	0	0	0	0	0	0	0	264	0	0	0	0	0	0	0	0	0	0	0	0	0	0	0	17
assemblage-930-240	0	0	0	0	0	46	0	0	0	0	0	0	0	0	0	0	0	0	0	0	0	0	13	0	10	0	0	0	0	0	0	0	0	0	197	0	0	0	0	0	0	228	0	0	0	0	0	0	0	0	6
assemblage-411-344	0	0	0	0	0	46	0	0	0	0	0	0	0	0	0	0	0	0	0	0	0	0	0	0	0	0	0	0	0	0	0	0	0	0	109	0	0	0	0	0	0	336	0	0	0	0	0	0	0	0	9
assemblage-673-417	0	3	0	0	0	140	0	0	0	0	0	0	0	0	0	0	27	4	0	10	0	0	0	0	0	0	0	0	0	0	0	0	0	0	98	0	0	0	0	0	0	208	0	0	0	0	0	0	0	0	10
assemblage-254-333	0	0	0	0	0	92	0	0	0	0	0	0	0	0	0	0	0	0	0	53	0	0	0	0	0	0	0	0	0	0	0	0	0	0	148	0	0	0	0	0	0	170	0	0	0	0	0	0	30	0	7
assemblage-260-332	0	0	0	9	0	54	0	0	0	0	0	0	0	0	0	0	0	0	0	0	0	0	0	0	0	0	0	0	0	0	12	0	0	0	61	0	0	0	0	0	0	352	0	0	0	0	0	9	0	0	3
assemblage-681-262	0	0	0	0	0	173	0	0	0	0	0	0	0	0	0	0	62	0	0	0	0	0	0	0	0	0	0	0	0	0	0	0	0	0	22	0	0	0	0	0	0	239	0	0	0	0	0	0	0	0	4
assemblage-925-280	0	0	0	0	0	110	0	0	0	0	0	0	0	0	0	0	0	0	0	43	0	0	0	0	22	0	0	0	0	0	0	0	0	0	97	0	0	0	0	0	0	222	0	0	0	0	0	0	0	0	6
assemblage-371-813	0	0	0	0	0	245	0	0	0	0	0	0	0	0	0	0	0	0	0	0	0	0	0	0	0	0	0	0	0	0	0	0	0	0	89	0	0	0	0	0	0	162	0	0	0	0	0	0	0	0	4
assemblage-172-952	0	0	0	0	0	193	0	0	0	0	0	0	0	0	46	0	0	0	0	0	0	0	0	0	0	0	0	0	0	0	0	0	0	0	163	0	0	0	0	0	0	91	0	0	0	0	0	0	0	0	7
assemblage-887-413	0	0	0	0	0	109	0	0	0	0	0	0	0	0	0	0	0	0	0	0	15	0	7	0	100	0	0	0	0	0	0	0	0	0	77	0	0	0	0	0	0	163	0	19	0	0	0	0	0	0	10
assemblage-333-235	0	0	0	14	0	65	0	0	0	0	0	0	0	0	0	0	0	0	0	0	0	0	0	0	0	0	0	0	0	0	8	0	0	0	53	0	0	0	0	0	0	351	0	0	0	0	0	5	0	0	4
assemblage-296-570	0	0	0	0	0	50	0	0	0	0	0	0	0	0	0	0	0	0	0	11	0	0	0	0	0	0	0	0	0	0	0	0	0	0	86	0	0	0	0	0	0	345	0	0	0	0	0	0	0	0	8
assemblage-292-563	0	0	0	0	0	113	0	0	0	0	0	0	0	0	0	0	0	0	0	31	0	0	0	0	0	0	0	0	0	0	7	0	0	0	34	0	0	0	0	0	0	313	0	0	0	0	0	0	0	0	2
assemblage-357-256	0	0	0	0	0	6	0	0	0	0	0	11	0	0	0	0	0	0	0	0	116	0	39	0	176	0	0	0	0	0	0	0	0	0	126	0	0	0	0	0	0	22	0	0	0	0	0	0	0	0	4
assemblage-897-536	0	0	0	0	0	73	0	10	0	85	0	0	0	0	0	0	0	0	0	0	0	0	0	0	0	0	0	0	0	0	0	0	0	8	300	0	0	0	0	0	0	9	0	0	0	0	0	0	0	0	15
assemblage-957-688	0	0	0	0	0	109	0	0	0	0	0	0	0	0	0	0	0	0	0	0	28	0	0	0	99	0	0	3	0	0	0	0	0	0	94	0	0	0	0	0	0	155	0	8	0	0	0	0	0	0	4
assemblage-344-340	0	0	0	0	0	84	0	0	0	0	0	0	0	0	0	0	0	0	0	0	0	0	0	0	0	0	0	0	0	0	0	0	0	0	77	0	0	0	0	0	0	323	0	0	0	0	0	0	0	0	16
assemblage-340-239	0	0	0	25	0	55	0	0	0	0	0	0	0	0	0	0	0	0	0	0	0	0	0	0	0	0	0	0	0	0	15	0	0	0	67	0	0	0	0	0	0	315	0	0	0	0	0	17	0	0	6
assemblage-928-253	0	0	0	0	0	109	0	0	0	0	0	0	0	0	0	0	0	0	0	0	15	0	0	0	99	0	0	0	0	0	0	0	0	0	84	0	0	0	0	0	0	171	0	16	0	0	0	0	0	0	6
assemblage-449-332	0	0	0	0	0	0	0	0	0	0	0	0	0	0	0	0	0	0	0	0	182	0	286	0	17	0	0	0	0	0	0	0	0	0	0	0	0	0	0	10	4	0	0	0	0	0	0	0	0	0	1
assemblage-261-238	0	0	0	0	0	0	0	0	19	0	0	0	0	0	0	0	0	0	0	0	0	0	0	0	452	0	0	0	0	0	0	0	0	0	0	0	0	0	0	0	0	0	0	0	0	0	0	0	0	17	12
assemblage-363-786	0	0	0	0	0	203	0	0	0	0	0	0	0	0	48	0	0	0	0	0	0	0	0	0	0	0	0	0	0	0	0	0	0	0	128	0	0	0	0	0	0	112	0	0	0	0	4	0	0	0	5
assemblage-279-115	0	0	0	0	0	8	0	0	0	0	0	0	0	0	0	0	0	0	0	0	77	0	16	0	75	0	0	0	0	0	0	0	0	0	143	0	0	0	0	0	0	150	0	0	0	0	0	0	0	14	17
assemblage-543-930	0	0	0	0	0	0	0	0	0	0	0	0	0	0	0	0	0	0	0	0	180	0	6	0	49	0	0	0	0	0	0	0	0	0	107	0	0	0	0	0	0	76	0	0	0	0	0	0	0	71	11
assemblage-629-460	0	0	0	0	0	26	0	0	0	0	16	0	0	0	0	0	0	0	0	0	19	0	0	0	30	0	0	0	0	0	0	0	0	0	232	0	0	15	0	0	0	120	0	0	0	0	0	0	0	28	14
assemblage-815-972	0	0	0	0	0	130	0	0	0	0	0	0	0	0	0	0	0	0	0	0	0	0	0	0	9	0	0	0	0	0	0	0	0	0	166	0	11	0	0	0	0	174	0	0	0	0	0	0	0	0	10
assemblage-597-662	0	0	0	0	0	144	0	0	0	0	0	0	16	0	0	0	0	0	20	0	38	0	9	0	64	0	0	0	0	0	0	0	0	0	132	0	0	0	0	0	0	72	0	0	0	0	0	0	0	0	5
assemblage-292-549	0	0	0	0	0	107	0	0	0	0	0	0	0	0	0	0	0	0	0	0	0	0	0	0	17	0	0	0	0	0	10	0	0	0	150	0	0	0	0	0	0	214	0	0	0	0	0	0	0	0	2
assemblage-631-459	0	0	0	0	0	26	0	0	0	0	32	0	0	0	0	0	0	0	0	0	21	0	0	0	28	0	0	0	0	0	0	0	0	0	229	0	0	12	0	0	0	124	0	0	0	0	0	0	0	19	9
assemblage-353-336	0	0	0	0	0	114	0	0	0	0	0	0	0	0	0	0	0	0	0	0	0	0	0	0	0	0	0	0	0	0	0	0	0	0	76	0	0	0	0	0	0	295	0	0	0	0	0	0	0	0	15
assemblage-293-129	0	0	0	0	0	71	0	0	0	0	0	0	0	0	0	0	0	0	0	0	56	0	26	0	98	0	0	0	0	0	0	0	0	0	158	0	0	0	0	0	0	81	0	0	0	0	0	0	0	0	10
assemblage-370-312	0	0	0	0	0	100	0	0	0	0	0	0	0	0	0	0	0	0	0	0	0	12	0	0	0	0	0	0	0	0	0	0	0	0	65	0	0	0	0	0	0	315	0	0	0	0	0	0	0	0	8
assemblage-929-253	0	0	0	0	0	65	0	0	0	0	0	0	0	0	0	0	0	0	0	0	0	0	16	0	5	0	0	0	0	0	0	0	0	0	178	0	0	0	0	0	0	233	0	0	0	0	0	0	0	0	3
assemblage-295-545	0	0	0	0	0	6	0	0	0	0	0	0	0	0	0	0	0	0	0	0	0	0	0	0	58	0	0	0	0	0	100	0	0	0	48	0	0	0	0	0	0	284	0	0	0	0	0	0	0	0	4
assemblage-646-853	0	0	0	0	0	14	0	0	0	0	0	0	0	0	0	0	0	0	0	0	0	0	0	0	48	0	0	0	0	0	57	0	0	0	27	0	0	0	0	0	0	352	0	0	0	0	0	0	0	0	2
assemblage-280-126	0	0	0	0	0	13	0	0	0	0	0	0	0	0	0	0	0	0	0	0	173	0	0	0	56	0	0	0	0	0	0	0	0	0	86	0	0	0	0	0	0	75	0	0	0	0	0	0	0	87	10
assemblage-925-992	0	0	0	0	0	14	0	0	0	0	5	0	0	0	0	0	0	0	0	0	29	0	67	0	148	0	0	0	0	0	0	0	0	0	70	0	0	0	0	0	0	147	0	0	0	0	0	0	0	0	20
assemblage-196-186	0	0	0	0	0	137	0	0	0	0	0	0	0	0	0	0	0	0	0	0	0	0	0	0	0	0	0	0	0	0	0	0	0	0	57	0	0	37	0	0	0	203	60	0	0	0	0	0	0	0	6
assemblage-941-247	0	0	0	0	0	137	0	0	0	0	0	0	0	0	0	0	0	0	0	0	13	0	0	0	100	0	0	0	0	0	0	0	0	0	72	0	0	0	0	0	0	152	0	14	0	0	0	0	0	0	12
assemblage-882-392	0	0	0	0	0	99	0	0	0	0	0	0	0	0	0	0	0	0	0	0	8	0	7	0	119	0	0	0	0	0	0	0	0	0	78	0	0	0	0	0	0	179	0	4	0	0	0	0	0	0	6
assemblage-623-454	0	0	0	0	0	30	0	0	0	0	25	0	0	0	0	0	0	0	0	0	18	0	0	0	45	0	0	0	0	0	0	0	0	0	205	0	0	7	0	0	0	117	0	0	0	0	0	0	0	42	11
assemblage-621-440	0	0	0	0	0	71	0	0	0	0	0	0	0	0	0	0	0	0	0	0	64	0	116	0	0	0	0	0	0	0	0	0	0	0	166	0	0	38	0	0	0	0	31	0	0	0	0	0	0	0	14
assemblage-898-394	0	0	0	0	0	19	0	0	0	0	0	0	0	0	0	0	0	0	0	0	0	0	0	0	0	0	0	0	0	0	0	0	0	0	185	0	0	0	41	0	0	239	0	0	0	0	0	0	0	0	16
assemblage-720-910	0	0	0	14	0	60	0	0	0	0	0	0	0	0	0	0	0	0	0	0	0	0	0	0	0	0	0	0	0	0	8	0	0	0	64	0	0	0	0	0	0	339	0	0	0	0	0	12	0	0	3
assemblage-237-258	0	0	0	0	0	0	0	0	19	0	0	0	0	0	0	0	0	0	0	0	0	0	0	0	440	0	0	0	0	0	0	0	0	0	0	0	0	0	0	0	0	0	0	0	0	0	0	0	0	32	9
assemblage-687-249	0	0	0	0	0	156	0	0	0	0	0	0	0	0	0	0	64	0	0	0	0	0	0	0	0	0	0	0	0	0	0	0	0	0	16	0	0	0	0	0	0	256	0	0	0	0	0	0	0	0	8
assemblage-642-861	0	0	0	0	0	109	0	0	0	0	0	0	0	0	0	0	0	0	0	0	0	0	0	0	10	0	0	0	0	0	0	0	0	0	190	0	0	0	0	0	0	186	0	0	0	0	0	0	0	0	5
assemblage-246-246	0	0	0	0	0	0	0	0	20	0	0	0	0	0	0	0	0	0	0	0	0	0	0	0	427	0	0	0	0	0	0	0	0	0	0	0	0	0	0	0	0	0	0	0	0	0	0	0	0	42	11
assemblage-759-877	0	0	0	0	0	34	0	0	0	0	0	0	0	0	0	0	0	0	0	0	203	0	0	0	154	0	0	0	0	0	0	0	0	0	39	0	0	0	0	0	0	0	0	0	0	0	0	0	0	56	14
assemblage-759-874	0	0	0	0	0	40	0	0	0	0	0	0	0	0	0	0	0	0	0	0	196	0	0	0	164	0	0	0	0	0	0	0	0	0	41	0	0	0	0	0	0	0	0	0	0	0	0	0	0	49	10
assemblage-923-236	0	0	0	0	0	18	0	0	0	0	0	0	0	0	0	0	0	0	0	0	0	0	0	0	0	0	0	0	0	0	0	0	0	0	209	0	0	0	54	0	0	212	0	0	0	0	0	0	0	0	7
assemblage-280-565	0	0	0	0	0	63	0	0	0	0	0	0	0	0	0	0	0	0	0	8	0	0	0	0	18	0	0	0	0	0	26	0	0	0	131	0	0	0	0	0	0	249	0	0	0	0	0	0	0	0	5
assemblage-628-854	0	0	0	0	0	97	0	0	0	0	0	0	0	0	0	0	0	0	0	0	0	0	0	0	11	0	0	0	0	0	0	0	0	0	194	0	0	0	0	0	0	194	0	0	0	0	0	0	0	0	4
assemblage-710-473	0	0	0	0	0	131	0	0	0	0	0	0	0	0	0	0	16	0	0	6	0	8	0	0	0	0	13	0	0	0	0	0	0	0	67	0	0	0	0	0	0	247	0	0	0	0	0	0	0	0	12
assemblage-277-528	0	0	0	0	0	0	0	0	0	0	0	0	0	0	0	0	0	0	0	0	0	0	0	0	0	0	0	0	0	0	0	0	0	0	142	0	0	0	0	0	0	346	0	0	0	0	0	0	0	0	12
assemblage-328-328	0	0	0	0	0	114	0	0	0	0	0	0	0	0	0	0	0	0	0	27	0	0	0	0	0	0	0	0	0	0	7	0	0	0	42	0	0	0	0	0	0	306	0	0	0	0	0	0	0	0	4
assemblage-630-846	0	0	0	0	0	3	0	0	0	0	0	0	0	0	0	0	0	0	0	0	0	0	0	0	0	0	0	0	0	0	0	0	0	0	186	0	0	0	0	0	0	301	0	0	0	0	0	0	0	0	10
assemblage-190-596	0	0	0	0	0	161	0	0	0	0	0	0	0	0	0	0	0	0	0	36	0	0	0	0	0	0	0	0	0	0	0	0	0	0	106	0	0	0	0	0	0	187	0	0	0	0	0	0	0	0	10
assemblage-359-271	0	0	0	0	0	41	0	0	0	11	0	10	0	0	0	0	0	0	0	0	224	0	0	0	135	0	0	0	0	0	0	0	0	0	34	0	0	0	0	0	0	0	0	0	0	0	0	0	0	37	8
assemblage-985-351	0	0	0	0	0	37	0	0	0	0	0	0	0	0	0	0	0	0	0	0	0	0	0	0	0	0	0	0	35	0	20	0	0	0	196	0	0	0	0	0	0	206	0	0	0	0	0	0	0	0	6
assemblage-597-671	0	0	0	0	0	125	0	0	0	0	0	0	0	0	0	0	0	0	0	0	30	0	14	0	65	0	0	0	0	11	0	0	0	0	151	0	0	0	0	0	0	100	0	0	0	0	0	0	0	0	4
assemblage-460-153	0	0	0	0	0	136	0	0	0	0	0	0	0	0	0	0	0	0	0	0	29	0	0	0	77	0	0	0	0	13	0	0	0	0	127	0	0	0	0	0	0	105	0	0	0	0	0	0	0	0	13
assemblage-684-472	0	3	0	0	0	165	0	0	0	0	0	0	0	0	0	0	21	4	0	9	0	0	0	0	0	0	0	0	0	0	0	0	0	0	80	0	0	0	0	0	0	207	0	0	0	0	0	0	0	0	11
assemblage-689-477	0	13	0	0	0	143	0	0	0	0	0	0	0	0	0	0	39	5	0	11	0	0	0	0	0	0	0	0	0	0	0	0	0	0	96	0	0	0	0	0	0	191	0	0	0	0	0	0	0	0	2
assemblage-308-566	0	0	0	0	0	59	0	0	0	0	0	0	0	0	0	0	0	0	0	0	0	0	0	0	0	0	0	0	0	0	0	0	0	0	84	0	0	0	0	0	0	346	0	0	0	0	0	0	0	0	11
assemblage-471-340	0	0	0	0	0	0	0	0	0	0	0	0	0	0	0	0	0	0	0	0	206	0	248	0	23	0	0	0	0	0	0	0	0	0	0	0	0	0	0	8	14	0	0	0	0	0	0	0	0	0	1
assemblage-922-687	0	0	0	0	0	30	0	0	0	0	0	0	0	0	0	0	0	0	0	0	0	0	0	0	0	0	0	0	0	0	0	0	0	0	189	0	0	0	48	0	0	221	0	0	0	0	0	0	0	0	12
assemblage-910-1006	0	0	0	0	0	9	0	0	0	0	0	0	0	0	0	0	0	0	0	0	62	0	5	0	53	0	0	0	0	0	0	0	0	0	169	0	0	0	0	0	0	183	0	0	0	0	0	0	0	9	10
assemblage-774-471	0	0	0	0	0	34	0	0	0	0	0	0	0	0	0	0	0	0	0	0	4	0	0	0	0	0	0	0	0	0	0	0	0	0	52	0	0	0	0	0	0	392	0	0	0	0	0	0	0	0	18
assemblage-239-868	0	0	0	0	0	89	0	0	0	0	0	0	0	0	0	0	0	0	0	0	55	0	15	0	88	0	0	0	0	0	0	0	0	0	157	0	0	0	0	0	0	87	0	0	0	0	0	0	0	0	9
assemblage-543-757	0	0	0	0	0	138	0	0	0	0	0	0	26	0	0	0	0	0	11	0	52	0	6	0	52	0	0	0	0	0	0	0	0	0	128	0	0	0	0	0	0	81	0	0	0	0	0	0	0	0	6
assemblage-615-216	0	0	0	0	0	164	0	0	0	0	0	0	0	0	0	0	0	0	0	0	0	27	0	0	0	0	0	0	0	0	0	0	0	0	13	0	0	0	0	0	0	288	0	0	0	0	0	0	0	0	8
assemblage-352-230	0	0	0	0	0	103	0	0	0	0	0	0	0	0	0	0	0	0	0	48	0	0	0	0	0	0	0	0	0	0	0	0	0	0	159	0	0	0	0	0	0	166	0	0	0	0	0	0	18	0	6
assemblage-614-458	0	0	0	0	0	4	0	0	0	0	0	7	0	0	0	0	0	0	0	0	120	0	36	0	178	0	0	0	0	0	0	0	0	0	120	0	0	0	0	0	0	29	0	0	0	0	0	0	0	0	6
assemblage-614-459	0	0	0	0	0	34	0	0	0	0	29	0	0	0	0	0	0	0	0	0	29	0	0	0	30	0	0	0	0	0	0	0	0	0	244	0	0	12	0	0	0	89	0	0	0	0	0	0	0	26	7
assemblage-598-655	0	0	0	0	0	0	0	0	0	0	0	0	0	0	0	0	0	0	0	0	50	0	16	0	69	0	0	0	0	0	0	0	0	0	51	0	0	0	0	0	0	290	0	0	0	0	0	0	0	0	24
assemblage-336-223	0	0	0	0	0	69	0	0	0	0	0	0	0	0	0	0	0	0	0	0	0	0	0	0	0	0	0	0	34	0	14	0	0	0	167	0	0	0	0	0	0	208	0	0	0	0	0	0	0	0	8
assemblage-787-982	0	0	0	0	0	0	0	0	0	0	0	0	0	0	0	0	0	0	0	0	0	0	0	0	0	0	0	0	0	0	0	0	0	0	158	0	0	0	0	0	0	333	0	0	0	0	0	0	0	0	9
assemblage-637-842	0	0	0	0	0	104	0	0	0	0	0	0	0	0	0	0	0	0	0	0	0	0	0	0	14	0	0	0	0	0	7	0	0	0	183	0	0	0	0	0	0	187	0	0	0	0	0	0	0	0	5
assemblage-912-277	0	0	0	0	0	92	0	0	0	0	0	0	0	0	0	0	0	0	0	35	0	0	0	0	17	0	0	0	0	0	0	0	0	0	110	0	0	0	0	0	0	241	0	0	0	0	0	0	0	0	5
assemblage-167-585	0	0	0	0	0	194	0	0	0	0	0	0	0	0	0	0	0	0	0	29	0	0	0	0	0	0	0	0	0	0	0	0	0	0	76	0	0	0	0	0	0	190	0	0	0	0	0	0	0	0	11
assemblage-605-243	0	0	0	0	0	154	0	0	0	0	0	0	0	0	0	0	0	0	0	32	0	0	0	0	0	0	0	0	0	0	0	0	0	0	141	0	0	0	0	0	0	168	0	0	0	0	0	0	0	0	5
assemblage-498-521	0	0	0	0	0	119	0	0	0	0	0	0	17	0	0	0	0	0	30	0	44	0	6	0	55	0	0	0	0	0	0	0	0	0	128	0	0	0	0	0	0	97	0	0	0	0	0	0	0	0	4
assemblage-594-235	0	0	0	0	0	123	0	0	0	0	0	0	0	0	0	0	0	0	0	28	0	0	0	0	0	0	0	0	0	0	0	0	0	0	187	0	0	0	0	0	0	145	0	0	9	0	0	0	0	0	8
assemblage-694-256	0	0	0	0	0	182	0	0	0	0	0	0	0	0	53	0	0	0	0	0	0	0	0	0	0	0	0	0	0	0	0	0	0	0	141	0	0	0	0	0	0	117	0	0	0	0	0	0	0	0	7
assemblage-160-161	0	0	0	0	0	0	0	0	0	0	0	10	0	0	0	0	0	0	0	0	118	0	39	0	188	0	0	0	0	0	0	0	0	0	100	0	0	0	0	0	0	35	0	0	0	0	0	0	0	0	10
assemblage-904-260	0	0	0	0	0	95	0	0	0	0	0	0	0	0	0	0	0	0	0	37	0	0	0	0	21	0	0	0	0	0	0	0	0	0	120	0	0	0	0	0	0	224	0	0	0	0	0	0	0	0	3
assemblage-206-182	0	0	0	0	0	134	0	0	0	0	0	0	0	0	0	0	0	0	0	0	0	0	0	0	0	0	0	0	0	0	0	0	0	0	60	0	0	50	0	0	0	184	58	0	0	0	0	0	0	0	14
assemblage-396-352	0	0	0	0	0	113	0	0	0	0	0	0	0	0	0	0	0	0	0	0	0	5	0	0	0	0	0	0	0	0	0	0	0	0	69	0	0	0	0	0	0	303	0	0	0	0	0	0	0	0	10
assemblage-178-601	0	0	0	0	0	26	0	0	0	0	0	0	0	0	0	0	0	0	0	7	0	21	0	0	0	0	61	0	0	0	0	0	0	0	31	0	0	0	0	0	0	339	0	0	0	0	0	0	0	0	15
assemblage-165-927	0	0	0	0	0	191	0	0	0	0	0	0	0	0	0	0	0	0	0	0	0	0	0	0	0	0	9	0	0	0	0	0	0	0	98	0	0	0	0	0	0	195	0	0	0	0	0	0	0	0	7
assemblage-712-891	0	0	0	0	0	0	0	0	0	0	0	0	0	0	0	0	0	0	0	94	0	0	0	0	0	0	0	0	0	0	0	0	0	0	135	0	0	0	0	0	0	257	0	0	0	0	0	0	0	0	14
assemblage-635-856	0	0	0	0	0	76	0	0	0	0	0	0	0	0	0	0	0	0	0	31	0	0	0	0	12	0	0	0	0	0	0	0	0	0	126	0	0	0	0	0	0	247	0	0	0	0	0	0	0	0	8
assemblage-412-358	0	0	0	0	0	137	0	0	0	0	0	0	0	0	0	0	0	0	0	48	0	0	0	0	0	0	0	0	0	0	9	0	0	0	141	0	0	0	0	0	0	153	0	0	0	0	0	0	0	0	12
assemblage-319-550	0	0	0	0	0	5	0	0	0	0	0	0	0	0	0	0	0	0	0	0	0	0	0	0	60	0	0	0	0	0	48	0	0	0	45	0	0	0	0	0	0	340	0	0	0	0	0	0	0	0	2
assemblage-259-333	0	0	0	0	0	26	0	0	0	0	0	0	0	0	0	0	0	0	0	0	0	0	0	0	0	0	0	0	15	0	31	0	0	0	225	0	0	0	0	0	0	202	0	0	0	0	0	0	0	0	1
assemblage-520-558	0	0	0	0	0	167	0	0	0	0	0	0	0	0	0	0	45	0	0	0	0	0	0	0	0	0	0	0	0	0	0	0	0	0	13	0	0	0	0	0	0	269	0	0	0	0	0	0	0	0	6
assemblage-160-196	0	0	0	0	0	78	0	0	0	0	0	0	0	0	0	0	0	0	0	0	59	0	118	0	0	0	0	0	0	0	0	0	0	0	161	0	0	47	0	0	0	8	17	0	0	0	0	0	0	0	12
assemblage-359-264	0	0	0	0	0	34	0	0	0	7	0	0	0	0	0	0	0	0	0	0	192	0	0	0	172	0	0	0	0	0	0	0	0	0	47	0	0	0	0	0	0	0	0	0	0	0	0	0	0	44	4
assemblage-520-549	0	0	7	0	0	215	0	0	0	0	0	0	0	0	19	0	11	0	0	0	0	0	0	0	0	0	0	0	0	0	0	0	0	0	63	0	0	0	0	0	0	180	0	0	0	0	0	0	0	0	5
assemblage-242-242	0	0	0	0	0	0	0	0	18	0	0	0	0	0	0	0	0	0	0	0	0	0	0	0	436	0	0	0	0	0	0	0	0	0	0	0	0	0	0	0	0	0	0	0	0	0	0	0	0	41	5
assemblage-929-680	0	0	0	0	0	48	0	0	0	0	0	0	0	0	0	0	0	0	0	0	0	0	31	0	4	0	0	0	0	0	0	0	0	0	180	0	0	0	0	0	0	227	0	0	0	0	0	0	0	0	10
assemblage-943-691	0	0	0	0	0	28	0	0	0	0	0	0	0	0	0	0	0	0	0	0	0	0	0	0	0	0	0	0	0	0	0	0	0	0	173	0	0	0	44	0	0	245	0	0	0	0	0	0	0	0	10
assemblage-305-132	0	0	0	0	0	11	0	0	0	0	0	0	0	0	0	0	0	0	0	0	77	0	0	0	70	0	0	0	0	0	0	0	0	0	167	0	0	0	0	0	0	147	0	0	0	0	0	0	0	21	7
assemblage-526-916	0	0	0	0	0	8	0	0	0	0	0	0	0	0	0	0	0	0	0	0	75	0	0	0	75	0	0	0	0	0	0	0	0	0	156	0	0	0	0	0	0	174	0	0	0	0	0	0	0	3	9
assemblage-358-789	0	0	0	0	0	228	0	0	0	0	0	0	0	0	0	0	0	0	0	0	0	0	0	0	0	0	0	0	0	0	0	0	0	0	73	0	0	0	0	0	0	197	0	0	0	0	0	0	0	0	2
assemblage-611-217	0	0	0	0	0	41	0	0	0	0	0	0	0	0	0	0	0	0	0	0	0	8	0	0	0	0	38	0	0	0	0	0	0	0	33	0	0	0	0	0	0	366	0	0	0	0	0	0	0	0	14
assemblage-670-392	0	0	0	0	0	161	0	0	0	0	0	0	0	0	0	0	0	0	0	0	0	16	0	0	0	0	0	0	0	0	0	0	0	0	14	0	0	0	0	0	0	305	0	0	0	0	0	0	0	0	4
assemblage-907-527	0	0	0	0	0	67	0	28	0	100	0	4	0	4	0	0	0	0	0	0	0	0	0	0	0	0	0	0	0	0	0	0	0	0	293	0	0	0	0	0	0	0	0	0	0	0	0	0	0	0	4
assemblage-358-786	8	0	17	0	0	230	0	0	0	0	0	0	0	0	0	0	0	0	0	0	0	0	0	0	0	0	0	0	0	0	0	0	0	0	54	0	0	0	0	0	0	174	0	0	0	0	10	0	0	0	7
assemblage-742-872	0	0	0	0	0	30	0	0	0	0	0	0	0	0	0	0	0	0	0	0	174	0	0	0	202	0	0	0	0	0	0	0	0	0	38	0	0	0	0	0	0	0	0	0	0	0	0	0	0	47	9
assemblage-627-458	0	0	0	0	0	67	0	0	0	0	0	0	0	0	0	0	0	0	0	0	48	0	100	0	0	0	0	0	0	0	0	0	0	0	173	0	0	52	0	0	0	15	35	0	0	0	0	0	0	0	10
assemblage-545-737	0	0	0	0	0	22	0	0	0	0	0	0	0	0	0	0	0	0	0	0	65	0	23	0	124	0	0	0	0	0	0	0	0	0	186	0	0	0	0	0	0	77	0	0	0	0	0	0	0	0	3
assemblage-606-238	0	0	0	0	0	113	0	0	0	0	0	0	0	0	0	0	0	0	0	53	0	0	0	0	0	0	0	0	0	0	3	0	0	0	41	0	0	0	0	0	0	284	0	0	0	0	0	0	0	0	6
assemblage-195-187	0	0	0	0	0	129	0	0	0	0	0	0	0	0	0	0	0	0	0	0	0	0	0	0	0	0	0	0	0	0	0	0	0	0	46	0	0	57	0	0	0	194	71	0	0	0	0	0	0	0	3
assemblage-171-608	0	3	0	0	0	147	0	0	0	0	0	0	0	0	0	0	35	4	0	12	0	0	0	0	0	0	0	0	0	0	0	0	0	0	91	0	0	0	0	0	0	204	0	0	0	0	0	0	0	0	4
assemblage-466-351	0	0	0	0	0	0	0	0	0	0	0	0	0	0	0	0	0	0	0	0	217	0	252	0	15	0	0	0	0	0	0	0	0	0	0	0	0	0	0	0	8	0	0	0	0	0	0	0	0	0	8
assemblage-687-910	0	0	0	0	0	82	0	0	0	0	0	0	0	0	0	0	0	0	0	56	0	0	0	0	0	0	0	0	0	0	0	0	0	0	172	0	0	0	0	0	0	162	0	0	0	0	0	0	19	0	9
assemblage-209-176	0	0	0	0	0	128	0	0	0	0	0	0	0	0	0	0	0	0	0	0	0	0	0	0	0	0	0	0	0	0	0	0	0	0	66	0	0	46	0	0	0	194	61	0	0	0	0	0	0	0	5
assemblage-281-541	0	0	0	0	0	12	0	0	0	0	0	0	0	0	0	0	0	0	0	0	0	0	0	0	0	0	0	0	0	0	0	0	0	0	177	0	0	0	0	0	0	307	0	0	0	0	0	0	0	0	4
assemblage-762-878	0	0	0	0	0	25	0	0	0	0	21	0	0	0	0	0	0	0	0	0	20	0	0	0	46	0	0	0	0	0	0	0	0	0	233	0	0	10	0	0	0	108	0	0	0	0	0	0	0	30	7
assemblage-181-190	0	0	0	0	0	47	0	0	0	0	0	0	0	0	0	0	0	0	0	0	187	0	4	0	176	0	0	0	0	0	0	0	0	0	32	0	0	0	0	0	0	0	0	0	0	0	0	0	0	48	6
assemblage-168-953	0	0	0	0	0	207	0	0	0	0	0	0	0	0	50	0	0	0	0	0	0	0	0	0	0	0	0	0	0	0	0	0	0	0	124	0	0	0	0	0	0	110	0	0	0	0	0	0	0	0	9
assemblage-990-345	0	0	0	0	0	0	0	0	0	0	0	0	0	0	0	0	0	0	0	74	0	0	0	0	0	0	0	0	0	0	0	0	0	0	158	0	0	0	0	0	0	258	0	0	0	0	0	0	0	0	10
assemblage-549-750	0	0	0	0	0	120	0	0	0	0	0	0	0	0	0	0	0	0	0	0	41	0	3	0	89	0	0	0	0	8	0	0	0	0	126	0	0	0	0	0	0	111	0	0	0	0	0	0	0	0	2
assemblage-480-335	0	0	0	0	0	0	0	0	0	0	0	0	0	0	0	0	0	0	0	0	194	0	284	0	16	0	0	0	0	0	0	0	0	0	0	0	0	0	0	0	0	0	0	0	0	0	0	0	0	0	6
assemblage-535-559	0	0	21	0	0	190	0	0	0	0	0	0	0	0	0	0	0	0	0	0	0	0	0	0	0	0	0	0	0	0	0	0	0	0	50	0	0	0	0	0	0	214	0	0	0	0	9	0	0	0	16
assemblage-183-166	0	0	0	0	0	77	0	0	0	0	0	0	0	0	0	0	0	0	0	0	61	0	114	0	0	0	0	0	0	0	0	0	0	0	147	0	0	39	0	0	0	8	40	0	0	0	0	0	0	0	14
assemblage-176-599	0	0	0	0	0	173	0	0	0	0	0	0	0	0	0	0	0	0	0	11	0	20	0	0	0	0	0	0	0	0	0	0	0	0	9	0	0	0	0	0	0	283	0	0	0	0	0	0	0	0	4
assemblage-924-289	0	0	0	0	0	6	0	0	0	0	0	0	0	0	0	0	0	0	0	0	0	0	0	0	42	0	0	0	0	0	69	0	0	0	36	0	0	0	0	0	0	346	0	0	0	0	0	0	0	0	1
assemblage-235-847	0	0	0	0	0	69	0	0	0	0	0	0	0	0	0	0	0	0	0	0	54	0	27	0	116	0	0	0	0	0	0	0	0	0	157	0	0	0	0	0	0	74	0	0	0	0	0	0	0	0	3
assemblage-298-582	0	0	0	0	0	40	0	0	0	0	0	0	0	0	0	0	0	0	0	7	0	0	0	0	0	0	0	0	0	0	0	0	0	0	73	0	0	0	0	0	0	368	0	0	0	0	0	0	0	0	12
assemblage-172-188	0	0	0	0	0	4	0	0	0	0	0	0	0	0	0	0	0	0	0	0	110	0	52	0	172	0	0	0	0	0	0	0	0	0	130	0	0	0	0	0	0	26	0	0	0	0	0	0	0	0	6
assemblage-299-556	0	0	0	0	0	0	0	0	0	0	0	0	0	0	0	0	0	0	0	0	0	0	0	0	59	0	0	0	0	0	67	0	0	0	32	0	0	0	0	0	0	338	0	0	0	0	0	0	0	0	4
assemblage-809-471	0	0	0	0	0	107	0	0	0	0	0	0	0	0	0	0	0	0	0	0	21	0	9	0	117	0	0	0	0	0	0	0	0	0	71	0	0	0	0	0	0	164	0	9	0	0	0	0	0	0	2
assemblage-183-592	0	0	0	0	0	37	0	0	0	0	0	0	0	0	0	0	0	0	0	0	0	17	0	0	0	0	48	0	0	0	0	0	0	0	40	0	0	0	0	0	0	350	0	0	0	0	0	0	0	0	8
assemblage-870-401	0	0	0	0	0	57	0	0	0	0	0	0	0	0	0	0	0	0	0	0	0	0	17	0	0	0	0	0	0	0	0	0	0	0	153	0	0	0	6	0	0	260	0	0	0	0	0	0	0	0	7
assemblage-299-553	0	0	0	0	0	61	0	0	0	0	0	0	0	0	0	0	7	0	0	0	0	0	0	0	0	0	0	0	0	0	0	0	0	0	82	0	0	0	0	0	0	343	0	0	0	0	0	0	0	0	7
assemblage-267-236	0	0	0	0	0	0	0	0	34	0	0	0	0	0	0	0	0	0	0	0	11	0	0	0	426	0	0	0	0	0	0	0	0	0	0	0	0	0	0	0	0	0	0	0	0	0	0	0	0	23	6
assemblage-690-252	0	0	0	0	0	216	0	0	0	0	0	0	0	0	0	0	0	0	0	0	0	0	0	0	0	0	0	0	0	0	0	0	0	0	93	0	0	0	0	0	0	191	0	0	0	0	0	0	0	0	0
assemblage-889-395	0	0	0	0	0	60	0	0	0	0	0	0	0	0	0	0	0	0	0	0	13	0	0	0	6	0	0	0	0	7	0	0	0	0	37	0	0	0	0	0	0	373	0	0	0	0	0	0	0	0	4
assemblage-619-459	0	0	0	0	0	88	0	0	0	0	0	0	0	0	0	0	0	0	0	0	48	0	91	0	0	0	0	0	0	0	0	0	0	0	176	0	0	39	0	0	0	10	31	0	0	0	0	0	0	0	17
assemblage-296-136	0	0	0	0	0	6	0	0	0	0	0	0	0	0	0	0	0	0	0	0	211	0	0	0	45	0	0	0	0	0	0	0	0	0	93	0	0	0	0	0	0	65	0	0	0	0	0	0	0	73	7
assemblage-609-214	0	0	0	0	0	183	0	0	0	0	0	0	0	0	0	0	0	0	0	9	0	11	0	0	0	0	0	0	0	0	0	0	0	0	21	0	0	0	0	0	0	271	0	0	0	0	0	0	0	0	5
assemblage-526-929	0	0	0	0	0	9	0	0	0	0	0	0	0	0	0	0	0	0	0	0	41	0	36	0	141	0	0	0	0	0	0	11	0	0	94	0	0	0	0	0	0	154	0	0	0	0	0	0	0	0	14
assemblage-950-251	0	0	0	0	0	27	0	0	0	0	0	0	0	0	0	0	0	0	0	0	0	0	0	0	6	0	0	0	0	0	0	0	0	0	171	0	0	0	54	0	0	240	0	0	0	0	0	0	0	0	2
assemblage-663-393	0	0	0	0	0	40	0	0	0	0	0	0	0	0	0	0	0	0	0	0	0	11	0	0	0	0	28	0	0	0	0	0	0	0	24	0	0	0	0	0	0	375	0	0	0	0	0	0	0	0	22
assemblage-1000-339	0	0	0	0	0	43	0	0	0	0	0	0	0	0	0	0	0	0	0	0	0	0	0	0	0	0	0	0	21	0	24	0	0	0	207	0	0	0	0	0	0	202	0	0	0	0	0	0	0	0	3
assemblage-154-592	0	0	0	0	7	28	0	0	0	0	0	0	0	0	0	0	0	0	0	0	0	8	0	0	0	0	37	0	0	0	0	0	0	0	33	0	0	0	0	0	0	377	0	0	0	0	0	0	0	0	10
assemblage-181-932	6	0	19	0	0	221	0	0	0	0	0	0	0	0	5	0	0	0	0	0	0	0	0	0	0	0	0	0	0	0	0	0	0	0	55	0	0	0	0	0	0	182	0	0	0	0	9	0	0	0	3
assemblage-343-236	0	0	0	25	0	89	0	0	0	0	0	0	0	0	0	0	0	0	0	0	0	0	0	0	0	0	0	0	0	0	19	0	0	0	49	0	0	0	0	0	0	298	0	0	0	0	0	15	0	0	5
assemblage-152-958	0	0	0	0	0	208	0	0	0	0	0	0	0	0	58	0	0	0	0	0	0	0	0	0	0	0	0	0	0	0	0	0	0	0	140	0	0	0	0	0	0	88	0	0	0	0	0	0	0	0	6
assemblage-503-944	0	0	0	0	0	9	0	0	0	0	4	0	0	0	0	0	0	0	0	0	37	0	52	0	138	0	0	0	0	0	0	0	0	0	75	0	0	0	0	0	0	167	0	0	0	0	0	0	0	10	8
assemblage-150-176	0	0	0	0	0	86	0	0	0	0	0	0	0	0	0	0	0	0	0	0	81	0	109	0	0	0	0	0	0	0	0	0	0	0	153	0	0	34	0	0	0	0	27	0	0	0	0	0	0	0	10
assemblage-537-763	0	0	0	0	0	36	0	0	0	0	0	0	0	0	0	0	0	0	0	0	63	0	20	0	109	0	0	0	0	0	0	0	0	0	184	0	0	0	0	0	0	83	0	0	0	0	0	0	0	0	5
assemblage-911-277	0	0	0	0	0	98	0	0	0	0	0	0	0	0	0	0	0	0	0	0	0	0	0	0	14	0	0	0	0	0	0	0	0	0	171	0	0	0	0	0	0	211	0	0	0	0	0	0	0	0	6
assemblage-500-534	0	0	0	0	0	123	0	0	0	0	0	0	0	0	0	0	0	0	0	0	27	0	0	0	82	0	0	0	0	14	0	0	0	0	140	0	0	0	0	0	0	111	0	0	0	0	0	0	0	0	3
assemblage-594-237	0	0	0	0	0	39	0	0	0	0	0	0	0	0	0	0	0	0	0	0	0	0	0	0	0	0	0	0	0	0	0	0	0	0	116	0	0	0	0	0	0	333	0	0	0	0	0	0	0	0	12
assemblage-790-466	0	0	0	0	0	53	0	0	0	0	0	0	0	0	0	0	0	0	0	0	0	0	21	0	6	0	0	0	0	0	0	0	0	0	165	0	0	0	0	0	0	247	0	0	0	0	0	0	0	0	8
assemblage-235-826	0	0	0	0	0	0	0	0	0	0	0	0	0	0	0	0	0	0	0	0	193	0	0	0	71	0	0	0	0	0	0	0	0	0	106	0	0	0	0	0	0	57	0	0	0	0	0	0	0	69	4
assemblage-585-209	0	0	0	0	0	172	0	0	0	0	0	0	0	0	0	0	0	0	0	7	0	16	0	0	0	0	0	0	0	0	0	0	0	0	6	0	0	0	0	0	0	295	0	0	0	0	0	0	0	0	4
assemblage-285-119	0	0	0	0	0	57	0	0	0	0	0	0	0	0	0	0	0	0	0	0	67	0	23	0	110	0	0	0	0	0	0	0	0	0	151	0	0	0	0	0	0	88	0	0	0	0	0	0	0	0	4
assemblage-936-250	0	0	0	0	0	41	0	0	0	0	0	0	0	0	0	0	0	0	0	0	0	0	16	0	15	0	0	0	0	0	0	0	0	0	153	0	0	0	0	0	0	268	0	0	0	0	0	0	0	0	7
assemblage-988-353	0	0	0	0	0	6	0	0	0	0	0	0	0	0	0	0	0	0	0	81	0	0	0	0	0	0	0	0	0	0	0	0	0	0	170	0	0	0	0	0	0	230	0	0	0	0	0	0	0	0	13
assemblage-692-481	0	0	0	0	0	38	0	0	0	0	0	0	0	0	14	0	0	0	0	0	0	3	0	0	0	0	49	0	0	0	0	0	0	0	40	0	0	0	0	0	0	339	0	0	0	0	0	0	0	0	17
assemblage-497-531	0	0	0	0	0	169	0	0	0	0	0	0	19	0	0	0	0	0	16	0	57	0	6	0	65	0	0	0	0	0	0	0	0	0	81	0	0	0	0	0	0	85	0	0	0	0	0	0	0	0	2
assemblage-604-675	0	0	0	0	0	46	0	0	0	0	0	0	0	0	0	0	0	0	0	0	78	0	14	0	102	0	0	0	0	0	0	0	0	0	156	0	0	0	0	0	0	92	0	0	0	0	0	0	0	0	12
assemblage-481-156	0	0	0	0	0	141	0	0	0	0	0	0	0	0	0	0	0	0	0	0	22	0	11	0	60	0	0	0	0	15	0	0	0	0	137	0	0	0	0	0	0	111	0	0	0	0	0	0	0	0	3
assemblage-465-144	0	0	0	0	0	5	0	0	0	0	0	0	4	0	0	0	0	0	0	0	55	0	25	0	46	0	0	0	0	0	0	0	0	0	61	0	0	0	0	0	0	292	0	0	0	0	0	0	0	0	12
assemblage-607-238	0	0	0	0	0	123	0	0	0	0	0	0	0	0	0	0	0	0	0	20	0	0	0	0	0	0	0	0	0	0	0	0	0	0	43	0	0	0	0	0	0	308	0	0	0	0	0	0	0	0	6
assemblage-508-917	0	0	0	0	0	10	0	0	0	0	0	0	8	0	0	0	0	0	0	0	59	0	1	0	67	0	0	0	0	0	0	0	0	0	155	0	0	0	0	0	0	180	0	0	0	0	0	0	0	13	7
assemblage-806-986	0	0	0	0	0	123	0	0	0	0	0	0	0	0	0	0	0	0	0	0	0	0	0	0	16	0	0	0	0	0	5	0	0	0	143	0	0	0	0	0	0	211	0	0	0	0	0	0	0	0	2
assemblage-666-410	0	0	0	0	0	190	0	0	0	0	0	0	0	0	0	0	0	0	0	25	0	0	0	0	0	0	4	0	0	0	0	0	0	0	93	0	0	0	0	0	0	180	0	0	0	0	0	0	0	0	8
assemblage-667-848	0	0	0	0	0	99	0	0	0	0	0	0	0	0	0	0	0	0	0	27	0	0	0	0	12	0	0	0	0	0	0	0	0	0	117	0	0	0	0	0	0	241	0	0	0	0	0	0	0	0	4
assemblage-763-893	0	0	0	0	0	33	0	0	0	0	0	0	0	0	0	0	0	0	0	0	234	0	0	0	154	0	0	0	0	0	0	0	0	0	20	0	0	0	0	0	0	0	0	0	0	0	0	0	0	41	18
assemblage-991-355	0	0	0	11	0	79	0	0	0	0	0	0	0	0	0	0	0	0	0	0	0	0	0	0	0	0	0	0	0	0	5	0	0	0	86	0	0	0	0	0	0	297	0	0	0	0	0	21	0	0	1
assemblage-711-905	0	0	0	0	0	102	0	0	0	0	0	0	0	0	0	0	0	0	0	61	0	0	0	0	0	0	0	0	0	0	0	0	0	0	155	0	0	0	0	0	0	160	0	0	0	0	0	0	13	0	9
assemblage-405-331	0	0	0	0	0	47	0	0	0	0	0	0	0	0	0	0	0	0	0	0	0	0	0	0	0	0	0	0	0	0	0	0	0	0	98	0	0	0	0	0	0	343	0	0	0	0	0	0	0	0	12
assemblage-267-347	0	0	0	0	0	46	0	0	0	0	0	0	0	0	0	0	0	0	0	0	0	0	0	0	0	0	0	0	18	0	23	0	0	0	217	0	0	0	0	0	0	193	0	0	0	0	0	0	0	0	3
assemblage-702-912	0	0	0	0	0	36	0	0	0	0	0	0	0	0	0	0	0	0	0	0	0	0	0	0	0	0	0	0	22	0	24	0	0	0	211	0	0	0	0	0	0	202	0	0	0	0	0	0	0	0	5
assemblage-520-527	0	0	0	0	0	34	0	0	0	0	0	0	0	0	0	0	0	0	0	0	94	0	12	0	91	0	0	0	0	0	0	0	0	0	177	0	0	0	0	0	0	91	0	0	0	0	0	0	0	0	1
assemblage-471-319	0	0	0	0	0	0	0	0	0	0	0	0	0	0	0	0	0	0	0	0	201	0	264	0	14	0	0	0	0	0	0	0	0	0	0	0	0	0	0	0	12	0	0	0	0	0	0	0	0	0	9
assemblage-302-569	0	0	0	0	0	97	0	0	0	0	0	0	0	0	0	0	0	0	0	0	0	5	0	0	0	0	0	0	0	0	0	0	0	0	77	0	0	0	0	0	0	313	0	0	0	0	0	0	0	0	8
assemblage-499-512	0	0	0	0	0	36	0	0	0	0	0	0	0	0	0	0	0	0	0	0	106	0	5	0	104	0	0	0	0	0	0	0	0	0	186	0	0	0	0	0	0	59	0	0	0	0	0	0	0	0	4
assemblage-230-157	0	0	0	0	0	110	0	0	0	0	0	0	0	0	0	0	0	0	0	0	0	0	0	0	0	0	0	0	0	0	0	0	0	0	57	0	0	56	0	0	0	203	60	0	0	0	0	0	0	0	14
assemblage-891-274	0	0	0	0	0	7	0	0	0	0	0	0	0	0	0	0	0	0	0	0	0	0	0	0	60	0	0	0	0	0	70	0	0	0	32	0	0	0	0	0	0	328	0	0	0	0	0	0	0	0	3
assemblage-371-808	0	0	0	0	0	252	0	0	0	0	0	0	0	0	0	0	0	0	0	0	0	0	0	0	0	0	0	0	0	0	0	0	0	0	75	0	0	0	0	0	0	172	0	0	0	0	0	0	0	0	1
assemblage-916-1002	0	0	0	0	0	0	0	0	0	0	0	0	0	0	0	0	0	0	0	0	169	0	0	0	52	0	0	0	0	0	0	0	0	0	116	0	0	0	0	0	0	82	0	0	0	0	0	0	0	77	4
assemblage-575-740	0	0	0	0	0	0	5	0	0	0	0	0	5	0	0	0	0	0	0	0	48	0	18	0	58	0	0	0	0	0	0	0	0	0	52	0	0	0	6	0	0	300	0	0	0	0	0	0	0	0	8
assemblage-799-965	0	0	0	0	0	15	0	0	0	0	0	0	0	0	0	0	0	0	0	0	0	0	0	0	48	0	0	0	0	0	62	0	0	0	54	0	0	0	0	0	0	316	0	0	0	0	0	0	0	0	5
assemblage-599-246	0	0	0	0	0	95	0	0	0	0	0	0	0	0	0	0	0	0	0	27	0	0	0	0	0	0	0	0	0	0	0	0	0	0	76	0	0	0	0	0	0	291	0	0	0	0	0	0	0	0	11
assemblage-398-355	0	0	0	0	0	160	0	0	0	0	0	0	0	0	0	0	0	0	0	39	0	0	0	0	0	0	0	0	0	0	0	0	0	0	115	0	0	0	0	0	0	172	0	0	11	0	0	0	0	0	3
assemblage-526-569	0	0	0	0	0	182	0	0	0	0	0	0	0	0	0	0	58	0	0	0	0	0	0	0	0	0	0	0	0	0	0	0	0	0	17	0	0	0	0	0	0	241	0	0	0	0	0	0	0	0	2
assemblage-509-534	0	0	0	0	0	22	0	0	0	0	0	0	0	0	0	0	0	0	0	0	82	0	16	0	101	0	0	0	0	0	0	0	0	0	225	0	0	0	0	0	0	51	0	0	0	0	0	0	0	0	3
assemblage-675-257	0	0	0	0	0	244	0	0	0	0	0	0	0	0	0	0	0	0	0	0	0	0	0	0	0	0	0	0	0	0	0	0	0	0	73	0	0	0	0	0	0	175	0	0	0	0	0	0	0	0	8
assemblage-612-218	0	0	0	0	0	205	0	0	0	0	0	0	0	0	0	0	0	0	0	0	0	26	0	0	0	0	0	0	0	0	0	0	0	0	5	0	0	0	0	0	0	254	0	0	0	0	0	0	0	0	10
assemblage-525-913	0	0	0	0	0	12	0	0	0	0	0	0	0	0	0	0	0	0	0	0	39	0	50	0	189	0	0	0	0	0	0	0	0	0	49	0	0	0	0	0	0	143	0	0	0	0	0	0	0	7	11
assemblage-164-933	0	0	0	0	0	224	0	0	0	0	0	0	0	0	0	0	0	0	0	0	0	0	0	0	0	0	0	0	0	0	0	0	0	0	72	0	0	0	0	0	0	203	0	0	0	0	0	0	0	0	1
assemblage-470-127	0	0	0	0	0	10	6	0	0	0	0	0	0	0	0	0	0	0	0	0	47	0	14	0	67	0	0	0	0	0	0	0	0	0	30	0	0	0	0	0	0	320	0	0	0	0	0	0	0	0	6
assemblage-257-856	0	0	0	0	0	31	0	0	0	0	0	0	0	0	0	0	0	0	0	0	103	0	16	0	73	0	0	0	0	0	0	0	0	0	124	0	0	0	0	0	0	120	0	0	0	0	0	0	0	27	6
assemblage-782-467	0	0	0	0	0	127	0	0	0	0	0	0	0	0	0	0	0	0	0	0	9	0	6	0	91	0	0	0	0	0	0	0	0	0	62	0	0	0	0	0	0	195	0	4	0	0	0	0	0	0	6
assemblage-540-938	0	0	0	0	0	69	0	0	0	0	0	0	0	0	0	0	0	0	0	0	67	0	26	0	91	0	0	0	0	0	0	0	0	0	153	0	0	0	0	0	0	93	0	0	0	0	0	0	0	0	1
assemblage-477-336	0	0	0	0	0	0	0	0	0	0	0	0	0	0	0	0	0	0	0	0	189	0	253	0	42	0	0	0	0	0	0	0	0	0	0	0	0	0	0	11	4	0	0	0	0	0	0	0	0	0	1
assemblage-370-281	0	0	0	0	0	37	0	0	0	0	2	0	0	0	0	0	0	0	0	0	126	0	34	0	98	0	0	0	0	0	0	0	0	0	132	0	0	15	0	0	0	29	5	0	0	0	0	0	0	16	6
assemblage-672-407	0	0	0	0	0	157	0	0	0	0	0	0	0	0	0	0	0	0	0	23	0	0	0	0	0	0	9	0	0	0	0	0	0	0	99	0	0	0	0	0	0	203	0	0	0	0	0	0	0	0	9
assemblage-928-1006	0	0	0	0	0	24	0	0	0	0	0	0	0	0	0	0	0	0	0	0	40	0	59	0	127	0	0	0	0	0	0	9	0	0	61	0	0	0	0	0	0	161	6	0	0	0	0	0	0	0	13
assemblage-250-872	0	0	0	0	0	83	0	0	0	0	0	0	0	0	0	0	0	0	0	0	66	0	31	0	98	0	0	0	0	0	0	0	0	0	161	0	0	0	0	0	0	58	0	0	0	0	0	0	0	0	3
assemblage-510-572	0	0	0	0	0	216	0	0	0	0	0	0	0	0	46	0	0	0	0	0	0	0	0	0	0	0	0	0	0	0	0	0	0	0	125	0	0	0	0	0	0	108	0	0	0	0	0	0	0	0	5
assemblage-673-388	0	0	0	0	0	164	0	0	0	0	0	0	0	0	0	0	0	0	0	32	0	0	0	0	0	0	0	0	0	0	0	0	0	0	112	0	0	0	0	0	0	185	0	0	0	0	0	0	0	0	7
assemblage-288-575	0	0	0	0	0	115	0	0	0	0	0	0	0	0	0	0	0	0	0	39	0	0	0	0	0	0	0	0	0	0	0	0	0	0	52	0	0	0	0	0	0	287	0	0	0	0	0	0	0	0	7
assemblage-356-329	0	0	0	0	0	103	0	0	0	0	0	0	0	0	0	0	0	0	0	60	0	0	0	0	0	0	0	0	0	0	4	0	0	0	35	0	0	0	0	0	0	293	0	0	0	0	0	0	0	0	5
assemblage-935-1004	0	0	0	0	0	21	0	0	0	0	0	0	0	0	0	0	0	0	0	0	40	0	31	0	137	0	0	0	0	0	0	0	0	0	94	0	0	0	0	0	0	154	0	0	0	0	0	0	0	7	16
assemblage-988-336	0	0	0	24	0	89	0	0	0	0	0	0	0	0	0	0	0	0	0	0	0	0	0	0	0	0	0	0	0	0	7	0	0	0	69	0	0	0	0	0	0	292	0	0	0	0	0	10	0	0	9
assemblage-344-220	0	0	0	0	0	90	0	0	0	0	0	0	0	0	0	0	0	0	0	79	0	0	0	0	0	0	0	0	0	0	0	0	0	0	160	0	0	0	0	0	0	149	0	0	0	0	0	0	18	0	4
assemblage-352-266	0	0	0	0	0	18	0	0	0	0	18	0	0	0	0	0	0	0	0	0	15	0	0	0	25	0	0	0	0	0	0	0	0	0	250	0	0	12	0	0	0	125	0	0	0	0	0	0	0	25	12
assemblage-261-343	0	0	0	0	0	4	0	0	0	0	0	0	0	0	0	0	0	0	0	83	0	0	0	0	0	0	0	0	0	0	0	0	0	0	162	9	0	0	0	0	0	237	0	0	0	0	0	0	0	0	5
assemblage-793-991	0	0	0	0	0	112	0	0	0	0	0	0	0	0	0	0	0	0	0	24	0	0	0	0	22	0	0	0	0	0	0	0	0	0	109	0	0	0	0	0	0	229	0	0	0	0	0	0	0	0	4
assemblage-689-249	0	0	0	0	0	169	0	0	0	0	0	0	0	0	0	0	57	0	0	0	0	0	0	0	0	0	0	0	0	0	0	0	0	0	19	0	0	0	0	0	0	244	0	0	0	0	0	0	0	0	11
assemblage-923-976	0	0	0	0	0	10	0	0	0	0	0	0	0	0	0	0	0	0	0	0	33	0	53	0	157	0	0	0	0	0	0	0	0	0	95	0	0	0	0	0	0	142	0	0	0	0	0	0	0	5	5
assemblage-178-167	0	0	0	0	0	27	0	0	0	0	21	0	0	0	0	0	0	0	0	0	35	0	7	0	34	0	0	0	0	0	0	0	0	0	223	0	0	9	0	0	0	111	0	0	0	0	0	0	0	28	5
assemblage-562-744	0	0	0	0	0	28	0	0	0	0	0	0	0	0	0	0	0	0	0	0	74	0	9	0	117	0	0	0	0	0	0	0	0	0	185	0	0	0	0	0	0	78	0	0	0	0	0	0	0	0	9
assemblage-263-346	0	0	0	0	0	0	0	0	0	0	0	0	0	0	0	0	0	0	0	94	0	0	0	0	0	0	0	0	0	0	0	0	0	0	148	0	0	0	0	0	0	254	0	0	0	0	0	0	0	0	4
assemblage-667-407	0	0	0	0	0	184	0	0	0	0	0	0	0	0	0	0	0	0	0	0	0	19	0	0	0	0	0	0	0	0	0	0	0	0	5	0	0	0	0	0	0	284	0	0	0	0	0	0	0	0	8
assemblage-471-161	0	0	0	0	0	146	0	0	0	0	0	0	19	0	0	0	0	0	18	0	39	0	0	0	51	0	0	0	0	0	0	0	0	0	140	0	0	0	0	0	0	82	0	0	0	0	0	0	0	0	5
assemblage-955-695	0	0	0	0	0	44	0	0	0	0	0	0	0	0	0	0	0	0	0	0	0	0	0	0	0	0	0	0	0	0	0	0	0	0	143	0	0	0	54	0	0	243	0	0	0	0	0	0	0	0	16
assemblage-562-770	0	0	0	0	0	3	4	0	0	0	0	0	5	0	0	0	0	0	0	0	67	0	19	0	43	0	0	0	0	0	0	0	0	0	48	0	0	0	0	0	0	308	0	0	0	0	0	0	0	0	3
assemblage-809-982	0	0	0	0	0	0	0	0	0	0	0	0	0	0	0	0	0	0	0	0	0	0	0	0	0	0	0	0	0	0	0	0	0	0	146	0	0	0	0	0	0	351	0	0	0	0	0	0	0	0	3
assemblage-594-250	0	0	0	0	0	93	0	0	0	0	0	0	0	0	0	0	0	0	0	59	0	0	0	0	0	0	0	0	0	0	0	0	0	0	151	0	0	0	0	0	0	179	0	0	10	0	0	0	0	0	8
assemblage-491-357	0	0	0	0	0	0	0	0	0	0	0	0	0	0	0	0	0	0	0	0	189	0	268	0	29	0	0	0	0	0	0	0	0	0	0	0	0	0	0	4	9	0	0	0	0	0	0	0	0	0	1
assemblage-491-516	0	0	0	0	0	28	0	0	0	0	0	0	0	0	0	0	0	0	0	0	72	0	8	0	98	0	0	0	0	0	0	0	0	0	219	0	0	0	0	0	0	73	0	0	0	0	0	0	0	0	2
assemblage-340-344	0	0	0	0	0	115	0	0	0	0	0	0	0	0	0	0	0	0	0	25	0	0	0	0	0	0	0	0	0	0	0	0	0	0	40	0	0	0	0	0	0	310	0	0	0	0	0	0	0	0	10
assemblage-921-684	0	0	0	0	0	53	0	0	0	0	0	0	0	0	0	0	0	0	0	0	6	0	0	0	9	0	0	0	0	0	0	0	0	0	37	0	0	0	0	0	0	389	0	0	0	0	0	0	0	0	6
assemblage-900-267	0	0	0	0	0	86	0	0	0	0	0	0	0	0	0	0	0	0	0	0	0	0	0	0	11	0	0	0	0	0	0	0	0	0	193	0	0	0	0	0	0	201	0	0	0	0	0	0	0	0	9
assemblage-709-471	0	0	8	0	0	157	0	0	0	0	0	0	0	0	0	0	30	5	0	0	0	0	0	0	0	0	0	0	0	0	0	0	0	0	70	0	0	0	0	0	0	226	0	0	0	0	0	0	0	0	4
assemblage-291-540	0	0	0	0	0	101	0	0	0	0	0	0	0	0	0	0	0	0	0	28	0	0	0	0	13	0	0	0	0	0	0	0	0	0	88	0	0	0	0	0	0	252	0	0	0	0	0	0	0	0	18
assemblage-532-565	0	0	0	0	0	216	0	0	0	0	0	0	0	0	0	0	52	0	0	0	0	0	0	0	0	0	0	0	0	0	0	0	0	0	20	0	0	0	0	0	0	208	0	0	0	0	0	0	0	0	4
assemblage-602-233	0	0	0	0	0	30	0	0	0	0	0	0	0	0	0	0	0	0	0	10	0	11	0	0	0	0	59	0	0	0	0	0	0	0	24	0	0	0	0	0	0	357	0	0	0	0	0	0	0	0	9
assemblage-868-416	0	0	0	0	0	37	0	0	0	0	0	0	0	0	0	0	0	0	0	0	9	0	0	0	0	0	0	0	0	0	0	0	0	0	30	0	0	0	0	0	0	413	0	0	0	0	0	0	0	0	11
assemblage-164-945	0	0	0	0	0	208	0	0	0	0	0	0	0	0	57	0	0	0	0	0	0	0	0	0	0	0	0	0	0	0	0	0	0	0	134	0	0	0	0	0	0	88	0	0	0	0	10	0	0	0	3
assemblage-609-673	0	0	0	0	0	158	0	0	0	0	0	0	25	0	0	0	0	0	16	0	46	0	0	0	57	0	0	0	0	0	0	0	0	0	111	0	0	0	0	0	0	81	0	0	0	0	0	0	0	0	6
assemblage-361-255	0	0	0	0	0	84	0	0	0	8	0	0	0	0	0	0	0	0	0	0	53	0	130	0	0	0	0	0	0	0	0	0	0	0	142	0	0	33	0	0	0	0	38	0	0	0	0	0	0	0	12
assemblage-194-177	0	0	0	0	0	71	0	0	0	0	0	0	0	0	0	0	0	0	0	0	0	0	0	14	0	0	0	0	0	0	0	0	0	0	63	0	0	54	0	0	0	212	78	0	0	0	0	0	0	0	8
assemblage-906-535	0	0	0	0	0	56	0	26	0	108	0	1	0	6	0	0	0	0	0	0	0	0	0	0	0	0	0	0	0	0	0	0	0	0	291	0	0	0	0	0	0	0	0	0	0	0	0	0	0	0	12
assemblage-915-529	0	0	0	0	0	73	0	12	0	91	0	7	0	6	0	0	0	0	0	0	0	0	0	0	0	0	0	0	0	0	0	0	0	0	304	0	0	0	0	0	0	0	0	0	0	0	0	0	0	0	7
assemblage-518-548	0	0	0	0	0	182	0	0	0	0	0	0	0	0	0	0	57	0	0	0	0	0	0	0	0	0	0	0	0	0	0	0	0	0	16	0	0	0	0	0	0	240	0	0	0	0	0	0	0	0	5
assemblage-699-475	0	0	0	0	0	180	0	0	0	0	0	0	0	0	0	0	0	0	0	29	0	0	0	0	0	0	0	0	0	0	0	0	0	0	93	0	0	0	0	0	0	194	0	0	0	0	0	0	0	0	4
assemblage-919-1011	0	0	0	0	0	86	0	0	0	0	0	0	0	0	0	0	0	0	0	0	43	0	21	0	89	0	0	0	0	0	0	0	0	0	188	0	0	0	0	0	0	70	0	0	0	0	0	0	0	0	3
assemblage-458-160	0	0	0	0	0	0	0	0	0	0	0	0	0	0	0	0	0	0	0	0	59	0	18	0	39	0	0	0	0	0	0	0	0	0	42	0	0	0	0	0	0	334	0	0	0	0	0	0	0	0	8
assemblage-247-871	0	0	0	0	0	8	0	0	0	0	0	0	0	0	0	0	0	0	0	0	78	0	5	0	70	0	0	0	0	0	0	0	0	0	157	0	0	0	0	0	0	160	0	0	0	0	0	0	0	21	1
assemblage-760-869	0	0	0	0	0	8	0	0	0	0	0	0	0	0	0	0	0	0	0	0	133	0	19	0	207	0	0	0	0	0	0	0	0	0	113	0	0	0	0	0	0	14	0	0	0	0	0	0	0	0	6
assemblage-253-215	0	0	0	0	0	0	0	0	24	0	0	0	0	0	0	0	0	0	0	0	0	0	0	0	441	0	0	0	0	0	0	0	0	0	0	0	0	0	0	0	0	0	0	0	0	0	0	0	0	28	7
assemblage-258-243	0	0	0	0	0	0	0	0	27	0	0	0	0	0	0	0	0	0	0	0	0	0	0	0	423	0	0	0	0	0	0	0	0	0	0	0	0	0	0	0	0	0	0	0	0	0	0	0	0	39	11
assemblage-229-848	0	0	0	0	0	9	0	0	0	0	0	0	0	0	0	0	0	0	0	0	206	0	0	0	50	0	0	0	0	0	0	0	0	0	62	0	0	0	0	0	0	79	0	0	0	0	0	0	0	77	17
assemblage-297-123	0	0	0	0	0	5	0	0	0	0	0	0	0	0	0	0	0	0	0	0	203	0	0	0	56	0	0	0	0	0	0	0	0	0	90	0	0	0	0	0	0	66	0	0	0	0	0	0	0	72	8
assemblage-262-855	0	0	0	0	0	17	0	0	0	0	0	0	0	0	0	0	0	0	0	0	73	0	5	0	51	0	0	0	0	0	0	0	0	0	171	0	0	0	0	0	0	164	0	0	0	0	0	0	0	10	9
assemblage-767-883	0	0	0	0	0	26	0	0	0	0	21	0	0	0	0	0	0	0	0	0	22	0	0	0	36	0	0	0	0	0	0	0	0	0	212	0	0	13	0	0	0	120	0	0	0	0	0	0	0	42	8
assemblage-790-480	0	0	0	0	0	52	0	0	0	0	0	0	0	0	0	0	0	0	0	0	18	0	0	0	0	0	0	0	0	0	0	0	0	0	33	0	0	0	0	0	0	387	0	0	0	0	0	0	0	0	10
assemblage-604-218	0	0	0	0	0	156	0	0	0	0	0	0	0	0	0	0	0	0	0	22	0	0	0	0	0	0	0	0	0	0	0	0	0	0	85	0	0	0	0	0	0	235	0	0	0	0	0	0	0	0	2
assemblage-356-798	0	0	21	0	0	207	0	0	0	0	0	0	0	0	0	0	0	0	0	0	0	0	0	0	0	0	0	0	0	0	0	0	0	0	49	0	0	0	0	0	0	203	0	0	0	0	13	0	0	0	7
assemblage-524-544	6	0	20	0	0	183	0	0	0	0	0	0	0	0	0	0	0	0	0	0	0	0	0	0	0	0	0	0	0	0	0	0	0	0	65	0	0	0	0	0	0	208	0	0	0	0	11	0	0	0	7
assemblage-713-902	0	0	0	0	0	10	0	0	0	0	0	0	0	0	0	0	0	0	0	77	0	0	0	0	0	0	0	0	0	0	0	0	0	0	148	0	0	0	0	0	0	256	0	0	0	0	0	0	0	0	9
assemblage-912-548	0	0	0	0	0	54	0	8	0	102	0	0	0	7	0	0	0	0	0	0	0	0	0	0	0	0	0	0	0	0	0	0	0	0	326	0	0	0	0	0	0	0	0	0	0	0	0	0	0	0	3
assemblage-414-339	0	0	0	0	0	103	0	0	0	0	0	0	0	0	0	0	0	0	0	0	0	7	0	0	0	0	0	0	0	0	0	0	0	0	64	0	0	0	0	0	0	319	0	0	0	0	0	0	0	0	7
assemblage-713-907	0	0	0	0	0	110	0	0	0	0	0	0	0	0	0	0	0	0	0	49	0	0	0	0	0	0	0	0	0	0	0	0	0	0	149	0	0	0	0	0	0	165	0	0	0	0	0	0	18	0	9
assemblage-499-537	0	0	0	0	0	6	4	0	0	0	0	0	9	0	0	0	0	0	0	0	67	0	11	0	38	0	0	0	0	0	0	0	0	0	40	0	0	0	0	0	0	318	0	0	0	0	0	0	0	0	7
assemblage-539-762	0	0	0	0	0	170	0	0	0	0	0	0	0	0	0	0	0	0	0	0	23	0	9	0	48	0	0	0	0	19	0	0	0	0	110	0	0	0	0	0	0	115	0	0	0	0	0	0	0	0	6
assemblage-599-228	0	0	0	0	0	111	0	0	0	0	0	0	0	0	0	0	0	0	0	37	0	0	0	0	0	0	0	0	0	0	0	0	0	0	147	0	0	0	0	0	0	193	0	0	0	2	0	0	0	0	10
assemblage-804-979	0	0	0	0	0	5	0	0	0	0	0	0	0	0	0	0	0	0	0	0	0	0	0	0	0	0	0	0	0	0	0	0	0	0	133	0	0	0	0	0	0	360	0	0	0	0	0	0	0	0	2
assemblage-784-478	0	0	0	0	0	45	0	0	0	0	0	0	0	0	0	0	0	0	0	0	0	0	22	0	8	0	0	0	0	0	0	0	0	0	182	0	0	0	0	0	0	225	0	0	0	0	0	0	0	0	18
assemblage-353-252	0	0	0	0	0	73	0	0	0	0	0	0	0	0	0	0	0	0	0	0	51	0	112	0	0	0	0	0	0	0	0	0	0	0	174	0	0	48	0	0	0	3	24	0	0	0	0	0	0	0	15
assemblage-608-642	0	0	0	0	0	71	0	0	0	0	0	0	3	0	0	0	0	0	0	0	42	0	13	0	88	0	0	0	0	0	0	0	0	0	118	0	0	0	0	0	0	147	0	0	0	0	0	0	0	0	18
assemblage-458-145	0	0	0	0	0	137	0	0	0	0	0	0	25	0	0	0	0	0	28	0	42	0	4	0	49	0	0	0	0	0	0	0	0	0	125	0	0	0	0	0	0	88	0	0	0	0	0	0	0	0	2
assemblage-204-172	0	0	0	0	0	122	0	0	0	0	0	0	0	0	0	0	0	0	0	0	0	0	0	0	0	0	0	0	0	0	0	0	0	0	61	0	0	42	0	0	0	204	62	0	0	0	0	0	0	0	9
assemblage-692-253	16	0	15	0	0	171	0	0	0	0	0	0	0	0	0	0	0	0	0	0	0	0	0	0	0	0	0	0	0	0	0	0	0	0	70	0	0	0	0	0	0	207	0	0	0	0	8	0	0	0	13
assemblage-151-166	0	0	0	0	0	13	0	0	0	0	0	6	0	0	0	0	0	0	0	0	138	0	48	0	188	0	0	0	0	0	0	0	0	0	86	0	0	0	0	0	0	20	0	0	0	0	0	0	0	0	1
assemblage-768-861	0	0	0	0	0	6	0	0	0	0	0	6	0	0	0	0	0	0	0	0	130	0	26	0	186	0	0	0	0	0	0	0	0	0	125	0	0	0	0	0	0	18	0	0	0	0	0	0	0	0	3
assemblage-793-461	0	0	0	0	0	58	0	0	0	0	0	0	0	0	0	0	0	0	0	0	6	0	0	0	0	0	0	0	0	0	0	0	0	0	52	0	0	0	0	0	0	374	0	0	0	0	0	0	0	0	10
assemblage-936-696	0	0	0	0	0	64	0	0	0	0	0	0	0	0	0	0	0	0	0	0	8	0	4	0	38	0	0	0	0	0	0	0	0	0	141	0	0	0	8	0	0	229	0	0	0	0	0	0	0	0	8
assemblage-298-562	0	0	0	0	0	84	0	0	0	0	0	0	0	0	0	0	0	0	0	0	0	7	0	0	0	0	0	0	0	0	0	0	0	0	81	0	0	0	0	0	0	319	0	0	0	0	0	0	0	0	9
assemblage-256-346	0	0	0	0	0	28	0	0	0	0	0	0	0	0	0	0	0	0	0	0	0	0	0	0	0	0	0	0	32	0	19	0	0	0	176	0	0	0	0	0	0	237	0	0	0	0	0	0	0	0	8
assemblage-525-934	0	0	0	0	0	4	0	0	0	0	0	0	0	0	0	5	0	0	0	0	209	0	0	0	40	4	0	0	0	0	0	0	0	0	82	0	0	0	0	0	0	58	0	0	0	0	0	0	0	92	6
assemblage-325-227	0	0	0	0	0	4	0	0	0	0	0	0	0	0	0	0	0	0	0	60	0	0	0	0	0	0	0	0	0	0	0	0	0	0	168	0	0	0	0	0	0	264	0	0	0	0	0	0	0	0	4
assemblage-352-801	0	0	0	0	0	205	0	0	0	0	0	0	0	0	0	0	0	0	0	0	0	0	0	0	0	0	0	0	0	0	0	0	0	0	99	0	0	0	0	0	0	194	0	0	0	0	0	0	0	0	2
assemblage-254-348	0	0	0	0	0	35	0	0	0	0	0	0	0	0	0	0	0	0	0	0	0	0	0	0	0	0	0	0	30	0	15	0	0	0	184	0	0	0	0	0	0	231	0	0	0	0	0	0	0	0	5
assemblage-391-369	0	0	0	0	0	132	0	0	0	0	0	0	0	0	0	0	0	0	0	39	0	0	0	0	0	0	0	0	0	0	0	0	0	0	132	0	0	0	0	0	0	180	0	0	10	0	0	0	0	0	7
assemblage-873-390	0	0	0	0	0	44	0	0	0	0	0	0	0	0	0	0	0	0	0	0	6	0	0	0	0	0	0	0	0	0	0	0	0	0	36	0	0	0	0	0	0	402	0	0	0	0	0	0	0	0	12
assemblage-664-252	6	0	20	0	0	196	0	0	0	0	0	0	0	0	6	0	0	0	0	0	0	0	0	0	0	0	0	0	0	0	0	0	7	0	59	0	0	0	0	0	0	193	0	0	0	0	5	0	0	0	8
assemblage-351-254	0	0	0	0	0	40	0	0	0	0	0	6	0	0	0	0	0	0	0	0	203	0	0	0	168	0	0	0	0	0	0	0	0	0	37	0	0	0	0	0	0	0	0	0	0	0	0	0	0	37	9
assemblage-638-844	0	0	0	0	0	7	0	0	0	0	0	0	0	0	0	0	0	0	0	0	0	0	0	0	0	0	0	0	0	0	0	0	0	0	164	0	0	0	0	0	0	324	0	0	0	0	0	0	0	0	5
assemblage-406-358	0	0	0	0	0	124	0	0	0	0	0	0	0	0	0	0	0	0	0	20	0	0	0	0	0	0	0	0	0	0	0	0	0	0	39	0	0	0	0	0	0	312	0	0	0	0	0	0	0	0	5
assemblage-478-349	0	0	0	0	0	0	0	0	0	0	0	0	0	0	0	0	0	0	0	0	215	0	251	0	15	0	0	0	0	0	0	0	0	0	0	0	0	0	0	4	12	0	0	0	0	0	0	0	0	0	3
assemblage-294-127	0	0	0	0	0	11	0	0	0	0	0	0	0	0	0	0	0	0	0	0	97	0	17	0	54	0	0	0	0	0	0	0	0	0	160	0	0	0	0	0	0	146	0	0	0	0	0	0	0	8	7
assemblage-894-551	0	0	0	0	0	59	0	18	0	87	0	6	0	0	0	0	0	0	0	0	0	0	0	0	0	0	0	0	0	0	0	0	0	0	322	0	0	0	0	0	0	0	0	0	0	0	0	0	0	0	8
assemblage-185-590	0	4	0	0	0	172	0	0	0	0	0	0	0	0	0	0	47	0	0	12	0	0	0	0	0	0	0	0	0	0	0	0	0	0	72	0	0	0	0	0	0	182	0	0	0	0	0	0	0	0	11
assemblage-708-462	0	2	10	0	0	160	0	0	0	0	0	0	0	0	0	0	32	6	0	11	0	0	0	0	0	0	0	0	0	0	0	0	0	0	67	0	0	0	0	0	0	207	0	0	0	0	0	0	0	0	5
assemblage-371-811	0	0	0	0	0	202	0	0	0	0	0	0	0	0	44	0	0	0	0	0	0	0	0	0	0	0	0	0	0	0	0	0	0	0	140	0	0	0	0	0	0	113	0	0	0	0	0	0	0	0	1
assemblage-960-692	0	0	0	0	0	37	0	0	0	0	0	0	0	0	0	0	0	0	0	0	5	0	0	0	7	0	0	0	0	0	0	0	0	0	43	0	0	0	0	0	0	404	0	0	0	0	0	0	0	0	4
assemblage-619-655	0	0	0	0	0	125	0	0	0	0	0	0	0	0	0	0	0	0	0	0	27	0	0	0	88	0	0	0	0	23	0	0	0	0	137	0	0	0	0	0	0	96	0	0	0	0	0	0	0	0	4
assemblage-884-412	0	0	0	0	0	33	0	0	0	0	0	0	0	0	0	0	0	0	0	0	0	0	0	0	5	0	0	0	0	0	0	0	0	0	204	0	0	0	40	0	0	215	0	0	0	0	0	0	0	0	3
assemblage-934-1004	0	0	0	0	0	45	0	0	0	0	0	0	0	0	0	0	0	0	0	0	61	0	20	0	97	0	0	0	0	0	0	0	0	0	189	0	0	0	0	0	0	80	0	0	0	0	0	0	0	0	8
assemblage-713-915	0	0	0	0	0	104	0	0	0	0	0	0	0	0	0	0	0	0	0	52	0	0	0	0	0	0	0	0	0	0	0	0	0	0	171	0	0	0	0	0	0	158	0	0	0	0	0	0	13	0	2
assemblage-820-982	0	0	0	0	0	128	0	0	0	0	0	0	0	0	0	0	0	0	0	25	0	0	0	0	27	0	0	0	0	0	0	0	0	0	97	0	0	0	0	0	0	219	0	0	0	0	0	0	0	0	4
assemblage-980-351	0	0	0	0	0	5	0	0	0	0	0	0	0	0	0	0	0	0	0	79	0	0	0	0	0	0	0	0	0	0	0	0	0	0	166	0	0	0	0	0	0	243	0	0	0	0	0	0	0	0	7
assemblage-457-134	0	0	0	0	0	12	0	0	0	0	0	0	0	0	0	0	0	0	0	0	47	0	30	0	42	0	0	0	0	0	0	0	0	0	47	0	0	0	0	0	0	315	0	0	0	0	0	0	0	0	7
assemblage-341-212	0	0	0	0	0	49	0	0	0	0	0	0	0	0	0	0	0	0	0	36	0	0	0	0	0	0	0	0	5	0	5	0	0	0	149	0	0	0	0	0	0	236	0	0	0	0	0	0	0	0	20
