Assemblage_Name	4902324-2-0	0-2-9415518	2792992-2-0	0-2467711-0	8580109-292286-9647820	0-2-5703596	0-5104747-1771678	6314187-3892034-9647820	0-2-3151515	0-7081231-0	0-2-1099867	0-2-9582964	3-292286-5590543	4746551-2-0	0-954603-1771678	0-1-1	0-9421065-0	0-2-7555658	3-292286-9679005	6314187-3685450-7196105	6314187-292286-4390689	986335-292286-9647820	6314187-292286-7007063	6314187-292286-9647820	8389346-2-0	2-5808372-1	1379653-3-1771678	3-1-7322750	779619-292286-9647820	6314187-292286-7170320	0-2-6619684	0-2330305-0	6314187-292286-3790094	0-3950159-0	4131357-1-9647820	6314187-3685450-8225865	0-7794103-0	1245581-2-0	3-1-2	0-2-2559640	3-292286-9647820	3-9118140-9647820	2814885-2-0	0-2-0	2227600-1-9647820	0-1372332-1099867	3-292286-688459	0-9328301-0	0-2-9844758	6314187-6727511-9647820	3-1-9647820	0-5196277-0	3-292286-5567546	3-953507-9647820	6314187-292286-3635885	6314187-3685450-9647820	0-6195163-0	0-2-3182647	0-6257645-0	0-2-3393023	8666923-292286-9647820	3-292286-7603570	0-3-1771678	0-2-4808956	6314187-1150096-9647820	3-1-2180862	4223184-3-1771678	2792707-2-0	6314187-292286-3926392	3-5455546-3	0-5416193-0	6314187-292286-9074907	2-1-1	188314-292286-3926392	0-4764990-1771678	3-9631061-9647820	0-9446710-0	6314187-3139982-7007063	1802570-2-0	3-1-6460742	0-3-3250673	0-3985837-0	3421824-2-0
assemblage-160-948	0	0	8	0	0	0	0	0	0	0	0	0	0	0	0	0	0	0	0	0	0	0	0	3	0	0	0	0	0	0	0	0	0	0	0	0	0	0	0	0	40	0	21	321	0	0	0	0	0	0	0	0	0	0	0	84	0	0	0	0	0	0	0	0	6	0	0	0	0	0	0	0	0	0	0	0	0	0	0	0	0	0	17
assemblage-357-334	0	0	0	0	0	0	0	20	0	0	0	0	0	0	0	0	0	0	0	0	11	0	0	82	0	0	0	0	0	0	0	0	0	0	0	0	0	0	0	0	34	0	0	208	0	0	0	0	0	0	0	0	0	0	0	35	0	0	0	0	0	0	92	0	0	0	0	0	0	0	0	0	0	0	0	0	0	0	0	0	0	0	18
assemblage-679-391	0	0	0	0	0	0	0	0	0	0	0	0	0	0	0	0	0	0	0	0	0	0	0	8	0	0	0	0	0	0	0	0	0	0	0	0	0	0	0	0	37	0	0	319	0	0	0	0	0	0	0	58	0	0	0	0	0	0	0	0	0	0	39	0	0	0	0	0	10	0	0	0	0	0	0	0	0	0	0	0	0	0	29
assemblage-610-223	0	0	0	0	0	0	0	0	0	0	0	0	0	0	0	0	0	0	0	0	0	0	0	12	0	0	0	0	0	0	0	0	0	0	0	0	0	0	0	0	89	0	0	240	0	0	0	0	0	0	0	5	0	0	0	76	0	0	0	0	0	0	44	0	20	0	0	0	0	0	0	0	0	0	0	0	0	0	0	0	0	9	5
assemblage-688-487	0	0	0	0	0	0	0	0	0	0	0	0	0	0	0	0	0	0	0	0	0	0	3	63	0	0	0	0	0	0	0	0	0	0	0	0	0	0	0	0	7	0	0	299	0	0	0	0	0	0	0	21	0	0	0	64	0	0	0	7	0	0	27	0	0	0	0	0	0	0	0	0	0	0	0	0	0	4	0	0	0	0	5
assemblage-349-339	0	0	0	0	0	0	0	0	0	0	0	0	0	0	0	0	0	0	0	0	0	0	0	122	0	0	0	0	0	0	0	0	0	0	0	0	0	0	0	0	46	0	0	280	0	0	0	0	0	0	0	29	0	0	0	13	0	0	0	0	0	0	0	0	0	0	0	0	0	0	0	0	0	0	0	0	0	0	0	0	0	0	10
assemblage-803-461	0	0	0	0	0	0	0	0	0	0	0	0	0	0	0	0	0	0	0	0	0	0	0	40	0	0	0	0	0	0	0	0	0	0	0	0	0	31	0	0	85	0	0	193	0	0	0	0	0	0	0	0	0	0	0	0	0	0	0	0	0	10	124	0	0	0	0	0	0	0	0	0	0	0	0	0	0	0	0	0	0	0	17
assemblage-260-232	0	3	0	0	0	4	0	0	0	0	0	0	0	0	0	19	12	0	0	0	0	0	0	0	0	0	0	0	0	0	0	0	0	0	0	0	0	0	48	0	85	0	0	79	0	0	0	0	0	0	48	0	0	0	0	0	0	15	0	0	0	0	101	0	0	0	0	0	0	6	5	0	36	0	11	0	0	0	0	0	0	0	28
assemblage-977-352	0	0	0	0	0	0	0	0	0	0	0	0	0	0	0	0	0	0	0	0	0	0	0	118	0	0	0	0	0	0	0	0	0	0	0	0	0	0	0	0	62	0	0	179	0	0	0	0	0	0	0	0	0	0	0	106	0	0	0	0	0	0	25	0	0	0	0	0	0	0	0	0	0	0	0	0	0	0	0	0	0	0	10
assemblage-614-667	0	0	0	0	0	0	0	0	0	0	0	0	0	0	0	0	0	0	0	0	0	0	0	36	0	0	0	0	0	0	0	0	0	0	0	0	0	0	0	0	187	0	0	181	0	0	0	0	0	0	0	0	0	0	0	0	0	18	0	0	0	16	19	0	0	0	0	14	0	0	0	0	0	0	0	0	10	0	0	0	0	0	19
assemblage-198-177	0	0	0	0	0	0	0	0	0	0	0	0	0	0	0	29	0	0	0	0	0	0	0	0	0	0	0	19	0	0	0	0	0	0	0	0	0	0	0	0	329	0	0	0	0	0	0	0	0	0	110	0	0	0	0	0	0	0	0	0	0	0	0	0	0	0	0	0	0	0	0	0	0	0	0	0	0	0	0	0	0	0	13
assemblage-898-542	0	0	0	0	0	0	0	0	0	0	0	0	0	0	0	35	0	0	0	0	0	0	0	0	0	0	0	0	0	0	0	0	0	0	0	0	0	0	166	0	0	0	0	0	0	0	0	0	0	0	139	0	0	0	0	0	0	0	0	0	0	0	0	0	0	5	0	0	0	35	0	0	109	0	0	0	0	0	0	7	0	0	4
assemblage-942-233	0	0	0	0	0	0	0	0	0	0	0	0	0	0	0	0	0	7	0	0	0	0	0	3	0	0	0	0	0	0	0	0	0	0	0	0	0	26	0	0	181	0	0	197	0	0	0	0	0	0	0	0	0	0	0	0	0	0	0	0	0	0	64	0	0	0	0	0	0	0	0	0	0	0	0	0	0	0	0	0	0	0	22
assemblage-894-247	0	0	0	0	0	0	0	0	0	0	0	0	0	0	0	0	0	0	0	0	0	0	0	103	0	0	8	0	0	7	0	0	0	0	0	0	0	0	0	0	118	0	0	186	0	0	0	0	0	0	0	0	0	0	0	0	0	0	0	0	0	0	60	0	0	0	0	0	0	0	0	0	0	0	0	6	0	0	0	0	8	0	4
assemblage-894-530	0	0	0	0	0	0	0	0	0	0	0	0	0	0	0	52	0	0	0	0	0	0	0	0	0	0	0	0	0	0	0	0	0	0	0	0	0	0	155	0	0	0	0	0	0	0	0	0	0	0	138	0	0	6	0	0	0	0	0	0	0	0	0	0	0	0	0	0	0	26	0	0	112	0	0	0	0	0	0	6	0	0	5
assemblage-930-240	0	0	0	0	0	0	0	0	0	0	0	0	0	0	14	0	0	12	0	0	0	0	0	0	0	0	0	0	0	0	0	12	0	0	0	0	0	17	0	0	116	0	0	247	0	0	0	0	0	0	0	0	0	0	0	0	0	0	0	0	0	18	51	0	0	0	0	0	0	0	0	0	0	0	0	0	0	0	0	0	0	0	13
assemblage-411-344	0	0	0	0	0	0	0	0	0	0	0	0	0	0	0	0	0	0	0	0	0	0	0	115	0	0	0	0	0	0	0	0	0	0	0	0	0	0	0	0	53	0	0	273	0	0	0	0	0	0	0	34	0	0	0	13	0	0	0	0	0	0	0	0	0	0	0	0	0	0	0	0	0	0	0	0	0	0	0	0	0	0	12
assemblage-673-417	0	0	0	0	0	0	0	0	0	0	0	0	0	0	0	0	0	0	0	0	6	0	0	0	0	0	0	0	0	0	0	0	0	0	0	0	0	0	0	0	12	0	0	422	0	0	0	0	0	0	0	0	0	0	0	0	0	0	0	0	0	0	24	0	0	0	0	0	0	0	0	0	0	0	0	0	0	0	0	0	0	19	17
assemblage-254-333	0	0	0	0	0	0	0	0	0	0	0	0	0	0	0	0	0	0	0	0	0	0	0	136	0	0	0	0	0	0	0	0	0	0	0	0	0	0	0	0	61	0	0	181	0	0	0	0	0	0	0	0	0	0	0	85	0	0	0	0	0	0	24	0	0	0	0	0	0	0	0	0	0	0	0	0	0	0	0	0	0	0	13
assemblage-260-332	0	0	0	0	0	0	0	11	0	0	0	0	0	0	0	0	0	0	0	0	0	0	0	80	0	0	0	0	0	0	0	0	0	0	0	0	0	0	0	0	92	0	0	248	0	0	0	0	0	0	0	0	0	0	0	37	0	0	0	0	0	0	27	0	0	0	0	0	0	0	0	0	0	0	0	0	0	0	0	0	0	0	5
assemblage-681-262	0	0	0	0	0	0	0	0	0	0	0	0	0	0	0	0	0	0	0	0	0	0	0	10	0	0	0	0	0	0	0	0	0	0	0	0	0	0	0	0	27	0	3	324	0	0	0	0	0	0	0	0	0	0	0	78	0	0	0	0	0	0	49	0	5	0	0	0	0	0	0	0	0	0	0	0	0	0	0	0	0	0	4
assemblage-925-280	0	0	0	0	0	0	0	0	0	0	0	0	0	0	0	0	0	0	0	0	0	0	0	75	0	0	0	0	0	0	0	0	0	0	0	0	0	0	0	0	96	0	0	259	0	0	0	0	0	0	0	0	0	0	0	0	0	0	18	0	0	0	33	0	0	0	0	0	0	0	0	0	0	0	0	0	0	0	0	0	0	0	19
assemblage-371-813	0	0	0	3	0	0	0	0	0	0	0	0	0	0	0	0	0	0	46	3	0	0	0	30	0	0	0	0	0	0	0	0	0	10	0	0	0	0	0	0	12	0	0	334	0	0	0	0	0	0	0	0	0	0	0	48	0	0	0	0	0	0	0	0	0	0	0	0	0	0	0	0	0	0	0	0	0	0	0	0	0	0	14
assemblage-172-952	0	0	0	0	0	0	0	0	0	0	0	0	0	0	0	0	0	0	0	0	0	0	0	10	0	0	0	0	0	0	0	0	0	0	0	0	0	0	0	0	87	0	0	314	0	0	0	0	0	0	0	0	0	0	0	76	0	0	0	0	0	0	0	0	0	0	0	0	0	0	0	0	0	0	0	0	0	0	0	0	0	0	13
assemblage-887-413	0	0	0	0	0	0	0	0	0	0	0	0	0	0	0	0	0	0	0	0	0	0	0	47	0	0	0	0	0	0	0	0	0	0	0	0	0	30	0	0	66	0	0	222	0	0	0	0	0	0	0	0	0	0	0	0	0	0	0	0	0	15	108	0	0	0	0	0	0	0	0	0	0	0	0	0	0	0	0	0	0	0	12
assemblage-333-235	0	0	0	0	0	0	0	11	0	0	0	0	0	0	0	0	0	0	0	0	0	0	0	97	0	0	0	0	0	0	0	0	0	0	0	0	0	0	0	0	105	0	0	236	0	0	0	0	0	0	0	0	0	0	0	36	0	0	0	0	0	0	13	0	0	0	0	0	0	0	0	0	0	0	0	0	0	0	0	0	0	0	2
assemblage-296-570	0	0	0	0	0	0	0	0	0	0	0	0	0	0	0	0	0	0	0	0	0	0	0	115	0	0	0	0	0	0	0	0	0	0	0	0	0	0	0	0	53	0	0	257	0	0	0	0	0	0	0	50	0	0	0	19	0	0	0	0	0	0	0	0	0	0	0	0	0	0	0	0	0	0	0	0	0	0	0	0	0	0	6
assemblage-292-563	0	0	0	0	0	0	0	0	0	0	0	0	0	0	0	0	0	0	0	0	0	0	0	57	0	0	0	0	0	0	0	0	0	0	0	0	0	0	0	0	99	0	0	312	0	0	0	0	0	0	0	0	0	0	0	8	0	0	0	0	0	0	0	0	0	0	0	0	0	0	0	5	0	0	0	0	0	0	0	0	0	6	13
assemblage-357-256	0	0	0	0	0	0	0	0	0	0	0	0	0	0	0	11	0	0	0	0	0	0	0	0	0	0	0	0	0	0	0	0	0	0	5	0	0	0	22	0	138	0	0	11	0	0	0	0	0	0	35	0	0	0	0	0	0	30	0	0	0	0	181	0	0	0	0	0	0	0	0	0	49	0	10	0	0	0	0	0	0	0	8
assemblage-897-536	0	0	0	0	0	0	0	0	0	0	0	0	0	0	0	21	0	0	0	0	0	0	0	0	0	0	0	0	0	0	0	0	0	0	0	0	0	0	182	0	0	0	0	0	0	0	0	0	0	0	140	0	0	0	0	0	0	0	0	0	0	0	0	0	0	0	0	0	0	30	0	0	107	0	0	0	0	0	0	8	0	0	12
assemblage-957-688	0	0	0	0	0	0	0	0	0	0	0	0	0	0	0	0	0	0	0	0	0	0	0	33	0	0	0	0	0	0	0	0	0	0	0	0	0	29	0	0	60	0	0	189	0	0	0	0	0	0	0	0	0	0	0	0	0	0	0	0	0	18	160	0	0	0	0	0	0	0	0	0	0	0	0	0	0	0	0	0	0	0	11
assemblage-344-340	0	0	0	0	0	0	0	18	0	0	0	0	0	0	0	0	0	0	0	0	8	0	0	76	0	0	0	0	0	0	0	0	0	0	0	0	0	0	0	0	39	0	0	205	0	0	0	0	0	0	0	0	0	0	0	50	0	0	0	0	0	0	93	0	0	0	8	0	0	0	0	0	0	0	0	0	0	0	0	0	0	0	3
assemblage-340-239	0	0	0	0	0	0	0	8	0	0	0	0	0	0	0	0	0	0	0	0	0	0	0	87	0	0	0	0	0	0	0	0	0	0	0	0	0	0	0	0	92	0	0	251	0	0	0	0	0	0	0	0	0	0	0	36	0	0	0	0	0	0	22	0	0	0	0	0	0	0	0	0	0	0	0	0	0	0	0	0	0	0	4
assemblage-928-253	0	0	0	0	0	0	0	0	0	0	0	0	0	0	0	0	0	0	0	0	0	0	0	37	0	0	0	0	0	0	0	0	0	0	0	0	0	33	0	0	71	0	0	174	0	0	0	0	0	0	0	0	0	0	0	0	0	0	0	0	0	6	166	0	0	0	0	0	0	0	0	0	0	0	0	0	0	0	0	0	0	0	13
assemblage-449-332	0	18	0	0	0	33	0	0	0	0	0	0	0	0	0	0	37	0	0	0	0	0	0	0	6	0	0	0	0	0	0	0	0	0	0	0	0	0	0	0	0	0	0	133	0	0	0	19	0	0	0	0	0	0	0	0	0	67	0	0	0	0	149	0	0	0	0	0	0	0	23	0	0	0	8	0	0	0	0	0	0	0	7
assemblage-261-238	0	0	0	0	0	0	0	0	0	0	0	0	0	0	0	0	0	0	0	0	0	0	0	0	0	0	0	0	0	0	0	0	0	0	0	0	0	0	0	0	0	0	0	125	0	0	0	0	0	0	0	0	0	0	0	0	0	16	0	0	0	0	283	0	0	0	0	0	0	0	0	0	0	0	65	0	0	0	0	0	0	0	11
assemblage-363-786	0	0	0	0	0	0	0	0	0	0	0	0	0	0	0	0	0	0	0	0	0	0	0	13	0	0	0	0	0	0	0	0	0	0	0	0	0	0	0	0	75	0	0	312	0	0	0	0	0	0	0	0	0	0	0	80	0	0	0	0	0	0	0	0	0	0	0	0	0	0	0	0	0	0	0	0	0	0	0	0	0	0	20
assemblage-279-115	0	0	0	0	0	0	0	0	0	0	0	0	0	0	0	0	0	0	0	0	0	0	0	0	0	0	0	0	0	0	0	0	0	0	0	0	0	0	12	0	146	0	0	117	0	0	0	0	0	0	7	0	0	0	0	0	0	21	0	0	0	0	173	0	0	0	0	0	0	0	0	0	13	0	0	0	0	0	0	0	0	0	11
assemblage-543-930	0	0	0	0	0	0	0	0	0	0	0	0	0	0	0	0	0	0	0	0	0	0	0	0	0	0	0	0	0	0	0	0	0	0	0	0	0	0	13	0	163	0	0	49	0	0	0	0	0	0	47	0	0	0	0	0	0	69	0	0	0	22	76	0	0	0	0	0	0	0	0	0	0	0	45	0	0	0	0	0	0	0	16
assemblage-629-460	0	22	0	0	0	0	0	0	0	0	0	0	0	0	0	0	0	0	0	0	0	0	0	0	0	0	0	0	0	0	0	0	0	0	0	0	0	0	0	0	106	0	0	142	0	0	0	0	0	0	112	0	0	0	0	0	0	53	0	0	0	8	31	0	0	0	0	0	0	0	0	0	0	0	0	0	0	0	0	0	0	0	26
assemblage-815-972	0	0	0	0	0	0	0	0	0	0	0	0	0	0	0	0	0	0	0	0	0	0	0	180	0	0	0	0	0	0	9	0	0	0	0	0	0	0	0	0	106	0	0	180	0	0	0	0	0	0	0	0	0	0	0	0	0	0	0	0	0	0	13	0	0	0	0	0	0	0	0	0	0	0	0	5	0	0	0	0	0	0	7
assemblage-597-662	0	0	0	0	0	0	0	0	0	0	0	0	0	0	0	0	0	0	0	0	0	0	0	49	0	0	0	0	0	0	0	0	0	0	0	0	0	0	0	7	167	0	0	191	0	0	0	0	0	0	0	0	0	0	0	0	0	17	0	0	0	17	28	0	0	0	0	10	0	0	0	0	0	0	0	0	7	0	0	0	0	0	7
assemblage-292-549	0	0	0	0	0	0	0	0	0	0	0	0	0	0	0	0	0	0	0	0	0	0	0	199	0	0	0	0	0	0	13	0	0	0	0	0	0	0	0	0	126	0	0	143	0	0	0	0	0	0	0	0	0	0	0	0	0	0	0	0	0	0	11	0	0	0	0	0	0	0	0	0	0	0	0	0	0	0	0	0	0	0	8
assemblage-631-459	0	18	0	0	0	0	0	0	0	0	0	0	0	0	0	10	0	0	0	0	0	0	0	0	0	0	0	0	0	0	0	0	0	0	0	0	0	0	3	0	102	0	0	122	0	0	0	0	0	0	118	0	0	0	0	0	0	42	0	0	0	7	48	0	0	0	0	0	0	0	0	0	0	0	14	0	0	0	0	0	0	0	16
assemblage-353-336	0	0	0	0	0	0	0	5	0	0	0	0	0	0	0	0	0	0	0	0	7	0	0	65	0	0	0	0	0	0	0	0	0	0	0	0	0	0	0	0	41	0	0	240	0	0	0	0	0	0	0	0	0	0	0	41	0	0	0	0	0	0	79	0	0	0	12	0	0	0	0	0	0	0	0	0	0	0	0	0	0	0	10
assemblage-293-129	0	0	0	0	0	0	0	0	0	0	25	0	0	0	16	0	0	0	0	0	0	0	0	0	0	0	0	0	0	0	0	0	0	0	0	0	0	0	0	0	102	0	0	115	0	7	0	0	0	0	51	0	0	0	0	0	0	31	0	0	0	36	67	0	0	0	0	0	0	0	0	0	2	0	35	0	0	0	0	0	0	0	13
assemblage-370-312	0	0	0	0	0	0	0	15	0	0	0	0	0	0	0	0	0	0	0	0	5	0	0	67	0	0	0	0	0	0	0	0	0	0	0	0	0	0	0	0	43	0	0	220	0	0	0	0	0	0	0	0	0	0	0	44	0	0	0	0	0	0	96	0	0	0	0	0	0	0	0	0	0	0	0	0	0	0	0	0	0	0	10
assemblage-929-253	0	0	0	0	0	0	0	0	0	0	0	0	0	0	24	0	0	6	0	0	0	0	0	0	0	0	0	0	0	0	0	22	0	0	0	0	0	17	0	0	119	0	0	241	0	0	0	0	0	0	0	0	0	0	0	0	0	0	0	0	0	11	46	0	0	0	0	0	0	0	0	0	0	0	0	0	0	0	0	0	0	0	14
assemblage-295-545	0	0	0	0	0	0	0	0	0	0	0	0	0	0	0	0	0	0	0	0	0	0	0	71	0	0	0	0	0	8	0	0	0	0	0	0	0	0	0	0	122	0	0	207	0	0	0	0	0	0	0	0	0	0	0	0	0	0	0	0	0	0	72	0	0	0	0	0	0	0	0	0	0	0	0	0	0	0	0	0	6	0	14
assemblage-646-853	0	0	0	0	0	0	0	0	0	0	0	0	0	0	0	0	0	0	0	0	0	0	0	98	0	0	0	0	0	4	0	0	0	0	0	0	0	0	0	0	91	0	0	240	0	0	0	0	0	0	0	0	0	0	0	0	0	0	0	0	0	0	51	0	0	0	0	0	0	0	0	0	0	0	0	5	0	0	0	0	5	0	6
assemblage-280-126	0	0	0	0	0	0	0	0	0	0	0	0	7	0	0	0	0	0	0	0	0	0	0	0	0	0	0	0	0	0	0	0	0	0	0	0	0	0	24	0	162	0	0	44	0	0	0	0	0	0	45	0	0	0	0	0	0	48	0	0	0	19	92	0	0	0	0	0	0	0	0	0	0	0	40	0	0	0	0	0	0	0	19
assemblage-925-992	0	0	0	0	0	0	0	0	0	0	0	0	0	0	0	0	0	0	0	0	0	0	0	0	0	0	0	0	14	0	0	0	0	0	0	0	0	0	0	0	167	0	0	91	0	0	0	0	0	0	29	0	0	0	0	0	0	130	0	0	0	8	25	12	0	0	0	0	0	0	0	0	8	0	9	0	0	0	0	0	0	0	7
assemblage-196-186	0	0	0	0	0	0	0	0	0	0	0	0	0	0	0	19	0	0	0	0	0	0	0	0	0	0	0	20	0	0	0	0	0	0	0	0	0	0	0	0	337	0	0	0	0	0	0	0	0	0	113	0	0	0	0	0	0	0	0	0	0	0	0	0	0	0	0	0	0	0	0	0	0	0	0	0	0	0	0	0	0	0	11
assemblage-941-247	0	0	0	0	0	0	0	0	0	0	0	0	0	0	0	0	0	0	0	0	0	0	0	46	0	0	0	0	0	0	0	0	0	0	0	0	0	46	0	0	41	0	0	177	0	0	0	0	0	0	0	0	0	0	0	0	0	0	0	0	0	11	160	0	0	0	0	0	0	0	0	0	0	0	0	0	0	0	0	0	0	0	19
assemblage-882-392	0	0	0	0	0	0	0	0	0	0	0	0	0	0	0	0	0	0	0	0	0	0	0	27	0	0	0	0	0	0	0	0	7	0	0	0	0	30	0	0	88	0	0	217	0	0	0	0	0	0	0	0	0	0	0	0	0	0	0	0	0	8	107	0	0	0	0	0	0	0	0	0	0	0	0	0	0	0	0	0	0	0	16
assemblage-623-454	0	4	0	0	0	0	0	0	0	0	0	0	0	0	0	8	0	0	0	0	0	0	0	0	0	0	0	0	0	0	0	0	0	0	0	0	0	0	0	0	137	0	0	139	0	0	0	0	0	0	102	0	0	0	0	0	0	48	0	0	0	5	31	0	0	0	0	0	0	0	0	0	0	0	0	0	0	0	0	0	0	0	26
assemblage-621-440	0	0	0	0	0	0	0	0	0	0	0	0	0	0	0	10	0	0	0	0	0	0	0	0	0	0	0	0	0	0	0	0	0	0	0	0	0	0	59	0	126	0	0	0	0	0	0	0	0	0	43	0	0	0	0	0	0	68	0	0	0	0	132	0	0	0	0	0	0	0	0	0	50	0	0	0	0	0	0	0	0	0	12
assemblage-898-394	0	0	0	0	0	0	0	0	0	0	0	0	0	0	0	0	0	12	0	0	0	0	0	0	0	0	0	0	0	0	0	0	0	0	0	0	0	20	0	0	156	0	0	236	0	0	0	0	0	0	0	0	0	0	0	0	0	0	0	0	0	0	55	0	0	0	0	0	0	0	0	0	0	0	0	0	0	0	0	0	0	0	21
assemblage-720-910	0	0	0	0	0	0	0	8	0	0	0	0	0	0	0	0	0	0	0	0	0	0	0	78	0	0	0	0	0	0	0	0	0	0	0	0	0	0	0	0	107	0	0	255	0	0	0	0	0	0	0	0	0	0	0	39	0	0	0	0	0	0	9	0	0	0	0	0	0	0	0	0	0	0	0	0	0	0	0	0	0	0	4
assemblage-237-258	0	0	0	0	0	0	0	0	0	0	0	0	0	0	0	0	0	0	0	0	0	0	0	0	0	0	0	0	0	0	0	0	0	0	0	0	0	0	0	0	0	0	0	116	0	0	0	0	0	0	0	0	0	0	0	0	0	16	0	0	0	0	282	0	0	0	0	0	0	0	0	0	0	0	76	0	0	0	0	0	0	0	10
assemblage-687-249	0	0	0	0	0	0	0	0	0	0	0	0	0	0	0	0	0	0	0	0	0	0	0	22	0	0	0	0	0	0	0	0	0	0	0	0	0	0	0	0	45	0	6	304	0	0	0	0	0	0	0	0	0	0	0	76	0	0	0	0	0	0	41	0	0	0	0	0	0	0	0	0	0	0	0	0	0	0	0	0	0	0	6
assemblage-642-861	0	0	0	0	0	0	0	0	0	0	0	0	0	0	0	0	0	0	0	0	0	0	0	209	0	0	0	0	0	0	10	0	0	0	0	0	0	0	0	0	88	0	0	160	0	0	0	0	0	0	0	0	0	0	0	0	0	0	0	0	0	0	17	0	0	0	0	0	0	0	0	0	0	0	0	4	0	0	0	0	0	0	12
assemblage-246-246	0	0	0	0	0	0	0	0	0	0	0	0	0	0	0	0	0	0	0	0	0	0	0	0	0	0	0	0	0	0	0	0	0	0	0	0	0	0	0	0	0	0	0	109	0	0	0	0	0	0	0	0	0	0	0	0	0	15	0	0	0	0	298	0	0	0	0	0	0	0	0	0	0	0	66	0	0	0	0	0	0	0	12
assemblage-759-877	0	0	0	0	0	0	0	0	0	0	0	0	0	0	0	0	0	0	0	0	0	0	0	0	0	0	0	0	0	0	0	0	0	0	0	0	0	0	10	0	0	0	0	124	28	0	0	0	0	0	49	0	0	0	0	0	0	17	0	0	0	0	123	0	0	0	0	0	0	0	0	0	81	0	67	0	0	0	0	0	0	0	1
assemblage-759-874	0	0	0	0	0	0	0	0	0	0	0	0	0	0	0	0	0	0	0	0	0	0	0	0	0	0	0	0	0	0	0	0	0	0	0	0	0	0	7	0	0	0	0	115	13	0	0	0	0	0	66	0	0	0	0	0	0	15	0	0	0	0	113	0	0	0	0	0	0	0	0	0	103	0	62	0	0	0	0	0	0	0	6
assemblage-923-236	0	0	0	0	0	0	0	0	0	0	0	0	0	0	0	0	0	9	0	0	0	0	0	4	0	0	0	0	0	0	0	0	0	0	0	0	0	12	0	0	159	0	0	229	0	0	0	0	0	0	0	0	0	0	0	0	0	0	0	0	0	0	62	0	0	0	0	0	0	0	0	0	0	0	0	0	0	0	0	0	0	0	25
assemblage-280-565	0	0	0	0	0	0	0	0	0	0	0	0	0	0	0	0	0	0	0	0	0	0	0	136	0	0	0	0	0	0	0	0	0	0	0	0	0	0	0	0	101	0	0	211	0	0	0	0	0	0	0	0	0	0	0	0	0	0	0	0	0	0	33	0	0	0	0	0	0	0	0	0	0	0	0	0	0	0	0	0	0	0	19
assemblage-628-854	0	0	0	0	0	0	0	0	0	0	0	0	0	0	0	0	0	0	0	0	0	0	0	205	0	0	0	0	0	0	9	0	0	0	0	0	0	0	0	0	93	0	0	169	0	0	0	0	0	0	0	0	0	0	0	0	0	0	0	0	0	0	9	0	0	0	0	0	0	0	0	0	0	0	0	0	0	0	0	0	0	0	15
assemblage-710-473	0	0	0	0	0	0	0	0	0	0	0	0	0	0	0	0	0	0	0	0	0	0	0	17	0	0	0	0	0	0	0	0	0	0	0	0	0	0	0	0	31	0	0	327	0	0	0	0	0	0	0	21	0	0	0	35	0	0	0	0	0	0	30	0	7	0	0	0	0	0	0	0	0	0	0	0	0	0	0	0	0	8	24
assemblage-277-528	0	0	0	0	0	0	0	0	0	0	0	0	0	0	0	0	0	0	0	0	0	0	0	117	0	0	0	0	0	0	0	0	0	0	0	0	0	0	0	0	65	0	0	251	0	0	0	0	0	0	0	0	0	0	0	24	0	0	0	0	0	0	36	0	0	0	0	0	0	0	0	0	0	0	0	0	0	0	0	0	0	0	7
assemblage-328-328	0	0	0	0	0	0	0	0	0	0	0	0	0	0	0	0	0	0	0	0	0	0	0	54	0	0	0	0	0	0	0	0	0	0	0	0	0	0	0	0	109	0	0	302	0	0	0	0	0	0	0	0	0	0	0	0	0	0	0	0	0	0	0	0	0	0	0	0	0	0	0	3	0	0	0	0	0	0	4	0	0	8	20
assemblage-630-846	0	0	0	0	0	0	0	0	0	0	0	0	0	0	0	0	0	0	0	0	0	0	0	119	0	0	0	0	0	0	0	0	0	0	0	0	0	0	0	0	56	0	0	259	0	0	0	0	0	0	0	0	0	0	0	16	0	0	0	0	0	0	42	0	0	0	0	0	0	0	0	0	0	0	0	0	0	0	0	0	0	0	8
assemblage-190-596	0	0	0	0	0	0	12	0	0	0	0	0	0	0	0	0	0	0	0	0	0	0	0	10	0	0	0	0	0	0	0	0	0	0	0	0	0	0	0	0	49	0	0	291	0	0	0	0	0	0	0	65	0	0	0	0	0	0	0	0	0	0	29	0	0	0	0	0	15	0	0	0	0	0	0	0	0	0	0	0	0	9	20
assemblage-359-271	0	0	0	0	0	0	0	0	0	0	0	0	0	0	0	0	0	0	0	0	0	0	0	0	0	0	0	0	0	0	0	0	0	0	0	0	0	0	11	0	0	0	0	119	20	0	0	0	0	0	70	0	0	0	0	0	0	7	0	0	0	0	98	0	0	0	0	0	0	0	0	0	93	0	71	0	0	0	0	0	0	0	11
assemblage-985-351	0	0	0	0	0	0	0	0	0	0	0	0	0	0	0	0	0	0	0	0	0	0	0	333	0	0	0	0	0	0	0	0	0	0	0	0	0	0	0	0	63	0	0	67	0	0	0	0	0	0	0	0	0	0	0	8	0	0	0	0	0	0	16	0	0	0	0	0	0	0	0	0	0	0	0	0	0	0	0	0	0	0	13
assemblage-597-671	0	0	0	0	0	0	0	0	0	0	0	0	0	0	22	0	0	0	0	0	0	0	0	0	0	0	0	0	13	0	0	0	0	0	0	0	0	0	0	0	119	0	0	179	0	0	0	0	0	0	0	0	0	0	0	0	0	0	0	0	0	132	8	0	0	0	0	0	0	0	0	0	0	0	0	0	0	0	0	0	0	0	27
assemblage-460-153	0	0	0	0	0	0	0	0	0	0	0	0	0	0	18	0	0	0	0	0	0	0	0	0	0	0	0	0	9	0	0	0	0	0	0	0	0	0	0	0	93	0	0	240	0	0	0	0	0	0	0	0	0	0	0	0	0	0	0	0	0	111	8	0	0	0	0	0	0	0	0	0	0	0	0	0	0	0	0	0	0	0	21
assemblage-684-472	0	0	0	0	0	0	0	0	0	0	0	0	0	0	0	0	0	0	0	0	13	0	0	0	0	0	0	0	0	0	0	0	0	0	0	0	0	0	0	0	20	0	0	415	0	0	0	0	0	0	0	0	0	0	0	3	0	0	0	0	0	0	28	0	0	0	0	0	0	0	0	0	0	0	0	0	0	0	0	0	0	14	7
assemblage-689-477	0	0	0	0	0	0	0	0	0	0	0	0	0	0	0	0	0	0	0	0	5	0	0	0	0	0	0	0	0	0	0	0	0	0	0	0	0	0	0	0	12	0	0	425	0	0	0	0	0	0	0	0	0	0	0	0	0	0	0	0	0	0	21	0	0	0	0	0	0	0	0	0	0	0	0	0	0	0	0	0	0	28	9
assemblage-308-566	0	0	0	0	0	0	0	0	0	0	0	0	0	0	0	0	0	0	0	0	0	0	0	118	0	0	0	0	0	0	0	0	0	0	0	0	0	0	0	0	29	0	0	292	0	0	0	0	0	0	0	31	0	0	0	17	0	0	0	0	0	0	0	0	0	0	0	0	0	0	0	0	0	0	0	0	0	0	0	0	0	0	13
assemblage-471-340	0	28	0	0	0	29	0	0	0	0	0	0	0	0	0	0	29	0	0	0	0	0	0	0	3	0	0	0	0	0	0	0	0	0	0	0	0	0	0	0	0	0	0	145	0	0	0	13	0	0	0	0	0	0	0	0	0	77	0	0	0	0	134	0	0	0	0	0	0	0	22	0	0	0	11	0	0	0	0	0	0	0	9
assemblage-922-687	0	0	0	0	0	0	0	0	0	0	0	0	0	0	0	0	0	6	0	0	0	0	0	2	0	0	0	0	0	0	0	0	0	0	0	0	0	12	0	0	154	9	0	238	0	0	0	0	0	0	0	0	0	0	0	0	0	0	0	0	0	0	64	0	0	0	0	0	0	0	0	0	0	0	0	0	0	0	0	0	0	0	15
assemblage-910-1006	0	0	0	0	0	0	0	0	0	0	0	0	0	0	0	0	0	0	0	0	0	0	0	0	0	0	0	0	0	0	0	0	0	0	0	0	0	6	19	0	155	0	0	123	0	0	0	0	0	0	5	0	0	0	0	0	0	16	0	0	0	0	156	0	0	0	0	0	0	0	0	0	11	0	0	0	0	0	0	0	0	0	9
assemblage-774-471	0	0	0	0	0	0	0	0	0	0	0	0	0	0	0	0	0	18	0	0	0	0	0	155	0	0	0	0	0	0	0	17	0	0	0	0	0	0	0	0	104	0	0	190	0	0	0	0	0	0	0	0	0	0	0	0	0	0	0	0	0	0	3	0	0	0	0	0	0	0	0	0	0	0	0	0	0	0	0	0	0	0	13
assemblage-239-868	0	0	0	0	0	0	0	0	0	0	10	0	0	0	0	0	0	0	0	0	0	0	0	0	0	0	0	0	0	0	0	0	0	0	0	0	0	0	0	0	133	0	0	108	0	0	0	0	0	0	37	0	0	0	0	0	0	36	0	0	3	56	65	0	0	0	0	0	0	0	0	0	7	0	24	0	0	0	0	0	0	0	21
assemblage-543-757	0	0	0	0	0	0	0	0	0	0	0	0	0	0	0	0	0	0	0	0	0	0	0	27	0	0	0	0	0	0	0	0	0	0	0	0	0	0	0	0	197	0	0	187	0	0	0	0	0	0	0	0	0	0	0	0	0	11	0	0	0	27	12	0	0	0	0	17	0	0	0	0	0	0	0	0	8	0	0	0	0	0	14
assemblage-615-216	0	0	0	0	0	0	0	0	0	0	0	0	0	0	0	0	0	0	0	0	0	0	0	55	0	0	0	0	0	0	0	0	0	0	0	0	0	0	0	0	4	0	0	327	0	0	0	0	0	0	0	19	0	0	0	54	0	0	0	0	0	0	16	0	0	0	0	0	0	0	0	0	0	0	0	0	0	8	0	0	0	0	17
assemblage-352-230	0	0	0	0	0	0	0	0	0	0	0	0	0	0	0	0	0	0	0	0	0	0	0	124	0	0	0	0	0	0	0	0	0	0	0	0	0	0	0	0	72	0	0	182	0	0	0	0	0	0	0	0	0	0	0	87	0	0	0	0	0	0	27	0	0	0	0	0	0	0	0	0	0	0	0	0	0	0	0	0	0	0	8
assemblage-614-458	0	0	0	0	0	0	0	0	0	0	0	0	0	0	0	3	0	0	0	0	0	0	0	0	0	0	0	0	0	0	0	0	0	0	10	0	0	0	11	0	147	0	0	9	0	0	0	0	0	0	48	0	0	0	0	0	0	40	0	0	0	0	170	0	0	0	0	0	0	0	0	0	39	0	11	0	0	0	0	0	0	0	12
assemblage-614-459	0	16	0	0	0	0	0	0	0	0	0	0	0	0	0	6	0	0	0	0	0	0	0	0	0	0	0	0	0	0	0	0	0	0	0	0	0	0	0	0	121	0	0	112	0	0	0	0	0	0	104	0	0	0	0	0	0	69	0	0	0	0	43	0	0	0	0	0	0	0	0	0	0	0	8	0	0	0	0	0	0	0	21
assemblage-598-655	0	0	0	0	0	0	0	0	0	0	0	0	0	0	0	0	0	103	0	0	0	0	0	0	0	0	0	0	70	0	0	0	0	0	0	0	0	0	0	0	99	0	0	194	0	0	0	0	0	0	0	0	0	0	0	0	0	13	0	0	0	0	9	0	0	0	0	0	0	0	0	0	0	0	0	0	0	0	0	0	0	0	12
assemblage-336-223	0	0	0	0	0	0	0	0	0	0	0	0	0	0	0	0	0	0	0	0	0	0	0	347	0	0	0	0	0	0	0	0	0	0	0	0	0	0	0	0	56	0	0	65	0	0	0	0	0	0	0	0	0	0	0	10	0	0	0	0	0	0	17	0	0	0	0	0	0	0	0	0	0	0	0	0	0	0	0	0	0	0	5
assemblage-787-982	0	0	0	0	0	0	0	0	0	0	0	0	0	0	0	0	0	0	0	0	0	0	0	117	0	0	0	0	0	0	0	0	0	0	0	0	6	0	0	0	70	0	0	245	0	0	0	0	0	0	0	0	0	0	0	17	0	0	0	0	0	0	35	0	0	0	0	0	0	0	0	0	0	0	0	0	0	0	0	0	0	0	10
assemblage-637-842	0	0	0	0	0	0	0	0	0	0	0	0	0	0	0	0	0	0	0	0	0	0	0	210	0	0	0	0	0	0	9	0	0	0	0	0	0	0	0	0	96	0	0	154	0	0	0	0	0	0	0	0	0	0	0	0	0	0	0	0	0	0	18	0	0	0	0	0	0	0	0	0	0	0	0	0	0	0	0	0	0	0	13
assemblage-912-277	0	0	0	0	0	0	0	0	0	0	0	0	0	0	0	0	0	0	0	0	0	7	0	77	0	0	0	0	0	0	0	0	0	0	0	0	0	0	0	0	93	0	0	273	0	0	0	0	5	0	0	0	0	0	0	0	0	0	11	0	0	0	27	0	0	0	0	0	0	0	0	0	0	0	0	0	0	0	0	0	0	0	7
assemblage-167-585	0	0	0	0	0	0	6	0	0	0	0	0	0	0	0	0	0	0	0	0	0	0	0	3	0	0	0	0	0	0	0	0	0	0	0	0	0	0	0	0	57	0	0	315	0	0	0	0	0	0	0	37	0	0	0	0	0	0	0	0	0	0	48	0	0	0	0	0	8	0	0	0	0	0	0	0	0	0	0	0	0	0	26
assemblage-605-243	0	0	0	0	0	0	0	34	0	0	0	0	0	0	0	0	0	0	0	0	7	0	12	129	0	0	0	0	0	0	0	0	0	0	0	0	0	0	0	0	92	0	0	127	0	0	0	0	0	0	0	0	0	0	0	46	0	0	0	0	0	0	41	0	0	0	0	0	0	0	0	0	0	0	0	0	0	0	0	0	0	0	12
assemblage-498-521	0	0	0	0	0	0	0	0	0	0	9	0	0	0	0	0	0	0	0	0	0	0	0	31	0	0	0	0	0	0	0	0	0	0	0	0	0	0	0	10	199	0	0	175	0	0	0	0	0	0	0	0	0	0	0	0	0	11	0	0	0	23	18	0	0	0	0	3	0	0	0	0	0	0	0	0	8	0	0	0	0	0	13
assemblage-594-235	0	0	0	0	0	0	0	31	0	0	0	0	0	0	0	0	0	0	0	0	10	0	6	139	0	0	0	0	0	0	0	0	0	0	0	0	0	0	0	0	75	0	0	127	0	0	0	0	0	4	0	0	0	0	0	52	0	0	0	0	0	0	41	0	0	0	0	0	0	0	0	0	0	0	0	0	0	0	0	0	0	0	15
assemblage-694-256	0	0	0	0	0	0	0	0	0	0	0	0	0	0	0	0	0	0	0	0	0	0	0	8	0	0	0	0	0	0	0	0	0	0	0	7	0	0	0	0	64	0	0	335	0	0	0	0	0	0	0	0	0	0	0	74	0	0	0	0	0	0	0	0	10	0	0	0	0	0	0	0	0	0	0	0	0	0	0	0	0	0	2
assemblage-160-161	0	0	0	0	0	0	0	0	0	0	0	0	0	0	0	0	0	0	0	0	0	0	0	0	0	0	0	0	0	0	0	0	0	0	6	0	0	0	13	0	156	0	0	11	0	0	0	0	0	0	42	0	0	0	0	0	0	38	0	0	0	0	165	0	0	0	0	0	0	0	0	0	43	0	15	0	0	0	0	0	0	0	11
assemblage-904-260	0	0	0	0	0	0	0	0	0	0	0	0	0	0	0	0	0	0	0	0	0	0	0	99	0	0	0	0	0	0	0	0	0	0	0	0	0	0	0	0	84	0	0	249	0	0	0	0	0	0	0	0	0	0	0	0	0	0	13	0	0	0	41	0	0	0	0	0	0	0	0	0	0	0	0	0	0	0	0	0	0	0	14
assemblage-206-182	0	0	0	0	0	0	0	0	0	0	0	0	0	0	0	29	0	0	0	0	0	0	0	0	0	0	0	29	0	0	0	0	0	0	0	0	0	0	0	0	338	0	0	0	0	0	0	0	0	0	96	0	0	0	0	0	0	0	0	0	0	0	0	0	0	0	0	0	0	0	0	0	0	0	0	0	0	0	0	0	0	0	8
assemblage-396-352	0	0	0	0	0	0	0	12	0	0	0	0	0	0	0	0	0	0	0	0	9	0	0	101	0	0	0	0	0	0	0	0	0	0	0	0	0	0	0	0	32	0	0	202	0	0	0	0	0	0	0	0	0	0	0	44	0	0	0	0	0	0	85	0	0	0	6	0	0	0	0	0	0	0	0	0	0	0	0	0	0	0	9
assemblage-178-601	0	0	0	0	0	0	0	0	0	0	0	0	0	0	0	0	0	0	0	0	0	0	0	16	0	0	0	0	0	0	0	0	0	0	0	0	0	0	0	0	79	0	0	228	0	0	0	0	0	0	0	9	0	0	0	95	0	0	0	0	0	0	29	0	30	0	0	0	0	0	0	0	0	0	0	0	0	0	0	0	0	6	8
assemblage-165-927	0	0	0	0	0	0	0	0	0	0	0	0	0	0	0	0	0	0	29	0	0	0	0	34	0	0	0	0	0	0	0	0	0	11	0	0	0	0	0	0	28	0	0	330	0	0	0	0	0	0	0	0	0	0	0	45	0	0	0	0	0	0	0	0	0	0	0	0	0	0	0	0	0	0	0	0	0	0	0	0	0	0	23
assemblage-712-891	0	0	0	0	0	0	0	0	0	0	0	0	0	0	0	0	0	0	0	0	0	0	0	61	0	0	0	0	0	0	0	0	0	0	0	0	0	0	0	0	98	0	0	255	0	0	0	0	0	0	0	0	0	0	0	58	0	0	0	0	0	0	17	0	0	0	0	0	0	0	0	0	0	0	0	0	0	0	0	0	0	0	11
assemblage-635-856	0	0	0	0	0	0	0	0	0	0	0	0	0	0	0	0	0	0	0	0	0	0	0	77	0	0	0	0	0	0	0	0	0	0	0	0	0	0	0	0	93	0	0	270	0	0	0	0	0	0	0	0	0	0	0	0	0	0	12	0	0	0	35	0	0	0	0	0	0	0	0	0	0	0	0	0	0	0	0	0	0	0	13
assemblage-412-358	0	0	0	0	0	0	0	32	0	0	0	0	0	0	0	0	0	0	0	0	6	0	9	145	0	0	0	0	0	0	0	0	0	0	0	0	0	0	0	0	68	0	0	128	0	0	0	0	0	13	0	0	0	0	5	51	0	0	0	0	0	0	40	0	0	0	0	0	0	0	0	0	0	0	0	0	0	0	0	0	0	0	3
assemblage-319-550	0	0	0	0	0	0	0	0	0	0	0	0	0	0	0	0	0	0	0	0	0	0	0	115	0	0	0	0	0	11	0	0	0	0	0	0	0	0	0	0	86	0	0	204	0	0	0	0	0	0	0	0	0	0	0	0	0	0	0	0	0	0	71	0	0	0	0	0	0	0	0	0	0	0	0	4	0	0	0	0	5	0	4
assemblage-259-333	0	0	0	0	0	0	0	0	0	0	0	0	0	0	0	0	0	0	0	0	0	0	0	319	0	0	0	0	0	0	0	0	0	0	0	0	0	0	0	0	52	0	0	82	0	0	0	0	0	0	0	0	0	0	0	7	0	0	0	0	0	0	18	0	0	0	0	0	0	0	0	0	0	0	0	0	0	0	0	0	0	0	22
assemblage-520-558	0	0	0	0	0	0	0	0	0	2	0	0	0	0	0	0	0	0	0	0	0	0	0	14	0	0	0	0	0	0	0	0	0	0	0	0	0	0	0	0	26	0	8	322	0	0	0	0	0	0	0	0	0	0	0	67	0	0	0	0	0	0	52	0	0	0	0	0	0	0	0	0	0	0	0	0	0	0	0	0	0	0	9
assemblage-160-196	0	0	0	0	0	0	0	0	0	0	0	0	0	0	0	11	0	0	0	0	0	0	0	0	0	0	0	0	0	0	0	0	0	0	0	0	0	0	65	0	100	0	0	0	0	0	0	0	0	0	46	0	0	0	0	0	0	75	0	0	0	0	137	0	0	0	0	0	0	0	0	0	51	0	0	0	0	0	0	0	0	0	15
assemblage-359-264	0	0	0	0	0	0	0	0	0	0	0	0	0	0	0	0	0	0	0	0	0	0	0	0	0	0	0	0	0	0	0	0	0	0	0	0	0	0	9	0	0	0	0	120	20	0	0	0	0	0	69	0	0	0	0	0	0	15	0	0	0	0	95	0	0	0	0	0	0	0	0	0	104	0	58	0	0	0	0	0	0	0	10
assemblage-520-549	0	0	0	0	0	0	0	0	0	0	0	0	0	0	0	0	0	0	3	0	0	0	0	12	0	0	0	0	0	0	0	0	0	0	0	0	0	0	0	0	48	0	4	343	0	0	0	0	0	0	0	0	0	0	0	59	0	0	0	0	0	0	7	0	0	0	0	0	0	0	0	0	0	0	0	0	0	0	0	0	0	0	24
assemblage-242-242	0	0	0	0	0	0	0	0	0	0	0	0	0	0	0	0	0	0	0	0	0	0	0	0	0	0	0	0	0	0	0	0	0	0	0	0	0	0	0	0	0	0	0	96	0	0	0	0	0	0	0	0	0	0	0	0	0	18	0	0	0	0	301	0	0	0	0	0	0	0	0	0	0	0	68	0	0	0	0	0	0	0	17
assemblage-929-680	0	0	0	0	0	0	0	0	0	0	0	0	0	0	16	0	0	9	0	0	0	0	0	0	0	0	0	0	0	0	0	19	0	0	0	0	0	17	0	0	102	0	0	259	0	0	0	0	0	0	0	0	0	0	0	0	0	0	0	0	0	28	33	0	0	0	0	0	0	0	0	0	0	0	0	0	0	0	0	0	0	0	17
assemblage-943-691	0	0	0	0	0	0	0	0	0	0	0	0	0	0	0	0	0	8	0	0	0	0	0	5	0	0	0	0	0	0	0	0	0	0	0	0	0	14	0	0	172	0	0	217	0	0	0	0	0	0	0	0	0	0	0	0	0	0	0	0	0	0	65	0	0	0	0	0	0	0	0	0	0	0	0	0	0	0	0	0	0	0	19
assemblage-305-132	0	0	0	0	0	0	0	0	0	0	0	0	0	0	0	0	0	0	0	0	0	0	0	0	0	0	0	0	0	0	0	0	0	0	0	0	0	5	14	0	143	0	0	138	0	0	0	0	0	0	10	0	0	0	0	0	0	45	0	0	0	0	119	0	0	0	0	0	0	0	0	0	12	0	0	0	0	0	0	0	0	0	14
assemblage-526-916	0	0	0	0	0	0	0	0	0	0	0	0	0	0	0	0	0	0	0	0	0	0	0	0	0	0	0	0	0	0	0	0	0	0	0	0	0	6	17	0	137	0	0	142	0	0	0	0	0	0	9	0	0	0	0	0	0	28	0	0	0	0	139	0	0	0	0	0	0	0	0	0	11	0	0	0	0	0	0	0	0	0	11
assemblage-358-789	0	0	0	7	0	0	0	0	0	0	0	0	0	0	0	0	0	0	40	8	0	0	0	37	0	0	0	0	0	0	0	0	0	13	0	0	0	0	0	0	5	0	0	334	0	0	0	0	0	0	0	0	0	0	0	44	0	0	0	0	0	0	0	0	0	0	0	0	0	0	0	0	0	0	0	0	0	0	0	0	0	0	12
assemblage-611-217	0	0	0	0	0	0	0	0	0	0	0	0	0	0	0	0	0	0	0	0	0	0	0	7	0	0	0	0	0	0	0	0	0	0	0	0	0	0	0	0	87	0	0	259	0	0	0	0	0	0	0	11	0	0	0	63	0	0	0	0	0	0	30	0	31	0	0	0	0	0	0	0	0	0	0	0	0	0	0	0	0	3	9
assemblage-670-392	0	0	0	0	0	0	0	0	0	0	0	0	0	0	0	0	0	0	0	0	0	0	10	72	0	0	0	0	0	0	0	0	0	0	0	0	0	0	0	0	9	0	0	288	0	0	0	0	0	0	0	30	0	0	0	57	0	0	0	8	0	0	12	0	0	0	0	0	0	0	0	0	0	0	0	0	0	11	0	0	0	0	3
assemblage-907-527	0	0	0	0	0	0	0	0	0	0	0	0	0	0	0	37	0	0	0	0	0	0	0	0	0	0	0	0	0	0	0	0	0	0	0	0	0	0	165	0	0	0	0	0	0	0	0	0	0	0	116	0	0	0	0	0	0	0	0	0	0	0	0	0	0	0	0	0	0	45	0	0	119	0	0	0	0	0	0	8	0	0	10
assemblage-358-786	0	0	8	0	0	0	0	0	0	0	0	0	0	0	0	0	0	0	0	0	0	0	0	0	0	0	0	0	0	0	0	0	0	0	0	0	0	0	0	0	45	0	23	329	0	0	0	0	0	0	0	0	0	0	0	74	0	0	0	0	0	0	0	0	5	0	0	0	0	0	0	0	0	0	0	0	0	0	0	0	0	0	16
assemblage-742-872	0	0	0	0	0	0	0	0	0	0	0	0	0	0	0	0	0	0	0	0	0	0	0	0	0	0	0	0	0	0	0	0	0	0	0	0	0	0	12	0	0	0	0	134	21	0	0	0	0	0	60	0	0	0	0	0	0	9	0	0	0	0	97	0	0	0	0	0	0	0	0	0	82	0	76	0	0	0	0	0	0	0	9
assemblage-627-458	0	0	0	0	0	0	0	0	0	0	0	0	0	0	0	6	0	0	0	0	0	0	0	0	0	11	0	0	0	0	0	0	0	0	0	0	0	0	68	0	102	0	0	0	0	0	0	0	0	0	56	0	0	0	0	0	0	77	0	0	0	0	123	0	0	0	0	0	0	0	0	0	49	0	0	0	0	0	0	0	0	0	8
assemblage-545-737	0	0	0	0	0	0	0	0	0	0	0	0	0	0	14	0	0	0	0	0	0	0	0	0	0	0	0	0	0	0	0	3	0	0	0	0	0	71	0	0	78	0	0	177	0	0	0	0	0	0	0	0	0	0	0	0	0	0	0	0	0	5	131	0	0	0	0	0	0	0	0	0	0	0	3	0	0	0	0	0	0	0	18
assemblage-606-238	0	0	0	0	0	0	0	0	0	0	0	0	0	0	0	0	0	0	0	0	0	0	0	59	0	0	0	0	0	0	0	0	0	0	0	0	0	0	0	0	87	0	0	309	0	0	0	0	0	0	0	0	0	0	0	9	0	0	0	0	0	0	0	0	0	0	0	0	0	0	0	0	0	0	0	0	0	0	5	0	0	8	23
assemblage-195-187	0	0	0	0	0	0	0	0	0	0	0	0	0	0	0	15	0	0	0	0	0	0	0	0	0	0	0	15	0	0	0	0	0	0	0	0	0	0	0	0	362	0	0	0	0	0	0	0	0	0	102	0	0	0	0	0	0	0	0	0	0	0	0	0	0	0	0	0	0	0	0	0	0	0	0	0	0	0	0	0	0	0	6
assemblage-171-608	0	0	0	0	0	0	0	0	0	0	0	0	0	0	0	0	0	0	0	0	8	0	0	0	0	0	0	0	0	0	0	0	0	0	0	0	0	0	0	0	10	0	0	440	0	0	0	0	0	0	0	0	0	0	0	0	0	0	0	0	0	0	12	0	0	0	0	0	0	0	0	0	0	0	0	0	0	0	0	0	0	16	14
assemblage-466-351	0	28	0	0	0	20	0	0	0	0	0	0	0	0	0	0	32	0	0	0	0	0	0	0	1	0	0	0	0	0	0	0	0	0	0	0	0	0	0	0	0	0	0	116	0	0	0	14	0	0	0	0	0	0	0	0	0	94	0	0	0	0	154	0	0	0	0	0	0	0	28	0	0	0	9	0	0	0	0	0	0	0	4
assemblage-687-910	0	0	0	0	0	0	0	0	0	0	0	0	0	0	0	0	0	0	0	0	0	0	0	126	0	0	0	0	0	0	0	0	0	0	0	0	0	0	0	0	72	0	0	196	0	0	0	0	0	0	0	0	0	0	0	73	0	0	0	0	0	0	19	0	0	0	0	0	0	0	0	0	0	0	0	0	0	0	0	0	0	0	14
assemblage-209-176	0	0	0	0	0	0	0	0	0	0	0	0	0	0	0	22	0	0	0	0	0	0	0	0	0	0	0	17	0	0	0	0	0	0	0	0	0	0	0	0	326	0	0	0	0	0	0	0	0	0	129	0	0	0	0	0	0	0	0	0	0	0	0	0	0	0	0	0	0	0	0	0	0	0	0	0	0	0	0	0	0	0	6
assemblage-281-541	0	0	0	0	0	0	0	0	0	0	0	0	0	0	0	0	0	0	0	0	0	0	0	148	0	0	0	0	0	0	0	0	0	0	0	0	0	0	0	0	59	0	0	232	0	0	0	0	0	0	0	0	0	0	0	20	0	0	0	0	0	0	26	0	0	0	0	0	0	0	0	0	0	0	0	0	0	0	0	0	0	0	15
assemblage-762-878	0	22	0	0	0	0	0	0	0	0	0	0	0	0	0	4	0	0	0	0	0	0	0	0	0	0	0	0	0	0	0	0	0	0	0	0	0	0	8	0	113	0	0	145	0	0	0	0	0	0	95	0	0	0	0	0	0	43	0	0	0	15	41	0	0	0	0	0	0	0	0	0	0	0	5	0	0	0	0	0	0	0	9
assemblage-181-190	0	0	0	0	0	0	0	0	0	0	0	0	0	0	0	0	0	0	0	0	0	0	0	0	0	0	0	0	0	0	0	0	0	0	0	0	0	0	14	0	0	0	0	101	29	0	0	0	0	0	62	0	0	0	0	0	0	19	0	0	0	0	95	0	0	0	0	0	0	0	0	0	100	0	74	0	0	0	0	0	0	0	6
assemblage-168-953	0	0	0	0	0	0	0	0	0	0	0	0	0	0	0	0	0	0	0	0	0	0	0	11	0	0	0	0	0	0	0	0	0	0	0	0	0	0	0	0	95	0	0	321	0	0	0	0	0	0	0	0	0	0	0	63	0	0	0	0	0	0	0	0	6	0	0	0	0	0	0	0	0	0	0	0	0	0	0	0	0	0	4
assemblage-990-345	0	0	0	0	0	0	0	0	0	0	0	0	0	0	0	0	0	0	0	0	0	0	0	95	0	0	0	0	0	0	0	0	0	0	0	0	0	0	0	0	90	0	0	220	0	0	0	0	0	0	0	0	0	0	0	51	0	0	0	0	0	0	21	0	0	0	0	0	0	0	0	0	0	0	0	0	0	0	0	0	0	0	23
assemblage-549-750	0	0	0	0	0	0	0	0	0	0	0	0	0	0	17	0	0	10	0	0	0	0	0	0	0	0	0	0	21	0	0	0	0	0	0	0	0	3	0	0	113	0	0	226	0	0	0	0	0	0	0	0	0	0	0	0	0	0	0	0	0	82	6	0	0	0	0	0	0	0	0	0	0	0	0	0	0	0	0	0	0	0	22
assemblage-480-335	0	33	0	0	0	20	0	0	0	0	0	0	0	0	0	0	36	0	0	0	0	0	0	0	7	0	0	0	0	0	0	0	0	0	0	0	0	0	0	0	0	0	0	119	0	0	0	17	0	0	0	0	0	0	0	0	0	80	0	0	0	0	151	0	0	0	0	0	0	0	22	0	0	0	10	0	0	0	0	0	0	0	5
assemblage-535-559	0	0	0	0	0	0	0	0	0	0	0	0	0	0	0	0	0	0	0	0	0	0	0	9	0	0	0	0	0	0	0	0	0	0	0	0	0	0	0	0	51	0	38	313	0	0	7	0	0	0	0	0	0	0	0	65	0	0	0	0	0	0	0	0	13	0	0	0	0	0	0	0	0	0	0	0	0	0	0	0	0	0	4
assemblage-183-166	0	0	0	0	0	0	0	0	0	0	0	0	0	0	0	29	0	0	0	0	0	0	0	0	0	0	0	0	0	0	0	0	0	0	0	0	0	0	60	0	72	0	0	0	0	0	0	0	0	0	46	0	0	0	0	0	0	83	0	0	0	0	150	0	0	0	0	0	0	0	0	0	47	0	0	0	0	0	0	0	0	0	13
assemblage-176-599	0	0	0	0	0	0	0	0	0	0	0	0	0	0	0	0	0	0	0	0	0	0	11	59	0	0	0	0	0	0	0	0	0	0	0	0	0	0	0	0	10	0	0	319	0	0	0	0	0	0	0	30	0	0	0	42	0	0	0	3	0	0	15	0	0	0	0	0	0	0	0	0	0	0	0	0	0	7	0	0	0	0	4
assemblage-924-289	0	0	0	0	0	0	0	0	0	0	0	0	0	0	0	0	0	0	0	0	0	0	0	110	0	0	5	0	0	0	0	0	0	0	0	0	0	0	0	0	87	0	0	200	0	0	0	0	0	0	0	0	0	0	0	0	0	0	0	0	0	0	75	0	0	0	0	0	0	0	0	0	0	0	0	0	0	0	0	0	11	0	12
assemblage-235-847	0	0	0	0	0	0	0	0	0	0	24	0	0	0	9	0	0	0	0	0	0	0	0	0	0	0	0	0	0	0	0	0	0	0	0	0	0	0	0	0	131	0	0	111	0	0	0	0	0	0	44	0	0	0	0	0	0	37	0	0	7	35	47	0	0	0	0	0	0	0	0	0	11	0	36	0	0	0	0	0	0	0	8
assemblage-298-582	0	0	0	0	0	0	0	0	0	0	0	0	0	0	0	0	0	0	0	0	0	0	0	110	0	0	0	0	0	0	0	0	0	0	0	0	0	0	0	0	44	0	0	286	0	0	0	0	0	0	0	43	0	0	0	10	0	0	0	0	0	0	0	0	0	0	0	0	0	0	0	0	0	0	0	0	0	0	0	0	0	0	7
assemblage-172-188	0	0	0	0	0	0	0	0	0	0	0	0	0	0	0	0	0	0	0	0	0	0	0	0	0	0	0	0	0	0	0	0	0	0	12	0	0	0	10	0	160	0	0	12	0	0	0	0	0	0	38	0	0	0	0	0	0	39	0	0	0	0	160	0	0	0	0	0	0	0	0	0	45	0	13	0	0	0	0	0	0	0	11
assemblage-299-556	0	0	0	0	0	0	0	0	0	0	0	0	0	0	0	0	0	0	0	0	0	0	0	85	0	0	0	0	0	6	0	0	0	0	0	0	0	0	0	0	112	0	0	209	0	0	0	0	0	0	0	0	0	0	0	0	0	0	0	0	0	0	68	0	0	0	0	0	0	0	0	0	0	0	0	0	0	0	0	0	16	0	4
assemblage-809-471	0	0	0	0	0	0	0	0	0	0	0	0	0	0	0	0	0	0	0	0	0	0	0	33	0	0	0	0	0	0	0	0	0	0	0	0	0	26	0	0	57	0	0	205	0	0	0	0	0	0	0	0	0	0	0	0	0	0	0	0	0	13	146	0	0	0	0	0	0	0	0	0	0	0	0	0	0	0	0	0	0	0	20
assemblage-183-592	0	0	0	0	0	0	0	0	0	0	0	0	0	0	0	0	0	0	0	0	0	0	0	18	0	0	0	0	0	0	0	0	0	0	0	0	0	0	0	0	85	0	0	221	0	0	0	0	0	0	0	10	0	0	0	64	0	0	0	0	0	0	58	0	32	0	0	0	0	0	0	0	0	0	0	0	0	0	0	0	0	6	6
assemblage-870-401	0	0	0	0	0	0	0	0	0	0	0	0	0	0	22	0	0	12	0	0	0	0	0	0	0	0	0	0	0	0	0	13	0	0	0	0	0	17	0	0	133	0	0	235	0	0	0	0	0	0	0	0	0	0	0	0	0	0	0	0	0	23	33	0	0	0	0	0	0	0	0	0	0	0	0	0	0	0	0	0	0	0	12
assemblage-299-553	0	0	0	0	0	0	0	0	0	0	0	0	0	0	0	0	0	0	0	0	0	0	0	127	0	0	0	0	0	0	0	0	0	0	0	0	0	0	0	0	31	0	0	286	0	0	0	0	0	0	0	37	0	0	0	14	0	0	0	0	0	0	0	0	0	0	0	0	0	0	0	0	0	0	0	0	0	0	0	0	0	0	5
assemblage-267-236	0	0	0	0	0	0	0	0	0	0	0	0	0	0	0	0	0	0	0	0	0	0	0	0	0	0	0	0	0	0	0	0	0	0	0	0	0	0	0	0	0	0	0	103	0	0	0	0	0	0	0	0	0	0	0	0	0	16	0	0	0	0	316	0	0	0	0	0	0	0	0	0	0	0	54	0	0	0	0	0	0	0	11
assemblage-690-252	0	0	0	2	0	0	0	0	0	0	0	0	0	0	0	0	0	0	48	15	0	0	0	25	0	0	0	0	0	0	0	0	0	12	0	0	0	0	0	0	13	0	0	334	0	0	0	0	0	0	0	0	0	0	0	38	0	0	0	0	0	0	0	0	0	0	0	0	0	0	0	0	0	0	0	0	0	0	0	0	0	0	13
assemblage-889-395	0	0	0	0	0	0	0	0	0	0	0	0	0	0	0	0	0	15	0	0	0	0	0	119	0	0	0	0	0	0	0	18	0	0	0	0	0	0	0	0	102	0	0	228	0	0	0	0	0	0	0	0	0	0	0	0	0	0	0	0	0	0	0	0	0	0	0	0	0	0	0	0	0	0	0	0	0	0	0	0	0	0	18
assemblage-619-459	0	0	0	0	0	0	0	0	0	0	0	0	0	0	0	12	0	0	0	0	0	0	0	0	0	4	0	0	0	0	0	0	0	0	0	0	0	0	77	0	105	0	0	0	0	0	0	0	0	0	57	0	0	0	0	0	0	84	0	0	0	0	113	0	0	0	0	0	0	0	0	0	36	0	0	0	0	0	0	0	0	0	12
assemblage-296-136	0	0	0	0	0	0	0	0	0	0	0	0	0	0	0	0	0	0	0	0	0	0	0	0	0	0	0	0	0	0	0	0	0	0	0	0	0	0	31	0	156	0	0	47	0	0	0	0	0	0	47	0	0	0	0	0	0	47	0	0	0	18	97	0	0	0	0	0	0	0	0	0	10	0	30	0	0	0	0	0	0	0	17
assemblage-609-214	0	0	0	0	0	0	0	0	0	0	0	0	0	0	0	0	0	0	0	0	0	0	7	65	0	0	0	0	0	0	0	0	0	0	0	0	0	0	0	0	0	0	0	325	0	0	0	0	0	0	0	29	0	0	0	45	0	0	0	0	0	0	11	0	0	0	0	0	0	0	0	0	0	0	0	0	0	5	0	0	0	0	13
assemblage-526-929	0	0	0	0	0	0	0	0	0	0	0	0	0	0	0	0	0	0	0	0	0	0	0	0	0	0	0	0	8	0	0	0	0	0	0	0	0	0	0	0	172	0	0	99	0	0	0	0	0	0	39	0	0	0	0	0	0	106	0	0	0	6	35	11	0	0	0	0	0	0	0	0	10	0	5	0	0	0	0	0	0	0	9
assemblage-950-251	0	0	0	0	0	0	0	0	0	0	0	0	0	0	0	0	0	7	0	0	0	0	0	6	0	0	0	0	0	0	0	0	0	0	0	0	0	12	0	0	167	0	0	239	0	0	0	0	0	0	0	0	0	0	0	0	0	0	0	0	0	0	51	0	0	0	0	0	0	0	0	0	0	0	0	0	0	0	0	0	0	0	18
assemblage-663-393	0	0	0	0	0	0	0	0	0	0	0	0	0	0	0	0	0	0	0	0	0	0	0	10	0	0	0	0	0	0	0	0	0	0	0	0	0	0	0	0	101	0	0	249	0	0	0	0	0	0	0	7	0	0	0	57	0	0	0	0	0	0	38	0	26	0	0	0	0	0	0	0	0	0	0	0	0	0	0	0	0	4	8
assemblage-1000-339	0	0	0	0	0	0	0	0	0	0	0	0	0	0	0	0	0	0	0	0	0	0	0	335	0	0	0	0	0	0	0	0	0	0	0	0	0	0	0	0	39	0	0	84	0	0	0	0	0	0	0	0	0	0	0	10	0	0	0	0	0	0	25	0	0	0	0	0	0	0	0	0	0	0	0	0	0	0	0	0	0	0	7
assemblage-154-592	0	0	0	0	0	0	0	0	6	0	0	0	0	0	0	0	0	0	0	0	0	0	0	7	0	0	0	0	0	0	0	0	0	0	0	0	0	0	0	0	100	0	0	225	0	0	0	0	0	0	0	0	0	0	0	58	0	0	0	0	0	0	55	0	25	0	0	0	0	0	0	0	0	0	0	0	0	0	0	0	0	12	12
assemblage-181-932	0	0	4	0	0	0	0	0	0	0	0	0	0	0	0	0	0	0	0	0	0	0	0	4	0	0	0	0	0	0	0	0	0	0	0	0	0	0	0	0	46	0	24	354	0	0	0	0	0	0	0	0	0	0	0	55	0	0	0	0	0	0	0	0	0	0	0	0	0	0	0	0	0	0	0	0	0	0	0	0	0	0	13
assemblage-343-236	0	0	0	0	0	0	0	10	0	0	0	0	0	0	0	0	0	0	0	0	0	0	0	104	0	0	0	0	0	0	0	0	0	0	0	0	0	0	0	0	110	0	0	209	0	0	0	0	0	0	0	0	0	0	0	43	0	0	0	0	0	0	17	0	0	0	0	0	0	0	0	0	0	0	0	0	0	0	0	0	0	0	7
assemblage-152-958	0	0	0	0	0	0	0	0	0	0	0	0	0	0	0	0	0	0	0	0	0	0	0	12	0	0	0	0	0	0	0	0	0	0	0	0	0	0	0	0	76	0	0	328	0	0	0	0	0	0	0	0	0	0	0	67	0	0	0	0	0	0	0	0	9	0	0	0	0	0	0	0	0	0	0	0	0	0	0	0	0	0	8
assemblage-503-944	0	0	0	0	0	0	0	0	0	0	0	0	0	0	0	0	0	0	0	0	0	0	0	0	0	0	0	0	11	0	0	0	0	0	0	0	0	0	0	0	161	0	0	87	0	0	0	0	0	0	30	0	0	0	0	0	0	146	0	0	0	5	32	6	0	0	0	0	0	0	0	0	12	0	0	0	0	0	0	0	0	0	10
assemblage-150-176	0	0	0	0	0	0	0	0	0	0	0	0	0	0	0	22	0	0	0	0	0	0	0	0	0	12	0	0	0	0	0	0	0	0	0	0	0	0	62	0	103	0	0	0	0	0	0	0	0	0	43	0	0	0	0	0	0	64	0	0	0	0	142	0	0	0	0	0	0	0	0	0	39	0	0	0	0	0	0	0	0	0	13
assemblage-537-763	0	0	0	0	0	0	0	0	0	0	0	0	0	0	14	0	0	0	0	0	0	0	0	0	0	0	0	0	3	0	0	11	0	0	0	0	0	83	0	0	62	0	0	167	0	0	0	0	0	0	0	0	0	0	0	0	0	0	0	0	0	13	126	0	0	0	0	0	0	0	0	0	0	0	5	0	0	0	0	0	0	0	16
assemblage-911-277	0	0	0	0	0	0	0	0	0	0	0	0	0	0	0	0	0	0	0	0	0	0	0	207	0	0	0	0	0	0	5	0	0	0	0	0	0	0	0	0	108	0	0	166	0	0	0	0	0	0	0	0	0	0	0	0	0	0	0	0	0	0	6	0	0	0	0	0	0	0	0	0	0	0	0	0	0	0	0	0	0	0	8
assemblage-500-534	0	0	0	0	0	0	0	0	0	0	0	0	0	0	23	0	0	8	0	0	0	0	0	0	0	0	0	0	21	0	0	0	0	0	0	0	0	4	0	0	125	0	0	198	0	0	0	0	0	0	0	0	0	0	0	0	0	0	0	0	0	99	8	0	0	0	0	0	0	0	0	0	0	0	0	0	0	0	0	0	0	0	14
assemblage-594-237	0	0	0	0	0	0	0	0	0	0	0	0	0	0	0	0	0	0	0	0	0	0	0	113	0	0	0	0	0	0	0	0	0	0	0	0	0	0	0	0	49	0	0	296	0	0	0	0	0	0	0	26	0	0	0	9	0	0	0	0	0	0	0	0	0	0	0	0	0	0	0	0	0	0	0	0	0	0	0	0	0	0	7
assemblage-790-466	0	0	0	0	0	0	0	0	0	0	0	0	0	0	18	0	0	12	0	0	0	0	0	0	0	0	0	0	0	0	0	18	0	0	0	0	0	18	0	0	121	0	0	252	0	0	0	0	0	0	0	0	0	0	0	0	0	0	0	0	0	23	29	0	0	0	0	0	0	0	0	0	0	0	0	0	0	0	0	0	0	0	9
assemblage-235-826	0	0	0	0	0	0	0	0	0	0	0	0	4	0	0	0	0	0	0	0	0	0	0	0	0	0	0	0	0	0	0	0	0	0	0	0	0	0	41	0	144	0	0	45	0	0	0	0	0	0	44	0	0	0	0	0	0	57	0	0	0	20	82	0	0	0	0	0	0	0	0	0	5	0	50	0	0	0	0	0	0	0	8
assemblage-585-209	0	0	0	0	0	0	0	0	0	0	0	0	0	0	0	0	0	0	0	0	0	0	10	61	0	0	0	0	0	0	0	0	0	0	0	0	0	0	0	0	9	0	0	322	0	0	0	0	0	0	0	35	0	0	0	36	0	0	0	0	0	0	16	0	0	0	0	0	0	0	0	0	0	0	0	0	0	6	0	0	0	0	5
assemblage-285-119	0	0	0	0	0	0	0	0	0	0	21	0	0	0	7	0	0	0	0	0	0	0	0	0	0	0	0	0	0	0	0	0	0	0	0	0	0	0	0	0	117	0	0	136	0	0	0	0	0	0	28	0	0	0	0	0	0	40	0	0	4	38	57	0	0	0	0	0	0	0	0	0	5	0	36	0	0	0	0	0	0	0	11
assemblage-936-250	0	0	0	0	0	0	0	0	0	0	0	0	0	0	19	0	0	12	0	0	0	0	0	0	0	0	0	0	0	0	0	20	0	0	0	0	0	23	0	0	115	0	0	233	0	0	0	0	0	0	0	0	0	0	0	0	0	0	0	0	0	29	41	0	0	0	0	0	0	0	0	0	0	0	0	0	0	0	0	0	0	0	8
assemblage-988-353	0	0	0	0	0	0	0	0	0	0	0	0	0	0	0	0	0	0	0	0	0	0	0	87	0	0	0	0	0	0	0	0	0	0	0	0	0	0	0	0	103	0	0	233	0	0	0	0	0	0	0	0	0	0	0	47	0	0	0	0	0	0	14	0	0	0	0	0	0	0	0	0	0	0	0	0	0	0	0	0	0	0	16
assemblage-692-481	0	0	0	0	0	0	0	0	7	0	0	0	0	0	0	0	0	0	0	0	0	0	0	16	0	0	0	0	0	0	0	0	0	0	0	0	0	0	0	0	95	0	0	231	0	0	0	0	0	0	0	4	0	0	0	56	0	0	0	0	0	0	44	0	37	0	0	0	0	0	0	0	0	0	0	0	0	0	0	0	0	0	10
assemblage-497-531	0	0	0	0	0	0	0	0	0	0	0	0	0	0	0	0	0	0	0	0	0	0	0	33	0	0	0	0	0	0	0	0	0	0	0	0	0	0	0	7	205	0	0	151	0	0	0	0	0	0	0	0	0	0	0	0	0	25	0	0	0	21	24	0	0	0	0	14	0	0	0	0	0	0	0	0	7	0	0	0	0	0	13
assemblage-604-675	0	0	0	0	0	0	0	0	0	0	0	0	0	0	16	0	0	0	0	0	0	0	0	0	0	0	0	0	0	0	0	9	0	0	0	0	0	82	0	0	92	0	0	181	0	0	0	0	0	0	0	0	0	0	0	0	0	0	0	0	0	11	93	0	0	0	0	0	0	0	0	0	0	0	0	0	0	0	0	0	0	0	16
assemblage-481-156	0	0	0	0	0	0	0	0	0	0	0	0	0	0	32	0	0	0	0	0	0	0	0	0	0	0	0	0	12	0	0	0	0	0	0	0	0	0	0	0	99	0	0	205	0	0	0	0	0	0	0	0	0	0	0	0	0	0	0	0	0	117	14	0	0	0	0	0	0	0	0	0	0	0	0	0	0	0	0	0	0	0	21
assemblage-465-144	0	0	0	0	0	0	0	0	0	0	0	0	0	0	0	0	0	107	0	0	0	0	0	0	0	0	0	0	81	0	0	0	0	0	0	0	0	0	0	0	87	0	0	185	0	0	0	0	0	0	0	0	0	0	0	0	0	10	0	0	0	0	13	0	0	0	0	0	0	0	0	0	0	0	0	0	0	0	0	0	0	0	17
assemblage-607-238	0	0	0	0	3	0	0	0	0	0	0	0	0	0	0	0	0	0	0	0	0	0	0	48	0	0	0	0	0	0	0	0	0	0	0	0	0	0	0	0	110	0	0	299	0	0	0	0	0	0	0	0	0	0	0	6	0	0	0	0	0	0	0	0	0	0	0	0	0	0	0	13	0	0	0	0	0	0	0	0	0	0	21
assemblage-508-917	0	0	0	0	0	0	0	0	0	0	0	0	0	0	0	0	0	0	0	0	0	0	0	0	0	0	0	0	0	0	0	0	0	0	0	0	0	0	17	0	198	0	0	113	0	0	0	0	0	0	7	0	0	0	0	0	0	22	0	0	0	0	124	0	0	0	0	0	0	0	0	0	6	0	0	0	0	0	0	0	0	0	13
assemblage-806-986	0	0	0	0	0	0	0	0	0	0	0	0	0	0	0	0	0	0	0	0	0	0	0	206	0	0	0	0	0	0	15	0	0	0	0	0	0	0	0	0	98	0	0	155	0	0	0	0	0	0	0	0	0	0	0	0	0	0	0	0	0	0	20	0	0	0	0	0	0	0	0	0	0	0	0	0	0	0	0	0	0	0	6
assemblage-666-410	6	0	0	0	0	0	0	0	0	0	0	0	0	2	0	0	0	0	0	0	0	0	0	4	0	0	0	0	0	0	0	0	0	0	0	0	0	0	0	0	43	0	0	319	0	0	0	0	0	0	0	54	0	0	0	0	0	0	0	0	0	0	38	0	0	0	0	0	9	0	0	0	0	0	0	0	0	0	0	0	0	0	25
assemblage-667-848	0	0	0	0	0	0	0	0	0	0	0	0	0	0	0	0	0	0	0	0	0	0	0	92	0	0	0	0	0	0	0	0	0	0	0	0	0	0	0	0	105	0	0	255	0	0	0	0	0	0	0	0	0	0	0	0	0	0	8	0	0	0	30	0	0	0	0	0	0	0	0	0	0	0	0	0	0	0	0	0	0	0	10
assemblage-763-893	0	0	0	0	0	0	0	0	0	0	0	0	0	0	0	0	0	0	0	0	0	0	0	0	0	0	0	0	0	0	0	0	0	0	0	0	0	0	10	0	0	0	0	116	16	0	0	0	0	0	58	0	0	0	0	0	0	17	0	0	0	0	96	0	0	0	0	0	0	0	0	0	98	0	86	0	0	0	0	0	0	0	3
assemblage-991-355	0	0	0	0	0	0	0	7	0	0	0	0	0	0	0	0	0	0	0	0	0	0	0	101	0	0	0	0	0	0	0	0	0	0	0	0	0	0	0	0	98	0	0	227	0	0	0	0	0	0	0	0	0	0	0	43	0	0	0	0	0	0	17	0	0	0	0	0	0	0	0	0	0	0	0	0	0	0	0	0	0	0	7
assemblage-711-905	0	0	0	0	0	0	0	0	0	0	0	0	0	0	0	0	0	0	0	0	0	0	0	143	0	0	0	0	0	0	0	0	0	0	0	0	0	0	0	0	65	0	0	174	0	0	0	0	0	0	0	0	0	0	0	87	0	0	0	0	0	0	22	0	0	0	0	0	0	0	0	0	0	0	0	0	0	0	0	0	0	0	9
assemblage-405-331	0	0	0	0	0	0	0	0	0	0	0	0	0	0	0	0	0	0	0	0	0	0	0	114	0	0	0	0	0	0	0	0	0	0	0	0	0	0	0	0	42	0	0	287	0	0	0	0	0	0	0	38	0	0	0	10	0	0	0	0	0	0	0	0	0	0	0	0	0	0	0	0	0	0	0	0	0	0	0	0	0	0	9
assemblage-267-347	0	0	0	0	0	0	0	0	0	0	0	0	0	0	0	0	0	0	0	0	0	0	0	312	0	0	0	0	0	0	0	0	0	0	0	0	0	0	0	0	55	0	0	84	0	0	0	0	0	0	0	0	0	0	0	0	0	0	0	0	0	0	29	0	0	0	0	0	0	0	0	0	0	0	0	0	0	0	0	0	0	0	20
assemblage-702-912	0	0	0	0	0	0	0	0	0	0	0	0	0	0	0	0	0	0	0	0	0	0	0	313	0	0	0	0	0	0	0	0	0	0	0	0	0	0	0	0	55	0	0	92	0	0	0	0	0	0	0	0	0	0	0	6	0	0	0	0	0	0	25	0	0	0	0	0	0	0	0	0	0	0	0	0	0	0	0	0	0	0	9
assemblage-520-527	0	0	0	0	0	0	0	0	0	0	0	0	0	0	12	0	0	0	0	0	0	0	0	0	0	0	0	0	5	0	0	0	0	0	0	0	0	62	0	0	94	0	0	174	0	0	0	0	0	0	0	0	0	0	0	0	0	0	0	0	0	7	118	0	0	0	0	0	0	0	0	0	0	0	0	0	0	0	0	0	0	0	28
assemblage-471-319	0	21	0	0	0	30	0	0	0	0	0	0	0	0	0	0	36	0	0	0	0	0	0	0	17	0	0	0	0	0	0	0	0	0	0	0	0	0	0	0	0	0	0	119	0	0	0	15	0	0	0	0	0	0	0	0	0	92	0	0	0	0	137	0	0	0	0	0	0	0	21	0	0	0	9	0	0	0	0	0	0	0	3
assemblage-302-569	0	0	0	0	0	0	0	17	0	0	0	0	0	0	0	0	0	0	0	0	8	0	0	65	0	0	0	0	0	0	0	0	0	0	0	0	0	0	0	0	41	0	0	242	0	0	0	0	0	0	0	0	0	0	0	34	0	0	0	0	0	0	82	0	0	0	0	0	0	0	0	0	0	0	0	0	0	0	0	0	0	0	11
assemblage-499-512	0	0	0	0	0	0	0	0	0	0	0	0	0	0	8	0	0	0	0	0	0	0	0	0	0	0	0	0	10	0	0	17	0	0	0	0	0	100	0	0	65	0	0	180	0	0	0	0	0	0	0	0	0	0	0	0	0	0	0	0	0	3	94	0	0	0	0	0	0	0	0	0	0	0	0	0	0	0	0	0	0	0	23
assemblage-230-157	0	0	0	0	0	0	0	0	0	0	0	0	0	0	0	25	0	0	0	0	0	0	0	0	0	0	0	21	0	0	0	0	0	0	0	0	0	0	0	0	324	0	0	0	0	0	0	0	0	0	117	0	0	0	0	0	0	0	0	0	0	0	0	0	0	0	0	0	0	0	0	0	0	0	0	0	0	0	0	0	0	0	13
assemblage-891-274	0	0	0	0	0	0	0	0	0	0	0	0	0	0	0	0	0	0	0	0	0	0	0	111	0	0	0	0	0	12	0	0	0	0	0	0	0	0	0	0	105	0	0	197	0	0	0	0	0	0	0	0	0	0	0	0	0	0	0	0	0	0	55	0	0	0	0	0	0	0	0	0	0	0	0	0	0	0	0	0	14	0	6
assemblage-371-808	0	0	0	5	0	0	0	0	0	0	0	0	0	0	0	0	0	0	32	5	0	0	0	43	0	0	0	0	0	0	0	0	0	8	0	0	0	0	0	0	9	0	0	351	0	0	0	0	0	0	0	0	0	0	0	37	0	0	0	0	0	0	3	0	0	0	0	0	0	0	0	0	0	0	0	0	0	0	0	0	0	0	7
assemblage-916-1002	0	0	0	0	0	0	0	0	0	0	0	0	0	0	0	0	0	0	0	0	0	0	0	0	0	0	0	0	0	0	0	0	0	0	0	0	0	0	15	0	148	0	0	38	0	0	0	0	0	0	53	0	0	0	0	0	0	78	0	0	0	15	99	0	0	0	0	0	0	0	0	0	10	0	37	0	0	0	0	0	0	0	7
assemblage-575-740	0	0	0	0	0	0	0	0	0	0	0	0	0	0	0	0	0	90	0	0	0	0	0	0	0	0	0	0	51	0	0	0	0	0	0	0	0	0	0	0	96	0	0	207	0	0	0	0	0	0	0	0	0	0	0	0	0	23	0	0	0	0	8	0	0	0	0	0	0	0	0	0	0	0	7	0	0	0	0	0	0	0	18
assemblage-799-965	0	0	0	0	0	0	0	0	0	0	0	0	0	0	0	0	0	0	0	0	0	0	0	113	0	0	0	0	0	10	0	0	0	0	0	0	0	0	0	0	99	0	0	195	0	0	0	0	0	0	0	0	0	0	0	0	0	0	0	0	0	0	64	0	0	0	0	0	0	0	0	0	0	0	0	0	0	0	0	0	12	0	7
assemblage-599-246	0	0	0	0	0	0	0	11	0	0	0	0	0	0	0	0	0	0	0	0	0	0	0	101	0	0	0	0	0	0	0	0	0	0	0	0	0	0	0	0	77	0	0	224	0	0	0	0	0	0	0	7	0	0	0	22	0	0	0	0	0	0	31	0	0	0	0	0	0	0	0	0	0	0	0	0	0	0	0	0	0	0	27
assemblage-398-355	0	0	0	0	0	0	0	32	0	0	0	0	0	0	0	0	0	0	0	0	8	0	5	134	0	0	0	0	0	0	0	0	0	0	0	0	0	0	0	0	95	0	0	123	0	0	0	0	0	0	0	0	0	0	0	45	0	0	0	0	0	0	50	0	0	0	0	0	0	0	0	0	0	0	0	0	0	0	0	0	0	0	8
assemblage-526-569	0	0	0	0	0	0	0	0	0	0	0	0	0	0	0	0	0	0	0	0	0	0	0	14	0	0	0	0	0	0	0	0	0	0	0	0	0	0	0	0	32	0	0	329	0	0	0	0	0	0	0	0	0	0	0	72	0	0	0	0	0	0	34	0	0	0	0	0	0	0	0	0	0	0	0	0	0	0	0	0	0	0	19
assemblage-509-534	0	0	0	0	0	0	0	0	0	0	0	0	0	0	11	0	0	0	0	0	0	0	0	0	0	0	0	0	0	0	0	8	0	0	0	0	0	91	0	0	73	0	0	184	0	0	0	0	0	0	0	0	0	0	0	0	0	0	0	0	0	6	108	0	0	0	0	0	0	0	0	0	0	0	0	0	0	0	0	0	0	0	19
assemblage-675-257	0	0	0	6	0	0	0	0	0	0	0	0	0	0	0	0	0	0	47	2	0	0	0	33	0	0	0	0	0	0	0	0	0	15	0	0	0	0	0	0	10	0	0	339	0	0	0	0	0	0	0	0	0	0	0	32	0	0	0	0	0	0	0	0	0	0	0	0	0	0	0	0	0	0	0	0	0	0	0	0	0	0	16
assemblage-612-218	0	0	0	0	0	0	0	0	0	0	0	0	0	0	0	0	0	0	0	0	0	0	0	50	0	0	0	0	0	0	0	0	0	0	0	0	0	0	0	0	0	0	0	319	0	0	0	0	0	0	0	25	0	0	0	51	0	0	0	7	0	0	22	0	0	0	0	0	0	0	0	0	0	0	0	0	0	7	0	0	0	0	19
assemblage-525-913	0	0	0	0	0	0	0	0	0	0	0	0	0	0	0	0	0	0	0	0	0	0	0	0	0	0	0	0	5	0	0	0	0	0	0	0	0	0	0	0	177	0	0	101	0	0	0	0	0	0	27	0	0	0	0	0	0	124	0	0	0	5	32	14	0	0	0	0	0	0	0	0	4	0	7	0	0	0	0	0	0	0	4
assemblage-164-933	0	0	0	0	0	0	0	0	0	0	0	0	0	0	0	0	0	0	47	0	0	0	0	29	0	0	0	0	0	0	0	0	0	27	0	0	0	0	0	0	13	0	0	312	0	0	0	0	0	0	0	0	0	0	0	40	0	0	0	0	0	0	0	0	0	0	0	0	0	0	0	0	0	0	0	0	0	0	0	0	0	0	32
assemblage-470-127	0	0	0	0	0	0	0	0	0	0	0	0	0	0	0	0	0	108	0	0	0	0	0	0	0	0	0	0	89	0	0	0	0	0	0	0	0	0	0	0	90	0	0	177	0	0	0	0	0	0	0	0	0	0	0	0	0	11	0	0	0	0	6	0	0	0	0	0	0	0	0	0	0	0	0	0	0	0	0	0	0	0	19
assemblage-257-856	0	0	0	0	0	0	0	0	0	0	0	0	0	0	0	0	0	0	0	0	0	0	0	0	0	0	0	0	0	0	0	0	0	0	0	0	0	0	8	0	137	0	0	101	0	0	0	0	0	0	33	0	0	0	0	0	0	67	0	0	0	16	81	0	0	0	0	0	0	0	0	0	8	0	25	0	0	0	0	0	0	0	24
assemblage-782-467	0	0	0	0	0	0	0	0	0	0	0	0	0	0	0	0	0	0	0	0	0	0	0	34	0	0	0	0	0	0	0	0	0	0	0	0	0	30	0	0	63	0	0	203	0	0	0	0	0	0	0	0	0	0	0	0	0	0	0	0	0	16	142	0	0	0	0	0	0	0	0	0	0	0	0	0	0	0	0	0	0	0	12
assemblage-540-938	0	0	0	0	0	0	0	0	0	0	14	0	0	0	7	0	0	0	0	0	0	0	0	0	0	0	0	0	0	0	0	0	0	0	0	0	0	0	0	0	122	0	0	105	0	0	0	0	0	0	35	0	0	0	0	0	0	41	0	0	0	55	56	0	0	0	0	0	0	0	0	0	8	0	41	0	0	0	0	0	0	0	16
assemblage-477-336	0	26	0	0	0	31	0	0	0	0	0	0	0	0	0	0	47	0	0	0	0	0	0	0	8	0	0	0	0	0	0	0	0	0	0	0	0	0	0	0	0	0	0	140	0	0	0	14	0	0	0	0	0	0	0	0	0	75	0	0	0	0	134	0	0	0	0	0	0	0	18	0	0	0	6	0	0	0	0	0	0	0	1
assemblage-370-281	0	0	0	0	0	0	0	0	0	0	0	0	0	0	0	8	0	0	0	0	0	0	0	0	0	0	0	0	0	0	0	0	0	0	0	0	0	0	24	0	112	0	0	66	3	0	0	0	0	0	61	0	0	0	0	0	0	43	0	0	0	0	102	0	0	0	0	0	0	0	0	0	43	0	19	0	0	0	0	0	0	0	19
assemblage-672-407	0	0	4	0	0	0	7	0	0	0	0	0	0	0	0	0	0	0	0	0	0	0	0	0	0	0	0	0	0	0	0	0	0	0	0	0	0	0	0	0	60	0	0	321	0	0	0	0	0	0	0	43	0	0	0	0	0	0	0	0	0	0	34	0	0	0	0	0	7	0	0	0	0	0	0	0	0	0	0	0	0	0	24
assemblage-928-1006	0	0	0	0	0	0	0	0	0	0	0	0	0	0	0	0	0	0	0	0	0	0	0	0	0	0	0	0	13	0	0	0	0	0	0	0	0	0	0	0	191	0	0	79	0	0	0	0	0	0	32	0	0	0	0	0	0	111	0	0	0	10	32	21	0	0	0	0	0	0	0	0	0	0	0	0	0	0	0	0	0	0	11
assemblage-250-872	0	0	0	0	0	0	0	0	0	0	28	0	0	0	7	0	0	0	0	0	0	0	0	0	0	0	0	0	0	0	0	0	0	0	0	0	0	0	0	0	142	0	0	132	0	0	0	0	0	0	28	0	0	0	0	0	0	34	0	0	0	38	53	0	0	0	0	0	0	0	0	0	5	0	14	0	0	0	0	0	0	0	19
assemblage-510-572	0	0	0	0	0	0	0	0	0	0	0	0	0	0	0	0	0	0	0	0	0	0	0	8	0	0	0	0	0	0	0	0	0	0	0	0	0	0	0	0	82	0	0	337	0	0	0	0	0	0	0	0	0	0	0	59	0	0	0	0	0	0	0	0	12	0	0	0	0	0	0	0	0	0	0	0	0	0	0	0	0	0	2
assemblage-673-388	0	0	0	0	0	0	0	0	0	0	0	0	0	0	0	0	0	0	0	0	0	0	0	9	0	0	0	0	0	0	0	0	0	0	0	0	0	0	0	0	48	0	0	316	0	0	0	0	0	0	0	39	0	0	0	0	0	0	0	0	0	0	41	0	0	0	0	0	11	0	0	0	0	0	0	0	0	0	0	0	0	10	26
assemblage-288-575	0	0	0	0	0	0	0	0	0	0	0	0	0	0	0	0	0	0	0	0	0	0	0	49	0	0	0	0	0	0	0	0	0	0	0	0	0	0	0	0	100	0	0	320	0	0	0	0	0	0	0	0	0	0	0	4	0	0	0	0	0	0	0	0	0	0	0	0	0	0	0	6	0	0	0	0	0	0	2	0	0	0	19
assemblage-356-329	0	0	0	0	0	0	0	0	0	0	0	0	0	0	0	0	0	0	0	0	0	0	0	45	0	0	0	0	0	0	0	0	0	0	0	0	0	0	0	0	105	0	0	307	0	0	0	0	0	0	0	0	0	0	0	6	0	0	0	0	0	0	11	0	0	0	0	0	0	0	0	0	0	0	0	0	0	0	0	0	0	0	26
assemblage-935-1004	0	0	0	0	0	0	0	0	0	0	0	0	0	0	0	0	0	0	0	0	0	0	0	0	0	0	0	0	6	0	0	0	0	0	0	0	0	0	0	0	181	0	0	94	0	0	0	0	0	0	56	0	0	0	0	0	0	104	0	0	0	4	27	9	0	0	0	0	0	0	0	0	0	0	10	0	0	0	0	0	0	0	9
assemblage-988-336	0	0	0	0	0	0	0	6	0	0	0	0	0	0	0	0	0	0	0	0	0	0	0	79	0	0	0	0	0	0	0	0	0	0	0	0	0	0	0	0	77	0	0	255	0	0	0	0	0	0	0	0	0	0	0	47	0	0	0	0	0	0	27	0	0	0	0	0	0	0	0	0	0	0	0	0	0	0	0	0	0	0	9
assemblage-344-220	0	0	0	0	0	0	0	0	0	0	0	0	0	0	0	0	0	0	0	0	0	0	0	128	0	0	0	0	0	0	0	0	0	0	0	0	0	0	0	0	69	0	0	200	0	0	0	0	0	0	0	0	0	0	0	73	0	0	0	0	0	0	19	0	0	0	0	0	0	0	0	0	0	0	0	0	0	0	0	0	0	0	11
assemblage-352-266	0	14	0	0	0	0	0	0	0	0	0	0	0	0	0	10	0	0	0	0	0	0	0	0	0	0	0	0	0	0	0	0	0	0	0	0	0	0	5	0	131	0	0	151	0	0	0	0	0	0	92	0	0	0	0	0	0	50	0	0	0	8	25	0	0	0	0	0	0	0	0	0	0	0	0	0	0	0	0	0	0	0	14
assemblage-261-343	0	0	0	0	0	0	0	0	0	0	0	0	0	0	0	0	0	0	0	0	0	0	0	83	0	0	0	0	0	0	0	0	0	0	0	0	0	0	0	0	116	0	0	206	0	0	0	0	0	0	0	0	0	0	0	68	0	0	0	0	0	0	15	0	0	0	0	0	0	0	0	0	0	0	0	0	0	0	0	0	0	0	12
assemblage-793-991	0	0	0	0	0	0	0	0	0	0	0	0	0	0	0	0	0	0	0	0	0	0	0	94	0	0	0	0	0	0	0	0	0	0	0	0	0	0	0	0	63	0	0	276	0	0	0	0	0	0	0	0	0	0	0	0	0	0	15	0	0	0	39	0	0	0	0	0	0	0	0	0	0	0	0	0	0	0	0	0	0	0	13
assemblage-689-249	0	0	0	0	0	0	0	0	0	0	0	0	0	0	0	0	0	0	0	0	0	0	0	9	0	0	0	0	0	0	0	0	0	0	0	0	0	0	0	0	42	0	0	333	0	0	0	0	0	0	0	0	0	0	0	67	0	0	0	0	0	0	44	0	0	0	0	0	0	0	0	0	0	0	0	0	0	0	0	0	0	0	5
assemblage-923-976	0	0	0	0	0	0	0	0	0	0	0	0	0	0	0	0	0	0	0	0	0	0	0	0	0	0	0	0	15	0	0	0	0	0	0	0	0	0	0	0	189	0	0	74	0	0	0	0	0	0	37	0	0	0	0	0	0	119	0	0	0	6	36	12	0	0	0	0	0	0	0	0	0	0	0	0	0	0	0	0	0	0	12
assemblage-178-167	0	8	0	0	0	0	0	0	0	0	0	0	0	0	0	6	0	0	0	0	0	0	0	0	0	0	0	0	0	0	0	0	0	0	0	0	0	0	0	0	130	0	0	130	0	0	0	0	0	0	109	0	0	0	0	0	0	50	0	0	0	6	38	0	0	0	0	0	0	0	0	0	0	0	2	0	0	0	0	0	0	0	21
assemblage-562-744	0	0	0	0	0	0	0	0	0	0	0	0	0	0	9	0	0	0	0	0	0	0	0	0	0	0	0	0	4	0	0	6	0	0	0	0	0	82	0	0	69	0	0	182	0	0	0	0	0	0	0	0	0	0	0	0	0	0	0	0	0	8	121	0	0	0	0	0	0	0	0	0	0	0	0	0	0	0	0	0	0	0	19
assemblage-263-346	0	0	0	0	0	0	0	0	0	0	0	0	0	0	0	0	0	0	0	0	0	0	0	84	0	0	0	0	0	0	0	0	0	0	0	0	0	0	0	0	82	0	0	259	0	0	0	0	0	0	0	0	0	0	0	49	9	0	0	0	0	0	13	0	0	0	0	0	0	0	0	0	0	0	0	0	0	0	0	0	0	0	4
assemblage-667-407	0	0	0	0	0	0	0	0	0	0	0	0	0	0	0	0	0	0	0	0	0	0	7	58	0	0	0	0	0	0	0	0	0	0	0	0	0	0	0	0	0	0	0	294	0	0	0	0	0	0	0	41	0	0	0	59	0	0	0	0	0	0	10	0	0	0	0	0	0	0	0	0	0	0	0	0	0	11	0	0	0	0	20
assemblage-471-161	0	0	0	0	0	0	0	0	0	0	0	0	0	0	0	0	0	0	0	0	0	0	0	53	0	0	0	0	0	0	0	0	0	0	0	0	0	0	0	11	185	0	0	176	0	0	0	0	0	0	0	0	0	0	0	0	0	21	0	0	0	16	14	0	0	0	0	11	0	0	0	0	0	0	0	0	0	0	0	0	0	0	13
assemblage-955-695	0	0	0	0	0	0	0	0	0	0	0	0	0	0	0	0	0	6	0	0	0	0	0	7	0	0	0	0	0	0	0	0	0	0	0	0	0	18	0	0	184	0	0	221	0	0	0	0	0	0	0	0	0	0	0	0	0	0	0	0	0	0	44	0	0	0	0	0	0	0	0	0	0	0	0	0	0	0	0	0	0	0	20
assemblage-562-770	0	0	0	0	0	0	0	0	0	0	0	0	0	0	0	0	0	119	0	0	0	0	0	0	0	0	0	0	71	0	0	0	0	0	0	0	0	0	0	0	88	0	0	183	0	0	0	0	0	0	0	0	0	0	0	0	0	11	0	0	0	0	10	0	0	0	0	0	0	0	0	0	0	0	0	0	0	0	0	0	0	0	18
assemblage-809-982	0	0	0	0	0	0	0	0	0	0	0	0	0	0	0	0	0	0	0	0	0	0	0	126	0	0	0	0	0	0	0	0	0	0	0	0	0	0	0	0	67	0	0	237	0	0	0	0	0	0	0	0	0	0	0	18	0	0	0	0	0	0	36	0	0	0	0	0	0	0	0	0	0	0	0	0	0	0	0	0	0	0	16
assemblage-594-250	0	0	0	0	0	0	0	30	0	0	0	0	0	0	0	0	0	0	0	0	13	0	0	125	0	0	0	0	0	0	0	0	0	0	0	0	0	0	0	0	87	0	0	122	0	0	0	0	0	0	0	0	0	0	11	54	0	0	0	0	0	0	49	0	0	0	0	0	0	0	0	0	0	0	0	0	0	0	0	0	0	0	9
assemblage-491-357	0	34	0	0	0	25	0	0	0	0	0	0	0	0	0	0	29	0	0	0	0	0	0	0	12	0	0	0	0	0	0	0	0	0	0	0	0	0	0	0	0	0	0	154	0	0	0	26	0	0	0	0	0	0	0	0	0	53	0	0	0	0	137	0	0	0	0	0	0	0	19	0	0	0	8	0	0	0	0	0	0	0	3
assemblage-491-516	0	0	0	0	0	0	0	0	0	0	0	0	0	0	14	0	0	0	0	0	0	0	0	0	0	0	0	0	0	0	0	11	0	0	0	0	0	97	0	0	93	0	0	152	0	0	0	0	0	0	0	0	0	0	0	0	0	0	0	0	0	7	109	0	0	0	0	0	0	0	0	0	0	0	0	0	0	0	0	0	0	0	17
assemblage-340-344	0	0	0	0	10	0	0	6	0	0	0	0	0	0	0	0	0	0	0	0	0	0	0	49	0	0	0	0	0	0	0	0	0	0	0	0	0	0	0	0	95	0	0	314	0	0	0	0	0	0	0	0	0	0	0	4	0	0	0	0	0	0	5	0	0	0	0	0	0	0	0	0	0	0	0	0	0	0	5	0	0	9	3
assemblage-921-684	0	0	0	0	0	0	0	0	0	0	0	0	0	0	0	0	0	18	0	0	0	0	0	119	0	0	0	0	0	0	0	25	0	0	0	0	0	0	0	0	82	0	0	242	0	0	0	0	0	0	0	0	0	0	0	0	0	0	0	0	0	6	0	0	0	0	0	0	0	0	0	0	0	0	0	0	0	0	0	0	0	0	8
assemblage-900-267	0	0	0	0	0	0	0	0	0	0	0	0	0	0	0	0	0	0	0	0	0	0	0	193	0	0	0	0	0	0	18	0	0	0	0	0	0	0	0	0	96	0	0	163	0	0	0	0	0	0	0	0	0	0	0	0	0	0	0	0	0	0	12	0	0	0	0	0	0	0	0	0	0	0	0	0	0	0	0	0	0	0	18
assemblage-709-471	0	0	0	0	0	0	0	0	0	0	0	0	0	0	0	0	0	0	0	0	7	0	0	6	0	0	0	0	0	0	0	0	0	0	0	0	0	0	0	0	2	0	0	445	0	0	0	0	0	0	0	0	0	0	0	0	0	0	0	0	0	0	14	0	0	0	0	0	0	0	0	0	0	0	0	0	0	0	0	0	0	14	12
assemblage-291-540	0	0	0	0	0	0	0	0	0	0	0	0	0	0	0	0	0	0	0	0	0	0	0	81	0	0	0	0	0	0	0	0	0	0	0	0	0	0	0	0	113	0	0	243	0	0	0	0	6	0	0	0	0	0	0	0	0	0	17	0	0	0	27	0	0	0	0	0	0	0	0	0	0	0	0	0	0	0	0	0	0	0	13
assemblage-532-565	0	0	0	0	0	0	0	0	0	0	0	0	0	0	0	0	0	0	0	0	0	0	0	4	0	0	0	0	0	0	0	0	0	0	0	0	0	0	0	0	28	0	0	331	0	0	0	0	0	0	0	0	0	0	0	70	0	0	0	0	0	0	47	0	0	0	0	0	0	0	0	0	0	0	0	0	0	0	0	0	0	0	20
assemblage-602-233	0	0	0	0	0	0	0	0	11	0	0	0	0	0	0	0	0	0	0	0	0	0	0	17	0	0	0	0	0	0	0	0	0	0	0	0	0	0	0	0	99	0	0	210	0	0	0	0	0	0	0	12	0	0	0	64	0	0	0	0	0	0	40	0	28	0	0	0	0	0	0	0	0	0	0	0	0	0	0	0	0	16	3
assemblage-868-416	0	0	0	0	0	0	0	0	0	0	0	0	0	0	0	0	0	17	0	0	0	0	0	133	0	0	0	0	0	0	0	20	0	0	0	0	0	0	0	0	118	0	0	188	0	0	0	0	0	0	0	0	0	0	0	0	0	0	0	0	0	0	0	0	0	0	0	0	0	0	0	0	0	0	0	0	0	0	0	0	0	0	24
assemblage-164-945	0	0	0	0	0	0	0	0	0	0	0	0	0	0	0	0	0	0	0	0	0	0	0	8	0	0	0	0	0	0	0	0	0	0	0	0	0	0	0	0	89	0	0	339	0	0	0	0	0	0	0	0	0	0	0	55	0	0	0	0	0	0	0	0	0	0	0	0	0	0	0	0	0	0	0	0	0	0	0	0	0	0	9
assemblage-609-673	0	0	0	0	0	0	0	0	0	0	0	0	0	0	0	0	0	0	0	0	0	0	0	56	0	0	0	0	0	0	0	0	0	0	0	0	0	0	0	12	174	0	0	186	0	0	0	0	0	0	0	0	0	0	0	0	0	20	0	0	0	19	8	0	0	0	0	9	0	0	0	0	0	0	0	0	0	0	0	0	0	0	16
assemblage-361-255	0	0	0	0	0	0	0	0	0	0	0	0	0	0	0	18	0	0	0	0	0	0	0	0	0	0	0	0	0	0	0	0	0	0	0	0	0	0	60	0	96	0	0	0	0	0	0	0	0	0	50	0	4	0	0	0	0	90	0	0	0	0	129	0	0	0	0	0	0	0	0	0	45	0	0	0	0	0	0	0	0	0	8
assemblage-194-177	0	0	0	0	0	0	0	0	0	0	0	0	0	0	0	20	0	0	0	0	0	0	0	0	0	0	0	15	0	0	0	0	0	0	0	0	0	0	0	0	333	0	0	0	0	0	0	0	0	0	123	0	0	0	0	0	0	0	0	0	0	0	0	0	0	0	0	0	0	0	0	0	0	0	0	0	0	0	0	0	0	0	9
assemblage-906-535	0	0	0	0	0	0	0	0	0	0	0	0	0	0	0	37	0	0	0	0	0	0	0	0	0	0	0	0	0	0	0	0	0	0	0	0	0	0	181	0	0	0	0	0	0	0	0	0	0	0	131	0	0	2	0	0	0	0	0	0	0	0	0	0	0	0	0	0	0	34	0	0	108	0	0	0	0	0	0	5	0	0	2
assemblage-915-529	0	0	0	0	0	0	0	0	0	0	0	0	0	0	0	41	0	0	0	0	0	0	0	0	0	0	0	0	0	0	0	0	0	0	0	0	0	0	151	0	0	0	0	0	0	0	0	0	0	0	133	0	0	8	0	0	0	0	0	0	0	0	0	0	0	0	0	0	0	34	0	0	120	0	0	0	0	0	0	7	0	0	6
assemblage-518-548	0	0	0	0	0	0	0	0	0	0	0	0	0	0	0	0	0	0	0	0	0	0	0	14	0	0	0	0	0	0	0	0	0	0	0	0	0	0	0	0	19	0	0	358	0	0	0	0	0	0	0	0	0	0	0	73	0	0	0	0	0	0	31	0	0	0	0	0	0	0	0	0	0	0	0	0	0	0	0	0	0	0	5
assemblage-699-475	0	0	0	0	0	0	0	0	0	0	0	0	0	0	0	0	0	0	0	0	0	0	0	0	0	0	0	0	0	0	0	0	0	0	0	0	0	0	0	0	49	0	0	306	0	0	0	0	0	0	0	73	0	0	0	0	0	0	0	0	0	0	34	0	0	0	0	0	9	0	0	0	0	0	0	0	0	0	0	0	0	0	29
assemblage-919-1011	0	0	0	0	0	0	0	0	0	0	15	0	0	0	4	0	0	0	0	0	0	0	0	0	0	0	0	0	0	0	0	0	0	0	0	0	0	0	0	0	137	0	0	126	0	6	0	0	0	0	44	0	0	0	0	0	0	34	0	0	10	40	52	0	0	0	0	0	0	0	0	0	0	0	27	0	0	0	0	0	0	0	5
assemblage-458-160	0	0	0	0	0	0	0	0	0	0	0	0	0	0	0	0	0	98	0	0	0	0	0	0	0	0	0	0	62	0	0	0	0	0	0	0	0	0	0	0	99	0	0	206	0	0	0	0	0	0	0	0	0	0	0	0	0	19	0	0	0	0	4	0	0	0	0	0	0	0	0	0	0	0	0	0	0	0	0	0	0	0	12
assemblage-247-871	0	0	0	0	0	0	0	0	0	0	0	0	0	0	0	0	0	0	0	0	0	0	0	0	0	0	0	0	0	0	0	0	0	0	0	0	0	5	15	0	141	0	0	134	0	0	0	0	0	0	14	0	0	0	0	0	0	33	0	0	0	0	142	0	0	0	0	0	0	0	0	0	6	0	0	0	0	0	0	0	0	0	10
assemblage-760-869	0	0	0	0	0	0	0	0	0	0	0	0	0	0	0	0	0	0	0	0	0	0	0	0	0	0	0	0	0	0	0	0	0	0	9	0	0	0	15	0	144	0	0	12	0	0	0	0	0	0	42	0	0	0	0	0	0	33	0	0	0	0	154	0	0	0	0	0	0	0	0	0	64	0	19	0	0	0	0	0	0	0	8
assemblage-253-215	0	0	0	0	0	0	0	0	0	0	0	0	0	0	0	0	0	0	0	0	0	0	0	0	0	0	0	0	0	0	0	0	0	0	0	0	0	0	0	0	0	0	0	110	0	0	0	0	0	0	0	0	0	0	0	0	0	13	0	0	0	0	294	0	0	0	0	0	0	0	0	0	0	0	66	0	0	0	0	0	0	0	17
assemblage-258-243	0	0	0	0	0	0	0	0	0	0	0	0	0	0	0	0	0	0	0	0	0	0	0	0	0	0	0	0	0	0	0	0	0	0	0	0	0	0	0	0	0	0	0	105	0	0	0	0	0	0	0	0	0	0	0	0	0	15	0	0	0	0	284	0	0	0	0	0	0	0	0	0	0	0	88	0	0	0	0	0	0	0	8
assemblage-229-848	0	0	0	0	0	0	0	0	0	0	0	0	2	0	0	0	0	0	0	0	0	0	0	0	0	0	0	0	0	0	0	0	0	0	0	0	0	0	27	0	143	0	0	57	0	0	0	0	0	0	47	0	0	0	0	0	0	54	0	0	0	30	82	0	0	0	0	0	0	0	0	0	0	0	52	0	0	0	0	0	0	0	6
assemblage-297-123	0	0	0	0	0	0	0	0	0	0	0	0	3	0	0	0	0	0	0	0	0	0	0	0	0	0	0	0	0	0	0	0	0	0	0	0	0	0	30	0	124	0	0	37	0	0	0	0	0	0	81	0	0	0	0	0	0	61	0	0	0	31	82	0	0	0	0	0	0	0	0	0	6	0	33	0	0	0	0	0	0	0	12
assemblage-262-855	0	0	0	0	0	0	0	0	0	0	0	0	0	0	0	0	0	0	0	0	0	0	0	0	0	0	0	0	0	0	0	0	0	0	0	0	0	4	6	0	155	0	0	123	0	0	0	0	0	0	8	0	0	0	0	0	0	21	0	0	0	0	155	0	0	0	0	0	0	0	0	0	15	0	0	0	0	0	0	0	0	0	13
assemblage-767-883	0	18	0	0	0	5	0	0	0	0	0	0	0	0	0	0	0	0	0	0	0	0	0	0	0	0	0	0	0	0	0	0	0	0	0	0	0	0	0	0	97	0	0	123	0	0	0	0	0	0	112	0	0	0	0	0	0	62	0	0	0	9	43	0	0	0	0	0	0	0	0	0	0	0	8	0	0	0	0	0	0	0	23
assemblage-790-480	0	0	0	0	0	0	0	0	0	0	0	0	0	0	0	0	0	16	0	0	0	0	0	118	0	0	0	0	0	0	0	9	0	0	0	0	0	0	0	0	101	0	0	241	0	0	0	0	0	0	0	0	0	0	0	0	0	0	0	0	0	1	0	0	0	0	0	0	0	0	0	0	0	0	0	0	0	0	0	0	0	0	14
assemblage-604-218	0	0	0	0	0	0	0	0	0	0	0	0	0	0	0	0	0	0	0	0	0	0	0	5	0	0	0	0	0	0	0	0	0	0	0	0	0	0	0	0	46	0	0	314	0	0	0	0	0	0	0	53	0	0	0	0	0	0	0	0	0	0	41	0	0	0	0	0	9	0	0	0	0	10	0	0	0	0	0	0	0	4	18
assemblage-356-798	0	0	6	0	0	0	0	0	0	0	0	0	0	0	0	0	0	0	0	0	0	0	0	0	0	0	0	0	0	0	0	0	0	0	0	0	0	0	0	0	46	0	23	354	0	0	6	0	0	0	0	0	0	0	0	55	0	0	0	0	0	0	0	0	4	0	0	0	0	0	0	0	0	0	0	0	0	0	0	0	0	0	6
assemblage-524-544	0	0	5	0	0	0	0	0	0	0	0	0	0	0	0	0	0	0	0	0	0	0	0	0	0	0	0	0	0	0	0	0	0	0	0	0	0	0	0	0	43	0	25	340	0	0	7	0	0	0	0	0	0	0	0	68	0	0	0	0	0	0	0	0	0	0	0	0	0	0	0	0	0	0	0	0	0	0	0	0	0	0	12
assemblage-713-902	0	0	0	0	0	0	0	0	0	0	0	0	0	0	0	0	0	0	0	0	0	0	0	88	0	0	0	0	0	0	0	0	0	0	0	0	0	0	0	0	81	0	0	238	0	0	0	0	0	0	0	0	0	0	0	59	0	0	0	0	0	0	19	0	0	0	0	0	0	0	0	0	0	0	0	0	0	0	0	0	0	0	15
assemblage-912-548	0	0	0	0	0	0	0	0	0	0	0	0	0	0	0	53	0	0	0	0	0	0	0	0	0	0	0	0	0	0	0	0	0	0	0	0	0	0	190	0	0	0	0	0	0	0	0	0	0	0	118	0	0	5	0	0	0	0	0	0	0	0	0	0	0	0	0	0	0	35	0	0	86	0	0	0	0	0	0	7	0	0	6
assemblage-414-339	0	0	0	0	0	0	0	10	0	0	0	0	0	0	0	0	0	0	0	0	18	0	0	74	0	0	0	0	0	0	0	0	0	0	0	0	0	0	0	0	45	0	0	213	0	0	0	0	0	0	0	0	0	0	0	39	0	0	0	0	0	0	92	0	0	0	0	0	0	0	0	0	0	0	0	0	0	0	0	0	0	0	9
assemblage-713-907	0	0	0	0	0	0	0	0	0	0	0	0	0	0	0	0	0	0	0	0	0	0	0	123	0	0	0	0	0	0	0	0	0	0	0	0	0	0	0	0	68	0	0	157	0	0	0	0	0	0	0	0	0	0	0	109	0	0	0	0	0	0	26	0	0	0	0	0	0	0	0	0	0	0	0	0	0	0	0	0	0	0	17
assemblage-499-537	0	0	0	0	0	0	0	0	0	0	0	0	0	0	0	0	0	104	0	0	0	0	0	0	0	0	0	0	71	0	0	0	0	0	0	0	0	0	0	0	88	0	0	209	0	0	0	0	0	0	0	0	0	0	0	0	0	7	0	0	0	0	8	0	0	0	0	0	0	0	0	0	0	0	0	0	0	0	0	0	0	0	13
assemblage-539-762	0	0	0	0	0	0	0	0	0	0	0	0	0	0	20	0	0	0	0	0	0	0	0	0	0	0	0	0	14	0	0	0	0	0	0	0	0	0	0	0	110	0	0	224	0	0	0	0	0	0	0	0	0	0	0	0	0	0	0	0	0	101	16	0	0	0	0	0	0	0	0	0	0	0	0	0	0	0	0	0	0	0	15
assemblage-599-228	0	0	0	0	0	0	0	24	0	0	0	0	0	0	0	0	0	0	0	0	8	0	6	139	0	0	0	0	0	0	0	0	0	0	0	0	0	0	0	0	77	0	0	131	0	0	0	0	0	7	0	0	0	0	0	25	0	0	0	0	0	0	73	0	0	0	0	0	0	0	0	0	0	0	0	0	0	0	0	0	0	0	10
assemblage-804-979	0	0	0	0	0	0	0	0	0	0	0	0	0	0	0	0	0	0	0	0	0	0	0	145	0	0	0	0	0	0	0	0	0	0	0	0	0	0	0	0	52	0	0	231	0	0	0	0	0	0	0	0	0	0	0	10	0	0	0	0	0	0	51	0	0	0	0	0	0	0	0	0	0	0	0	0	0	0	0	0	0	0	11
assemblage-784-478	0	0	0	0	0	0	0	0	0	0	0	0	0	0	12	0	0	10	0	0	0	0	0	0	0	0	0	0	0	0	0	9	0	0	0	0	0	18	0	0	116	0	0	258	0	0	0	0	0	0	0	0	0	0	0	0	0	0	0	0	0	16	42	0	0	0	0	0	0	0	0	0	0	0	0	0	0	0	0	0	0	0	19
assemblage-353-252	0	0	0	0	0	0	0	0	0	0	0	0	0	0	0	16	0	0	0	0	0	0	0	0	0	0	0	0	0	0	0	0	0	0	0	0	0	0	63	0	94	0	0	0	0	0	0	0	0	0	49	0	0	0	0	0	0	101	0	0	0	0	105	0	0	0	0	0	0	0	0	0	56	0	0	0	0	0	0	0	0	0	16
assemblage-608-642	0	0	0	0	0	0	0	0	0	0	0	0	0	0	4	0	0	33	0	0	0	0	0	10	0	0	0	0	23	0	0	0	0	0	0	0	0	29	0	0	124	0	0	181	0	0	0	0	0	0	0	0	0	0	0	0	0	11	0	0	0	34	35	0	0	0	0	0	0	0	0	0	0	0	0	0	0	0	0	0	0	0	16
assemblage-458-145	0	0	0	0	0	0	0	0	0	0	0	0	0	0	0	0	0	0	0	0	0	0	0	36	0	0	0	0	0	0	0	0	0	0	0	0	0	0	0	3	185	0	0	199	0	0	0	0	0	0	0	0	0	0	0	0	0	9	0	0	0	17	21	0	0	0	0	7	0	0	0	0	0	0	0	0	0	0	0	0	0	0	23
assemblage-204-172	0	0	0	0	0	0	0	0	0	0	0	0	0	0	0	18	0	0	0	0	0	0	0	0	0	0	0	15	0	0	0	0	0	0	0	0	0	0	0	0	316	0	0	0	0	0	0	0	0	0	135	0	0	0	0	0	0	0	0	0	0	0	0	0	0	0	0	0	0	0	0	0	0	0	0	0	0	0	0	0	0	0	16
assemblage-692-253	0	0	0	0	0	0	0	0	0	0	0	0	0	0	0	0	0	0	0	0	0	0	0	3	0	0	0	0	0	0	0	0	0	0	0	0	0	0	0	0	36	0	27	350	0	0	0	0	0	0	0	0	0	0	0	63	0	0	0	0	0	0	0	0	0	0	0	0	0	0	0	0	0	0	0	0	0	0	0	0	0	0	21
assemblage-151-166	0	0	0	0	0	0	0	0	0	0	0	0	0	0	0	0	0	0	0	0	0	0	0	0	0	0	0	0	0	0	0	0	0	0	12	0	0	0	20	0	159	0	0	8	0	0	0	0	0	0	55	0	0	0	0	0	0	40	0	0	0	0	149	0	0	0	0	0	0	0	0	0	37	0	13	0	0	0	0	0	0	0	7
assemblage-768-861	0	0	0	0	0	0	0	0	0	0	0	0	0	0	0	0	0	0	0	0	0	0	0	0	0	0	0	0	0	0	0	0	0	0	4	0	0	0	19	0	148	0	0	11	0	0	0	0	0	0	53	0	0	0	0	0	0	35	0	0	0	0	169	0	0	0	0	0	0	0	0	0	32	0	11	0	0	0	0	0	0	0	18
assemblage-793-461	0	0	0	0	0	0	0	0	0	0	0	0	0	0	0	0	0	19	0	0	0	0	0	143	0	0	0	0	0	0	0	19	0	0	0	0	0	0	0	0	100	0	0	197	0	0	0	0	0	0	0	0	0	0	0	0	0	0	0	0	0	0	0	0	0	0	0	0	0	0	0	0	0	0	0	0	0	0	0	0	0	0	22
assemblage-936-696	0	0	0	0	0	0	0	0	0	0	0	0	0	0	8	0	0	8	0	0	0	0	0	40	0	0	0	0	0	0	0	8	0	0	0	0	0	19	0	0	95	0	0	236	0	0	0	0	0	0	0	0	0	0	0	0	0	0	0	0	0	7	70	0	0	0	0	0	0	0	0	0	0	0	0	0	0	0	0	0	0	0	9
assemblage-298-562	0	0	0	0	0	0	0	10	0	0	0	3	0	0	0	0	0	0	0	0	6	0	0	62	0	0	0	0	0	0	0	0	0	0	0	0	0	0	0	0	46	0	0	225	0	0	0	0	0	0	0	0	0	0	0	41	0	0	0	0	0	0	103	0	0	0	0	0	0	0	0	0	0	0	0	0	0	0	0	0	0	0	4
assemblage-256-346	0	0	0	0	0	0	0	0	0	0	0	0	0	0	0	0	0	0	0	0	0	0	0	334	0	0	0	0	0	0	0	0	0	0	0	0	0	0	0	0	69	0	0	58	0	0	0	0	0	0	0	0	0	0	0	13	0	0	0	0	0	0	16	0	0	0	0	0	0	0	0	0	0	0	0	0	0	0	0	0	0	0	10
assemblage-525-934	0	0	0	0	0	0	0	0	0	0	0	0	0	0	0	0	0	0	0	0	0	0	0	0	0	0	0	0	0	0	0	0	0	0	0	0	0	0	19	0	149	0	0	58	0	0	0	0	0	0	46	0	0	0	0	0	0	74	0	0	0	9	71	0	0	0	0	0	0	0	0	0	0	0	64	0	0	0	0	0	0	0	10
assemblage-325-227	0	0	0	0	0	0	0	0	0	0	0	0	0	0	0	0	0	0	0	0	0	0	0	76	0	0	0	0	0	0	0	0	0	0	0	0	0	0	0	0	85	0	0	260	0	0	0	0	0	0	0	0	0	0	0	52	0	0	0	0	0	0	10	0	0	0	0	0	0	0	0	0	0	0	0	0	0	0	0	0	0	0	17
assemblage-352-801	0	0	0	8	0	0	0	0	0	0	0	0	0	0	0	0	0	0	56	4	0	0	0	29	0	0	0	0	0	0	0	0	0	9	0	0	0	0	0	0	19	0	0	332	0	0	0	0	0	0	0	0	0	0	0	30	0	0	0	0	0	0	0	0	0	0	0	0	0	0	0	0	0	0	0	0	0	0	0	0	0	0	13
assemblage-254-348	0	0	0	0	0	0	0	0	0	0	0	0	0	0	0	0	0	0	0	0	0	0	0	349	0	0	0	0	0	0	0	0	0	0	0	0	0	0	0	0	45	0	0	71	0	0	0	0	0	0	0	0	0	0	0	11	0	0	0	0	0	0	15	0	0	0	0	0	0	0	0	0	0	0	0	0	0	0	0	0	0	0	9
assemblage-391-369	0	0	0	0	0	0	0	44	0	0	0	0	0	0	0	0	0	0	0	0	7	0	4	112	0	0	0	0	0	0	0	0	0	0	0	0	0	0	0	0	95	0	0	127	0	0	0	0	0	9	0	0	0	0	0	50	0	0	0	0	0	0	43	0	0	0	0	0	0	0	0	0	0	0	0	0	0	0	0	0	0	0	9
assemblage-873-390	0	0	0	0	0	0	0	0	0	0	0	0	0	0	0	0	0	13	0	0	0	0	0	117	0	0	0	0	0	0	0	12	0	0	0	0	0	0	0	0	113	0	0	214	0	0	0	0	0	0	0	0	0	0	0	0	0	0	0	0	0	10	0	0	0	0	0	0	0	0	0	0	0	0	0	0	0	0	0	0	0	0	21
assemblage-664-252	0	0	0	0	0	0	0	0	0	0	0	0	0	0	0	0	0	0	0	0	0	0	0	0	0	0	0	0	0	0	0	0	0	0	0	0	0	0	0	0	55	0	17	343	0	0	10	0	0	0	0	0	0	0	0	54	0	0	0	0	0	0	0	0	12	0	0	0	0	0	0	0	0	0	0	0	0	0	0	0	0	0	9
assemblage-351-254	0	0	0	0	0	0	0	0	0	0	0	0	0	0	0	0	0	0	0	0	0	0	0	0	0	0	0	0	0	0	0	0	0	0	0	0	0	0	11	0	0	0	0	111	28	0	0	0	0	0	57	0	0	0	0	0	0	18	0	0	0	0	117	0	0	0	0	0	0	0	0	0	86	0	67	0	0	0	0	0	0	0	5
assemblage-638-844	0	0	0	0	0	0	0	0	0	0	0	0	0	0	0	0	0	0	0	0	0	0	0	141	0	0	0	0	0	0	0	0	0	0	0	0	0	0	0	0	55	0	0	231	0	0	0	0	10	0	0	0	0	0	0	6	0	0	0	0	0	0	39	0	0	0	0	0	0	0	0	0	0	0	0	0	0	0	0	0	0	0	18
assemblage-406-358	0	0	0	0	0	0	0	0	0	0	0	0	0	0	0	0	0	0	0	0	0	0	0	39	0	0	0	0	0	0	0	0	0	0	0	0	0	0	0	0	110	0	0	317	0	0	0	0	0	0	0	0	0	0	0	0	0	0	0	0	0	0	6	0	0	0	0	0	0	0	0	0	0	0	0	0	0	0	5	0	0	2	21
assemblage-478-349	0	28	0	0	0	34	0	0	0	0	0	0	0	0	0	0	35	0	0	0	0	0	0	0	3	0	0	0	0	0	0	0	0	0	0	0	0	0	0	0	0	0	0	153	0	0	0	12	0	0	0	0	0	0	0	0	0	84	0	0	0	0	115	0	0	0	0	0	0	0	20	0	0	0	9	0	0	0	0	0	0	0	7
assemblage-294-127	0	0	0	0	0	0	0	0	0	0	0	0	0	0	0	0	0	0	0	0	0	0	0	0	0	0	0	0	0	0	0	0	0	0	0	0	0	0	15	0	140	0	0	136	0	0	0	0	0	0	7	0	0	0	0	0	0	26	0	0	0	0	157	0	0	0	0	0	0	0	0	0	8	0	0	0	0	0	0	0	0	0	11
assemblage-894-551	0	0	0	0	0	0	0	0	0	0	0	0	0	0	0	35	0	0	0	0	0	0	0	0	0	0	0	0	0	0	0	0	0	0	0	0	0	0	178	0	0	0	0	0	0	0	0	0	0	0	137	0	0	6	0	0	0	0	0	0	0	0	0	0	0	0	0	0	0	37	0	0	96	0	0	0	0	0	0	6	0	0	5
assemblage-185-590	0	0	0	0	0	0	0	0	0	0	0	0	0	0	0	0	0	0	0	0	6	0	0	2	0	0	0	0	0	0	0	0	0	0	0	0	0	0	0	0	9	0	0	423	0	0	0	0	0	0	0	0	0	0	0	0	0	0	0	0	0	0	25	0	0	0	0	0	0	0	0	0	0	0	0	0	0	0	0	0	0	26	9
assemblage-708-462	0	0	0	0	0	0	0	0	0	0	0	0	0	0	0	0	0	0	0	0	12	0	0	0	0	0	0	0	0	0	0	0	0	0	0	0	0	0	0	0	8	0	0	420	0	0	0	0	0	0	0	0	0	0	0	0	0	0	0	0	0	0	20	0	0	0	0	0	0	0	0	0	0	0	0	0	0	0	0	0	0	23	17
assemblage-371-811	0	0	0	0	0	0	0	0	0	0	0	0	0	0	0	0	0	0	0	0	0	0	0	9	0	0	0	0	0	0	0	0	0	0	0	0	0	0	0	0	84	0	0	328	0	0	0	0	0	0	0	0	0	0	0	62	0	0	0	0	0	0	0	0	0	0	0	0	0	0	0	0	0	0	0	0	0	0	0	0	0	0	17
assemblage-960-692	0	0	0	0	0	0	0	0	0	0	0	0	0	0	0	0	0	21	0	0	0	0	0	115	0	0	0	0	0	0	0	23	0	0	0	0	0	0	0	0	108	0	0	205	0	0	0	0	0	0	0	0	0	0	0	0	0	0	0	0	0	13	0	0	0	0	0	0	0	0	0	0	0	0	0	0	0	0	0	0	0	0	15
assemblage-619-655	0	0	0	0	0	0	0	0	0	0	0	0	0	0	24	0	0	0	0	0	0	0	0	0	0	0	0	0	12	0	0	0	0	0	0	0	0	0	0	0	106	0	0	225	0	0	0	0	0	0	0	0	0	0	0	0	0	0	0	0	0	107	10	0	0	0	0	0	0	0	0	0	0	0	0	0	0	0	0	0	0	0	16
assemblage-884-412	0	0	0	0	0	0	0	0	0	0	0	0	0	0	0	0	0	19	0	0	0	0	0	7	0	0	0	0	0	0	0	0	0	0	0	0	0	17	0	0	164	0	0	214	0	0	0	0	0	0	0	0	0	0	0	0	0	0	0	0	0	0	66	0	0	0	0	0	0	0	0	0	0	0	0	0	0	0	0	0	0	0	13
assemblage-934-1004	0	0	0	0	0	0	0	0	0	0	18	0	0	0	8	0	0	0	0	0	0	0	0	0	0	0	0	0	0	0	0	0	0	0	0	0	0	0	0	0	133	0	0	133	0	0	0	0	0	0	28	0	0	0	0	0	0	26	0	0	0	43	65	0	0	0	0	0	0	0	0	0	3	0	30	0	0	0	0	0	0	0	13
assemblage-713-915	0	0	0	0	0	0	0	0	0	0	0	0	0	0	0	0	0	0	0	0	0	0	0	154	0	0	0	0	0	0	0	0	0	0	0	0	0	0	0	0	65	0	0	163	0	0	0	0	0	0	0	0	0	0	0	73	0	0	0	0	0	0	28	0	0	0	0	0	0	0	0	0	0	0	0	0	0	0	0	0	0	0	17
assemblage-820-982	0	0	0	0	0	0	0	0	0	0	0	0	0	0	0	0	0	0	0	0	0	0	0	79	0	0	0	0	0	0	0	0	0	0	0	0	0	0	0	0	103	0	0	236	0	0	0	0	6	0	0	0	0	0	0	0	0	0	12	0	0	0	44	0	0	0	0	0	0	0	0	0	0	0	0	0	0	0	0	0	0	0	20
assemblage-980-351	0	0	0	0	0	0	0	0	0	0	0	0	0	0	0	0	0	0	0	0	0	0	0	79	0	0	0	0	0	0	0	0	0	0	0	0	0	0	0	0	84	0	0	243	0	0	0	0	0	0	0	0	0	0	0	60	4	0	0	0	0	0	16	0	0	0	0	0	0	0	0	0	0	0	0	0	0	0	0	0	0	0	14
assemblage-457-134	0	0	0	0	0	0	0	0	0	0	0	0	0	0	0	0	0	100	0	0	0	0	0	0	0	0	0	0	88	0	0	0	0	0	0	0	0	0	0	0	76	0	0	203	0	0	0	0	0	0	0	0	0	0	0	0	0	6	0	0	0	0	13	0	0	0	0	0	0	0	0	0	0	0	0	0	0	0	0	0	0	0	14
assemblage-341-212	0	0	0	0	0	0	0	0	0	0	0	0	0	0	0	0	0	0	0	0	0	0	0	167	0	0	0	0	0	0	0	0	0	0	0	0	0	0	0	0	89	0	0	162	0	0	0	0	0	0	0	0	0	0	0	48	0	0	0	0	0	0	17	0	0	0	0	0	0	0	0	0	0	0	0	0	0	0	0	0	0	0	17
