Assemblage_Name	8382074-4-3141270	8368494-4-4824367	710235-2-28459	3-0-591012	7530247-5267496-28459	2-8279778-7235292	0-4-3141270	7530247-2-3999770	2-0-6498470	7530247-5778585-28459	9291783-0-7235292	629463-4-3141270	8368494-4-3141270	0-9872879-0	7530247-1239549-28459	2-0-6135487	0-3113702-3141270	125594-0-3	7530247-2-4862439	6531934-4-3141270	7857259-9299142-28459	2-1929137-3	3-0-1982701	7530247-2-5994056	5762917-2-28459	4878332-9548593-0	3-0-6835747	0-9781815-7869581	8368494-4-1709852	8368494-4-5292196	5681632-0-6498470	3665464-2-28459	0-4-1474496	7530247-890701-6054299	9621739-15452-7235292	2-0-76051	710235-6420569-28459	2-0-7235292	710235-7628906-28459	1353318-2-28459	7530247-2-28459	0-4213434-3141270	3062964-2-4862439	1846900-2955048-7235292	4-1-8294796	8221177-2-28459	7216060-0-6135487	2-0-3	3-0-2	1957947-2-28459	9621739-0-7235292	125594-0-7753231	2-9992257-3	7857259-2-28459	2-3885951-3	7530247-890701-28459	1-3315177-28459	5945829-890701-28459	7530247-2-4009174	7402072-4-7422627	7530247-428092-28459	0-4-8428966	0-9548593-7869581	8368494-8697780-5292196	823010-0-6498470	6794650-4-3141270	7530247-690190-28459	7530247-2-378233	665269-2-28459	8799851-4-3141270	2455957-2-28459	3-0-4841916	0-9548593-0	5067979-2-28459	8368494-4-7422627	2-9992257-9110165	2-543291-6135487	8368494-5971914-3141270
assemblage-160-948	0	0	0	0	0	0	6	0	0	0	0	0	0	0	0	0	0	0	0	0	0	0	0	0	0	0	0	0	0	0	0	0	0	46	0	0	0	0	0	0	157	0	0	0	0	0	0	0	0	0	0	0	0	0	0	0	0	76	0	0	0	0	91	0	0	0	0	0	0	0	40	0	77	0	0	0	0	7
assemblage-357-334	0	0	0	0	0	0	156	0	0	0	0	0	7	0	0	41	0	0	0	0	0	0	0	0	0	0	0	0	0	0	0	0	0	0	0	0	0	0	0	0	26	0	0	0	0	0	0	0	0	0	0	0	0	0	0	32	0	70	25	0	0	0	59	0	0	0	0	12	0	0	9	0	50	0	0	0	0	13
assemblage-679-391	0	0	0	0	0	0	21	0	0	3	0	0	6	0	0	0	0	0	0	0	0	0	0	0	0	0	0	0	0	0	0	0	0	0	0	0	0	0	0	0	271	0	0	0	0	0	0	0	0	0	0	0	0	0	0	53	0	0	0	0	0	0	76	0	0	0	0	0	0	0	58	0	0	0	0	0	0	12
assemblage-610-223	0	0	0	0	0	0	105	0	0	0	0	0	23	0	0	6	0	0	0	0	0	0	0	0	0	0	0	0	0	0	0	0	0	10	0	0	0	0	0	0	164	0	0	0	0	0	0	0	0	0	0	0	0	0	0	37	0	5	0	0	0	0	45	0	0	0	0	0	0	0	15	0	82	0	0	0	0	8
assemblage-688-487	0	0	0	0	0	0	59	0	0	0	0	0	0	0	0	0	0	0	0	0	0	0	0	0	0	0	0	0	0	0	0	0	0	0	0	0	0	0	0	0	61	0	0	0	0	0	0	0	0	0	0	0	0	0	0	44	0	106	0	0	0	0	173	0	0	0	0	0	0	0	0	0	46	0	0	0	0	11
assemblage-349-339	0	0	0	0	0	0	217	0	0	0	0	0	0	0	0	5	0	0	0	0	0	0	0	0	0	0	0	0	0	0	0	0	0	0	0	0	0	0	0	0	165	0	0	0	0	8	0	0	0	0	0	0	0	0	0	17	0	11	0	0	0	0	10	0	0	0	0	0	0	0	0	0	33	0	11	0	0	23
assemblage-803-461	0	0	0	0	0	0	168	0	0	0	0	0	54	0	0	0	0	0	0	0	0	0	0	0	0	0	0	0	0	0	0	0	0	0	35	0	0	0	0	0	95	0	0	0	0	0	0	0	0	0	0	0	0	0	0	0	0	0	0	0	0	0	0	0	0	0	0	0	0	0	0	0	59	0	52	0	0	37
assemblage-260-232	0	0	0	0	0	0	66	0	0	0	0	0	0	0	0	0	0	46	0	0	0	0	0	0	0	0	29	0	0	0	0	0	0	0	0	0	0	0	0	0	47	0	0	0	46	0	0	50	105	0	0	0	23	0	7	0	12	0	0	0	0	0	0	0	0	0	0	0	0	0	0	0	56	0	0	0	0	13
assemblage-977-352	0	0	0	0	0	0	182	0	0	0	0	0	11	0	0	35	0	0	24	0	0	0	0	0	0	0	0	0	0	0	0	0	0	0	0	0	0	0	0	0	119	0	11	0	0	0	0	0	17	0	0	0	0	17	0	0	0	0	0	0	0	0	37	0	0	0	0	0	0	0	0	0	28	0	0	0	0	19
assemblage-614-667	0	0	8	0	0	0	144	0	22	0	0	0	120	0	0	0	0	0	0	0	0	0	0	0	0	0	0	0	0	0	0	0	0	0	0	0	0	19	0	0	96	0	0	0	13	0	0	0	0	0	22	0	0	0	0	0	0	0	0	0	0	0	0	0	0	0	0	0	0	0	0	0	37	0	0	0	0	19
assemblage-198-177	0	0	0	0	0	0	0	0	0	0	0	0	0	0	0	0	0	0	0	0	0	0	0	0	0	0	126	0	0	0	0	0	0	0	0	0	0	8	0	0	0	0	0	0	0	0	0	12	348	0	0	0	0	0	0	0	0	0	0	0	0	0	0	0	0	0	0	0	0	0	0	0	0	0	0	0	0	6
assemblage-898-542	0	0	0	0	0	0	0	0	0	0	0	0	0	0	0	0	0	124	0	0	0	0	0	0	0	0	0	0	0	0	0	0	0	0	0	0	0	0	0	0	0	0	0	0	0	0	0	177	19	0	0	0	124	0	38	0	0	0	0	0	0	0	0	0	0	0	0	0	0	0	0	0	0	0	0	0	0	18
assemblage-942-233	0	0	11	0	0	0	117	0	19	0	0	0	53	0	0	0	0	0	0	0	0	0	0	0	0	0	0	0	14	0	0	0	0	0	0	0	0	0	0	0	199	0	0	0	0	0	0	0	0	0	35	0	0	0	0	0	0	0	0	0	0	0	0	11	0	0	0	0	0	0	0	0	7	0	23	0	0	11
assemblage-894-247	0	0	0	22	0	7	129	0	4	0	0	0	26	0	0	7	0	0	0	0	0	0	0	0	0	0	0	0	0	0	0	0	6	0	9	0	0	0	11	0	180	0	0	0	0	0	0	0	26	0	9	0	0	0	0	24	0	0	0	0	0	0	0	0	0	0	0	8	0	0	18	0	0	0	0	0	0	14
assemblage-894-530	0	0	0	0	0	0	0	0	0	0	0	0	0	0	0	0	0	157	0	0	0	0	0	0	0	0	0	0	0	0	0	0	0	0	0	0	0	0	0	0	0	0	0	0	0	0	0	175	16	0	0	0	115	0	20	0	0	0	0	0	0	0	0	0	0	0	0	0	0	0	0	0	0	0	0	0	0	17
assemblage-930-240	0	0	9	0	0	37	11	0	68	0	0	0	15	0	0	0	0	0	0	0	0	0	0	0	0	0	0	0	0	33	0	0	0	0	0	0	0	0	0	10	259	0	0	0	0	0	0	0	10	0	11	0	0	0	0	0	0	0	0	0	0	0	0	0	0	0	0	0	0	0	0	0	11	0	20	0	0	6
assemblage-411-344	0	0	0	0	0	0	212	0	0	0	0	0	0	0	0	6	0	0	0	0	0	0	0	0	0	0	0	0	0	0	0	0	0	0	0	0	0	0	0	0	189	0	0	0	0	3	0	0	0	0	0	0	0	0	0	16	0	10	0	0	0	0	11	0	0	0	0	0	0	0	0	0	19	0	20	0	0	14
assemblage-673-417	0	0	0	0	0	0	78	0	0	0	0	0	76	0	0	0	0	0	0	0	0	0	0	0	0	11	0	23	0	0	0	0	0	53	0	0	0	0	0	0	176	0	0	0	0	0	0	0	0	0	0	0	0	0	0	0	0	0	0	0	0	0	13	0	0	0	0	0	0	0	43	0	9	0	0	0	0	18
assemblage-254-333	0	0	0	0	0	0	145	0	0	0	0	0	13	0	0	40	0	0	40	0	0	0	0	0	0	0	0	0	0	0	0	0	0	0	0	0	0	0	0	0	105	0	8	0	0	0	0	0	16	0	0	0	0	20	0	0	0	0	0	0	0	0	53	0	0	0	0	3	0	0	0	0	38	0	0	0	0	19
assemblage-260-332	0	0	0	0	0	0	114	0	0	0	0	0	34	0	0	19	0	0	33	0	9	0	0	33	0	0	0	0	0	0	0	0	0	0	0	0	0	0	0	0	92	0	0	0	0	0	0	0	0	0	0	0	0	51	0	0	0	0	0	0	0	0	0	0	0	0	0	9	0	0	72	0	0	0	23	0	0	11
assemblage-681-262	0	0	0	0	0	0	105	0	0	0	0	0	16	0	0	0	0	0	0	0	0	0	0	0	0	0	0	0	0	0	0	0	0	0	0	0	0	0	0	0	160	0	0	0	0	0	0	0	0	0	0	0	0	0	0	0	0	108	0	0	0	15	21	0	0	0	0	0	0	0	14	0	54	0	0	0	0	7
assemblage-925-280	0	0	0	0	0	0	122	0	0	0	0	0	35	0	0	35	0	0	0	0	0	0	0	0	0	0	0	0	0	0	0	0	0	0	16	0	0	0	0	0	127	0	0	0	0	0	0	0	21	0	11	0	0	0	0	0	0	0	0	5	0	0	0	0	0	0	0	0	0	0	0	0	83	0	34	0	0	11
assemblage-371-813	0	0	0	0	0	0	23	0	0	0	0	0	30	0	0	0	2	0	0	35	0	0	0	0	0	0	0	0	0	0	0	0	0	0	0	0	0	0	0	0	291	0	0	0	0	0	0	0	0	0	0	0	0	0	0	0	0	18	0	0	0	0	64	0	0	0	0	0	0	0	15	0	11	0	0	0	0	11
assemblage-172-952	0	0	0	0	16	0	23	0	0	0	0	0	0	0	0	0	0	0	0	4	0	0	0	0	28	0	0	21	0	0	0	0	0	7	0	0	0	0	0	0	112	0	0	0	0	0	0	0	0	0	0	0	0	0	0	0	0	30	0	0	0	8	89	0	0	0	0	0	0	0	125	0	28	0	0	0	0	9
assemblage-887-413	0	0	0	0	0	0	201	0	4	0	0	0	56	0	0	0	0	0	0	0	0	0	0	0	0	0	0	0	0	0	0	0	0	0	19	0	0	0	0	0	88	0	0	0	0	0	0	0	0	0	10	0	0	0	0	0	0	0	0	0	0	0	0	0	0	0	0	0	0	0	0	0	45	0	63	0	0	14
assemblage-333-235	0	0	0	0	0	0	98	0	0	0	0	0	34	0	0	13	0	0	27	0	10	0	0	28	0	0	0	0	0	0	0	0	0	0	0	0	0	0	0	0	111	0	0	0	0	0	0	0	0	0	0	0	0	57	0	0	0	0	0	0	0	0	0	0	0	0	0	21	0	0	63	0	0	0	24	0	0	14
assemblage-296-570	0	0	0	0	0	0	184	0	0	0	0	0	0	0	0	5	0	0	0	0	0	0	0	0	0	0	0	0	0	0	0	0	0	0	0	0	0	0	0	0	200	0	0	0	0	8	0	0	0	0	0	0	0	0	0	16	0	7	0	0	0	0	5	0	0	0	0	0	0	0	0	0	23	0	28	0	0	24
assemblage-292-563	0	0	0	0	0	0	35	0	0	0	0	0	58	0	0	0	0	0	0	0	0	0	0	0	0	0	0	0	0	0	0	0	0	0	0	0	0	0	0	0	210	0	0	0	0	0	0	0	0	0	0	0	0	8	0	25	0	0	0	0	0	0	11	0	0	0	0	0	0	0	60	0	27	0	51	0	0	15
assemblage-357-256	0	0	11	0	0	0	53	0	0	0	0	0	32	0	0	0	0	11	0	0	0	0	0	0	0	0	0	0	0	0	0	0	0	0	0	0	0	0	0	0	103	0	0	0	0	0	0	105	42	0	0	0	47	0	0	0	0	0	0	0	13	0	0	0	0	0	0	0	0	0	0	0	60	0	0	0	0	23
assemblage-897-536	0	0	0	0	0	0	0	0	0	0	0	0	0	0	0	0	0	144	0	0	0	6	0	0	0	0	0	0	0	0	0	0	0	0	0	0	0	0	0	0	0	0	0	0	0	0	0	208	24	0	0	0	89	0	25	0	0	0	0	0	0	0	0	0	0	0	0	0	0	0	0	0	0	0	0	0	0	4
assemblage-957-688	0	0	0	0	0	0	175	0	0	0	0	0	58	0	0	0	0	0	0	0	0	0	0	0	0	0	0	0	0	0	0	0	0	0	19	0	0	0	0	0	100	0	0	0	0	0	0	0	0	0	0	0	0	0	0	0	0	0	0	0	0	0	0	0	0	0	0	0	0	0	0	0	60	0	68	0	0	20
assemblage-344-340	0	0	0	0	0	0	171	0	0	0	0	0	8	0	0	38	0	0	0	0	0	0	0	0	0	0	0	0	0	0	0	0	0	0	0	0	0	0	0	0	21	0	0	0	0	0	0	0	0	0	0	0	0	0	0	45	0	67	12	0	0	0	74	0	0	0	0	4	0	0	10	0	35	0	0	0	0	15
assemblage-340-239	0	0	0	0	0	0	122	0	0	0	0	0	31	0	0	11	0	0	20	0	4	0	0	29	0	0	0	0	0	0	0	0	0	0	0	0	0	0	0	0	105	0	0	0	0	0	0	0	0	0	0	0	0	56	0	0	0	0	0	0	0	0	0	0	0	0	0	10	0	0	68	0	0	0	25	0	0	19
assemblage-928-253	0	0	0	0	0	0	203	0	0	0	0	0	43	0	0	0	0	0	0	0	0	0	0	0	0	0	0	0	0	0	0	0	0	0	27	0	0	0	0	0	109	0	0	0	0	0	0	0	0	0	5	0	0	0	0	0	0	0	0	0	0	0	0	0	0	0	0	0	0	0	0	0	50	0	56	0	0	7
assemblage-449-332	0	0	0	0	0	0	280	0	0	0	0	0	4	0	0	0	0	0	0	0	0	0	0	0	0	0	0	0	0	0	0	0	0	0	0	0	0	0	0	0	150	0	0	0	43	0	0	0	0	0	0	0	0	0	0	0	0	0	0	0	15	0	0	0	0	0	0	0	0	0	0	0	0	0	0	0	0	8
assemblage-261-238	0	0	0	0	0	0	7	0	0	0	0	0	0	0	0	0	0	0	0	0	0	0	0	0	0	0	0	0	0	0	0	0	0	0	0	0	0	0	0	0	3	0	0	0	182	0	0	0	0	0	0	0	0	0	0	0	45	0	0	0	0	0	0	0	0	0	0	0	0	0	0	0	249	0	0	0	0	14
assemblage-363-786	0	0	0	0	14	0	12	0	0	0	0	0	0	0	0	0	0	0	0	14	0	0	0	0	25	0	0	25	0	0	0	0	0	3	0	0	0	0	0	0	113	0	0	0	0	0	0	0	0	0	0	0	0	0	0	0	0	33	0	0	0	7	88	0	0	0	0	0	0	0	125	0	21	0	0	0	0	20
assemblage-279-115	0	0	17	0	0	0	116	0	101	0	0	0	26	0	0	0	0	3	0	0	0	0	0	0	0	0	0	0	0	0	0	0	0	0	0	0	0	18	0	0	8	0	0	0	54	0	0	0	57	0	0	0	34	0	0	0	0	0	0	0	0	0	0	0	0	0	0	0	0	0	0	0	53	0	0	0	0	13
assemblage-543-930	0	0	42	0	0	0	119	0	22	0	0	0	61	0	0	0	0	22	0	0	0	0	0	0	0	0	0	0	0	0	0	0	0	0	0	0	0	11	0	0	22	0	0	0	0	0	0	0	64	0	0	31	0	0	0	0	0	0	0	0	0	0	0	0	0	0	0	0	0	0	0	0	88	0	0	0	0	18
assemblage-629-460	0	0	0	0	0	0	43	0	0	0	0	0	0	0	0	0	0	41	0	0	0	0	0	0	0	0	4	0	0	0	0	0	0	0	0	0	0	96	0	0	27	0	0	0	13	0	0	0	194	0	0	0	0	0	0	0	0	0	0	0	0	0	0	0	0	0	0	0	0	0	0	0	72	0	0	0	0	10
assemblage-815-972	0	0	0	0	0	0	119	0	0	0	0	0	98	0	0	52	0	0	0	0	0	0	0	0	0	0	0	0	0	0	0	0	0	0	9	0	0	0	0	0	181	0	0	0	0	0	0	0	8	0	16	0	0	0	0	0	0	0	0	0	0	0	0	0	0	0	0	0	0	0	0	0	0	0	0	0	0	17
assemblage-597-662	0	5	7	0	0	0	157	0	17	0	0	0	123	0	0	0	0	0	0	0	0	0	0	0	0	0	0	0	0	0	0	0	0	0	0	0	0	4	0	0	96	0	0	0	4	0	0	0	0	0	34	0	0	0	0	0	0	0	0	0	0	0	0	0	0	0	0	0	0	0	0	0	41	0	0	0	0	12
assemblage-292-549	0	0	0	0	0	0	143	0	0	0	0	0	100	0	0	39	0	0	0	0	0	0	0	0	0	0	0	0	0	0	0	0	0	0	15	0	0	0	0	0	165	0	0	0	0	0	0	0	7	0	18	0	0	0	0	0	0	0	0	0	0	0	0	0	0	0	0	0	0	0	0	0	0	0	6	0	0	7
assemblage-631-459	0	0	0	0	0	0	58	0	0	0	0	0	0	0	0	0	0	35	0	0	0	0	0	0	0	0	6	0	0	0	0	0	0	0	0	0	0	95	0	0	29	0	0	0	6	0	0	0	190	0	0	0	0	0	0	0	0	0	0	0	0	0	0	0	0	0	0	0	0	0	0	0	69	0	0	0	0	12
assemblage-353-336	0	0	0	0	0	0	164	0	0	0	0	0	7	0	0	47	0	0	0	0	0	0	0	0	0	0	0	0	0	0	0	0	0	0	0	0	0	0	0	0	25	0	0	0	0	0	0	0	0	0	0	0	0	7	0	66	0	49	24	0	0	0	50	0	0	0	0	10	0	0	11	0	30	0	0	0	0	10
assemblage-293-129	0	1	0	0	0	0	124	0	73	0	0	0	49	0	0	0	0	15	0	0	0	0	0	0	0	0	0	0	0	0	0	0	0	0	0	0	0	38	0	0	93	0	0	0	8	0	0	0	19	0	0	0	6	0	0	0	0	0	0	0	0	0	0	0	0	0	0	0	0	0	0	17	45	0	0	0	0	12
assemblage-370-312	0	0	0	0	0	0	164	0	0	0	0	0	3	0	0	27	0	0	0	0	0	0	0	0	0	0	0	0	0	0	0	0	0	0	0	0	0	0	0	0	26	0	0	0	0	0	0	0	0	0	0	0	0	0	0	49	0	59	13	0	0	0	69	0	0	0	0	11	0	0	18	0	47	0	0	0	0	14
assemblage-929-253	0	0	11	0	0	49	11	0	81	0	0	0	16	0	0	0	0	0	0	0	0	0	0	0	0	0	0	0	0	38	0	0	0	0	0	0	0	0	0	15	230	0	0	0	0	0	0	0	13	0	6	0	0	0	0	0	0	0	0	0	0	0	0	0	0	0	0	0	0	0	0	0	17	0	4	0	0	9
assemblage-295-545	0	0	0	18	0	11	140	0	0	0	0	0	36	0	0	5	0	0	0	0	0	0	0	0	0	0	0	0	0	0	0	0	0	0	4	0	0	0	4	0	189	0	0	0	0	0	0	0	13	0	11	0	0	0	0	19	0	0	0	0	0	0	0	0	0	0	0	0	0	0	18	0	8	0	0	0	0	24
assemblage-646-853	0	0	0	15	0	10	119	0	0	0	0	0	46	0	0	0	0	0	0	0	0	0	0	0	0	0	0	0	0	0	0	0	0	0	10	0	0	0	15	0	193	0	0	0	0	0	0	0	13	0	8	0	0	0	0	23	0	0	0	0	0	0	0	0	0	0	0	13	0	0	15	0	6	0	0	0	0	14
assemblage-280-126	0	0	33	0	0	0	118	0	18	0	0	0	65	0	0	0	0	30	0	0	0	0	0	0	0	0	0	0	0	0	0	0	0	0	0	0	10	13	0	0	18	0	0	0	0	0	0	0	68	0	0	32	0	0	0	0	0	0	0	0	0	0	0	0	0	0	0	0	0	0	0	0	70	0	0	0	0	25
assemblage-925-992	0	0	0	0	0	0	55	0	16	0	0	0	63	0	0	0	0	0	0	0	0	0	0	0	0	0	0	0	0	0	0	0	0	0	0	0	0	75	0	0	31	0	0	0	0	0	0	27	33	0	0	0	5	0	0	0	0	0	0	0	0	0	0	0	0	0	0	0	0	0	0	0	168	0	0	0	0	27
assemblage-196-186	0	0	0	0	0	0	0	0	0	0	0	0	0	0	0	0	0	0	0	0	0	0	0	0	0	0	110	0	0	0	0	0	0	0	0	0	0	15	0	0	0	0	0	0	0	0	0	13	358	0	0	0	0	0	0	0	0	0	0	0	0	0	0	0	0	0	0	0	0	0	0	0	0	0	0	0	0	4
assemblage-941-247	0	0	0	0	0	0	183	0	0	0	0	0	40	0	0	0	0	0	0	0	0	0	0	0	0	0	0	0	0	0	0	0	0	0	32	0	0	0	0	0	118	0	0	0	0	0	0	0	0	0	5	0	0	0	0	0	0	0	0	0	0	0	0	0	0	0	0	0	0	0	0	0	60	0	49	0	0	13
assemblage-882-392	0	0	0	0	0	0	165	0	0	0	0	0	61	0	0	0	0	0	0	0	0	0	0	0	0	0	0	0	0	5	0	0	0	0	26	0	0	0	0	0	102	0	0	0	0	0	0	0	0	0	8	0	0	0	0	0	0	0	0	0	0	0	0	0	0	0	0	0	0	0	0	0	54	0	67	0	0	12
assemblage-623-454	0	0	0	0	0	0	54	0	0	0	0	0	0	0	0	0	0	34	0	0	0	0	0	0	0	0	10	0	0	0	0	0	0	0	0	0	0	92	0	0	19	0	0	0	7	0	0	0	181	0	0	0	0	0	0	0	0	0	0	0	0	0	0	0	0	0	0	0	0	0	0	0	88	0	0	0	0	15
assemblage-621-440	0	0	0	0	0	0	85	11	0	0	0	0	49	0	0	0	0	81	0	0	0	26	1	0	0	0	78	0	0	0	0	0	0	0	0	0	0	0	0	0	66	0	0	0	0	0	0	8	25	0	0	0	56	0	0	0	0	0	0	0	0	0	0	0	0	0	0	0	0	0	0	0	0	0	0	0	0	14
assemblage-898-394	0	0	24	0	0	0	104	0	18	0	0	0	45	0	0	0	0	0	0	0	0	0	0	0	0	0	0	0	19	0	0	0	0	0	0	0	0	0	0	0	184	0	0	0	0	0	0	0	0	0	29	0	0	0	0	0	0	0	0	0	0	0	0	10	0	0	0	0	0	0	0	0	11	0	36	0	0	20
assemblage-720-910	0	0	0	0	0	0	106	0	0	0	0	0	30	0	0	18	0	0	27	0	8	0	0	18	0	0	0	0	0	0	0	0	0	0	0	0	0	0	0	0	111	0	0	0	0	0	0	0	0	0	0	0	0	43	0	0	0	0	0	0	0	0	0	0	0	0	0	13	0	0	94	0	0	0	14	0	0	18
assemblage-237-258	0	0	0	0	0	0	10	0	0	0	0	0	0	0	0	0	0	0	0	0	0	0	0	0	0	0	0	0	0	0	0	0	0	0	0	0	0	0	0	0	5	0	0	0	197	0	0	0	0	0	0	0	0	0	0	0	34	0	0	0	0	0	0	0	0	0	0	0	0	0	0	0	245	0	0	0	0	9
assemblage-687-249	0	0	0	0	0	0	94	0	0	0	0	0	20	0	0	0	0	0	0	0	0	0	0	0	0	0	0	0	0	0	0	0	0	0	0	0	0	0	0	0	160	0	0	0	0	0	0	0	0	0	0	0	0	0	0	0	0	120	0	0	0	19	33	0	0	0	0	0	0	0	15	0	28	0	0	0	0	11
assemblage-642-861	0	0	0	0	0	0	114	0	0	0	0	0	104	0	0	56	0	0	0	0	0	0	0	0	0	0	0	0	0	0	0	0	0	0	14	0	0	0	0	0	167	0	0	0	0	0	0	0	10	0	20	0	0	0	0	0	0	0	0	0	0	0	0	0	0	0	0	0	0	0	0	0	0	0	0	0	0	15
assemblage-246-246	0	0	0	0	0	0	7	0	0	0	0	0	0	0	0	0	0	0	0	0	0	0	0	0	0	0	0	0	0	0	0	0	0	0	0	0	0	0	0	0	9	0	0	0	185	0	0	0	0	0	0	0	0	0	0	0	43	0	0	0	0	0	0	0	0	0	0	0	0	0	0	0	252	0	0	0	0	4
assemblage-759-877	0	0	0	0	0	0	26	0	144	0	0	0	7	0	0	0	0	71	0	0	0	0	0	0	0	0	0	0	0	0	0	0	0	0	0	0	0	0	0	0	5	0	0	0	54	0	0	0	0	0	0	0	0	0	0	0	0	0	0	0	0	0	0	0	0	0	0	0	0	0	0	0	181	0	0	0	0	12
assemblage-759-874	0	0	0	0	0	0	12	0	146	0	0	0	11	0	0	0	0	70	0	0	0	0	0	0	0	0	0	0	0	0	0	0	0	0	0	0	0	0	0	0	11	0	0	0	28	0	0	0	0	0	0	0	0	0	0	0	0	0	0	0	0	0	0	0	0	0	0	0	0	0	0	0	209	0	0	0	0	13
assemblage-923-236	0	0	15	0	0	0	148	0	14	0	0	0	42	0	0	0	0	0	0	0	0	0	0	0	0	0	0	0	16	0	0	0	0	0	0	0	0	0	0	0	176	0	0	0	0	0	0	0	0	0	35	0	0	0	0	0	0	0	0	0	0	0	0	1	0	0	0	0	0	0	0	0	10	0	29	0	0	14
assemblage-280-565	0	0	0	0	0	0	109	0	0	0	0	0	46	0	0	17	0	0	0	0	0	0	0	0	0	0	0	0	0	0	0	0	0	0	12	0	0	0	0	0	180	0	0	0	0	0	0	0	19	0	16	0	0	24	0	9	0	0	0	0	0	0	0	0	0	0	0	0	0	0	0	0	24	0	20	0	0	24
assemblage-628-854	0	0	0	0	0	0	117	0	0	0	0	0	97	0	0	65	0	0	0	0	0	0	0	0	0	0	0	0	0	0	0	0	0	0	7	0	0	0	0	0	147	0	0	0	0	0	0	0	19	0	28	0	0	0	0	0	0	0	0	0	0	0	0	0	0	0	0	0	0	0	0	0	0	0	0	0	0	20
assemblage-710-473	0	0	0	0	0	0	52	0	0	0	0	0	21	0	0	0	0	0	0	0	0	0	0	0	0	0	0	0	0	0	0	0	0	15	0	0	0	0	0	0	172	0	0	0	0	0	0	0	0	0	0	0	0	0	0	31	0	33	0	0	0	0	85	0	0	0	0	0	0	0	36	0	32	0	0	0	0	23
assemblage-277-528	0	0	0	0	0	6	47	0	0	0	0	0	30	0	0	12	0	0	8	0	0	0	0	0	0	0	0	0	0	0	0	2	0	0	0	0	0	0	0	0	229	0	0	0	0	0	0	0	0	0	0	0	0	92	0	10	0	0	0	0	0	0	0	0	0	0	0	0	0	0	0	0	0	0	42	0	0	22
assemblage-328-328	0	0	0	0	0	0	44	0	0	0	0	0	67	0	0	0	0	0	0	0	0	0	0	0	0	0	0	0	0	0	0	0	0	0	0	0	0	0	0	0	202	0	0	0	0	0	0	0	0	0	0	0	0	12	0	9	0	0	0	0	0	0	7	0	0	0	0	6	0	0	57	0	38	0	54	0	0	4
assemblage-630-846	0	0	0	0	0	0	49	0	0	0	0	0	30	0	0	9	0	0	26	0	0	0	0	0	0	0	0	0	0	0	0	0	0	0	0	0	0	0	0	0	211	0	0	0	0	0	0	0	9	0	0	0	0	95	0	3	0	0	0	0	0	0	0	0	0	0	0	0	0	0	0	0	0	0	39	0	0	29
assemblage-190-596	0	0	0	0	0	0	26	0	0	0	0	0	6	0	0	0	0	0	0	0	0	0	0	0	0	0	0	0	0	0	0	0	0	0	0	0	0	0	0	0	290	0	0	0	0	0	0	0	0	0	0	0	0	0	0	37	0	0	0	0	0	0	60	0	0	0	0	0	0	0	44	0	6	11	0	0	0	20
assemblage-359-271	0	0	0	0	0	0	14	0	161	0	0	0	0	0	0	0	0	59	0	0	0	0	0	0	0	0	0	0	0	0	5	0	0	0	0	0	0	0	0	0	7	0	0	0	47	0	0	0	0	0	0	0	0	0	0	0	0	0	0	0	0	0	0	0	0	0	0	0	0	0	0	0	194	0	0	0	0	13
assemblage-985-351	56	0	0	0	0	0	69	0	0	0	0	0	84	0	0	36	0	0	11	0	0	0	0	0	0	0	0	0	0	0	0	0	0	0	0	0	0	0	0	0	51	0	0	0	0	0	0	0	14	0	0	0	0	5	0	69	0	0	0	0	0	0	0	0	0	0	0	63	0	0	10	0	9	0	11	0	0	12
assemblage-597-671	0	0	51	0	0	36	79	0	135	0	0	0	17	0	0	0	0	0	0	0	0	0	0	0	0	0	0	0	0	0	0	0	0	0	0	0	0	18	0	0	64	0	0	0	4	0	0	0	24	6	0	0	0	0	0	0	0	0	0	0	0	0	0	0	9	0	0	0	0	0	0	0	38	0	13	0	0	6
assemblage-460-153	0	0	72	0	0	36	73	0	116	0	0	0	14	0	0	0	0	0	0	0	0	0	0	0	0	0	0	0	0	0	0	0	0	0	0	0	0	16	0	0	64	0	0	0	10	0	0	0	26	0	0	0	0	0	0	0	0	0	0	0	0	0	0	0	9	0	0	0	0	0	0	0	42	0	9	0	0	13
assemblage-684-472	0	0	0	0	0	0	61	0	0	0	0	0	89	0	0	0	0	0	0	0	0	0	0	0	0	0	0	12	0	0	0	0	0	65	0	0	0	0	0	0	175	0	0	0	0	0	0	0	0	0	0	0	0	0	0	0	0	0	0	0	0	0	15	0	0	0	0	0	0	0	55	0	15	0	0	0	0	13
assemblage-689-477	0	0	0	0	0	0	75	0	0	0	0	0	91	0	0	0	0	0	0	7	0	0	0	0	0	3	0	20	0	0	0	0	0	67	0	0	0	0	0	0	157	0	0	0	0	0	0	0	0	0	0	0	0	0	0	0	0	0	0	0	0	0	11	0	0	0	0	0	0	0	42	0	18	0	0	0	0	9
assemblage-308-566	0	0	0	0	0	0	229	0	0	0	0	0	0	0	0	0	0	0	0	0	0	0	0	0	0	0	0	0	0	0	0	0	0	0	0	0	0	0	0	0	153	0	0	0	0	0	0	0	0	0	0	0	0	0	0	21	0	9	0	0	0	0	8	0	0	0	0	0	0	0	0	0	27	0	25	0	0	28
assemblage-471-340	0	0	0	0	0	0	265	0	0	0	0	0	10	0	4	0	0	0	0	0	0	0	0	0	0	0	0	0	0	0	0	0	0	0	0	0	0	0	0	0	168	0	0	0	40	0	0	0	0	0	0	0	0	0	0	0	0	0	0	0	9	0	0	0	0	0	0	0	0	0	0	0	0	0	0	0	0	4
assemblage-922-687	0	0	18	0	0	0	121	0	23	0	0	0	68	0	0	0	0	0	0	0	0	0	0	0	0	0	0	0	19	0	0	0	0	0	0	0	0	0	0	0	157	0	0	0	0	0	0	0	8	0	31	0	0	0	0	0	0	0	0	0	0	0	0	6	0	0	0	0	0	0	0	0	11	0	26	0	0	12
assemblage-910-1006	0	0	18	0	0	0	157	0	71	0	0	0	16	0	0	0	0	0	0	0	0	0	0	0	0	0	0	0	0	0	0	0	0	0	0	0	0	21	0	0	6	0	0	0	57	0	0	2	63	0	0	0	39	0	0	0	0	0	0	0	0	0	0	0	0	0	0	0	0	0	0	0	43	0	0	0	0	7
assemblage-774-471	0	0	37	0	0	25	9	0	28	0	0	0	7	0	0	43	0	0	0	0	0	0	0	0	0	0	0	0	0	0	0	0	0	0	0	0	0	4	34	0	158	0	0	0	0	0	0	0	55	0	48	0	0	0	0	0	0	0	0	0	0	0	0	0	0	0	0	0	0	0	0	0	33	0	16	0	0	3
assemblage-239-868	0	7	0	0	0	0	140	0	77	0	0	0	30	0	0	0	0	0	0	0	0	0	0	0	0	0	0	0	0	0	0	0	0	0	0	0	0	47	0	0	95	0	0	0	7	0	0	0	17	0	0	0	0	0	0	0	0	0	0	0	0	0	0	0	0	0	0	0	0	0	0	19	45	0	0	0	0	16
assemblage-543-757	0	8	15	0	0	0	158	0	23	0	0	0	112	0	0	0	0	0	0	0	0	0	0	0	0	0	0	0	0	0	0	0	0	0	0	0	0	14	0	0	85	0	0	0	4	0	0	0	0	0	30	0	0	0	0	0	0	0	0	0	0	0	0	0	0	0	0	0	0	0	0	0	40	0	0	0	0	11
assemblage-615-216	0	0	0	0	0	0	84	0	0	0	0	0	0	0	0	0	0	0	0	0	0	0	0	0	0	0	0	0	0	0	0	0	0	0	0	0	0	0	0	0	36	0	0	0	0	0	0	0	0	0	0	0	0	0	0	44	0	102	0	0	0	0	186	0	0	0	0	0	0	0	0	0	33	0	0	0	0	15
assemblage-352-230	0	0	0	0	0	0	150	0	0	0	0	0	6	0	0	38	0	0	42	0	0	0	0	0	0	0	0	0	0	0	0	0	0	0	0	0	0	0	0	0	117	0	15	0	0	0	0	0	13	0	0	0	0	17	0	0	0	0	0	0	0	0	37	0	0	0	0	0	0	0	0	0	44	0	0	0	0	21
assemblage-614-458	0	0	20	0	0	0	59	0	0	0	0	0	37	0	0	0	0	7	0	0	0	0	0	0	0	0	0	0	0	0	0	0	0	0	0	0	0	0	0	0	87	0	0	0	7	0	0	94	26	0	0	0	56	0	0	0	0	0	0	0	11	0	0	0	0	0	0	0	0	0	0	0	80	0	0	0	0	16
assemblage-614-459	0	0	0	0	0	0	58	0	0	0	0	0	0	0	0	0	0	38	0	0	0	0	0	0	0	0	8	0	0	0	0	0	0	0	0	0	0	79	0	0	25	0	0	0	7	0	0	0	188	0	0	0	0	0	0	0	0	0	0	0	0	0	0	0	0	0	0	0	0	0	0	0	76	0	0	0	0	21
assemblage-598-655	0	0	75	0	0	0	73	0	65	0	0	0	54	0	0	0	0	0	0	0	0	0	0	0	0	0	0	0	0	0	0	0	0	0	0	0	0	85	0	0	30	0	0	0	0	0	0	0	5	0	37	0	0	0	0	0	0	0	0	0	0	0	0	0	0	0	0	0	0	0	0	0	67	0	0	0	0	9
assemblage-336-223	57	0	0	0	0	0	58	0	0	0	0	0	56	0	0	47	0	0	4	0	0	0	0	0	0	0	0	0	0	0	0	0	0	0	0	0	0	0	0	0	64	0	0	0	0	0	0	0	14	0	0	0	0	9	0	65	0	0	0	0	0	0	0	0	0	0	0	71	0	0	10	0	10	0	22	0	0	13
assemblage-787-982	0	0	0	0	0	0	59	0	0	0	0	0	24	0	0	12	0	0	21	0	0	0	0	0	0	0	0	0	0	0	0	0	0	0	8	0	0	0	0	0	185	0	0	0	0	0	0	0	0	0	0	0	0	100	0	0	0	0	0	0	0	0	0	0	0	0	0	0	0	0	0	0	9	0	42	0	0	40
assemblage-637-842	0	0	0	0	0	0	115	0	0	0	0	0	103	0	0	52	0	0	0	0	0	0	0	0	0	0	0	0	0	0	0	0	0	0	15	0	0	0	0	0	150	0	0	0	0	0	0	0	21	0	24	0	0	0	0	0	0	0	0	0	0	0	0	0	0	0	0	0	0	0	0	0	0	0	0	0	0	20
assemblage-912-277	0	0	0	0	0	0	115	0	0	0	0	0	27	0	0	31	0	0	0	0	0	0	0	0	0	0	0	0	0	0	0	0	0	0	26	0	0	0	0	0	128	0	0	0	0	0	0	0	23	0	17	0	0	0	0	0	0	0	0	9	0	0	0	0	0	0	0	0	0	0	0	0	82	0	27	0	0	15
assemblage-167-585	0	0	0	0	0	0	30	0	0	6	0	0	4	0	0	0	0	0	0	0	0	0	0	0	0	0	0	0	0	0	0	0	0	0	0	0	0	0	0	0	275	0	0	0	0	0	0	0	0	0	0	0	0	0	0	36	0	0	0	0	0	0	87	0	0	0	0	0	0	0	50	0	0	0	0	0	0	12
assemblage-605-243	22	0	0	0	0	0	96	0	0	0	0	0	0	0	0	10	0	0	0	0	0	0	0	0	0	0	0	0	0	0	0	0	0	0	0	0	0	0	0	0	94	0	0	0	0	0	0	0	0	0	0	0	0	8	0	15	0	0	0	0	0	0	73	0	0	0	0	39	0	0	12	0	50	0	67	0	0	14
assemblage-498-521	0	8	15	0	0	0	159	0	11	0	0	0	117	0	0	0	0	0	0	0	0	0	0	0	0	0	0	0	0	0	0	0	0	0	0	0	0	23	0	0	76	0	0	0	5	0	0	0	0	0	31	0	0	0	0	0	0	0	0	0	0	0	0	0	0	0	0	0	0	0	0	0	42	0	0	0	0	13
assemblage-594-235	18	0	0	0	0	0	100	0	0	0	0	0	0	0	0	18	0	0	0	0	0	0	0	0	0	0	0	0	0	0	0	0	0	0	0	0	0	0	0	0	97	0	0	0	0	0	2	0	0	0	0	0	0	4	0	24	0	0	0	0	0	0	81	0	0	0	0	26	0	0	3	0	49	0	71	0	0	7
assemblage-694-256	0	0	0	0	11	0	15	0	0	0	0	0	0	0	0	0	0	0	0	11	0	0	0	0	30	0	0	23	0	0	0	0	0	8	0	0	0	0	0	0	120	0	0	0	0	0	0	0	0	0	0	0	0	0	0	0	0	28	0	0	0	8	83	0	0	0	0	0	0	0	115	0	34	0	0	0	0	14
assemblage-160-161	0	0	6	0	0	0	74	0	0	0	0	0	39	0	0	0	0	0	0	0	0	0	0	0	0	0	0	0	0	0	0	0	0	0	0	1	0	0	0	0	92	0	0	0	11	0	0	107	55	0	0	0	39	0	0	0	0	0	0	0	10	0	0	0	0	0	0	0	0	0	0	0	54	0	0	0	0	12
assemblage-904-260	0	0	0	0	0	0	136	0	0	0	0	0	29	0	0	17	0	0	0	0	0	0	0	0	0	0	0	0	0	0	0	0	0	0	34	0	0	0	0	0	118	0	0	0	0	0	0	0	22	0	21	0	0	0	0	4	0	0	0	0	0	0	0	0	0	0	0	0	0	0	0	0	88	0	22	0	0	9
assemblage-206-182	0	0	0	0	0	0	0	0	0	0	0	0	0	0	0	0	0	0	0	0	0	0	0	0	0	0	109	0	0	0	0	0	0	0	0	0	0	8	0	0	0	0	0	0	0	0	0	18	361	0	0	0	0	0	0	0	0	0	0	0	0	0	0	0	0	0	0	0	0	0	0	0	0	0	0	0	0	4
assemblage-396-352	0	0	0	0	0	0	164	0	0	0	0	0	10	0	0	36	0	0	0	0	0	0	0	0	0	0	0	0	0	0	0	0	0	0	0	0	0	0	0	0	22	0	0	0	0	0	0	0	0	0	0	0	0	0	0	49	0	48	19	0	0	0	64	0	0	0	0	8	0	0	18	0	43	0	0	0	0	19
assemblage-178-601	0	0	0	0	0	0	120	0	0	0	0	0	23	0	0	0	0	0	0	0	0	0	0	0	0	0	0	0	0	0	0	0	0	5	0	0	0	0	0	0	129	0	0	0	0	0	0	0	0	0	0	0	0	0	0	39	0	6	0	0	0	0	46	0	0	0	0	0	0	0	6	0	116	0	0	0	0	10
assemblage-165-927	0	0	0	0	0	0	25	0	0	0	0	0	43	0	0	0	0	0	0	32	0	0	0	0	0	0	0	0	0	0	0	0	0	0	0	0	0	0	0	0	271	0	0	0	0	0	0	0	0	0	0	0	0	0	0	0	0	18	0	0	0	0	60	0	0	0	0	0	0	0	20	0	18	0	0	0	0	13
assemblage-712-891	0	0	0	0	0	0	30	0	0	0	0	0	5	0	0	0	0	0	0	0	0	0	0	0	0	0	0	0	0	0	0	0	0	0	0	0	0	0	0	0	133	0	0	0	0	0	0	0	8	0	0	0	0	98	0	92	0	0	0	0	0	0	0	0	0	0	0	24	0	0	0	0	62	0	38	0	0	10
assemblage-635-856	0	0	0	0	0	0	128	0	0	0	0	0	36	0	0	27	0	0	0	0	0	0	0	0	0	0	0	0	0	0	0	0	0	0	18	0	0	0	0	0	130	0	0	0	0	0	0	0	24	0	16	0	0	0	0	7	0	0	0	0	0	0	0	0	0	0	0	0	0	0	0	0	84	0	16	0	0	14
assemblage-412-358	26	0	0	0	0	0	79	0	0	0	0	0	0	0	0	21	0	0	0	0	0	0	0	0	0	0	0	0	0	0	0	0	0	0	0	0	0	0	0	0	77	0	0	0	0	0	0	0	0	0	0	0	0	5	0	11	0	0	0	0	0	0	92	0	0	0	0	33	0	0	10	0	66	0	66	0	0	14
assemblage-319-550	0	0	0	19	0	5	151	0	0	0	6	0	28	0	0	0	0	0	0	0	0	0	0	0	0	0	0	0	0	3	0	0	8	0	6	0	0	0	21	0	163	0	0	0	0	0	0	0	18	0	6	0	0	0	0	31	0	0	0	0	0	0	0	0	0	0	0	7	0	0	9	0	6	0	0	0	0	13
assemblage-259-333	50	0	0	0	0	0	72	0	0	0	0	0	72	0	0	45	0	0	6	0	0	0	0	0	0	0	0	0	0	0	0	0	0	0	0	0	0	0	0	0	48	0	0	0	0	0	0	0	15	0	0	0	0	7	0	60	0	0	0	0	0	0	0	0	0	0	0	74	0	0	12	0	12	0	15	0	6	6
assemblage-520-558	0	0	0	0	0	0	100	0	0	0	0	0	12	0	0	0	0	0	0	0	0	0	0	0	0	0	0	0	0	0	0	0	0	0	0	0	0	0	0	0	168	0	0	0	0	0	0	0	0	0	0	0	0	0	0	0	0	112	0	0	0	20	21	0	0	0	0	0	0	0	17	0	32	0	0	0	0	18
assemblage-160-196	0	0	0	0	0	0	84	16	0	0	0	0	85	0	0	0	0	58	0	0	0	17	2	0	0	0	62	0	0	0	0	0	0	0	0	0	0	0	0	0	62	0	0	0	0	0	0	13	26	0	0	0	62	0	0	0	0	0	0	0	0	0	0	0	0	0	0	0	0	0	0	0	0	0	0	0	0	13
assemblage-359-264	0	0	0	0	0	0	27	0	155	0	0	0	17	0	0	0	0	65	0	0	0	0	0	0	0	0	0	0	0	0	11	0	0	0	0	0	0	0	0	0	3	0	0	0	39	0	0	5	0	0	0	0	0	0	0	0	0	0	0	0	0	0	0	0	0	0	0	0	0	0	0	0	175	0	0	0	0	3
assemblage-520-549	0	0	0	0	0	0	30	0	0	0	0	0	10	0	0	0	0	0	0	15	0	0	0	0	4	0	0	3	0	0	0	0	0	12	0	0	0	0	0	0	190	0	0	0	0	0	0	0	0	0	0	0	0	0	0	0	0	73	0	0	0	6	57	0	0	0	0	0	0	0	47	0	38	0	0	0	0	15
assemblage-242-242	0	0	0	0	0	0	13	0	0	0	0	0	0	0	0	0	0	0	0	0	0	0	0	0	0	0	0	0	0	0	0	0	0	0	0	0	0	0	0	0	0	0	0	0	198	0	0	0	0	0	0	0	0	0	0	0	25	0	0	0	0	0	0	0	0	0	0	0	0	0	0	0	250	0	0	0	0	14
assemblage-929-680	0	0	12	0	0	45	17	0	56	0	0	0	12	0	0	0	0	0	0	0	0	0	0	0	0	0	0	0	0	27	0	0	0	0	0	0	0	3	0	14	248	0	0	0	0	0	0	0	17	0	0	0	0	0	0	0	0	0	0	0	0	0	0	0	0	0	0	0	0	0	0	0	18	0	13	0	0	18
assemblage-943-691	0	0	16	0	0	0	102	0	18	0	0	0	47	0	0	0	0	0	0	0	0	0	0	0	0	0	0	0	19	0	0	0	0	0	0	0	0	0	0	0	192	0	0	0	0	0	0	0	7	0	43	0	0	0	0	0	0	0	0	0	0	0	0	9	0	0	0	0	0	0	0	0	5	0	32	0	0	10
assemblage-305-132	0	0	24	0	0	0	135	0	91	0	0	0	24	0	0	0	0	8	0	0	0	0	0	0	0	0	0	0	0	0	0	0	0	0	0	0	0	14	0	0	5	0	0	0	44	0	0	0	61	0	0	0	37	0	0	0	0	0	0	0	0	0	0	0	0	0	0	0	0	0	0	0	42	0	0	0	0	15
assemblage-526-916	0	0	29	0	0	0	134	0	73	0	0	0	12	0	0	0	0	7	0	0	0	0	0	0	0	0	0	0	0	0	0	0	0	0	0	0	0	20	0	0	8	0	0	0	50	0	0	0	56	0	0	0	48	0	0	0	0	0	0	0	0	0	0	0	0	0	0	0	0	0	0	0	53	0	0	0	0	10
assemblage-358-789	0	0	0	0	0	0	19	0	0	0	0	0	33	0	0	0	0	0	0	41	0	0	0	0	0	0	0	0	0	0	0	0	0	0	0	0	0	0	0	0	303	0	0	0	0	0	0	0	0	0	0	0	0	0	0	0	0	16	0	0	0	0	48	0	0	0	5	0	0	0	14	0	14	0	0	0	0	7
assemblage-611-217	0	0	0	0	0	0	121	0	0	0	0	0	25	0	0	0	0	0	0	0	0	0	0	0	0	0	0	0	0	0	0	0	0	5	0	0	0	0	0	0	138	0	0	0	0	0	0	0	0	0	0	0	0	0	0	41	0	0	0	0	0	0	46	0	0	0	0	0	0	0	6	0	104	0	0	0	0	14
assemblage-670-392	0	0	0	0	0	0	78	0	0	0	0	0	6	0	0	5	0	0	0	0	0	0	0	0	0	0	0	0	0	0	0	0	0	0	0	0	0	0	0	0	63	0	0	0	0	0	0	0	0	0	0	0	0	0	0	42	0	83	0	0	0	0	183	0	0	0	0	0	0	0	0	0	29	0	0	0	0	11
assemblage-907-527	0	0	0	0	0	0	0	0	0	0	0	0	0	0	0	0	0	128	0	0	0	0	0	0	0	0	0	0	0	0	0	0	0	0	0	0	0	0	0	0	0	0	0	0	0	0	0	187	20	0	0	0	120	0	34	0	0	0	0	0	0	0	0	0	0	0	0	0	0	0	0	0	0	0	0	0	0	11
assemblage-358-786	0	0	0	0	0	0	5	0	0	0	0	0	0	0	0	0	0	0	0	0	0	0	0	0	0	0	0	0	0	0	0	0	0	37	0	0	0	0	0	0	186	0	0	0	0	0	0	0	0	0	0	0	0	0	0	0	0	80	0	0	0	0	67	0	0	0	0	0	0	0	37	0	82	0	0	0	0	6
assemblage-742-872	0	0	0	0	0	0	34	0	119	0	0	0	9	0	0	0	0	79	0	0	0	0	0	0	0	0	0	0	0	0	0	0	0	0	0	0	0	0	0	0	10	0	0	0	47	0	0	0	0	0	0	0	0	0	0	0	0	0	0	0	0	0	0	0	0	0	0	0	0	0	0	0	191	0	0	0	0	11
assemblage-627-458	0	0	0	0	0	0	82	17	0	0	0	0	55	0	0	0	0	51	0	0	0	22	5	0	0	0	82	0	0	0	0	0	0	0	0	0	0	0	0	0	62	0	0	0	0	0	0	16	27	0	0	0	67	0	0	0	0	0	0	0	0	0	0	0	0	0	0	0	0	0	0	0	0	0	0	0	0	14
assemblage-545-737	0	0	29	0	0	0	158	0	22	0	0	0	33	0	0	0	0	0	0	0	0	0	0	0	0	0	0	0	0	0	0	0	0	0	0	0	0	0	0	0	75	0	0	0	0	0	0	0	0	0	0	0	0	0	0	0	0	0	0	0	0	0	0	0	0	0	0	0	0	0	0	0	86	0	80	0	0	17
assemblage-606-238	0	0	0	0	0	0	38	0	0	0	0	0	66	0	0	0	0	0	0	0	0	0	0	0	0	0	0	0	0	0	0	0	0	0	0	0	0	0	0	0	198	0	0	0	0	0	0	0	0	0	0	0	0	12	0	26	0	0	0	0	0	0	7	0	0	0	0	0	0	0	53	0	40	0	52	0	0	8
assemblage-195-187	0	0	0	0	0	0	0	0	0	0	0	0	0	0	0	0	0	0	0	0	0	0	0	0	0	0	132	0	0	0	0	0	0	0	0	0	0	4	0	0	0	0	0	0	0	0	0	15	340	0	0	0	0	0	0	0	0	0	0	0	0	0	0	0	0	0	0	0	0	0	0	0	0	0	0	0	0	9
assemblage-171-608	0	0	0	0	0	0	77	0	0	0	0	0	81	0	0	0	0	0	0	0	0	0	0	0	0	4	0	15	0	0	0	0	0	54	0	0	0	0	0	0	183	0	0	0	0	0	0	0	0	0	0	0	0	0	0	0	0	0	0	0	0	0	10	0	0	0	0	0	0	0	40	0	18	0	0	0	0	18
assemblage-466-351	0	0	0	0	0	0	249	0	0	0	0	0	5	0	11	0	0	0	0	0	0	0	0	0	0	0	0	0	0	0	0	0	0	0	0	0	0	0	0	0	185	0	0	0	34	0	0	0	0	0	0	0	0	0	0	0	0	0	0	0	13	0	0	0	0	0	0	0	0	0	0	0	0	0	0	0	0	3
assemblage-687-910	0	0	0	0	0	0	160	0	0	0	0	0	10	0	0	43	0	0	29	0	0	0	0	0	0	0	0	0	0	0	0	0	0	0	0	0	0	0	0	0	147	0	9	0	0	0	0	0	10	0	0	0	0	10	0	0	0	0	0	0	0	0	29	0	0	0	0	0	0	0	0	0	34	0	0	0	0	19
assemblage-209-176	0	0	0	0	0	0	0	0	0	0	0	0	0	0	0	0	0	0	0	0	0	0	0	0	0	0	123	0	0	0	0	0	0	0	0	0	0	4	0	0	0	0	0	0	0	0	0	20	349	0	0	0	0	0	0	0	0	0	0	0	0	0	0	0	0	0	0	0	0	0	0	0	0	0	0	0	0	4
assemblage-281-541	0	0	0	0	0	4	59	0	0	0	0	0	43	0	0	2	0	0	20	0	0	0	0	0	0	0	0	0	0	0	0	9	0	0	0	0	0	0	0	0	204	0	0	0	0	0	0	0	0	0	0	0	0	70	0	7	0	0	0	0	0	0	0	0	0	0	0	0	0	0	0	0	0	0	51	0	0	31
assemblage-762-878	0	0	0	0	0	0	53	0	0	0	0	0	0	0	0	0	0	35	0	0	0	0	0	0	0	0	0	0	0	0	0	0	0	0	0	0	0	94	0	0	18	0	0	0	14	0	0	0	193	0	0	0	0	0	0	0	0	0	0	0	0	0	0	0	0	0	0	0	0	0	0	0	73	0	0	0	0	20
assemblage-181-190	0	0	0	0	0	0	30	0	117	0	0	0	0	0	0	0	0	62	0	0	0	0	0	0	0	0	0	0	0	0	0	0	0	0	0	0	0	0	0	0	14	0	0	0	64	0	0	0	0	0	0	0	0	0	0	0	0	0	0	0	0	0	0	0	0	0	0	0	0	0	0	0	193	0	0	0	0	20
assemblage-168-953	0	0	0	0	20	0	8	0	0	0	0	0	0	0	0	0	0	0	0	12	0	0	0	0	23	0	0	17	0	0	0	0	0	3	0	0	0	0	0	0	122	0	0	0	0	0	0	0	0	0	0	0	0	0	0	0	0	21	0	0	0	0	99	0	0	0	0	0	0	0	135	0	26	0	0	0	0	14
assemblage-990-345	0	0	0	0	0	0	55	0	0	0	0	0	8	0	0	0	0	0	7	0	0	0	0	0	0	0	0	0	0	0	0	0	0	0	0	0	0	0	0	0	122	0	0	0	0	0	0	0	19	0	0	0	0	110	0	57	0	0	0	0	0	0	0	0	0	0	0	21	0	0	0	0	46	0	44	0	0	11
assemblage-549-750	0	0	69	0	0	33	82	0	113	0	0	0	19	0	0	0	0	0	0	0	0	0	0	0	0	0	0	0	0	0	0	0	0	0	0	0	0	20	0	0	61	0	0	0	10	0	0	0	33	7	0	0	0	0	0	0	0	0	0	0	0	0	0	0	14	0	0	0	0	0	0	0	22	0	13	0	0	4
assemblage-480-335	0	0	0	0	0	0	264	0	0	0	0	0	6	0	0	0	0	0	0	0	0	0	0	0	0	0	0	0	0	0	0	0	0	0	0	0	0	0	0	0	183	0	0	0	36	0	0	0	0	0	0	0	0	0	0	0	0	0	0	0	5	0	0	0	0	0	0	0	0	0	0	0	0	0	0	0	0	6
assemblage-535-559	0	0	0	0	0	0	3	0	0	0	0	0	0	0	0	0	0	0	0	0	0	0	0	0	0	0	0	0	0	0	0	0	0	47	0	0	0	0	0	0	175	0	0	0	0	0	0	0	0	0	0	0	0	0	0	0	0	67	0	0	0	0	73	0	0	0	0	0	0	0	44	0	74	0	0	0	0	17
assemblage-183-166	0	0	0	0	0	0	75	12	0	0	0	0	58	0	0	0	0	64	0	0	0	10	6	0	0	0	63	0	0	0	0	0	0	0	0	0	0	0	0	0	76	0	0	0	0	0	0	20	22	0	0	0	75	0	0	0	0	0	0	0	0	0	0	0	0	0	0	0	0	0	0	0	0	0	0	0	0	19
assemblage-176-599	0	0	0	0	0	0	81	0	0	0	0	0	0	0	0	7	0	0	0	0	0	0	0	0	0	0	0	0	0	0	0	0	0	0	0	0	0	0	0	0	65	0	0	0	0	0	0	0	0	0	0	0	0	0	0	54	0	77	0	0	0	0	162	0	0	0	0	0	0	0	0	0	37	0	0	0	0	17
assemblage-924-289	0	0	0	16	0	6	169	0	0	0	0	0	30	0	0	0	0	0	0	0	0	0	0	0	0	0	0	0	0	0	0	0	3	0	8	0	0	0	20	0	170	0	0	0	0	0	0	0	9	0	2	0	0	0	0	15	0	0	0	0	0	0	0	0	0	0	0	4	0	0	16	0	7	0	0	0	0	25
assemblage-235-847	0	3	0	0	0	0	138	0	70	0	0	0	44	0	0	0	0	0	0	0	0	0	0	0	0	0	0	0	0	0	0	0	0	0	0	0	0	34	0	0	96	0	0	0	12	0	0	0	16	0	0	0	0	0	0	0	0	0	0	0	0	0	0	0	0	0	0	0	0	0	0	16	55	0	0	0	0	16
assemblage-298-582	0	0	0	0	0	0	198	0	0	0	0	0	0	0	0	10	0	0	0	0	0	0	0	0	0	0	0	0	0	0	0	0	0	0	0	0	0	0	0	0	158	0	0	0	0	8	0	0	0	0	0	0	0	0	0	23	0	13	0	0	0	0	12	0	0	0	0	0	0	0	0	0	27	0	22	0	0	29
assemblage-172-188	0	0	11	0	0	0	59	0	0	0	0	0	33	0	0	0	0	2	0	0	0	0	0	0	0	0	0	0	0	0	0	0	0	0	0	0	0	0	0	0	71	0	0	0	12	0	0	148	44	0	0	0	37	0	0	0	0	0	0	0	11	0	0	0	0	0	0	0	0	0	0	0	65	0	0	0	0	7
assemblage-299-556	0	0	0	21	0	4	157	0	8	0	0	0	22	0	0	4	0	0	0	0	0	0	0	0	0	0	0	0	0	0	0	0	3	0	9	0	0	0	15	0	177	0	0	0	0	0	0	0	10	0	4	0	0	0	0	27	0	0	0	0	0	0	0	0	0	0	0	5	0	0	18	0	4	0	0	0	0	12
assemblage-809-471	0	0	0	0	0	0	165	0	0	0	0	0	75	0	0	0	0	0	0	0	0	0	0	0	0	0	0	0	0	0	0	0	0	0	28	0	0	0	0	0	94	0	0	0	0	0	0	0	0	0	0	0	0	0	0	0	0	0	0	0	0	0	0	0	0	0	0	0	0	0	0	0	53	0	54	0	0	31
assemblage-183-592	0	0	0	0	0	0	121	0	0	0	0	0	14	0	0	4	0	0	0	0	0	0	0	0	0	0	0	0	0	0	0	0	0	10	0	0	0	0	0	0	151	0	0	0	0	0	0	0	0	0	0	0	0	0	0	41	0	0	0	0	0	0	34	0	0	0	0	0	0	0	14	0	98	0	0	0	0	13
assemblage-870-401	0	0	7	0	0	37	15	0	72	0	0	0	11	0	0	0	0	0	0	0	0	0	0	0	0	0	0	0	0	34	0	0	0	0	0	0	0	0	0	3	255	0	0	0	0	0	0	0	11	0	17	0	0	0	0	0	0	0	0	0	0	0	0	0	0	0	0	0	0	0	0	0	17	0	8	0	0	13
assemblage-299-553	0	0	0	0	0	0	204	0	0	0	0	0	0	0	0	0	0	0	0	0	0	0	0	0	0	0	0	0	0	0	0	0	0	0	0	0	0	0	0	0	195	0	0	0	0	3	0	0	0	0	0	0	0	0	0	11	0	18	0	0	0	0	8	0	0	0	0	0	0	0	0	0	18	0	14	0	0	29
assemblage-267-236	0	0	0	0	0	0	10	0	0	0	0	0	0	0	0	0	0	0	0	0	0	0	0	0	0	0	0	0	0	0	0	0	0	0	0	0	0	0	0	0	6	0	0	0	199	0	0	0	0	0	0	0	0	0	0	0	25	0	0	0	0	0	0	0	0	0	0	0	0	0	0	0	250	0	0	0	0	10
assemblage-690-252	0	0	0	0	0	0	27	0	0	0	0	0	19	0	0	0	5	0	0	28	0	0	0	0	0	0	0	0	0	0	0	0	0	0	0	0	0	0	0	0	298	0	0	0	0	0	0	0	0	0	0	0	0	0	0	0	0	19	0	0	0	0	63	0	0	0	0	0	0	0	8	0	14	8	0	0	0	11
assemblage-889-395	0	0	41	0	0	19	0	0	26	0	0	0	20	0	0	35	0	0	0	0	0	0	0	0	0	0	0	0	0	0	0	0	0	0	0	0	0	7	25	0	166	0	0	0	0	0	0	0	60	0	35	0	0	0	0	0	0	0	0	0	0	0	0	0	0	0	0	0	0	0	0	0	43	0	12	0	0	11
assemblage-619-459	0	0	0	0	0	0	95	20	0	0	0	0	49	0	0	0	0	61	0	0	0	17	11	0	0	0	63	0	0	0	0	0	0	0	0	0	0	0	0	0	62	0	0	0	0	0	0	14	29	0	0	0	65	0	0	0	0	0	0	0	0	0	0	0	0	0	0	0	0	0	0	0	0	0	0	0	0	14
assemblage-296-136	0	0	25	0	0	0	148	0	31	0	0	0	64	0	0	0	0	25	0	0	0	0	0	0	0	0	0	0	0	0	0	0	0	0	0	0	0	7	0	0	13	0	0	0	0	0	0	0	42	0	0	35	0	0	0	0	0	0	0	0	0	0	0	0	0	0	0	0	0	0	0	0	82	0	0	3	0	25
assemblage-609-214	0	0	0	0	0	0	85	0	0	0	0	0	0	0	0	0	0	0	0	0	0	0	0	0	0	0	0	0	0	0	0	0	0	0	0	0	0	0	0	0	45	0	0	0	0	0	0	0	0	0	0	0	0	0	0	67	0	98	0	0	0	0	158	0	0	0	0	0	0	0	0	0	28	0	0	0	0	19
assemblage-526-929	0	0	5	0	0	0	54	0	29	0	0	0	63	9	0	0	0	0	0	0	0	0	0	0	0	0	0	0	0	0	0	0	0	0	0	0	0	86	0	0	32	0	0	0	0	0	0	17	41	0	0	0	0	0	0	0	0	0	0	0	0	0	0	0	0	0	0	0	0	0	0	0	138	0	0	0	0	26
assemblage-950-251	0	0	18	0	0	0	110	0	38	0	0	0	43	0	0	0	0	0	0	0	0	0	0	0	0	0	0	0	13	0	0	0	0	0	0	0	0	0	0	0	175	0	0	0	0	0	0	0	0	0	38	0	0	0	0	0	0	0	0	0	0	0	0	4	0	0	0	0	0	0	0	0	17	0	27	0	0	17
assemblage-663-393	0	0	0	0	0	0	120	0	0	0	0	0	20	0	0	0	0	0	0	0	0	0	0	0	0	0	0	0	0	0	0	0	0	7	0	0	0	0	0	0	167	0	0	0	0	0	0	0	0	0	0	0	0	0	0	23	0	0	0	0	0	0	37	0	0	0	0	0	0	0	17	0	96	0	0	0	0	13
assemblage-1000-339	62	0	0	0	0	0	71	0	0	0	0	0	69	0	0	53	0	0	10	0	0	0	0	0	0	0	0	0	0	0	0	0	0	0	0	0	0	0	0	0	64	0	0	0	0	0	0	0	11	0	0	0	0	4	0	62	0	0	0	0	0	0	0	0	0	0	0	59	0	0	4	0	6	0	17	0	0	8
assemblage-154-592	0	0	0	0	0	0	129	0	0	0	0	0	26	0	0	0	0	0	0	0	0	0	0	0	0	0	0	0	0	0	0	0	0	0	0	0	0	0	0	0	128	0	0	0	0	0	0	0	0	0	0	0	0	0	0	45	0	5	0	0	0	0	40	0	0	0	0	0	0	0	7	0	107	0	0	0	0	13
assemblage-181-932	0	0	0	0	0	0	8	0	0	0	0	0	0	0	0	0	0	0	0	0	0	0	0	0	0	0	0	0	0	0	0	0	0	46	0	0	0	0	0	0	176	0	0	0	0	0	0	0	0	0	0	0	0	0	0	0	0	83	0	0	0	0	75	0	0	0	0	0	0	0	31	0	72	0	0	0	0	9
assemblage-343-236	0	0	0	0	0	0	118	0	0	0	0	0	30	0	0	8	0	0	38	0	2	0	0	14	0	0	0	0	0	0	0	0	0	0	0	0	0	0	0	0	104	0	0	0	0	0	0	0	0	0	0	0	0	62	0	0	0	0	0	0	0	0	0	0	0	0	0	15	0	0	70	0	0	0	23	0	0	16
assemblage-152-958	0	0	0	0	15	0	24	0	0	0	0	0	0	0	0	0	0	0	0	6	0	0	0	0	22	0	0	28	0	0	0	0	0	0	0	0	0	0	0	0	101	0	0	0	0	0	0	0	0	0	0	0	0	0	0	0	0	32	0	0	0	7	99	0	0	0	0	0	0	0	117	0	35	0	0	0	0	14
assemblage-503-944	0	0	0	0	0	0	56	0	20	0	0	0	61	0	0	0	0	0	0	0	0	0	0	0	0	0	0	0	0	0	0	0	0	0	0	0	0	72	0	0	26	0	0	0	0	0	0	18	44	0	0	0	0	0	0	0	0	0	0	0	0	0	0	0	0	0	0	0	0	0	0	0	173	0	0	0	0	30
assemblage-150-176	0	0	0	0	0	0	94	14	0	0	0	0	44	0	0	0	0	61	0	0	0	12	10	0	0	0	84	0	0	0	0	0	0	0	0	0	0	0	0	0	67	0	0	0	0	0	0	14	24	0	0	0	55	0	0	0	0	0	0	0	0	0	0	0	0	0	0	0	0	0	0	0	1	0	0	0	0	20
assemblage-537-763	0	0	37	0	0	0	155	0	24	0	0	0	26	0	0	0	0	0	0	0	0	0	0	0	0	0	0	0	0	0	0	0	0	0	0	0	0	6	0	0	80	0	0	0	0	0	0	0	0	0	0	0	0	0	0	0	0	0	0	0	0	0	0	0	0	0	0	0	0	0	0	0	90	0	64	0	0	18
assemblage-911-277	0	0	0	0	0	0	132	0	0	0	0	0	102	0	0	61	0	0	0	0	0	0	0	0	0	0	0	0	0	0	0	0	0	0	9	0	0	0	0	0	146	0	0	0	0	0	0	0	8	0	24	0	0	0	0	0	0	0	0	0	0	0	0	0	0	0	0	0	0	0	0	0	0	0	5	0	0	13
assemblage-500-534	0	0	60	0	0	31	67	0	112	0	0	0	30	0	0	0	0	0	0	0	0	0	0	0	0	0	0	0	0	0	0	0	0	0	0	0	0	20	0	0	55	0	0	0	15	0	0	0	48	0	0	0	0	0	0	0	0	0	0	0	0	0	0	0	13	0	0	0	0	0	0	0	28	0	15	0	0	6
assemblage-594-237	0	0	0	0	0	0	204	0	0	0	0	0	0	0	0	7	0	0	0	0	0	0	0	0	0	0	0	0	0	0	0	0	0	0	0	0	0	0	0	0	167	0	0	0	0	0	0	0	0	0	0	0	0	0	0	13	0	3	0	0	0	0	19	0	0	0	0	0	0	0	9	0	29	0	23	0	0	26
assemblage-790-466	0	0	13	0	0	37	17	0	78	0	0	0	7	0	0	0	0	0	0	0	0	0	0	0	0	0	0	0	0	32	0	0	0	0	0	0	0	0	0	5	258	0	0	0	0	0	0	0	15	0	11	0	0	0	0	0	0	0	0	0	0	0	0	0	0	0	0	0	0	0	0	0	12	0	4	0	0	11
assemblage-235-826	0	0	25	0	0	0	137	0	25	0	0	0	70	0	0	0	0	25	0	0	0	0	0	0	0	0	0	0	0	0	0	0	0	0	0	0	0	8	0	0	12	0	0	0	0	0	0	0	48	0	0	34	0	0	0	0	0	0	0	0	0	0	0	0	0	0	0	0	0	0	0	0	93	0	0	0	0	23
assemblage-585-209	0	0	0	0	0	0	82	0	0	0	0	0	0	0	0	0	0	0	0	0	0	0	0	0	0	0	0	0	0	0	0	0	0	0	0	0	0	0	0	0	57	0	0	0	0	0	0	0	0	0	0	0	0	0	0	54	0	106	0	0	0	0	150	0	0	0	0	0	0	0	0	0	37	0	0	0	0	14
assemblage-285-119	0	16	0	0	0	0	148	0	64	0	0	0	32	0	0	0	0	12	0	0	0	0	0	0	0	0	0	0	0	0	0	0	0	0	0	0	0	41	0	0	93	0	0	0	14	0	0	0	13	0	0	0	0	0	0	0	0	0	0	0	0	0	0	0	0	0	0	0	0	0	0	12	35	0	0	0	0	20
assemblage-936-250	0	0	9	0	0	36	17	0	56	0	0	0	9	0	0	0	0	0	0	0	0	0	0	0	0	0	0	0	0	33	0	0	0	0	0	0	0	0	0	10	256	0	0	0	0	0	0	0	8	0	23	0	0	0	0	0	0	0	0	0	0	0	0	0	0	0	0	0	0	0	0	0	14	0	15	0	0	14
assemblage-988-353	0	0	0	0	0	0	49	0	0	0	0	0	4	0	0	0	0	0	0	0	0	0	0	0	0	0	0	0	0	0	0	0	0	0	0	0	0	0	0	0	110	0	0	0	0	0	0	0	19	0	0	0	0	87	0	82	0	0	0	0	0	0	11	0	0	0	0	28	0	0	0	0	51	0	49	0	0	10
assemblage-692-481	0	0	0	0	0	0	120	0	0	0	0	0	31	0	0	0	0	0	0	0	0	0	0	0	0	0	0	0	0	0	0	0	0	9	0	0	0	0	0	0	137	0	0	0	0	0	0	0	0	0	0	0	0	0	0	36	0	10	0	0	0	0	42	0	0	0	0	0	0	0	13	0	91	0	0	0	0	11
assemblage-497-531	0	6	7	0	0	0	136	0	18	0	0	0	135	0	0	0	0	0	0	0	0	0	0	0	0	0	0	0	0	0	0	0	0	0	0	0	0	10	0	0	91	0	0	0	12	0	0	0	0	0	34	5	0	0	0	0	0	0	0	0	0	0	0	0	0	0	0	0	0	0	0	0	33	0	0	0	0	13
assemblage-604-675	0	0	35	0	0	0	146	0	46	0	0	0	32	0	0	0	0	0	0	0	0	0	0	0	0	0	0	0	0	0	0	0	0	0	0	0	0	0	0	0	74	0	0	0	0	0	0	0	0	0	0	0	0	0	0	0	0	0	0	0	0	0	0	0	0	0	0	0	0	0	0	0	80	0	68	0	0	19
assemblage-481-156	0	0	64	0	0	38	58	0	134	0	0	0	24	0	0	0	0	0	0	0	0	0	0	0	0	0	0	0	0	0	0	0	0	0	0	0	0	11	0	0	60	0	0	0	18	0	0	0	30	0	0	0	0	0	0	0	0	0	0	0	0	0	0	0	20	0	0	0	0	0	0	0	28	0	11	0	0	4
assemblage-465-144	0	0	67	0	0	0	65	0	92	0	0	0	43	0	0	0	0	0	0	0	0	0	0	0	0	0	0	0	0	0	0	0	0	0	0	0	0	95	0	0	18	0	0	0	0	0	0	0	9	0	18	6	0	0	0	0	0	0	0	0	0	0	0	0	0	0	0	0	0	0	0	0	76	0	0	0	0	11
assemblage-607-238	0	0	0	0	0	0	34	0	0	0	0	0	51	0	0	0	0	0	0	0	0	0	0	0	0	0	0	0	0	0	0	0	0	0	0	0	0	0	0	0	229	0	0	0	0	0	0	0	0	0	0	0	0	8	0	17	0	0	0	0	0	0	10	0	0	0	0	0	0	0	49	0	46	0	49	0	0	7
assemblage-508-917	0	0	23	0	0	0	126	0	71	0	0	0	22	0	0	0	0	9	0	0	0	0	0	0	0	0	0	0	0	0	0	0	0	0	0	0	0	13	0	0	10	0	0	0	55	0	0	0	86	0	0	0	43	0	0	0	0	0	0	0	0	0	0	0	0	0	0	0	0	0	0	0	35	0	0	0	0	7
assemblage-806-986	0	0	0	0	0	0	107	0	0	0	0	0	117	0	0	60	0	0	0	0	0	0	0	0	0	0	0	0	0	0	0	0	0	0	9	0	0	0	0	0	163	0	0	0	0	0	0	0	18	0	11	0	0	0	0	0	0	0	0	0	0	0	0	0	0	0	0	0	0	0	0	0	0	0	0	0	0	15
assemblage-666-410	0	0	0	0	0	0	28	0	0	0	0	0	8	0	0	0	0	0	0	0	0	0	0	0	0	0	0	0	0	0	0	0	0	0	0	0	0	0	0	0	293	0	0	0	0	0	0	0	0	0	0	0	0	0	0	36	0	0	0	0	0	0	63	0	0	0	0	0	0	0	52	0	0	0	0	0	0	20
assemblage-667-848	0	0	0	0	0	0	133	0	0	0	0	0	38	0	0	24	0	0	0	0	0	0	0	0	0	0	0	0	0	0	0	0	0	0	12	0	0	0	0	0	137	0	0	0	0	0	0	0	13	0	16	0	0	0	0	4	0	0	0	0	0	0	0	0	0	0	0	0	0	0	0	0	93	0	19	0	0	11
assemblage-763-893	0	0	0	0	0	0	31	0	142	0	0	0	0	0	0	0	0	77	0	0	0	0	0	0	0	0	0	0	0	0	0	0	0	0	0	0	0	0	0	0	7	0	0	0	42	0	0	0	0	0	0	0	0	0	0	0	0	0	0	0	0	0	0	0	0	0	0	0	0	0	0	0	181	0	0	0	0	20
assemblage-991-355	0	0	0	0	0	0	114	0	0	0	0	0	31	0	0	16	0	0	39	0	0	0	0	18	0	0	0	0	0	0	0	0	0	0	0	0	0	0	0	0	104	0	0	0	0	0	0	0	0	0	0	0	0	44	0	0	0	0	0	0	0	0	0	0	0	0	0	16	0	0	73	0	0	0	28	0	0	17
assemblage-711-905	0	0	0	0	0	0	164	0	0	0	0	0	12	0	0	38	0	0	30	0	0	0	0	0	0	0	0	0	0	0	0	0	0	0	0	0	0	0	0	0	130	0	6	0	0	0	0	0	12	0	4	0	0	8	0	0	0	0	0	0	0	0	27	0	0	0	0	0	0	0	0	0	47	0	0	0	0	22
assemblage-405-331	0	0	0	0	0	0	206	0	0	0	0	4	0	0	0	6	0	0	0	0	0	0	0	0	0	0	0	0	0	0	0	0	0	0	0	0	0	0	0	0	181	0	0	0	0	0	0	0	0	0	0	0	0	0	0	16	0	8	0	0	0	0	8	0	0	0	0	0	0	0	0	0	17	0	27	0	0	27
assemblage-267-347	52	0	0	0	0	0	68	0	0	0	0	0	83	0	0	46	0	0	11	0	0	0	0	0	0	0	0	0	0	0	0	0	0	0	0	0	0	0	0	0	49	0	0	0	0	0	0	0	15	0	0	0	0	14	0	60	0	0	0	0	0	0	0	0	0	0	0	54	0	0	13	0	7	0	25	0	0	3
assemblage-702-912	65	0	0	0	0	0	69	0	0	0	0	0	77	0	0	34	0	0	4	0	0	0	0	0	0	0	0	0	0	0	0	0	0	0	0	0	0	0	0	0	53	0	0	0	0	0	0	0	17	0	0	0	0	6	0	43	0	0	0	0	0	0	0	0	0	0	0	69	0	0	12	0	15	0	15	0	0	21
assemblage-520-527	0	0	37	0	0	0	149	0	28	0	0	0	35	0	0	0	0	0	0	0	0	0	0	0	0	0	0	0	0	0	0	0	0	0	0	0	0	0	0	0	80	0	0	0	0	0	0	0	0	0	0	0	0	0	0	0	0	0	0	0	0	0	0	0	0	0	0	0	0	0	0	0	84	0	66	0	0	21
assemblage-471-319	0	0	0	0	0	0	282	0	0	0	0	0	0	0	8	0	0	0	0	0	0	0	0	0	0	0	0	0	0	0	0	0	0	0	0	0	0	0	0	0	153	0	0	0	34	0	0	0	0	0	0	0	0	0	0	0	0	0	0	0	14	0	0	0	0	0	0	0	0	0	0	0	0	0	0	0	0	9
assemblage-302-569	0	0	0	0	0	0	151	0	0	0	0	0	0	0	0	44	0	0	0	0	0	0	0	0	0	0	0	0	0	0	0	0	0	0	0	0	0	0	0	0	26	0	0	0	0	0	0	0	0	0	0	0	0	4	0	47	0	73	15	0	0	0	78	0	0	0	0	9	0	0	12	0	32	0	0	0	0	9
assemblage-499-512	0	0	33	0	0	0	175	0	22	0	0	0	20	0	0	0	0	0	0	0	0	0	0	0	0	0	0	0	0	0	0	0	0	0	0	0	0	0	0	0	100	0	0	0	0	0	0	0	0	0	0	0	0	0	0	0	0	0	0	0	0	0	0	0	0	0	0	0	0	0	0	0	80	0	55	0	0	15
assemblage-230-157	0	0	0	0	0	0	0	0	0	0	0	0	0	0	0	0	0	0	0	0	0	0	0	0	0	0	109	0	0	0	0	0	0	0	0	0	0	6	0	0	0	0	0	0	0	0	0	17	361	0	0	0	0	0	0	0	0	0	0	0	0	0	0	0	0	0	0	0	0	0	0	0	0	0	0	0	0	7
assemblage-891-274	0	0	0	21	0	5	130	0	0	0	0	0	47	0	0	5	0	0	0	0	0	0	0	0	0	0	0	0	0	0	0	0	4	0	0	0	0	0	12	0	180	0	0	0	0	0	0	0	12	0	9	0	0	0	0	26	0	0	0	0	0	0	0	0	0	0	0	13	0	0	15	0	8	0	0	0	0	13
assemblage-371-808	0	0	0	0	0	0	29	0	0	0	0	0	33	0	0	0	10	0	0	36	0	0	0	0	0	0	0	0	0	0	0	0	0	0	0	0	0	0	0	0	278	0	0	0	0	0	0	0	0	0	0	0	0	0	0	0	0	20	0	0	0	0	59	0	0	0	0	0	0	0	15	0	9	0	0	0	0	11
assemblage-916-1002	0	0	41	0	0	0	139	0	22	0	0	0	51	0	0	0	0	24	0	0	0	0	0	0	0	0	0	0	0	0	0	0	0	0	0	0	0	12	0	0	15	0	0	0	0	0	0	0	52	0	0	39	0	0	0	0	0	0	0	0	0	0	0	0	0	0	0	0	0	0	0	0	87	0	0	0	0	18
assemblage-575-740	0	0	68	0	0	0	55	0	77	0	0	0	55	0	0	0	0	0	0	0	0	0	0	0	0	0	0	0	0	0	0	0	0	0	0	0	0	89	0	0	21	0	0	0	0	0	0	0	2	0	49	0	0	0	0	0	0	0	0	0	0	0	0	0	0	0	0	0	0	0	0	0	63	0	0	0	0	21
assemblage-799-965	0	0	0	14	0	4	140	0	8	0	0	0	26	0	0	4	0	0	0	0	0	0	0	0	0	0	0	0	0	0	0	0	1	0	3	0	0	0	6	0	197	0	0	0	0	0	0	0	20	0	5	0	0	0	0	26	0	0	0	0	0	0	0	0	0	0	0	3	0	0	13	0	3	0	0	0	0	27
assemblage-599-246	0	0	0	0	0	0	125	0	0	0	0	0	14	0	0	11	0	0	0	0	0	0	0	0	0	0	0	0	0	0	0	0	0	0	0	0	0	0	0	0	115	0	0	0	0	0	0	0	0	0	0	0	0	5	0	22	0	23	4	0	0	0	39	0	0	0	0	9	0	0	27	0	40	0	53	0	0	13
assemblage-398-355	13	0	0	0	0	0	102	0	0	0	0	0	0	0	0	13	0	0	0	0	0	0	0	0	0	0	0	0	0	0	0	0	0	0	0	0	0	0	0	0	79	0	0	0	0	0	0	0	0	0	0	0	0	10	0	22	0	0	0	0	0	0	77	0	0	0	0	25	0	0	9	0	55	0	79	0	0	16
assemblage-526-569	0	0	0	0	0	0	87	0	0	0	0	0	20	0	0	0	0	0	0	0	0	0	0	0	0	0	0	0	0	0	0	0	0	0	0	0	0	0	0	0	169	0	0	0	0	0	0	0	0	0	0	0	0	0	0	0	0	111	0	0	0	18	38	0	0	0	0	0	0	0	13	0	35	0	0	0	0	9
assemblage-509-534	0	0	28	0	0	0	170	0	30	0	0	0	38	0	0	0	0	0	0	0	0	0	0	0	0	0	0	0	0	0	0	0	0	0	0	0	0	0	0	0	76	0	0	0	0	0	0	0	0	0	0	0	0	0	0	0	0	0	0	0	0	0	0	0	0	0	0	0	0	0	0	0	63	0	80	0	0	15
assemblage-675-257	0	0	0	0	0	0	30	0	0	0	0	0	32	0	0	0	9	0	0	36	0	0	0	0	0	0	0	0	0	0	0	0	0	0	0	0	0	0	0	0	287	0	0	0	0	0	0	0	0	0	0	0	0	0	0	0	0	9	0	0	0	0	64	0	0	0	0	0	0	0	11	0	14	0	0	0	0	8
assemblage-612-218	0	0	0	0	0	0	85	0	0	0	0	0	6	0	0	14	0	0	0	0	0	0	0	0	0	0	0	0	0	0	0	0	0	0	0	0	0	0	0	0	45	0	0	0	0	0	0	0	0	0	0	0	0	0	0	48	0	82	0	0	0	0	180	0	0	0	0	0	0	0	0	0	30	0	0	0	0	10
assemblage-525-913	0	0	0	0	0	0	65	0	19	0	0	0	70	0	0	0	0	0	0	0	0	0	0	0	0	0	0	0	0	0	0	0	0	0	0	0	0	72	0	0	28	0	0	0	0	0	0	15	40	0	0	0	0	0	0	0	0	0	0	0	0	0	0	0	0	0	0	0	0	0	0	0	157	0	0	0	0	34
assemblage-164-933	0	0	0	0	0	0	27	0	0	0	0	0	29	0	0	0	0	0	0	27	0	0	0	0	0	0	0	0	0	0	0	0	0	0	0	0	0	0	0	0	281	0	0	0	0	0	0	0	0	0	0	0	0	0	0	0	0	21	0	0	0	0	59	0	0	0	0	0	0	0	25	0	14	6	0	0	0	11
assemblage-470-127	0	0	54	0	0	0	56	0	87	0	0	0	53	0	0	0	0	0	0	0	0	0	0	0	0	0	0	0	0	0	0	0	0	0	0	0	0	98	0	0	27	0	0	0	0	0	0	0	8	0	39	0	0	0	0	0	0	0	0	0	0	0	0	0	0	0	0	0	0	0	0	0	68	0	0	0	0	10
assemblage-257-856	0	0	10	0	0	0	127	0	45	0	0	0	39	0	0	0	0	4	0	0	0	0	0	0	0	0	0	0	0	0	0	0	0	0	0	0	0	29	0	0	36	0	0	0	23	0	0	6	45	0	0	10	19	0	0	0	0	0	0	0	0	0	0	0	0	0	0	0	0	0	0	0	93	0	0	0	0	14
assemblage-782-467	0	0	0	0	0	0	184	0	7	0	0	0	54	0	0	0	0	0	0	0	0	0	0	0	0	0	0	0	0	4	0	0	0	0	20	0	0	0	0	0	112	0	0	0	0	0	0	0	0	0	0	0	0	0	0	0	0	0	0	0	0	0	0	0	0	0	0	0	0	0	0	0	47	0	57	0	0	15
assemblage-540-938	0	9	0	0	0	0	147	0	86	0	0	0	31	0	0	0	0	4	0	0	0	0	0	0	0	0	0	0	0	0	0	0	0	0	0	0	0	33	0	0	91	0	0	0	7	0	0	0	15	0	0	0	0	0	0	0	0	0	0	0	0	0	0	0	0	0	0	0	0	0	0	9	53	0	0	0	0	15
assemblage-477-336	0	0	0	0	0	0	263	0	0	0	0	0	2	0	5	0	0	0	0	0	0	0	0	0	0	0	0	0	0	0	0	0	0	0	0	0	0	0	0	0	166	0	0	0	49	0	0	0	0	0	0	0	0	0	0	0	0	0	0	0	12	0	0	0	0	0	0	0	0	0	0	0	0	0	0	0	0	3
assemblage-370-281	0	0	0	0	0	0	58	0	38	0	0	0	20	0	0	0	0	43	0	0	0	0	0	0	0	0	20	0	0	0	0	0	0	0	0	0	0	26	0	0	36	0	0	0	19	0	0	40	62	0	0	0	26	0	0	0	0	0	0	0	0	0	0	0	0	0	0	0	0	0	0	0	87	0	0	0	0	25
assemblage-672-407	0	0	0	0	0	0	40	0	0	0	0	0	4	0	0	0	0	0	0	0	0	0	0	0	0	0	0	0	0	0	0	0	0	0	0	0	0	0	0	0	295	0	0	0	0	0	0	0	0	0	0	0	0	0	0	43	0	0	0	0	0	0	66	0	0	0	0	0	0	0	37	0	0	0	0	0	0	15
assemblage-928-1006	0	0	0	0	0	0	79	0	20	0	0	0	67	0	0	0	0	0	0	0	0	0	0	0	0	0	0	0	0	0	0	0	0	0	0	0	0	55	0	0	20	0	0	0	0	0	0	24	51	0	0	0	0	0	0	0	0	0	0	0	0	0	0	0	0	0	0	0	0	0	0	0	136	0	0	0	0	48
assemblage-250-872	0	10	0	0	0	0	157	0	58	0	0	0	36	0	0	0	0	0	0	0	0	0	0	0	0	0	0	0	0	0	0	0	0	0	0	0	0	39	0	0	92	0	0	0	6	0	0	0	20	0	0	0	0	0	0	0	0	0	0	0	0	0	0	0	0	0	0	0	0	0	0	10	54	0	0	0	0	18
assemblage-510-572	0	0	0	0	18	0	17	0	0	0	0	0	0	0	0	0	0	0	0	13	0	0	0	0	16	0	0	25	0	0	0	0	0	4	0	0	0	0	0	0	125	0	0	0	0	0	0	0	0	0	0	0	0	0	0	0	0	20	0	0	0	0	73	0	0	0	0	0	0	0	135	0	31	0	0	0	0	23
assemblage-673-388	0	0	0	0	0	0	28	0	0	15	0	0	9	0	0	0	0	0	0	0	0	0	0	0	0	0	0	0	0	0	0	0	0	0	0	0	0	0	0	0	276	0	0	0	0	0	0	0	0	0	0	0	0	0	0	38	0	0	0	0	0	0	55	0	0	0	0	0	0	0	60	0	0	0	0	0	0	19
assemblage-288-575	0	0	0	0	0	0	35	0	0	0	0	0	43	0	0	0	0	0	0	0	0	0	0	0	0	0	0	0	0	0	0	0	0	0	0	0	0	0	0	0	220	0	0	0	0	0	0	0	0	0	0	0	0	18	0	18	0	0	0	0	0	0	4	0	0	0	0	0	0	0	47	0	46	0	56	0	0	13
assemblage-356-329	0	0	0	0	0	0	38	0	0	0	0	0	59	0	0	0	0	0	0	0	0	0	0	0	0	0	0	0	0	0	0	0	0	0	0	0	0	0	0	0	225	0	0	0	0	0	0	0	0	0	0	0	0	12	0	20	0	0	0	0	0	0	6	0	0	0	0	0	0	0	63	0	25	0	36	0	0	16
assemblage-935-1004	0	0	0	0	0	6	64	0	19	0	0	0	55	0	0	0	0	0	0	0	0	0	0	0	0	0	0	0	0	0	0	0	0	0	0	0	0	83	0	0	22	0	0	3	0	0	0	17	40	0	0	0	0	0	0	0	0	0	0	0	0	0	0	0	0	0	0	0	0	0	0	0	166	0	0	0	0	25
assemblage-988-336	0	0	0	0	0	0	116	0	0	0	0	0	28	0	0	14	0	0	31	0	11	0	0	23	0	0	0	0	0	0	0	0	0	0	0	0	0	0	0	0	102	0	0	0	0	0	0	0	0	0	0	0	0	47	0	0	0	0	0	0	0	0	0	0	0	0	0	17	0	0	68	0	0	0	30	0	0	13
assemblage-344-220	0	0	0	0	0	0	145	0	0	0	0	0	10	0	0	48	0	0	36	0	0	0	0	0	0	0	0	0	0	0	0	0	0	0	0	0	0	0	0	0	133	0	14	0	0	0	0	0	14	0	0	0	0	8	0	0	0	0	0	0	0	0	24	0	0	0	0	7	0	0	0	0	42	0	0	0	0	19
assemblage-352-266	0	0	0	0	0	0	61	0	0	0	0	0	0	0	0	0	0	36	0	0	0	0	0	0	0	0	5	0	0	0	0	0	0	0	0	0	0	94	0	0	12	0	0	0	8	0	0	0	202	0	0	0	0	0	0	0	0	0	0	0	0	0	0	0	0	0	0	0	0	0	0	0	71	0	0	0	0	11
assemblage-261-343	0	0	0	0	0	0	53	0	0	0	0	0	0	0	0	0	0	0	6	0	0	0	0	0	0	0	0	0	0	0	0	0	0	0	0	0	0	0	0	0	137	0	0	0	0	0	0	0	26	0	0	0	0	76	0	76	0	0	0	0	0	0	0	0	0	0	0	18	0	0	0	0	48	0	44	0	0	16
assemblage-793-991	0	0	0	0	0	0	114	0	0	0	0	0	29	0	0	25	0	0	0	0	0	0	0	0	0	0	0	0	0	0	0	0	0	0	20	0	0	0	0	0	126	0	0	0	0	0	0	0	23	0	12	0	0	0	0	7	0	0	0	0	0	0	0	0	0	0	0	0	0	0	0	0	116	0	19	0	0	9
assemblage-689-249	0	0	0	0	0	0	97	0	0	0	0	0	12	0	0	0	0	0	0	0	0	0	0	0	0	0	0	0	0	0	0	0	0	0	0	0	0	0	0	0	190	0	0	0	0	0	0	0	0	0	0	0	0	0	0	0	0	99	0	0	0	20	23	0	0	0	0	0	0	0	11	0	35	0	0	0	0	13
assemblage-923-976	0	0	0	0	0	0	48	0	8	0	0	0	69	0	0	0	0	0	0	0	0	0	0	0	0	0	0	0	0	0	0	0	0	0	0	0	0	76	0	0	37	0	0	0	0	0	0	23	41	0	0	0	0	0	0	0	0	0	0	0	0	0	0	0	0	0	0	0	0	0	0	0	171	0	0	0	0	27
assemblage-178-167	0	0	0	0	0	0	70	0	0	0	0	0	0	0	0	0	0	30	0	0	0	0	0	0	0	0	4	0	0	0	0	0	0	0	0	0	0	85	0	0	24	0	0	0	12	0	0	0	189	0	0	0	0	0	0	0	0	0	0	0	0	0	0	0	0	0	0	0	0	0	0	0	68	0	0	0	0	18
assemblage-562-744	0	0	24	0	0	0	144	0	40	0	0	0	21	0	0	0	0	0	0	0	0	0	0	0	0	0	0	0	0	0	0	0	0	0	0	0	0	0	0	0	100	0	0	0	0	0	0	0	0	0	0	0	0	0	0	0	0	0	0	0	0	0	0	0	0	0	0	0	0	0	0	0	67	0	78	0	0	26
assemblage-263-346	0	0	0	0	0	0	54	0	0	0	0	0	7	0	0	0	0	0	0	0	0	0	0	0	0	0	0	0	0	0	0	0	0	0	0	0	0	0	0	0	130	0	0	0	0	0	0	0	15	0	0	0	0	87	0	68	0	0	0	0	0	0	0	0	0	0	0	18	0	0	0	0	58	0	48	0	0	15
assemblage-667-407	0	0	0	0	0	0	69	0	0	0	0	0	0	0	0	6	0	0	0	0	0	0	0	0	0	0	0	0	0	0	0	0	0	0	0	0	0	0	0	0	37	0	0	0	0	0	0	0	0	0	0	0	0	0	0	42	0	81	0	0	0	0	209	0	0	0	0	0	0	0	0	0	44	0	0	0	0	12
assemblage-471-161	0	1	7	0	0	0	160	0	6	0	0	0	145	0	0	0	0	0	0	0	0	0	0	0	0	0	0	0	0	0	0	0	0	0	0	0	0	9	0	0	88	0	0	0	4	0	0	0	0	0	23	7	0	0	0	0	0	0	0	0	0	0	0	0	0	0	0	0	0	0	0	0	39	0	0	0	0	11
assemblage-955-695	0	0	13	0	0	0	103	0	20	0	0	0	46	0	0	0	0	0	0	0	0	0	0	0	0	0	0	0	16	0	0	0	0	0	0	0	0	0	0	0	213	0	0	0	0	0	0	0	0	0	30	0	0	0	0	0	0	0	0	0	0	0	0	15	0	0	0	0	0	0	0	0	6	0	20	0	0	18
assemblage-562-770	0	0	62	0	0	0	65	0	65	0	0	0	61	0	0	0	0	0	0	0	0	0	0	0	0	0	0	0	0	0	0	0	0	0	0	0	0	70	0	0	34	0	0	0	0	0	0	0	9	0	45	0	0	0	0	0	0	0	0	0	0	0	0	0	0	0	0	0	0	0	0	0	72	0	0	0	0	17
assemblage-809-982	0	0	0	0	0	0	58	0	0	0	0	0	25	0	0	17	0	0	14	0	0	0	0	0	0	0	0	0	0	0	0	0	0	0	0	0	0	0	0	0	233	0	0	0	0	0	0	0	0	0	0	0	0	75	0	0	0	0	0	0	0	0	0	0	0	0	0	0	10	0	0	0	0	0	38	0	0	30
assemblage-594-250	20	0	0	0	0	0	84	0	0	0	0	0	0	0	0	16	0	0	0	0	0	0	0	0	0	0	0	0	0	0	0	0	0	0	0	0	0	0	0	0	65	0	0	0	0	0	0	0	0	0	0	0	0	11	0	16	0	0	0	0	0	0	93	0	0	0	0	36	0	0	8	0	69	0	77	0	0	5
assemblage-491-357	0	0	0	0	0	0	298	0	0	0	0	0	3	0	0	0	0	0	0	0	0	0	0	0	0	0	0	0	0	0	0	0	0	0	0	0	0	0	0	0	151	0	0	0	36	0	0	0	0	0	0	0	0	0	0	0	0	0	0	0	6	0	0	0	0	0	0	0	0	0	0	0	0	0	0	0	0	6
assemblage-491-516	0	0	25	0	0	0	155	0	37	0	0	0	39	0	0	0	0	0	0	0	0	0	0	0	0	0	0	0	0	0	0	0	0	0	0	0	0	0	0	0	84	0	0	0	0	0	0	0	0	0	0	0	0	0	0	0	0	0	0	0	0	0	0	0	0	0	0	0	0	0	0	0	58	0	82	0	0	20
assemblage-340-344	0	0	0	0	0	0	39	0	0	0	0	0	44	0	0	0	0	0	0	0	0	0	0	0	0	0	0	0	0	0	0	0	0	0	0	0	0	0	0	0	212	0	0	0	0	0	0	0	0	0	0	0	0	10	0	21	0	0	0	0	0	0	10	0	0	0	0	0	0	0	70	0	31	0	53	0	0	10
assemblage-921-684	0	0	46	0	0	22	5	0	27	0	0	0	8	0	0	43	0	0	0	0	0	0	0	0	0	0	0	0	0	0	0	0	0	0	0	0	0	10	30	0	160	0	0	0	0	0	0	0	62	0	40	0	0	0	0	0	0	0	0	0	0	0	0	0	0	0	0	0	0	0	0	0	36	0	10	0	0	1
assemblage-900-267	0	0	0	0	0	0	123	0	0	0	0	0	114	0	0	52	0	0	0	0	0	0	0	0	0	0	0	0	0	0	0	0	0	0	16	0	0	0	0	0	159	0	0	0	0	0	0	0	10	0	10	0	0	0	0	0	0	0	0	0	0	0	0	0	0	0	0	0	0	0	0	0	0	0	2	0	0	14
assemblage-709-471	0	0	0	0	0	0	61	0	0	0	0	0	84	0	0	0	0	0	0	8	0	0	0	0	0	6	0	13	0	0	0	0	0	57	0	0	0	0	0	0	204	0	0	0	0	0	0	0	0	0	0	0	0	0	0	0	0	0	0	0	0	0	10	0	0	0	0	0	0	0	36	0	10	0	0	0	0	11
assemblage-291-540	0	0	0	0	0	0	130	0	0	0	0	0	18	0	0	22	0	0	0	0	0	0	0	0	0	0	0	0	0	0	0	0	0	0	17	0	0	0	0	0	149	0	0	0	0	0	0	0	31	0	15	0	0	0	0	4	0	0	0	0	0	0	0	0	0	0	0	0	0	0	0	0	83	0	25	0	0	6
assemblage-532-565	0	0	0	0	0	0	64	0	0	0	0	0	13	0	0	0	0	0	0	0	0	0	0	0	0	0	0	0	0	0	0	0	0	0	0	0	0	0	0	0	195	0	0	0	0	0	0	0	0	0	0	0	0	0	0	0	0	122	0	0	0	17	31	0	0	0	0	0	0	0	18	0	27	0	0	0	0	13
assemblage-602-233	0	0	0	0	0	0	106	0	0	0	0	0	33	0	0	0	0	0	0	0	0	0	0	0	0	0	0	0	0	0	0	0	0	0	0	0	0	0	0	0	159	0	0	0	0	0	0	0	0	0	0	0	0	0	0	37	0	0	0	0	0	0	37	0	0	0	0	0	0	0	15	0	97	0	0	0	0	16
assemblage-868-416	0	0	43	0	0	19	2	0	31	0	0	0	15	0	0	34	0	0	0	0	0	0	0	0	0	0	0	0	0	0	0	0	0	0	0	0	0	7	25	0	147	0	0	0	0	0	0	0	57	0	46	0	0	0	0	0	0	0	0	0	0	0	0	0	0	0	0	0	0	0	0	0	52	0	17	0	0	5
assemblage-164-945	0	0	0	0	15	0	9	0	0	0	0	0	0	0	0	0	0	0	0	8	0	0	0	0	19	0	0	28	0	0	0	0	0	0	0	0	0	0	0	0	119	0	0	0	0	0	0	0	0	0	0	0	0	0	0	0	0	33	0	0	0	0	93	0	0	0	0	0	0	0	123	0	35	0	0	0	0	18
assemblage-609-673	0	0	11	0	0	0	147	0	13	0	0	0	158	0	0	0	0	0	0	0	0	0	0	0	0	0	0	0	0	0	0	0	0	0	0	0	0	10	0	0	81	0	0	0	9	0	0	0	0	0	28	0	0	0	0	0	0	0	0	0	0	0	0	0	0	0	0	0	0	0	0	0	26	0	0	0	0	17
assemblage-361-255	0	0	0	0	0	0	93	9	0	0	0	0	60	0	0	0	0	64	0	0	0	16	10	0	0	0	68	0	0	0	0	0	0	0	0	0	0	0	0	0	64	0	0	0	0	0	0	17	32	0	0	0	44	0	0	0	0	0	0	0	0	0	0	0	0	11	0	0	0	0	0	0	0	0	0	0	0	12
assemblage-194-177	0	0	0	0	0	0	0	0	0	0	0	0	0	0	0	0	0	0	0	0	0	0	0	0	0	0	125	0	0	0	0	0	0	0	0	0	0	9	0	0	0	0	0	0	0	0	0	19	339	0	0	0	0	0	0	0	0	0	0	0	0	0	0	0	0	0	0	0	0	0	0	0	0	0	0	0	0	8
assemblage-906-535	0	0	0	0	0	0	0	0	0	0	0	0	0	0	0	0	0	139	0	0	0	0	0	0	0	0	0	0	0	0	0	0	0	0	0	0	0	0	0	0	0	0	0	0	0	0	0	173	29	0	0	0	124	0	23	0	0	0	0	0	0	0	0	0	0	0	0	0	0	0	0	0	0	0	0	0	0	12
assemblage-915-529	0	0	0	0	0	0	0	0	0	0	0	0	0	0	0	0	0	138	0	0	0	0	0	0	0	0	0	0	0	0	0	0	0	0	0	0	0	0	0	0	0	0	0	0	0	0	0	178	27	0	0	0	116	0	33	0	0	0	0	0	0	0	0	0	0	0	0	0	0	0	0	0	0	0	0	0	0	8
assemblage-518-548	0	0	0	0	0	0	111	0	0	0	0	0	17	0	0	0	0	0	0	0	0	0	0	0	0	0	0	0	0	0	0	0	0	0	0	0	0	0	0	0	157	0	0	0	0	0	0	0	0	0	0	0	0	0	0	0	0	93	0	0	0	21	24	0	0	0	0	0	0	0	15	0	39	0	0	0	0	23
assemblage-699-475	0	0	0	0	0	0	28	0	0	11	0	0	0	0	0	0	0	0	0	0	0	0	0	0	0	0	0	0	0	0	0	0	0	0	0	0	0	0	0	0	282	0	0	0	0	0	0	0	0	0	0	0	0	0	0	46	0	0	0	0	0	0	58	0	0	0	0	0	0	0	57	0	8	0	0	0	0	10
assemblage-919-1011	0	4	0	0	0	0	152	0	62	0	0	0	41	0	0	0	0	0	0	0	0	0	0	0	0	0	0	0	0	0	0	0	0	0	0	0	0	48	0	0	80	0	0	0	14	0	0	0	23	0	0	0	0	0	0	0	0	0	0	0	0	0	0	0	0	0	0	0	0	4	0	15	44	0	0	0	0	13
assemblage-458-160	0	0	59	0	0	0	59	0	81	0	0	0	50	0	0	0	0	0	0	0	0	0	0	0	0	0	0	0	0	0	0	0	0	0	0	0	0	81	0	0	26	0	0	0	0	0	0	0	4	0	49	0	0	0	0	0	0	0	0	0	0	0	0	0	0	0	0	0	0	0	0	0	77	0	0	0	0	14
assemblage-247-871	0	0	17	0	0	0	127	0	85	0	0	0	16	0	0	0	0	8	0	0	0	0	0	0	0	0	0	0	0	0	0	0	0	0	0	0	0	11	0	0	11	0	0	0	51	0	0	0	73	0	0	0	56	0	0	0	0	0	0	0	0	0	0	0	0	0	0	0	0	0	0	0	39	0	0	0	0	6
assemblage-760-869	0	0	13	0	0	0	76	0	0	0	0	0	48	0	0	0	0	3	0	0	0	0	0	0	0	0	0	0	0	0	0	0	0	0	0	8	0	0	0	0	60	0	0	0	6	0	0	131	26	0	0	0	41	0	0	0	0	0	0	0	4	0	0	0	0	0	0	0	0	0	0	0	78	0	0	0	0	6
assemblage-253-215	0	0	0	0	0	0	8	0	0	0	0	0	0	0	0	0	0	0	0	0	0	0	0	0	0	0	0	0	0	0	0	0	0	0	0	0	0	0	0	0	6	0	0	0	199	0	0	0	0	0	0	0	0	0	0	0	41	0	0	0	0	0	0	0	0	0	0	0	0	0	0	0	239	0	0	0	0	7
assemblage-258-243	0	0	0	0	0	0	9	0	0	0	0	0	0	0	0	0	0	0	0	0	0	0	0	0	0	0	0	0	0	0	0	0	0	0	0	0	0	0	0	0	0	0	0	0	192	0	0	0	0	0	0	0	0	0	0	0	32	0	0	0	0	0	0	0	0	0	0	0	0	0	0	0	250	0	0	0	0	17
assemblage-229-848	0	0	38	0	0	0	136	0	12	0	0	0	43	0	0	0	0	31	0	0	0	0	0	0	0	0	0	0	0	0	0	0	0	0	0	0	13	17	0	0	9	0	0	0	0	0	0	0	53	0	0	44	0	0	0	0	0	0	0	0	0	0	0	0	0	0	0	0	0	0	0	0	94	0	0	0	0	10
assemblage-297-123	0	0	22	0	0	0	112	0	20	0	0	0	59	0	0	0	0	27	0	0	0	0	0	0	0	0	0	0	0	0	0	0	0	0	0	0	0	16	0	0	21	0	0	0	0	0	0	0	66	0	0	32	8	0	0	0	0	0	0	0	0	0	0	0	0	0	0	0	0	0	0	0	103	0	0	0	0	14
assemblage-262-855	0	0	19	0	0	0	144	0	75	0	0	0	16	0	0	0	0	0	0	0	0	0	0	0	0	0	0	0	0	0	0	0	0	0	0	0	0	17	0	0	11	0	0	0	47	0	0	4	82	0	0	0	42	0	0	0	0	0	0	0	0	0	0	0	0	0	0	0	0	0	0	0	36	0	0	0	0	7
assemblage-767-883	0	0	0	0	0	0	52	0	0	0	0	0	0	0	0	0	0	32	0	0	0	0	0	0	0	0	0	0	0	0	0	0	0	0	0	0	0	76	0	0	27	0	0	0	14	0	0	0	196	0	0	0	0	0	0	0	0	0	0	0	0	0	0	0	0	0	0	0	0	0	0	0	81	0	0	0	0	22
assemblage-790-480	0	0	35	0	0	24	0	0	29	0	0	0	11	0	0	47	0	0	0	0	0	0	0	0	0	0	0	0	0	0	0	0	0	0	0	0	0	6	28	0	158	0	0	0	0	0	0	0	43	0	42	0	0	0	0	0	0	0	0	0	0	0	0	0	0	0	0	0	0	0	0	0	54	0	13	0	0	10
assemblage-604-218	0	0	0	0	0	0	19	0	0	10	0	0	6	0	0	0	0	0	0	0	0	0	0	0	0	0	0	0	0	0	0	0	0	0	0	0	0	0	0	0	269	0	0	0	0	0	0	0	0	0	0	0	0	0	0	53	0	0	0	0	0	0	69	0	0	0	0	0	0	0	60	0	0	0	0	0	0	14
assemblage-356-798	0	0	0	0	0	0	0	0	0	0	0	0	0	0	0	0	0	0	0	0	0	0	0	0	0	0	0	0	0	0	0	0	0	36	0	0	0	0	0	0	200	0	0	0	0	0	0	0	0	0	0	0	0	0	0	0	0	71	0	0	0	0	81	0	0	0	0	0	0	0	34	0	71	0	0	0	0	7
assemblage-524-544	0	0	0	0	0	0	9	0	0	0	0	0	0	0	0	0	0	0	0	0	0	0	0	0	0	0	0	0	0	0	0	0	0	42	0	0	0	0	0	0	176	0	0	0	0	0	0	0	0	0	0	0	0	0	0	0	0	83	0	0	0	0	67	0	0	0	0	0	0	0	31	0	86	0	0	0	0	6
assemblage-713-902	0	0	0	0	0	0	56	0	0	0	0	0	9	0	0	0	0	0	0	0	0	0	0	0	0	0	0	0	0	0	0	0	0	0	0	0	0	0	0	0	133	0	0	0	0	0	0	0	19	0	0	0	0	84	0	66	0	0	0	0	0	0	0	0	0	0	0	16	0	0	0	0	66	0	35	0	0	16
assemblage-912-548	0	0	0	0	0	0	0	0	0	0	0	0	0	0	0	0	0	133	0	0	0	0	0	0	0	0	0	0	0	0	0	0	0	0	0	0	0	0	0	0	0	0	0	0	0	0	0	179	16	0	0	0	114	0	41	0	0	0	0	0	0	0	0	0	0	0	0	0	0	0	0	0	0	0	0	0	0	17
assemblage-414-339	0	0	0	0	0	0	172	0	0	0	0	0	11	0	0	21	0	0	0	0	0	0	0	0	0	0	0	0	0	0	0	0	0	0	0	0	0	0	0	0	15	0	0	0	0	0	0	0	0	0	0	0	0	0	0	48	0	72	24	0	0	0	59	0	0	0	0	0	0	0	20	0	40	0	0	0	0	18
assemblage-713-907	0	0	0	0	0	0	182	0	0	0	0	0	12	0	0	43	0	0	28	0	0	0	0	0	0	0	0	0	0	0	0	0	0	0	0	0	0	0	0	0	108	0	7	0	0	0	0	0	13	0	0	0	0	13	0	0	0	0	0	0	0	0	39	0	0	0	0	0	0	0	0	0	39	0	0	0	0	16
assemblage-499-537	0	0	58	0	0	0	67	0	80	0	0	0	47	0	0	0	0	0	0	0	0	0	0	0	0	0	0	0	0	0	0	0	0	0	0	0	0	93	0	0	17	0	0	0	0	0	0	0	0	0	49	0	0	0	0	0	0	0	0	0	0	0	0	0	0	0	0	0	0	0	0	0	76	0	0	0	0	13
assemblage-539-762	0	0	57	0	0	36	70	0	125	0	0	0	17	0	0	0	0	0	0	0	0	0	0	0	0	0	0	0	0	0	0	0	0	0	0	0	0	17	0	0	65	0	0	0	7	0	0	0	34	4	0	0	0	0	0	0	0	0	0	0	0	0	0	0	13	0	0	0	0	0	0	0	33	0	21	0	0	1
assemblage-599-228	20	0	0	0	0	0	100	0	0	0	0	0	0	0	0	21	0	0	0	0	0	0	0	0	0	0	0	0	0	0	0	0	0	0	0	0	0	0	0	0	74	0	0	0	0	0	0	0	0	0	0	0	0	13	0	20	0	0	0	0	0	0	76	0	0	0	0	30	0	0	10	0	37	0	89	0	0	10
assemblage-804-979	0	0	0	0	0	0	52	0	0	0	0	0	37	0	0	21	0	0	13	0	0	0	0	0	0	0	0	0	0	0	0	6	0	0	5	0	0	0	0	0	220	0	0	0	0	0	0	0	0	0	0	0	0	69	0	7	0	0	0	0	0	0	0	0	0	0	0	0	8	0	0	0	0	0	45	0	0	17
assemblage-784-478	0	0	11	0	0	37	13	0	67	0	0	0	15	0	0	0	0	0	0	0	0	0	0	0	0	0	0	0	0	35	0	0	0	0	0	0	0	0	0	6	246	0	0	0	0	0	0	0	11	0	7	0	0	0	0	0	0	0	0	0	0	0	0	0	0	0	0	0	0	0	0	0	15	0	24	0	0	13
assemblage-353-252	0	0	0	0	0	0	79	19	0	0	0	0	49	0	0	0	0	61	0	0	0	11	12	0	0	0	67	0	0	0	0	0	0	0	0	0	0	0	0	0	74	0	0	0	0	0	0	16	28	0	0	0	70	0	0	0	0	0	0	0	0	0	0	0	0	0	0	0	0	0	0	0	0	0	0	0	0	14
assemblage-608-642	0	0	36	0	0	9	106	0	71	0	0	0	53	0	0	0	0	0	0	0	0	0	0	0	0	0	0	0	0	0	0	0	0	0	0	0	0	31	0	0	57	0	0	0	2	0	0	0	9	0	23	0	0	0	0	0	0	0	0	0	0	0	0	0	0	0	0	0	0	0	0	0	53	0	31	0	0	19
assemblage-458-145	0	11	12	0	0	0	140	0	16	0	0	0	137	0	0	0	0	0	0	0	0	0	0	0	0	0	0	0	0	0	0	0	0	0	0	0	0	9	0	0	87	0	0	0	10	0	0	0	0	0	27	6	0	0	0	0	0	0	0	0	0	0	0	0	0	0	0	0	0	0	0	0	35	0	0	0	0	10
assemblage-204-172	0	0	0	0	0	0	0	0	0	0	0	0	0	0	0	0	0	0	0	0	0	0	0	0	0	0	126	0	0	0	0	0	0	0	0	0	0	0	0	0	0	0	0	0	0	0	0	20	340	0	0	0	4	0	0	0	0	0	0	0	0	0	0	0	0	0	0	0	0	0	0	0	0	0	0	0	0	10
assemblage-692-253	0	0	0	0	0	0	0	0	0	0	0	0	0	0	0	0	0	0	0	0	0	0	0	0	0	0	0	0	0	0	0	0	0	40	0	0	0	0	0	0	189	0	0	0	0	0	0	0	0	0	0	0	0	0	0	0	0	89	0	0	0	0	71	0	0	0	0	0	0	0	25	0	75	0	0	0	0	11
assemblage-151-166	0	0	19	0	0	0	71	0	0	0	0	0	34	0	0	0	0	5	0	0	0	0	0	0	0	0	0	0	0	0	0	0	0	0	0	0	0	0	0	0	79	0	0	0	6	0	0	125	26	0	0	0	42	0	0	0	0	0	0	0	8	0	0	0	0	0	0	0	0	0	0	0	69	0	0	0	0	16
assemblage-768-861	0	0	11	0	0	0	49	0	0	0	0	0	27	0	0	0	0	6	0	0	0	0	0	0	0	0	0	0	0	0	0	0	0	0	0	0	0	0	0	0	79	0	0	0	17	0	0	110	52	0	0	0	49	0	0	0	0	0	0	0	15	0	0	0	0	0	0	0	0	0	0	0	74	0	0	0	0	11
assemblage-793-461	0	0	32	0	0	17	9	0	37	0	0	0	15	0	0	33	0	0	0	0	0	0	0	0	0	0	0	0	0	0	0	0	0	0	0	0	0	7	25	0	171	0	0	0	0	0	0	0	45	0	44	0	0	0	0	0	0	0	0	0	0	0	0	0	0	0	0	0	0	0	0	0	44	0	16	0	0	5
assemblage-936-696	0	0	14	0	0	15	68	0	27	0	0	0	34	0	0	12	0	0	0	0	0	0	0	0	0	0	0	0	0	17	0	0	0	0	9	0	0	0	5	0	163	0	0	0	0	0	0	0	23	0	26	0	0	0	0	0	0	0	0	0	0	0	0	0	0	0	0	0	0	0	0	0	31	0	39	0	0	17
assemblage-298-562	0	0	0	0	0	0	155	0	0	0	0	0	8	0	0	46	0	0	0	0	0	0	0	0	0	0	0	0	0	0	0	0	0	0	0	0	0	0	0	0	18	0	0	0	0	0	0	0	0	0	0	0	0	0	0	35	0	70	21	0	0	0	56	0	0	0	0	0	0	0	22	0	46	0	0	0	0	23
assemblage-256-346	42	0	0	0	0	0	70	0	0	0	0	0	83	0	0	46	0	0	6	0	0	0	0	0	0	0	0	0	0	0	0	0	0	0	0	0	0	0	0	0	55	0	0	0	0	0	0	0	9	0	0	0	0	11	0	50	0	0	0	0	0	0	0	0	0	0	0	65	0	0	13	0	12	0	22	0	0	16
assemblage-525-934	0	0	39	0	0	0	146	0	14	0	0	0	72	0	0	0	0	20	0	0	0	0	0	0	0	0	0	0	0	0	0	0	0	0	0	0	0	10	0	0	14	0	0	0	0	0	0	0	54	0	0	21	0	0	0	0	0	0	0	0	0	0	0	0	0	0	0	0	0	0	0	0	100	0	0	0	0	10
assemblage-325-227	0	0	0	0	0	0	41	0	0	0	0	0	6	0	0	0	0	0	4	0	0	0	0	0	0	0	0	0	0	0	0	0	0	0	0	0	0	0	0	0	130	0	0	0	0	0	0	0	17	0	0	0	0	95	0	83	0	0	0	0	0	0	0	0	0	0	0	12	0	0	0	0	56	0	46	0	0	10
assemblage-352-801	0	0	0	0	0	0	29	0	0	0	0	0	27	0	0	0	0	0	0	43	0	0	0	0	0	0	0	0	0	0	0	0	0	0	0	0	0	0	0	0	284	0	0	0	0	0	0	0	0	0	0	0	0	0	0	0	0	13	0	0	0	0	64	0	0	0	0	0	0	0	10	0	14	0	0	0	0	16
assemblage-254-348	55	0	0	0	0	0	62	0	0	0	0	0	74	0	0	46	0	0	10	0	0	0	0	0	0	0	0	0	0	0	0	0	0	0	0	0	0	0	0	0	53	0	0	0	0	0	0	0	20	0	0	0	0	9	0	64	0	0	0	0	0	0	0	0	0	0	0	63	0	0	3	0	10	0	21	0	0	10
assemblage-391-369	15	0	0	0	0	0	85	0	0	0	0	0	0	0	0	21	0	0	0	0	0	0	0	0	0	0	0	0	0	0	0	0	0	0	0	0	0	0	0	0	90	0	0	0	0	0	0	0	0	0	0	0	0	11	0	8	0	0	0	0	0	0	84	0	0	0	0	29	0	0	10	0	53	0	74	0	0	20
assemblage-873-390	0	0	50	0	0	6	0	0	24	0	0	0	10	0	0	43	0	0	0	0	0	0	0	0	0	0	0	0	0	0	0	0	0	0	0	0	0	10	25	0	164	0	0	0	0	0	0	0	63	0	41	0	0	0	0	0	0	0	0	0	0	0	0	0	0	0	0	0	0	0	0	0	45	0	11	0	0	8
assemblage-664-252	0	0	0	0	0	0	8	0	0	0	0	0	0	0	0	0	0	0	0	0	0	0	0	0	0	0	0	0	0	0	0	0	0	38	0	0	0	0	0	0	178	0	0	0	0	0	0	0	0	0	0	0	0	0	0	0	0	82	0	0	0	0	84	0	0	0	0	0	0	0	42	0	60	0	0	0	0	8
assemblage-351-254	0	0	0	0	0	0	31	0	120	0	0	0	14	0	0	0	0	81	0	0	0	0	0	0	0	0	0	0	0	0	0	0	0	0	0	0	0	0	0	0	5	0	0	0	44	0	0	9	0	0	0	0	7	0	0	0	0	0	0	0	0	0	0	0	0	0	0	0	0	0	0	0	180	0	0	0	0	9
assemblage-638-844	0	0	0	0	0	6	65	0	0	0	0	0	30	0	0	11	0	0	16	0	0	0	0	0	0	0	0	0	0	0	0	0	0	0	8	0	0	0	0	0	220	5	0	0	0	0	0	0	0	0	0	0	0	80	0	0	0	0	0	0	0	0	0	0	0	0	0	0	0	0	0	0	0	0	39	0	0	20
assemblage-406-358	0	0	0	0	0	0	50	0	0	0	0	0	61	0	0	0	0	0	0	0	0	0	0	0	0	0	0	0	0	0	0	0	0	0	0	0	0	0	0	0	216	0	0	0	0	0	0	0	0	0	0	0	0	6	0	20	0	0	0	0	0	0	6	0	0	0	0	0	0	0	60	0	36	0	32	0	0	13
assemblage-478-349	0	0	0	0	0	0	280	0	0	0	0	0	10	0	9	0	0	0	0	0	0	0	0	0	0	0	0	0	0	0	0	0	0	0	0	0	0	0	0	0	144	0	0	0	45	0	0	0	0	0	0	0	0	0	0	0	0	0	0	0	9	0	0	0	0	0	0	0	0	0	0	0	0	0	0	0	0	3
assemblage-294-127	0	0	16	0	0	0	149	0	63	0	0	0	22	0	0	0	0	0	0	0	0	0	0	0	0	0	0	0	0	0	0	0	0	0	0	0	0	23	0	0	15	0	0	0	54	0	0	6	66	0	0	0	34	0	0	0	0	0	0	0	0	0	0	0	0	0	0	0	0	0	0	0	38	0	0	0	0	14
assemblage-894-551	0	0	0	0	0	0	0	0	0	0	0	0	0	0	0	0	0	136	0	0	0	5	0	0	0	0	0	0	0	0	0	0	0	0	0	0	0	0	0	0	0	0	0	0	0	0	0	190	13	0	0	0	120	0	27	0	0	0	0	0	0	0	0	0	0	0	0	0	0	0	0	0	0	0	0	0	0	9
assemblage-185-590	0	0	0	0	0	0	66	0	0	0	0	0	63	0	0	0	0	0	0	0	0	0	0	0	0	8	0	18	0	0	0	0	0	56	0	0	0	0	0	0	212	0	0	0	0	0	0	0	0	0	0	0	0	0	0	0	0	0	0	0	0	0	9	0	0	0	0	0	0	0	39	0	13	0	0	0	0	16
assemblage-708-462	0	0	0	0	0	0	69	0	0	0	0	0	85	0	0	0	0	0	0	0	0	0	0	0	0	6	0	14	0	0	0	0	0	59	0	0	0	0	0	0	186	0	0	0	0	0	0	0	0	0	0	0	0	0	0	0	0	0	0	0	0	0	13	0	0	0	0	0	0	0	44	0	9	0	0	0	0	15
assemblage-371-811	0	0	0	0	22	0	15	0	0	0	0	0	0	0	0	0	0	0	0	3	0	0	0	0	36	0	0	23	0	0	0	0	0	0	0	0	0	0	0	0	125	0	0	0	0	0	0	0	0	0	0	0	0	0	0	0	0	37	0	0	0	7	81	0	0	0	0	0	0	0	112	0	25	0	0	0	0	14
assemblage-960-692	0	0	40	0	0	13	6	0	26	0	0	0	16	0	0	36	0	0	0	0	0	0	0	0	0	0	0	0	0	0	0	0	0	0	0	0	0	13	32	0	144	0	0	0	0	0	0	0	66	0	33	0	0	0	0	0	0	0	0	0	0	0	0	0	0	0	0	0	0	0	0	0	47	0	23	0	0	5
assemblage-619-655	0	0	58	0	0	33	70	0	126	0	0	0	20	0	0	0	0	0	0	0	0	0	0	0	0	0	0	0	0	0	0	0	0	0	0	0	0	12	0	0	44	0	0	0	18	0	0	0	33	7	0	0	0	0	0	0	0	0	0	0	0	0	0	0	11	0	0	0	0	0	0	0	47	0	18	0	0	3
assemblage-884-412	0	0	14	0	0	0	122	0	15	0	0	0	47	0	0	0	0	0	0	0	0	0	0	0	0	0	0	0	7	0	0	0	0	0	0	0	0	0	0	0	184	0	0	0	0	0	0	0	4	0	43	0	0	0	0	0	0	0	0	0	0	0	0	7	0	0	0	0	0	0	0	0	10	0	25	0	0	22
assemblage-934-1004	0	10	0	0	0	0	134	0	61	0	0	0	43	0	0	0	0	2	0	0	0	0	0	0	0	0	0	0	0	0	0	0	0	0	0	0	0	48	0	0	99	0	0	0	7	0	0	0	22	0	0	0	0	0	0	0	0	0	0	0	0	0	0	0	0	0	0	0	0	0	0	6	50	0	0	0	0	18
assemblage-713-915	0	0	0	0	0	0	145	0	0	0	0	0	6	0	0	49	0	0	30	0	0	0	0	0	0	0	0	0	0	0	0	0	0	0	0	0	0	0	0	0	127	0	11	0	0	0	0	0	18	0	0	0	0	14	0	0	0	0	0	0	0	0	38	0	0	0	0	0	0	0	0	0	46	0	0	0	0	16
assemblage-820-982	0	0	0	0	0	0	119	0	0	0	0	0	42	0	0	21	0	0	0	0	0	0	0	0	0	0	0	0	0	0	0	0	0	0	16	0	0	0	0	0	122	0	0	0	0	0	0	0	26	0	22	0	0	0	0	0	0	0	0	0	0	0	0	0	0	0	0	0	0	0	0	0	83	0	30	0	0	19
assemblage-980-351	0	0	0	0	0	0	53	0	0	0	0	0	9	0	0	0	0	0	0	0	0	0	0	0	0	0	0	0	0	0	0	0	0	0	0	0	0	0	0	0	106	0	0	0	0	0	0	0	23	0	0	0	0	90	0	82	0	0	0	0	0	0	0	0	0	0	0	23	0	0	0	0	55	0	37	0	0	22
assemblage-457-134	0	0	67	0	0	0	69	0	84	0	0	0	48	0	0	0	0	0	0	0	0	0	0	0	0	0	0	0	0	0	0	0	0	0	0	0	0	75	0	0	19	0	0	0	0	0	0	0	6	0	42	0	0	0	0	0	0	0	0	0	0	0	0	0	0	0	0	0	0	0	0	0	72	0	0	0	0	18
assemblage-341-212	15	0	0	0	0	0	93	0	0	0	0	0	28	0	0	27	0	0	18	0	0	0	0	9	0	0	0	0	0	0	0	0	0	0	0	0	0	0	0	0	100	0	0	0	0	0	0	0	8	0	0	0	0	42	0	34	0	0	0	0	0	0	8	0	0	0	0	25	0	0	15	0	46	0	16	0	0	16
