Assemblage_Name	3251237-2-6877457	3317369-3-2315181	1796905-1-3	718107-3651194-3	718107-464126-3	718107-0-6340872	0-7046796-794540	4744425-0-3	1-0-3	8185719-2-4	4959047-2-4	3955868-1-3	1125093-3-2315181	4959047-3965795-4	0-3-794540	5646613-2-4	2-1-7839676	133757-2-4	2102669-7768708-3	2102669-2507097-3	4959047-2-5455552	3772760-0-3	9016181-2-4	4959047-2-7872380	718107-9387820-3	2-2-4	8185719-3665186-4	0-1774362-794540	2102669-1-3	2102669-1-3007743	1-0-6528220	3-3-2315181	2-2-3069798	0-3-96434	3252036-2-6870558	3012821-1-3	3-3079390-2315181	4959047-2187558-4	4959047-2-5994210	4959047-2-3993292	718107-7687145-3	1-3-4	8276787-1-3	3182475-1-8153668	4959047-5915488-4	4959047-377950-4	718107-9736608-3	6649471-0-3	7876114-2-4	7500801-0-3	718107-0-3	7761980-2-4	4959047-2-2522968	3251237-2-4	4959047-9925005-4	8828962-3-2315181	4959047-2-8789369	4959047-2-5197873	1-1-8153668	7444882-2-4	2-1-3	4959047-6043748-4	1783494-1-3	4959047-9295556-4	2-6178508-3	4959047-5915109-4	3-1680660-2315181	3-3-4391669
assemblage-160-948	0	0	0	0	0	5	0	0	0	0	180	0	0	0	0	0	0	0	0	0	0	0	0	0	0	144	0	0	0	0	0	97	0	0	0	0	0	0	0	0	0	0	0	0	0	0	0	0	0	0	66	0	0	0	0	0	0	0	0	0	0	0	0	0	0	0	0	8
assemblage-357-334	0	0	0	0	0	0	0	0	0	14	281	0	0	0	0	0	0	0	0	0	0	0	0	0	0	61	0	0	0	4	0	33	0	0	0	0	0	0	0	0	0	0	0	0	0	0	0	0	0	0	103	0	0	0	0	0	0	0	0	0	0	0	0	0	0	0	0	4
assemblage-679-391	0	0	0	0	0	0	0	0	0	0	276	0	0	0	0	0	0	0	0	0	0	0	0	0	0	84	0	0	0	0	0	10	0	0	0	0	0	0	0	0	0	0	0	0	0	0	0	0	0	0	119	0	0	0	0	0	0	0	0	0	0	0	0	0	0	0	0	11
assemblage-610-223	0	0	0	0	0	0	0	0	0	0	401	0	0	0	0	0	0	0	0	0	0	0	0	0	0	7	0	0	0	0	0	0	0	0	0	0	0	0	0	9	0	0	0	0	0	0	0	0	0	0	65	0	0	0	0	0	0	0	0	0	0	0	0	0	0	0	0	18
assemblage-688-487	0	0	0	0	0	0	0	0	0	8	355	0	0	0	0	0	0	0	0	0	0	0	0	0	0	11	0	0	0	0	0	0	0	0	0	0	0	7	0	0	0	0	0	0	0	0	9	0	0	0	91	0	0	0	0	0	0	0	0	0	0	0	0	0	0	0	0	19
assemblage-349-339	0	0	0	0	0	0	0	0	0	69	253	0	0	0	0	0	0	0	0	0	0	0	0	14	0	49	0	0	0	0	0	55	0	0	0	0	0	0	0	0	0	0	0	0	0	0	0	0	0	0	49	0	0	0	0	0	0	0	0	0	0	0	0	0	0	0	0	11
assemblage-803-461	0	0	0	0	0	0	0	0	0	0	91	0	0	0	9	0	0	0	0	0	0	0	0	0	0	28	0	0	38	8	0	85	0	0	0	0	0	0	0	0	0	13	0	0	0	0	0	0	0	0	102	0	0	16	0	0	58	0	0	0	35	0	0	0	0	0	0	17
assemblage-260-232	0	0	0	0	0	0	0	0	60	0	0	0	0	0	58	0	0	0	0	0	0	0	0	0	0	125	0	0	102	0	0	13	0	0	0	0	0	0	0	0	0	32	0	0	0	0	0	0	0	0	0	0	0	0	0	0	0	0	12	0	70	0	0	0	0	0	0	28
assemblage-977-352	0	0	0	0	0	0	0	0	0	0	197	0	0	0	0	0	0	0	0	0	0	0	0	0	0	8	0	0	0	0	0	162	0	0	0	0	0	0	0	0	0	0	0	0	0	0	0	0	0	0	117	0	0	0	0	0	0	0	0	0	0	0	0	0	0	0	0	16
assemblage-614-667	0	8	0	0	0	0	0	0	0	0	170	0	0	0	21	0	0	0	0	0	0	0	0	0	0	15	0	0	86	0	0	18	0	0	0	0	0	0	0	0	0	99	0	0	0	0	0	0	0	0	15	0	0	2	0	0	0	0	0	51	10	0	0	0	0	0	0	5
assemblage-198-177	0	0	0	0	0	0	0	0	0	0	0	0	0	0	175	0	0	0	0	0	0	0	0	0	0	126	0	0	0	0	0	59	0	0	11	0	0	0	0	0	0	111	0	0	0	0	0	0	0	0	0	0	0	0	0	0	0	0	0	0	0	0	0	0	0	0	0	18
assemblage-898-542	0	0	0	0	0	0	0	0	0	0	8	0	0	0	26	0	0	0	0	0	0	0	0	0	0	374	0	0	0	0	0	0	0	0	0	0	0	0	0	0	0	0	0	27	0	0	0	0	0	0	0	0	0	0	0	0	0	0	57	0	0	0	0	0	0	0	0	8
assemblage-942-233	0	0	0	0	0	0	0	0	0	0	271	0	0	0	45	0	5	0	0	0	0	0	0	0	0	61	0	15	15	0	0	41	0	0	0	0	0	0	0	0	0	27	0	0	0	3	0	0	0	0	5	0	0	0	0	0	0	0	0	0	0	0	0	0	0	0	0	12
assemblage-894-247	0	0	0	0	0	0	0	0	0	0	146	0	0	0	15	0	0	0	0	0	0	0	0	0	0	9	0	0	0	41	0	194	0	0	0	0	0	0	0	0	0	0	0	0	0	0	0	0	0	0	47	0	0	0	0	21	0	0	0	0	0	0	0	0	0	0	0	27
assemblage-894-530	0	0	0	0	0	0	0	0	0	0	22	0	0	0	42	0	0	0	0	0	0	0	0	0	0	358	0	0	0	0	0	0	0	0	0	0	0	0	0	0	0	0	0	16	0	0	0	0	0	0	0	0	0	0	0	0	0	0	55	0	0	0	0	0	0	0	0	7
assemblage-930-240	0	0	0	0	0	0	0	0	0	0	173	0	26	0	16	0	19	0	0	0	0	0	0	0	0	147	0	0	26	0	0	35	0	0	0	10	0	0	0	0	0	6	0	0	0	0	0	0	0	0	3	0	0	0	0	0	0	0	0	0	15	0	0	0	14	0	0	10
assemblage-411-344	0	0	0	0	0	0	0	0	0	83	269	0	0	0	0	0	0	0	0	0	0	0	0	12	0	40	0	0	0	0	0	54	0	0	0	0	0	0	0	0	0	0	0	0	0	0	0	0	0	0	35	0	0	0	0	0	0	0	0	0	0	0	0	0	0	0	0	7
assemblage-673-417	0	0	0	0	0	0	0	0	0	0	347	0	0	0	0	0	0	0	0	0	0	0	0	0	0	18	0	0	0	0	0	28	0	0	0	0	0	0	0	0	0	0	0	0	0	0	0	0	0	0	93	0	0	0	0	0	0	0	0	0	0	0	0	0	0	0	0	14
assemblage-254-333	0	0	0	0	0	0	0	0	0	0	189	0	0	0	0	0	0	0	0	0	0	0	0	0	0	10	0	0	0	0	0	174	0	0	0	0	0	0	0	0	0	0	0	0	0	0	0	0	0	0	117	0	0	0	0	0	0	0	0	0	0	0	0	0	0	0	0	10
assemblage-260-332	0	0	0	0	0	0	0	0	0	43	257	0	0	0	0	0	0	0	0	0	0	0	0	0	0	0	4	0	0	45	0	106	0	0	0	0	0	0	0	0	0	0	0	0	0	0	0	0	0	0	12	0	15	0	0	0	0	0	0	0	0	0	4	0	0	0	0	14
assemblage-681-262	0	0	0	0	0	14	0	0	0	0	280	0	0	18	0	0	0	0	0	0	0	0	0	0	0	59	0	0	0	0	0	0	0	0	0	0	0	0	22	67	0	0	0	0	0	0	0	0	0	0	36	0	0	0	0	0	0	0	0	0	0	0	0	0	0	0	0	4
assemblage-925-280	0	0	0	0	0	0	0	0	0	0	138	0	0	0	21	0	0	0	0	0	0	0	0	0	0	81	0	0	0	0	0	130	0	0	0	0	0	0	0	0	0	9	0	0	0	0	0	10	0	0	79	7	0	0	0	0	0	0	0	0	0	0	0	0	0	0	0	25
assemblage-371-813	0	0	0	0	0	0	0	0	0	0	391	0	0	0	0	0	0	0	0	0	0	0	0	0	0	38	0	0	0	0	0	0	0	0	0	0	0	0	0	0	0	0	0	0	0	0	0	0	0	0	58	0	0	0	0	0	0	0	0	0	0	0	0	0	0	0	0	13
assemblage-172-952	0	0	0	0	0	0	0	0	0	0	383	0	0	0	0	0	0	0	0	0	9	0	0	0	0	54	0	0	0	0	0	0	0	0	0	0	0	0	0	9	0	0	0	0	0	0	0	0	0	0	31	0	0	0	0	0	0	0	0	0	0	0	0	0	0	0	0	14
assemblage-887-413	0	0	0	0	7	0	0	0	0	0	68	0	0	0	10	0	0	0	0	0	0	0	0	0	0	43	0	0	69	11	0	79	0	0	0	0	0	0	0	0	0	13	0	0	0	0	0	0	0	0	76	0	0	15	0	0	43	0	0	0	50	0	0	0	0	0	0	16
assemblage-333-235	0	0	0	0	0	0	0	0	0	49	262	0	0	0	0	0	0	0	0	0	0	0	0	0	0	4	0	0	0	60	0	86	0	0	0	0	0	0	0	0	0	0	0	0	0	0	0	0	0	0	6	0	12	0	0	0	0	0	0	0	0	0	6	0	0	0	0	15
assemblage-296-570	0	0	0	0	0	0	0	0	0	61	276	0	0	0	0	0	0	0	0	0	0	0	0	13	0	42	0	0	0	0	0	52	0	0	0	0	0	0	0	0	0	0	0	0	0	0	0	0	0	0	48	0	0	0	0	0	0	0	0	0	0	0	0	0	0	0	0	8
assemblage-292-563	0	0	0	0	0	0	0	0	0	27	417	0	0	0	0	0	0	0	0	0	0	0	0	9	0	7	0	0	0	0	0	8	0	0	0	0	0	0	0	0	0	0	0	0	0	0	0	0	0	0	21	0	0	0	0	0	0	0	0	0	0	0	0	0	0	0	0	11
assemblage-357-256	0	0	0	0	0	0	0	0	70	0	8	0	0	0	134	0	0	0	0	0	0	0	0	0	0	30	0	0	123	0	0	37	0	0	0	0	0	0	0	0	0	59	17	0	0	0	0	0	0	0	0	0	0	0	0	0	0	0	0	0	10	0	0	0	0	0	0	12
assemblage-897-536	0	0	0	0	0	0	0	0	0	0	20	0	0	0	26	0	0	0	0	0	0	0	0	0	0	375	0	0	0	0	0	0	0	0	0	0	0	0	0	0	0	0	0	17	0	0	0	0	0	0	0	0	0	0	0	0	0	0	58	0	0	0	0	0	0	0	0	4
assemblage-957-688	0	0	0	0	12	0	0	0	0	0	65	0	0	0	16	0	0	0	0	0	0	0	0	0	0	32	0	0	70	4	0	75	0	0	0	0	0	0	0	0	0	7	0	0	0	0	0	0	0	0	79	0	0	16	0	0	63	0	0	0	45	0	0	0	0	0	0	16
assemblage-344-340	0	0	0	0	0	0	0	0	0	16	261	0	0	0	0	0	0	0	0	0	0	0	0	0	0	60	0	0	0	11	0	59	0	0	0	0	0	0	0	0	0	0	0	0	0	0	0	0	0	0	87	0	0	0	0	0	0	0	0	0	0	0	0	0	0	0	0	6
assemblage-340-239	0	0	0	0	0	0	0	0	0	74	227	0	0	0	0	0	0	0	0	0	0	0	0	0	0	2	0	0	0	67	0	76	0	0	0	0	0	0	0	0	0	0	0	0	0	0	0	0	0	0	18	0	11	0	0	0	0	0	0	0	0	0	6	0	0	9	0	10
assemblage-928-253	0	0	0	0	4	0	0	0	0	0	90	0	0	0	22	0	0	0	0	0	0	0	0	0	0	29	0	0	58	5	0	71	0	0	0	0	0	0	0	0	0	7	0	0	0	0	0	6	0	0	102	0	0	16	0	0	47	0	0	0	38	0	0	0	0	0	0	5
assemblage-449-332	0	0	0	0	0	0	0	0	0	0	0	0	0	0	0	0	0	0	0	0	0	0	0	0	0	0	0	0	380	0	0	0	0	0	0	0	0	0	0	0	0	0	0	0	0	0	0	0	0	0	0	0	0	0	0	0	0	0	0	0	109	0	0	0	0	0	0	11
assemblage-261-238	0	0	10	0	0	0	0	0	289	0	0	25	0	0	0	0	0	0	0	0	0	0	0	0	0	0	0	0	0	0	15	0	0	0	0	0	0	0	0	0	0	0	0	0	0	0	0	0	0	0	0	0	0	0	0	0	0	0	0	0	154	0	0	0	0	0	0	7
assemblage-363-786	0	0	0	0	0	0	0	0	0	0	383	0	0	0	0	0	0	0	0	0	6	0	0	0	0	39	0	0	0	0	0	0	0	0	0	0	0	0	0	0	0	0	0	0	0	0	0	0	0	10	39	0	0	0	0	0	0	0	0	0	0	0	0	0	0	0	0	23
assemblage-279-115	0	0	0	0	0	0	0	0	10	0	64	0	0	0	84	0	0	0	0	0	0	0	0	0	0	49	0	0	17	0	0	10	0	0	0	0	0	0	0	0	0	118	0	0	0	0	0	0	0	0	9	0	0	97	0	0	0	0	0	0	35	0	0	0	0	0	0	7
assemblage-543-930	0	0	0	0	0	0	0	0	64	0	16	0	0	0	13	0	0	0	0	0	0	0	0	0	0	22	0	0	145	0	0	15	0	0	0	0	28	0	0	0	0	84	0	0	0	0	0	0	0	0	11	0	0	80	0	0	0	0	0	0	14	0	0	0	0	0	0	8
assemblage-629-460	0	0	0	0	0	0	0	0	66	0	33	0	0	0	96	0	0	0	0	0	0	0	0	0	0	20	0	0	5	0	0	29	0	0	0	0	0	0	0	0	0	167	0	0	0	0	0	0	0	0	7	0	0	0	0	0	0	0	14	0	60	0	0	0	0	0	0	3
assemblage-815-972	0	0	0	0	0	0	0	0	0	0	142	0	0	0	10	0	0	0	0	0	0	0	0	0	0	92	0	0	0	0	0	109	0	0	0	0	0	0	0	0	0	0	0	0	0	0	0	7	0	0	86	0	0	0	0	0	0	0	0	0	0	0	33	0	0	0	0	21
assemblage-597-662	0	0	0	0	0	0	0	0	0	0	158	0	0	0	26	0	0	0	0	0	0	0	0	0	0	20	0	0	90	0	0	32	0	0	0	0	0	0	0	0	0	94	0	0	0	0	0	0	0	0	12	0	0	15	0	0	0	0	0	31	13	0	0	0	0	0	0	9
assemblage-292-549	0	0	0	0	0	0	0	0	0	0	136	0	0	0	9	0	0	0	0	0	0	0	0	0	0	121	0	0	0	0	0	120	0	0	0	0	0	0	0	0	0	0	0	0	0	0	0	7	0	0	57	0	0	0	0	0	0	0	0	0	0	0	34	0	0	0	0	16
assemblage-631-459	0	0	0	0	0	0	0	0	36	0	32	0	0	0	101	0	0	0	0	0	0	0	0	0	0	38	0	0	0	0	0	36	0	0	0	0	0	0	0	0	0	154	0	0	0	0	0	0	0	0	0	0	0	0	0	0	0	0	39	0	51	0	0	0	0	0	0	13
assemblage-353-336	0	0	0	0	0	0	0	0	0	20	246	0	0	0	0	0	0	0	0	0	0	0	0	0	0	75	0	0	0	7	0	65	0	0	0	0	0	0	0	0	0	0	0	0	0	0	0	0	0	0	85	0	0	0	0	0	0	0	0	0	0	0	0	0	0	0	0	2
assemblage-293-129	6	0	0	0	0	0	0	0	27	0	64	0	0	0	13	0	0	0	0	0	0	0	0	0	0	56	0	0	144	0	0	0	0	0	0	0	0	0	0	0	0	49	0	0	0	0	0	0	0	0	0	0	0	43	0	0	0	0	0	0	88	0	0	0	0	0	0	10
assemblage-370-312	0	0	0	0	0	0	0	0	0	13	257	0	0	0	0	0	0	0	0	0	0	0	0	0	0	62	0	0	0	11	0	62	0	0	0	0	0	0	0	0	0	0	0	0	0	0	0	0	0	0	93	0	0	0	0	0	0	0	0	0	0	0	0	0	0	0	0	2
assemblage-929-253	0	0	0	0	0	0	0	0	0	0	160	0	15	0	17	0	38	0	0	0	0	0	0	0	0	137	0	0	35	0	0	22	0	0	0	11	0	0	0	0	0	11	0	0	0	0	0	0	0	0	10	0	0	0	0	0	0	0	0	0	29	0	0	0	11	0	0	4
assemblage-295-545	0	0	0	0	0	0	0	0	0	0	154	0	0	0	10	0	0	0	0	0	0	0	0	0	0	4	0	0	0	42	0	211	0	0	0	0	0	0	0	0	0	0	0	0	0	0	0	0	0	0	40	0	0	0	0	11	0	0	0	0	0	0	0	0	0	0	0	28
assemblage-646-853	0	0	0	0	5	0	0	0	0	0	146	0	0	0	24	0	0	0	0	0	0	0	0	0	0	10	0	0	0	64	0	184	0	0	0	0	0	0	0	0	0	0	0	0	0	0	0	0	0	0	32	0	0	0	0	14	0	0	0	0	0	0	0	0	0	0	0	21
assemblage-280-126	0	0	0	0	0	0	0	0	78	0	22	0	0	0	16	0	0	0	0	0	0	0	0	0	0	19	0	0	149	0	0	39	0	0	0	0	29	0	0	0	0	75	0	0	0	0	0	0	0	0	3	0	0	57	0	0	0	0	0	0	7	0	0	0	0	0	0	6
assemblage-925-992	0	0	0	0	0	0	0	0	0	0	33	0	0	0	58	0	0	0	0	0	0	0	0	0	0	0	0	0	32	0	0	126	0	0	0	0	0	0	0	0	0	107	0	0	0	0	0	0	0	0	27	0	0	17	0	0	0	0	11	0	79	0	0	0	0	0	0	10
assemblage-196-186	0	0	0	0	0	0	0	0	0	0	0	0	0	0	209	0	0	0	0	0	0	0	0	0	0	100	0	0	0	0	0	70	0	0	12	0	0	0	0	0	0	101	0	0	0	0	0	0	0	0	0	0	0	0	0	0	0	0	0	0	0	0	0	0	0	0	0	8
assemblage-941-247	0	0	0	0	0	0	0	0	0	0	86	0	0	0	13	0	0	0	0	0	0	0	0	0	0	37	0	0	68	7	0	56	0	0	0	0	0	0	0	0	0	8	0	0	0	0	0	0	0	0	89	0	0	20	0	0	51	0	0	0	46	0	0	0	0	0	0	19
assemblage-882-392	0	0	0	0	0	0	0	0	0	0	87	0	0	0	10	0	0	0	0	0	0	0	0	0	0	38	0	0	69	9	0	66	0	0	0	0	0	0	0	0	0	14	0	0	0	0	0	0	0	0	90	0	0	21	0	0	45	0	0	0	41	0	0	0	0	0	0	10
assemblage-623-454	0	0	0	0	0	0	0	0	62	0	45	0	0	0	78	0	0	0	0	0	0	0	0	0	0	31	0	0	12	0	0	42	0	0	0	0	0	0	0	0	0	135	0	0	0	0	0	0	0	0	0	0	0	0	0	0	0	0	23	0	58	0	0	0	0	0	0	14
assemblage-621-440	0	0	0	0	0	0	0	0	46	0	27	0	0	0	130	0	0	0	18	0	0	0	0	0	0	64	0	0	172	0	0	8	18	0	0	0	0	0	0	0	0	11	0	0	0	0	0	0	0	0	0	0	0	0	0	0	0	0	0	0	0	0	0	0	0	0	0	6
assemblage-898-394	0	0	0	0	0	0	0	0	0	0	267	0	0	0	47	0	0	0	0	0	0	0	0	0	0	59	0	14	9	0	0	47	0	0	0	0	0	0	0	0	0	27	0	0	0	0	0	0	0	0	0	0	0	0	0	0	0	0	0	5	7	0	0	0	0	0	0	18
assemblage-720-910	0	0	0	0	0	0	0	0	0	53	270	0	0	0	0	0	0	0	0	0	0	0	0	0	0	0	0	0	0	65	0	72	0	0	0	0	0	0	0	0	0	0	0	0	0	0	0	0	0	0	8	0	12	0	0	0	0	0	0	0	0	0	0	0	0	0	0	20
assemblage-237-258	0	0	6	0	0	0	0	0	277	0	0	20	0	0	0	0	0	0	0	0	0	13	0	0	0	0	0	0	0	0	13	0	0	0	0	0	0	0	0	0	0	0	0	0	0	0	0	0	0	0	0	0	0	0	0	0	0	0	0	0	168	0	0	0	0	0	0	3
assemblage-687-249	0	0	0	0	0	12	0	0	0	0	318	0	0	13	0	0	0	0	0	0	0	0	0	0	0	57	0	0	0	0	0	0	0	0	0	0	0	0	19	49	0	0	0	0	0	0	0	0	0	0	25	0	0	0	0	0	0	0	0	0	0	0	0	0	0	0	0	7
assemblage-642-861	0	0	0	0	0	0	0	0	0	0	131	0	0	0	11	0	0	0	0	0	0	0	0	0	0	120	0	0	0	0	0	111	0	0	0	0	0	0	0	0	0	0	0	0	0	0	0	0	0	0	59	0	0	0	0	0	0	0	0	0	0	0	45	0	0	0	0	23
assemblage-246-246	0	0	2	0	0	0	0	0	253	0	0	26	0	0	0	0	0	0	0	0	0	4	0	0	0	0	0	0	0	0	12	0	0	0	0	0	0	0	0	0	0	0	0	0	0	0	0	0	0	0	0	0	0	0	0	0	0	0	0	0	199	0	0	0	0	0	0	4
assemblage-759-877	0	0	0	0	0	0	0	0	95	0	74	0	0	0	15	0	0	0	0	0	0	0	0	0	0	85	0	0	61	0	0	0	0	0	0	0	0	0	0	0	0	0	0	0	0	0	0	0	0	0	0	0	0	74	0	0	0	0	5	0	88	0	0	0	0	0	0	3
assemblage-759-874	0	0	0	0	0	0	0	0	69	0	65	0	0	0	10	0	0	0	0	0	0	0	0	0	0	119	0	0	73	0	0	0	0	0	0	0	0	0	0	0	0	0	0	0	0	0	0	0	0	0	0	0	0	69	0	0	0	0	10	0	83	0	0	0	0	0	0	2
assemblage-923-236	0	0	0	0	0	0	0	0	0	0	263	0	0	0	39	0	0	0	0	0	0	0	0	0	0	77	0	12	9	0	0	45	0	0	0	0	0	0	0	0	0	35	0	0	0	0	0	0	0	0	10	0	0	0	0	0	0	0	0	0	0	0	0	0	0	0	0	10
assemblage-280-565	0	0	0	0	0	0	0	0	0	0	190	0	0	0	10	0	0	0	0	0	0	0	0	0	0	60	0	0	0	8	0	115	0	0	0	0	0	0	0	0	0	17	0	0	0	0	0	0	0	0	52	0	0	0	0	0	0	0	0	0	0	0	10	0	0	0	0	38
assemblage-628-854	0	0	0	0	0	0	0	0	0	0	126	0	0	0	9	0	0	0	0	0	0	0	0	0	0	99	0	0	0	0	0	134	0	0	0	0	0	0	0	0	0	0	0	0	0	0	0	5	0	0	62	0	0	0	0	0	0	0	0	0	0	0	48	0	0	0	0	17
assemblage-710-473	0	0	0	0	0	0	0	0	0	0	347	0	0	0	0	0	0	0	0	0	0	0	0	0	0	33	0	0	0	0	0	7	0	0	0	0	0	0	0	0	0	0	0	0	0	0	0	0	0	0	92	0	0	0	0	0	0	0	0	0	0	0	0	0	0	0	0	21
assemblage-277-528	0	0	0	0	0	0	0	0	0	0	286	0	0	0	0	0	0	0	0	0	0	0	0	0	0	46	0	0	0	0	0	95	0	0	0	0	0	0	0	0	0	20	0	0	0	0	0	0	0	0	13	0	0	0	0	0	0	0	0	0	0	0	0	24	0	0	0	16
assemblage-328-328	0	0	0	0	0	0	0	0	0	47	396	0	0	0	0	0	0	0	0	0	0	0	0	5	0	12	0	0	0	0	0	10	0	0	0	0	0	0	0	0	0	0	0	0	0	0	0	0	0	0	23	0	0	0	0	0	0	0	0	0	0	0	0	0	0	0	0	7
assemblage-630-846	0	0	0	0	0	0	0	0	0	0	295	0	0	0	0	0	0	0	0	0	0	0	0	0	0	47	0	0	0	0	0	89	0	0	0	0	0	0	0	0	0	29	0	0	0	0	0	0	0	0	8	0	0	0	0	0	0	0	0	0	0	0	0	13	0	0	0	19
assemblage-190-596	0	0	0	0	0	0	0	0	0	0	236	0	0	0	0	0	0	0	0	0	0	0	0	0	0	122	0	0	0	0	0	20	0	0	0	0	0	0	0	0	6	0	0	0	0	0	0	0	0	0	100	0	0	0	0	0	0	0	0	0	0	0	0	0	0	0	0	16
assemblage-359-271	0	0	0	0	0	0	0	0	70	0	82	0	0	0	23	0	0	0	0	0	0	0	0	0	0	112	0	0	67	0	0	0	0	0	0	0	0	0	0	0	0	0	0	0	0	0	0	0	0	0	0	0	0	53	9	0	0	0	16	0	68	0	0	0	0	0	0	0
assemblage-985-351	0	0	0	0	0	0	0	0	0	0	277	0	0	0	0	0	0	0	0	0	0	0	0	0	23	77	0	0	0	0	0	16	0	0	0	0	0	0	0	0	0	0	0	0	0	0	0	0	0	0	57	0	0	0	0	0	0	0	0	0	0	0	39	0	0	0	0	11
assemblage-597-671	3	0	0	0	0	0	0	0	0	0	29	0	40	0	60	0	0	0	0	0	0	0	0	0	0	93	0	0	62	0	0	63	0	0	0	0	0	0	0	0	0	0	0	0	0	0	0	0	0	0	10	0	0	34	0	0	0	0	0	0	99	0	0	0	0	0	0	7
assemblage-460-153	4	0	0	0	0	0	0	0	0	0	31	0	36	0	49	0	0	0	0	0	0	0	0	0	0	109	0	0	69	0	0	40	0	0	0	0	0	0	0	0	0	10	0	0	0	0	0	0	0	0	7	0	0	40	0	0	0	0	0	0	101	0	0	0	0	0	0	4
assemblage-684-472	0	0	0	0	0	0	0	0	0	0	331	0	0	0	0	0	0	0	0	0	0	0	0	0	0	20	0	0	0	0	0	15	0	0	0	0	0	0	0	0	0	0	0	0	0	0	0	0	0	0	115	0	0	0	0	0	0	0	0	0	0	0	0	0	0	0	0	19
assemblage-689-477	0	0	0	0	0	0	0	0	0	0	334	0	0	0	0	0	0	0	0	0	0	0	8	0	0	27	0	0	0	0	0	20	0	0	0	0	0	0	0	0	0	0	0	0	0	0	0	0	0	0	91	0	0	0	0	0	0	0	0	0	0	0	0	0	0	0	0	20
assemblage-308-566	0	0	0	0	0	0	0	0	0	74	243	0	0	0	0	0	0	0	0	0	0	0	0	12	0	48	0	0	0	0	0	60	0	0	0	0	0	0	0	0	0	0	0	0	0	0	0	0	0	0	53	0	0	0	0	0	0	0	0	0	0	0	0	0	0	0	0	10
assemblage-471-340	0	0	0	0	0	0	0	0	7	0	0	0	0	0	0	0	0	0	0	0	0	0	0	0	0	0	0	0	389	0	0	0	0	0	0	0	0	0	0	0	0	0	0	0	0	0	0	0	0	0	0	0	0	0	0	0	0	0	0	0	96	0	0	0	0	0	0	8
assemblage-922-687	0	0	0	0	0	0	0	0	0	0	276	0	0	0	38	0	0	0	0	0	0	0	0	0	0	47	0	18	19	0	0	35	0	0	0	0	0	0	0	0	0	40	0	0	0	0	0	0	0	0	0	0	0	0	0	0	0	0	0	6	3	0	0	0	0	0	0	18
assemblage-910-1006	0	0	0	0	0	0	0	0	11	0	84	0	0	0	92	0	0	0	0	0	0	0	0	0	0	47	0	0	16	0	0	15	0	0	0	0	0	0	0	0	0	93	0	0	0	0	0	0	0	0	17	0	0	84	0	0	0	0	0	0	30	0	0	0	0	0	0	11
assemblage-774-471	0	0	0	0	0	0	0	0	0	0	209	0	11	0	69	0	0	1	0	0	0	0	0	0	0	6	0	0	12	0	0	106	0	0	0	0	0	0	0	0	0	0	0	0	0	0	0	0	0	0	0	0	0	4	0	0	0	0	0	0	62	0	0	0	0	0	0	20
assemblage-239-868	12	0	0	0	0	0	0	0	28	0	71	0	0	0	9	0	0	0	0	0	0	0	0	0	0	31	0	0	125	0	0	9	0	0	0	0	0	0	0	0	0	64	0	0	0	0	0	0	0	0	0	0	0	55	0	0	0	0	0	0	89	0	0	0	0	0	0	7
assemblage-543-757	0	0	0	0	0	0	0	0	0	0	171	0	0	0	33	0	0	0	0	0	0	0	0	0	0	11	0	0	90	0	0	30	0	0	0	0	0	0	0	0	0	82	0	0	0	0	0	0	0	0	20	0	0	8	0	0	0	0	0	43	4	0	0	0	0	0	0	8
assemblage-615-216	0	0	0	0	0	0	0	0	0	4	358	0	0	0	0	0	0	0	0	0	0	0	0	0	0	18	0	0	0	0	0	7	0	0	0	0	0	10	0	0	0	0	0	0	0	0	0	0	0	0	91	0	0	0	0	0	0	0	0	0	0	0	0	0	0	0	0	12
assemblage-352-230	0	0	0	0	0	0	0	0	0	0	195	0	0	0	0	0	0	0	0	0	0	0	0	0	0	5	0	0	0	0	0	172	0	0	0	0	0	0	0	0	0	0	0	0	0	0	0	0	0	0	113	0	0	0	0	0	0	0	0	0	0	0	0	0	0	0	0	15
assemblage-614-458	0	0	0	0	0	0	0	0	87	0	8	0	0	0	126	0	0	0	0	4	0	0	0	0	0	37	0	0	123	0	0	41	0	0	0	0	0	0	0	0	0	54	2	0	0	0	0	0	0	0	0	0	0	0	0	0	0	0	0	0	11	0	0	0	0	0	0	7
assemblage-614-459	0	0	0	0	0	0	0	0	67	0	23	0	0	0	82	0	0	0	0	0	0	0	0	0	0	33	0	0	4	0	0	46	0	0	0	0	0	0	0	0	0	150	0	0	0	0	0	0	0	0	7	0	0	0	0	0	0	0	15	0	62	0	0	0	0	0	0	11
assemblage-598-655	0	0	0	0	0	0	0	0	0	0	79	0	0	0	94	0	0	0	0	0	0	0	0	0	0	0	0	0	12	0	0	181	0	0	0	0	0	0	0	0	0	45	0	0	0	0	0	0	0	0	4	0	0	22	0	0	0	0	0	0	48	0	0	0	0	0	0	15
assemblage-336-223	0	0	0	0	0	0	0	0	0	0	312	0	0	0	0	0	0	0	0	0	0	0	0	0	24	66	0	0	0	0	0	15	0	0	0	0	0	0	0	0	0	0	0	0	0	0	0	0	0	0	44	0	0	0	0	0	0	0	0	0	0	0	28	0	0	0	0	11
assemblage-787-982	0	0	0	0	0	0	0	0	0	0	274	0	0	0	0	0	0	0	0	0	0	0	0	0	0	43	0	0	0	0	0	113	0	0	0	0	0	0	0	0	0	31	0	0	0	0	0	0	0	0	0	0	0	0	0	0	0	0	0	0	0	0	0	17	0	0	0	22
assemblage-637-842	0	0	0	0	0	0	0	0	0	0	140	0	0	0	6	0	0	0	0	0	0	0	0	0	0	109	0	0	0	0	0	129	0	0	0	0	0	0	0	0	0	0	0	0	0	0	0	0	0	0	53	0	0	0	0	0	0	0	0	0	0	0	40	0	0	0	0	23
assemblage-912-277	0	0	0	0	0	0	0	0	0	0	142	0	0	0	23	0	0	0	0	0	0	0	0	0	0	77	0	0	0	0	0	119	0	0	0	0	0	0	0	0	0	9	0	0	0	0	0	10	0	0	77	0	0	0	0	0	14	0	0	0	0	0	0	0	0	0	0	29
assemblage-167-585	0	0	0	0	0	0	0	0	0	0	255	0	0	0	0	0	0	0	0	0	0	0	0	0	0	97	0	0	0	0	0	17	0	0	0	0	0	0	0	0	0	0	0	0	0	0	0	0	0	0	111	0	0	0	0	0	0	0	0	0	0	0	0	0	0	0	0	20
assemblage-605-243	0	0	0	0	0	0	0	0	0	94	352	0	0	0	0	0	0	0	0	0	0	0	0	0	0	0	0	0	0	0	0	7	0	0	0	0	0	0	0	0	0	0	0	0	0	0	0	0	0	0	34	0	0	0	0	0	0	0	0	0	0	0	0	0	0	0	0	13
assemblage-498-521	0	0	0	0	0	0	0	0	0	0	182	0	0	0	34	0	0	0	0	0	0	0	0	0	0	11	0	0	81	0	0	23	0	0	0	0	0	0	0	0	0	78	0	0	0	0	0	0	0	0	20	0	0	13	0	0	0	0	0	41	9	0	0	0	0	0	0	8
assemblage-594-235	0	0	0	0	0	0	0	0	0	77	367	0	0	0	0	0	0	0	0	0	0	0	0	0	0	6	0	0	0	0	0	0	0	0	0	0	0	0	0	0	0	0	0	0	0	0	0	0	0	0	26	0	5	0	0	0	0	0	0	0	0	0	0	0	0	0	0	19
assemblage-694-256	0	0	0	0	0	0	0	0	0	0	388	0	0	0	0	0	0	0	0	0	0	0	0	0	0	55	0	0	0	0	0	0	0	0	0	0	0	0	0	0	0	0	0	0	0	0	0	0	0	7	33	0	0	0	0	0	0	0	0	0	0	0	0	0	0	0	0	17
assemblage-160-161	0	0	0	0	0	0	0	0	87	0	14	0	0	0	111	0	0	0	0	8	0	0	0	0	0	32	0	0	107	0	0	48	0	0	0	0	0	0	0	0	0	73	7	0	0	0	0	0	0	0	0	0	0	0	0	0	0	0	0	0	9	0	0	0	0	0	0	4
assemblage-904-260	0	0	0	0	0	0	0	0	0	0	128	0	0	0	23	0	0	0	0	0	0	0	0	0	0	74	0	0	0	0	0	128	0	0	0	6	0	0	0	0	0	16	0	0	0	0	0	10	0	0	83	0	0	0	0	0	11	0	0	0	0	0	0	0	0	0	0	21
assemblage-206-182	0	0	0	0	0	0	0	0	0	0	0	0	0	0	193	0	0	0	0	0	0	0	0	0	0	120	0	0	0	0	0	73	0	0	11	0	0	0	0	0	0	101	0	0	0	0	0	0	0	0	0	0	0	0	0	0	0	0	0	0	0	0	0	0	0	0	0	2
assemblage-396-352	0	0	0	0	0	0	0	0	0	21	247	0	0	0	0	0	0	0	0	0	0	0	0	0	0	54	0	0	0	11	0	44	0	0	0	0	0	0	0	0	0	0	0	0	0	0	0	0	0	0	121	0	0	0	0	0	0	0	0	0	0	0	0	0	0	0	0	2
assemblage-178-601	0	0	0	0	0	0	0	0	0	0	410	0	0	0	0	0	0	0	0	0	0	0	0	0	0	13	0	0	0	0	0	0	0	0	0	0	0	0	0	4	0	0	0	0	0	0	0	0	0	0	55	0	0	0	0	0	0	0	0	0	0	0	0	0	0	0	0	18
assemblage-165-927	0	0	0	0	0	0	0	0	0	0	408	0	0	0	0	9	0	0	0	0	0	0	0	0	0	38	0	0	0	0	0	0	0	0	0	0	0	0	0	4	0	0	0	0	0	0	0	0	0	0	29	0	0	0	0	0	0	0	0	0	0	0	0	0	0	0	0	12
assemblage-712-891	0	0	0	0	0	0	0	0	0	0	249	0	0	0	0	0	0	0	0	0	0	0	0	0	0	60	0	0	0	0	0	56	0	0	0	0	0	0	0	0	0	0	0	0	0	0	0	0	0	0	88	0	0	0	0	0	0	7	0	0	0	28	0	0	0	0	0	12
assemblage-635-856	0	0	0	0	0	0	0	0	0	0	148	0	0	0	9	0	0	0	0	0	0	0	0	0	0	98	0	0	0	0	0	115	0	0	0	0	0	0	0	0	0	20	0	0	0	0	0	7	0	0	65	0	0	0	0	0	7	0	0	0	0	0	0	0	0	0	0	31
assemblage-412-358	0	0	0	0	0	0	0	0	0	98	335	0	0	0	0	0	0	0	0	0	0	0	0	0	0	7	0	0	0	0	0	0	0	0	0	0	0	0	0	0	0	0	0	0	0	0	0	0	0	0	31	0	0	0	0	0	0	0	0	0	0	0	0	0	0	0	0	29
assemblage-319-550	0	0	0	0	0	0	0	0	0	0	166	0	0	0	27	0	0	0	0	0	0	0	0	0	0	4	0	0	0	53	0	158	0	0	0	0	0	0	0	0	0	0	0	0	0	0	0	0	0	0	49	0	0	0	0	18	0	0	0	0	0	0	0	0	0	0	0	25
assemblage-259-333	0	0	0	0	0	0	0	0	0	0	302	0	0	0	0	0	0	0	0	0	0	0	0	0	25	67	0	0	0	0	0	10	0	0	0	0	0	0	0	0	0	0	0	0	0	0	0	0	0	0	57	0	0	0	0	0	0	0	0	0	0	0	28	0	0	0	0	11
assemblage-520-558	0	0	0	0	0	11	0	0	0	0	292	0	0	11	0	0	0	0	0	0	0	0	0	0	0	69	0	0	0	0	0	0	0	0	0	0	0	0	18	53	0	0	0	0	0	0	0	0	0	0	38	0	0	0	0	0	0	0	0	0	0	0	0	0	0	0	0	8
assemblage-160-196	0	0	0	0	0	0	0	0	37	0	22	0	0	0	135	0	0	0	14	0	0	0	0	0	0	53	0	0	192	0	0	0	12	0	0	0	0	0	0	0	0	13	0	0	0	0	0	0	0	0	0	0	0	0	0	0	0	0	0	0	0	0	0	0	0	0	0	22
assemblage-359-264	0	0	0	0	0	0	0	0	70	0	65	0	0	0	18	0	0	0	0	0	0	0	0	0	0	131	0	0	63	0	0	0	0	0	0	0	0	0	0	0	0	0	0	0	0	0	0	0	0	0	0	0	0	54	0	0	0	0	10	0	86	0	0	0	0	0	0	3
assemblage-520-549	0	0	0	0	0	0	0	0	0	0	316	0	0	0	0	0	0	0	0	0	0	0	0	0	0	71	0	0	0	0	0	22	0	0	0	0	0	0	6	19	0	0	0	0	0	0	0	0	0	0	53	0	0	0	0	0	0	0	0	0	0	0	0	0	0	0	0	13
assemblage-242-242	0	0	15	0	0	0	0	0	277	0	0	18	0	0	0	0	0	0	0	0	0	5	0	0	0	0	0	0	0	0	9	0	0	0	0	0	0	0	0	0	0	0	0	0	0	0	0	0	0	0	0	0	0	0	0	0	0	0	0	0	173	0	0	0	0	0	0	3
assemblage-929-680	0	0	0	0	0	0	0	0	0	0	161	0	20	0	11	0	34	0	0	0	0	0	0	0	0	152	0	0	32	0	0	26	0	0	0	5	0	0	0	0	0	11	0	0	0	0	0	0	0	0	18	0	0	0	0	0	0	0	0	0	16	0	0	0	10	0	0	4
assemblage-943-691	0	0	0	0	0	0	0	0	0	0	265	0	0	0	45	0	0	0	0	0	0	0	0	0	0	48	0	21	16	0	0	50	0	0	0	0	0	0	0	0	0	33	0	0	0	0	0	0	0	0	0	0	0	0	0	0	0	0	0	0	6	0	0	0	0	0	0	16
assemblage-305-132	0	0	0	0	0	0	0	0	11	0	93	0	0	0	92	0	0	0	0	0	0	0	0	0	0	52	0	0	27	0	0	16	0	0	0	0	0	0	0	0	0	111	0	0	0	0	0	0	0	0	8	0	0	71	0	0	0	0	0	0	14	0	0	0	0	0	0	5
assemblage-526-916	0	0	0	0	0	0	0	0	19	0	72	0	0	0	104	0	0	0	0	0	0	0	0	0	0	66	0	0	19	0	0	13	0	0	0	0	0	0	0	0	0	90	0	0	0	0	0	0	0	0	5	0	0	84	0	0	0	0	0	0	21	0	0	0	0	0	0	7
assemblage-358-789	0	0	0	0	0	0	0	0	0	0	380	0	0	0	0	0	0	0	0	0	0	0	0	0	0	42	0	0	0	0	0	0	0	0	0	0	0	0	0	0	0	0	0	0	0	0	0	0	0	0	60	0	0	0	0	0	0	0	0	0	0	0	0	0	0	0	0	18
assemblage-611-217	0	0	0	0	0	0	0	0	0	5	409	0	0	0	0	0	0	0	0	0	0	0	0	0	0	11	0	0	0	0	0	0	0	0	0	0	0	0	0	0	0	0	0	0	0	0	0	0	0	0	59	0	0	0	0	0	0	0	0	0	0	0	0	0	0	0	0	16
assemblage-670-392	0	0	0	0	0	0	0	0	0	0	374	0	0	0	0	0	0	0	0	0	0	0	0	0	0	12	0	0	0	0	0	0	0	0	0	0	0	5	0	0	0	0	0	0	0	0	7	0	0	0	89	0	0	0	0	0	0	0	0	0	0	0	0	0	0	0	0	13
assemblage-907-527	0	0	0	0	0	0	0	0	0	0	13	0	0	0	45	0	0	0	0	0	0	0	0	0	0	373	0	0	0	0	0	0	0	0	6	0	0	0	0	0	0	0	0	16	0	0	0	0	0	0	0	0	0	0	0	0	0	0	44	0	0	0	0	0	0	0	0	3
assemblage-358-786	0	0	0	0	0	7	0	0	0	0	135	0	0	0	0	0	0	0	0	0	0	0	0	0	0	166	0	0	0	0	0	99	0	0	0	0	0	0	0	0	0	0	0	0	0	0	0	0	0	0	79	0	0	0	0	0	0	0	0	0	0	0	0	0	0	0	0	14
assemblage-742-872	0	0	0	0	0	0	0	0	89	0	76	0	0	0	11	0	0	0	0	0	0	0	0	0	0	107	0	0	47	0	0	0	0	0	0	0	0	0	0	0	0	0	0	0	0	0	0	0	0	0	0	0	0	77	0	0	0	0	4	0	89	0	0	0	0	0	0	0
assemblage-627-458	0	0	0	0	0	0	0	0	45	0	27	0	0	0	124	0	0	0	24	0	0	0	0	0	0	67	0	0	170	0	0	0	13	0	0	0	0	0	0	0	0	22	0	0	0	0	0	0	0	0	0	0	0	0	0	0	0	0	0	0	0	0	0	0	0	0	0	8
assemblage-545-737	0	0	0	0	0	0	7	0	0	0	120	0	0	0	65	0	0	0	0	0	0	0	0	0	0	55	0	0	52	0	0	15	0	0	0	0	0	0	0	0	0	10	0	0	0	0	0	0	0	0	39	0	0	19	0	0	0	0	0	0	111	0	0	0	0	0	0	7
assemblage-606-238	0	0	0	0	0	0	0	0	0	51	383	0	0	0	0	0	0	0	0	0	0	0	0	0	0	11	0	0	0	0	0	15	0	0	0	0	0	0	0	0	0	0	0	0	0	0	0	0	0	0	27	0	0	0	0	0	0	0	0	0	0	0	0	0	0	0	0	13
assemblage-195-187	0	0	0	0	0	0	0	0	0	0	0	0	0	0	233	0	0	0	0	0	0	0	0	0	0	94	0	0	0	0	0	54	0	0	8	0	0	0	0	0	0	106	0	0	0	0	0	0	0	0	0	0	0	0	0	0	0	0	0	0	0	0	0	0	0	0	0	5
assemblage-171-608	0	0	0	0	0	0	0	0	0	0	345	0	0	0	0	0	0	0	0	0	0	0	0	0	0	19	0	0	0	0	0	23	0	0	0	0	0	0	0	0	0	0	0	0	0	0	0	0	0	0	102	0	0	0	0	0	0	0	0	0	0	0	0	0	0	0	0	11
assemblage-466-351	0	0	0	0	0	0	0	0	0	0	0	0	0	0	0	0	0	0	0	0	0	0	0	0	0	0	0	0	377	0	0	0	0	0	0	0	0	0	0	0	0	0	0	0	0	0	0	0	0	0	0	0	0	0	0	0	0	0	0	0	108	0	0	0	0	0	0	15
assemblage-687-910	0	0	0	0	0	0	0	0	0	0	198	0	0	0	0	0	0	0	0	0	0	0	0	0	0	8	0	0	0	0	0	167	0	0	0	0	0	0	0	0	0	0	0	0	0	0	0	0	0	0	118	0	0	0	0	0	0	0	0	0	0	0	0	0	0	0	0	9
assemblage-209-176	0	0	0	0	0	0	0	0	0	0	0	0	0	0	182	0	0	0	0	0	0	0	0	0	0	120	0	0	0	0	0	70	0	0	13	0	0	0	0	0	0	109	0	0	0	0	0	0	0	0	0	0	0	0	0	0	0	0	0	0	0	0	0	0	0	0	0	6
assemblage-281-541	0	0	0	0	0	0	0	0	0	0	290	0	0	0	0	0	0	0	0	0	0	0	0	0	0	37	0	0	0	0	0	108	0	0	0	0	0	0	0	0	0	20	0	0	0	0	0	0	0	0	0	0	0	0	0	0	0	0	0	0	0	0	0	16	0	0	0	29
assemblage-762-878	0	0	0	0	0	0	0	0	70	0	45	0	0	0	89	0	0	0	0	0	0	0	0	0	0	24	0	0	11	0	0	29	0	0	0	0	0	0	0	0	0	128	0	0	0	0	0	0	0	0	7	0	0	0	0	0	0	0	27	0	65	0	0	0	0	0	0	5
assemblage-181-190	0	0	0	0	0	0	0	0	68	0	89	0	0	0	23	0	0	0	0	0	0	0	0	0	0	101	0	0	70	0	0	0	0	0	0	0	0	0	0	0	0	0	0	0	0	0	0	0	0	0	0	0	0	62	0	0	0	0	8	0	76	0	0	0	0	0	0	3
assemblage-168-953	0	0	0	6	0	0	0	0	0	0	373	0	0	0	0	0	0	0	0	0	0	0	0	0	0	44	0	0	0	0	0	0	0	0	0	0	0	0	0	0	0	0	0	0	0	0	0	0	0	13	38	0	0	0	0	0	0	0	0	0	0	0	0	0	0	0	0	26
assemblage-990-345	0	0	0	0	0	0	0	0	0	0	275	0	0	0	0	0	0	0	0	0	0	0	0	0	0	37	0	0	0	0	0	43	0	0	0	0	0	0	0	0	0	0	0	0	0	0	0	0	0	0	102	0	0	0	0	0	0	11	0	0	0	25	0	0	0	0	0	7
assemblage-549-750	0	0	0	0	0	0	0	0	0	0	20	0	51	0	53	0	0	0	0	0	0	0	0	0	0	96	0	0	55	0	0	48	0	0	0	0	0	0	0	0	0	5	0	0	0	0	0	0	5	0	15	0	0	47	0	0	0	0	0	0	103	0	0	0	0	0	0	2
assemblage-480-335	0	0	0	0	0	0	0	0	0	0	0	0	0	0	0	0	0	0	0	0	0	0	0	0	0	0	0	0	360	0	0	0	0	0	0	0	0	0	0	0	0	0	0	0	0	0	0	0	0	0	0	0	0	0	0	0	0	0	0	0	127	0	0	0	0	0	0	13
assemblage-535-559	0	0	0	0	0	0	0	0	0	0	158	0	0	0	0	0	0	0	0	0	0	0	0	0	0	141	0	0	0	0	0	114	0	0	0	0	0	0	0	0	0	0	0	0	0	0	0	0	0	0	74	0	0	0	0	0	0	0	0	0	0	0	0	0	0	0	0	13
assemblage-183-166	0	0	0	0	0	0	0	0	46	0	28	0	0	0	135	0	0	0	13	0	0	0	0	0	0	47	0	0	194	0	0	0	8	0	0	0	0	0	0	0	0	15	0	0	0	0	0	0	0	0	0	0	0	0	0	0	0	0	0	0	0	0	0	0	0	0	0	14
assemblage-176-599	0	0	0	0	0	0	0	0	0	13	369	0	0	0	0	0	0	0	0	0	0	0	0	0	0	10	0	0	0	0	0	0	0	0	0	0	0	0	0	0	0	0	0	0	0	0	0	0	0	0	94	0	0	0	0	0	0	0	0	0	0	0	0	0	0	0	0	14
assemblage-924-289	0	0	0	0	0	0	0	0	0	0	161	0	0	0	18	0	0	0	0	0	0	0	0	0	0	8	0	0	0	47	0	183	0	0	0	0	0	0	0	0	0	0	0	0	0	0	0	0	0	0	30	0	0	0	0	28	0	0	0	0	0	0	0	0	0	0	4	21
assemblage-235-847	14	0	0	0	0	0	0	0	25	0	76	0	0	0	7	0	0	0	0	0	0	0	0	0	0	49	0	0	130	0	0	0	0	0	0	0	0	0	0	0	0	61	0	0	0	0	0	0	0	0	0	0	0	43	0	0	0	0	0	0	87	0	0	0	0	0	0	8
assemblage-298-582	0	0	0	0	0	0	0	0	0	73	278	0	0	0	0	0	0	0	0	0	0	0	0	18	0	37	0	0	0	0	0	43	0	0	0	0	0	0	0	0	0	0	0	0	0	0	0	0	0	0	42	0	0	0	0	0	0	0	0	0	0	0	0	0	0	0	0	9
assemblage-172-188	0	0	0	0	0	0	0	0	90	0	10	0	0	0	124	0	0	0	0	4	0	0	0	0	0	27	0	0	127	0	0	32	0	0	0	0	0	0	0	0	0	57	9	0	0	0	0	0	0	0	0	0	0	0	0	0	0	0	0	0	14	0	0	0	0	0	0	6
assemblage-299-556	0	0	0	0	0	0	0	0	0	0	155	0	0	0	30	0	0	0	0	0	0	0	0	0	0	6	0	0	0	36	0	183	0	0	0	0	0	0	0	0	0	0	0	0	0	0	0	0	0	0	51	0	0	0	0	21	0	0	0	0	0	0	0	0	0	0	0	18
assemblage-809-471	0	0	0	0	0	0	0	0	0	0	84	0	0	0	14	0	0	0	0	0	0	0	0	0	0	39	0	0	71	0	0	57	0	0	0	0	0	0	0	0	0	9	0	0	0	0	0	0	0	0	84	0	0	16	0	0	46	0	0	0	50	0	0	0	0	0	0	30
assemblage-183-592	0	0	0	0	0	0	0	0	0	0	403	0	0	0	0	0	0	0	0	0	0	0	0	0	0	6	0	0	0	0	0	0	0	0	0	0	0	0	0	12	0	0	0	0	0	0	0	0	0	0	66	0	0	0	0	0	0	0	0	0	0	0	0	0	0	0	0	13
assemblage-870-401	0	0	0	0	0	0	0	0	0	0	140	0	11	0	17	0	29	0	0	0	0	0	0	0	0	156	0	0	39	0	0	47	0	0	0	5	0	0	0	0	0	8	0	0	0	0	0	0	0	0	5	0	0	0	0	0	0	0	0	0	22	0	0	0	13	0	0	8
assemblage-299-553	0	0	0	0	0	0	0	0	0	75	239	0	0	0	0	0	0	0	0	0	0	0	0	14	0	37	0	0	0	0	0	68	0	0	0	0	0	0	0	0	0	0	0	0	0	0	0	0	0	0	55	0	0	0	0	0	0	0	0	0	0	4	0	0	0	0	0	8
assemblage-267-236	0	0	12	0	0	0	0	0	280	0	0	14	0	0	0	0	0	0	0	0	0	0	0	0	0	0	0	0	0	0	8	0	0	0	0	0	0	0	0	0	0	0	0	0	0	0	0	0	0	0	0	0	0	0	0	0	0	0	0	0	181	0	0	0	0	0	0	5
assemblage-690-252	0	0	0	0	0	0	0	0	0	0	390	0	0	0	0	7	0	0	0	0	0	0	0	0	0	32	0	0	0	0	0	0	0	0	0	0	0	0	0	0	0	0	0	0	0	0	0	0	0	0	62	0	0	0	0	0	0	0	0	0	0	0	0	0	0	0	0	9
assemblage-889-395	0	0	0	0	0	0	0	0	0	0	202	0	11	0	61	0	0	0	0	0	0	0	0	0	0	12	0	0	12	0	0	111	0	0	0	0	0	0	0	0	0	11	0	0	0	0	0	0	0	0	0	0	0	0	0	0	0	0	0	0	64	0	0	0	0	0	0	16
assemblage-619-459	0	0	0	0	0	0	0	0	59	0	24	0	0	0	145	0	0	0	12	0	0	0	0	0	0	69	0	0	155	0	0	0	8	0	0	0	0	0	0	0	0	15	0	0	0	0	0	0	0	0	0	0	0	0	0	0	0	0	0	0	0	0	0	0	0	0	0	13
assemblage-296-136	0	0	0	0	0	0	0	8	72	0	20	0	0	0	9	0	0	0	0	0	0	0	0	0	0	15	0	0	138	0	0	26	0	0	0	0	20	0	0	0	0	90	0	0	0	0	0	0	0	0	8	0	0	72	0	0	0	0	0	0	16	0	0	0	0	0	0	6
assemblage-609-214	0	0	0	0	0	0	0	0	0	13	340	0	0	0	0	0	0	0	0	0	0	0	0	0	0	6	0	0	0	0	0	0	0	0	0	0	0	0	0	0	0	0	0	0	0	0	0	0	0	0	115	0	0	0	0	0	0	0	0	0	0	0	0	0	0	0	0	26
assemblage-526-929	0	0	0	0	0	0	0	0	0	0	37	0	0	0	68	0	0	0	0	0	0	0	0	0	0	0	0	0	19	0	0	142	0	0	0	0	0	0	0	0	0	89	0	0	0	0	0	0	0	0	32	0	0	19	0	0	0	0	16	0	63	0	0	0	0	0	0	15
assemblage-950-251	0	0	0	0	0	0	0	0	0	0	250	0	0	0	42	0	0	0	0	0	0	0	0	0	0	80	0	15	8	0	0	48	0	0	0	0	0	0	0	0	0	33	0	0	0	0	0	0	0	0	2	0	0	0	0	0	0	0	0	0	0	0	0	0	0	0	0	22
assemblage-663-393	0	0	0	0	0	0	0	0	0	0	433	0	0	0	0	0	0	0	0	0	0	0	0	0	0	6	0	0	0	0	0	0	0	0	0	0	0	0	0	5	0	0	0	0	0	0	0	0	0	0	47	0	0	0	0	0	0	0	0	0	0	0	0	0	0	0	0	9
assemblage-1000-339	0	0	0	0	0	0	0	0	0	0	282	0	0	0	0	0	0	0	0	0	0	0	0	0	25	60	0	0	0	0	0	18	0	0	0	0	0	0	0	0	0	0	0	0	0	0	0	0	0	0	61	0	0	0	0	0	0	0	0	0	0	0	41	0	0	0	0	13
assemblage-154-592	0	0	0	0	0	0	0	0	0	0	393	0	0	0	0	0	0	0	0	0	0	0	0	0	0	18	0	0	0	0	0	0	0	0	0	0	0	0	0	12	0	0	0	0	0	0	0	0	0	0	66	0	0	0	0	0	0	0	0	0	0	0	0	0	0	0	0	11
assemblage-181-932	0	0	0	0	0	4	0	0	0	0	129	0	0	0	0	0	0	0	0	0	0	0	0	0	0	187	0	0	0	0	0	90	0	0	0	0	0	0	0	0	0	0	0	0	0	0	0	0	0	0	77	0	0	0	0	0	0	0	0	0	0	0	0	0	0	0	0	13
assemblage-343-236	0	0	0	0	0	0	0	0	0	54	238	0	0	0	0	0	0	0	0	0	0	0	0	0	0	4	0	0	0	64	0	91	0	0	0	0	0	0	0	0	0	0	0	0	0	0	0	0	0	0	16	0	16	0	0	0	0	0	0	0	0	0	2	0	0	0	0	15
assemblage-152-958	0	0	0	0	0	0	0	0	0	0	393	0	0	0	0	0	0	0	0	0	5	0	0	0	0	45	0	0	0	0	0	0	0	0	0	0	0	0	0	0	0	0	0	0	0	0	0	0	0	10	34	0	0	0	0	0	0	0	0	0	0	0	0	0	0	0	0	13
assemblage-503-944	0	0	0	0	0	0	0	0	0	0	36	0	0	0	68	0	0	0	0	0	0	0	0	0	0	0	0	0	27	0	0	102	0	0	0	0	0	0	0	0	0	105	0	0	0	0	0	0	0	0	35	0	0	25	0	0	0	0	21	0	75	0	0	0	0	0	0	6
assemblage-150-176	0	0	0	0	0	0	0	0	39	0	39	0	0	0	106	0	0	0	13	0	0	0	0	0	0	61	0	0	195	0	0	0	14	0	0	0	0	0	0	0	0	12	0	0	0	0	0	0	0	0	0	0	0	0	0	0	0	0	0	0	9	0	0	0	0	0	0	12
assemblage-537-763	0	0	0	0	0	0	7	0	0	0	114	0	0	0	47	0	0	0	0	0	0	0	0	0	0	49	0	0	56	0	0	9	0	0	0	0	0	0	0	0	0	8	0	0	0	0	0	0	0	0	67	0	0	14	0	0	0	0	0	0	108	0	0	0	0	0	0	21
assemblage-911-277	0	0	0	0	0	0	0	0	0	0	134	0	0	0	7	0	0	0	0	0	0	0	0	0	0	97	0	0	0	0	0	139	0	0	0	0	0	0	0	0	0	0	0	0	0	0	0	12	0	0	53	0	0	0	0	0	0	0	0	0	0	0	48	0	0	0	0	10
assemblage-500-534	0	0	0	0	0	0	0	0	0	0	41	0	36	0	42	0	0	0	0	0	0	0	0	0	0	121	0	0	67	0	0	54	0	0	0	0	0	0	0	0	0	2	0	0	0	0	0	0	0	0	5	0	0	48	0	0	0	0	0	0	81	0	0	0	0	0	0	3
assemblage-594-237	0	0	0	0	0	0	0	0	0	83	238	0	0	0	0	0	0	0	0	0	0	0	0	14	0	49	0	0	0	7	0	59	0	0	0	0	0	0	0	0	0	0	0	0	0	0	0	0	0	0	39	0	0	0	0	0	0	0	0	0	0	0	0	0	0	0	0	11
assemblage-790-466	0	0	0	0	0	0	0	0	0	0	196	0	14	0	22	0	19	0	0	0	0	0	0	0	0	127	0	0	37	0	0	29	0	0	0	2	0	0	0	0	0	7	0	0	0	0	0	0	0	0	6	0	0	0	0	0	0	0	0	0	23	0	0	0	11	0	0	7
assemblage-235-826	0	0	0	0	0	0	0	0	62	0	25	0	0	0	19	0	0	0	0	0	0	0	0	0	0	22	0	0	138	0	0	25	0	0	0	0	14	0	0	0	0	91	0	0	0	0	0	0	0	0	8	0	0	73	0	0	0	0	0	0	14	0	0	0	0	0	0	9
assemblage-585-209	0	0	0	0	0	0	0	0	0	10	375	0	0	0	0	0	0	0	0	0	0	0	0	0	0	6	0	0	0	0	0	0	0	0	0	0	0	0	0	0	0	0	0	0	0	0	0	0	0	0	87	0	0	0	0	0	0	0	0	0	0	0	0	0	0	0	0	22
assemblage-285-119	18	0	0	0	0	0	0	0	18	0	70	0	0	0	11	0	0	0	0	0	0	0	0	0	0	53	0	0	132	0	0	0	0	0	0	0	0	0	0	0	0	40	0	0	0	0	0	0	0	0	0	0	0	41	0	0	0	0	0	0	112	0	0	0	0	0	0	5
assemblage-936-250	0	0	0	0	0	0	0	0	0	0	165	0	18	0	14	0	21	0	0	0	0	0	0	0	0	139	0	0	37	0	0	31	0	0	0	6	0	0	0	0	0	13	0	0	0	0	0	0	0	0	12	0	0	0	0	0	0	0	0	0	23	0	0	0	14	0	0	7
assemblage-988-353	0	0	0	0	0	0	0	0	0	0	260	0	0	0	0	0	0	0	0	0	0	0	0	0	0	47	0	0	0	0	0	65	0	0	0	0	0	0	0	0	0	0	0	0	0	0	0	0	0	0	96	0	0	0	0	0	0	0	0	0	0	20	0	0	0	0	0	12
assemblage-692-481	0	0	0	0	0	0	0	0	0	0	417	0	0	0	0	0	0	0	0	0	0	0	0	0	0	6	0	0	0	0	0	0	0	0	0	0	0	0	0	8	0	0	0	0	0	0	0	0	0	0	54	0	0	0	0	0	0	0	0	0	0	0	0	0	0	0	0	15
assemblage-497-531	0	0	0	0	0	0	0	0	0	0	164	0	0	0	24	0	0	0	0	0	0	0	0	0	0	6	0	0	103	0	0	22	0	0	0	0	0	0	0	0	0	89	0	0	0	0	0	0	0	0	21	0	0	9	0	0	0	0	0	43	8	0	0	0	0	0	0	11
assemblage-604-675	0	0	0	0	0	0	5	0	0	0	122	0	0	0	59	0	0	0	0	0	0	0	0	0	0	52	0	0	49	0	0	16	0	8	0	0	0	0	0	0	0	3	0	0	0	0	0	0	0	0	50	0	0	14	0	0	0	0	0	0	115	0	0	0	0	0	0	7
assemblage-481-156	0	0	0	0	0	0	0	0	0	0	16	0	32	0	46	0	0	0	0	0	0	0	0	0	0	98	0	0	79	0	0	51	0	0	0	0	0	0	0	0	0	0	0	0	0	0	0	0	1	0	8	0	0	39	0	0	0	0	0	0	106	0	0	0	0	0	0	24
assemblage-465-144	0	0	0	0	0	0	0	0	4	0	82	0	0	0	85	0	0	0	0	0	0	0	0	0	0	0	0	0	32	0	0	181	0	0	0	0	0	0	0	0	0	28	0	0	0	0	0	0	0	0	6	0	0	13	0	0	0	0	0	0	57	0	0	0	0	0	0	12
assemblage-607-238	0	0	0	0	0	0	0	0	0	52	390	0	0	0	0	0	0	0	0	0	0	0	0	8	0	12	0	0	0	0	0	10	0	0	0	0	0	0	0	0	0	0	0	0	0	0	0	0	0	0	22	0	0	0	0	0	0	0	0	0	0	0	0	0	0	0	0	6
assemblage-508-917	0	0	0	0	0	0	0	0	13	0	66	0	0	0	95	0	0	0	0	0	0	0	0	0	0	62	0	0	26	0	0	11	0	0	0	0	0	0	0	0	0	87	0	0	0	0	0	0	0	0	10	0	0	97	0	0	0	0	0	0	29	0	0	0	0	0	0	4
assemblage-806-986	0	0	0	0	0	0	0	0	0	0	123	0	0	0	7	0	0	0	0	0	0	0	0	0	0	110	0	0	0	0	0	118	0	0	0	0	0	0	0	0	0	0	0	0	0	0	0	0	0	0	76	0	0	0	0	0	0	0	0	0	0	0	44	0	0	0	0	22
assemblage-666-410	0	0	0	0	0	0	0	0	0	0	278	0	0	0	0	0	0	0	0	0	0	0	0	0	0	100	0	0	0	0	0	15	0	0	0	0	0	0	0	0	8	0	0	0	0	0	0	0	0	0	91	0	0	0	0	0	0	0	0	0	0	0	0	0	0	0	0	8
assemblage-667-848	0	0	0	0	9	0	0	0	0	0	128	0	0	0	11	0	0	0	0	0	0	0	0	0	0	76	0	0	0	0	0	121	0	0	0	0	0	0	0	0	0	13	0	0	0	0	0	13	0	0	97	0	0	0	0	0	7	0	0	0	0	0	0	0	0	0	0	25
assemblage-763-893	0	0	0	0	0	0	0	0	94	0	81	0	0	0	15	0	0	0	0	0	0	0	0	0	0	98	0	0	59	0	0	0	0	0	0	0	0	0	0	0	0	0	0	0	0	0	0	0	0	0	0	0	0	52	0	0	0	0	4	0	96	0	0	0	0	0	0	1
assemblage-991-355	0	0	0	0	0	0	0	0	0	52	241	0	0	0	0	0	0	0	0	0	0	0	0	0	0	10	0	0	0	54	0	86	0	0	0	0	0	0	0	0	0	0	0	0	0	0	0	0	0	0	27	0	11	0	0	0	0	0	0	0	0	0	8	0	0	0	0	11
assemblage-711-905	0	0	0	0	0	0	0	0	0	0	195	0	0	0	0	0	0	0	0	0	0	0	0	0	0	5	0	0	0	0	0	170	0	0	0	0	0	0	0	0	0	0	0	0	0	0	0	0	0	0	115	0	0	0	0	0	0	0	0	0	0	0	0	0	0	0	0	15
assemblage-405-331	0	0	0	0	0	0	0	0	0	66	270	0	0	0	0	0	0	0	0	0	0	0	0	11	0	42	0	0	0	0	0	52	0	0	0	0	0	0	0	0	0	0	0	0	0	0	0	0	0	0	46	0	0	0	0	0	0	0	0	0	0	0	0	0	0	0	0	13
assemblage-267-347	0	0	0	0	0	0	0	0	0	0	275	0	0	0	0	0	0	0	0	0	0	0	0	0	28	70	0	0	0	0	0	16	0	0	0	0	0	0	0	0	0	0	0	0	0	0	0	0	0	0	60	0	0	0	0	0	0	0	0	0	0	0	34	0	0	0	0	17
assemblage-702-912	0	0	0	0	0	0	0	0	0	0	275	0	0	0	0	0	0	0	0	0	0	0	0	0	32	67	0	0	0	0	0	21	0	0	0	0	0	0	0	0	0	0	0	0	0	0	0	0	0	0	64	0	0	0	0	0	0	0	0	0	0	0	31	0	0	0	0	10
assemblage-520-527	0	0	0	0	0	0	0	6	0	0	128	0	0	0	58	0	0	0	0	0	0	0	0	0	0	62	0	0	58	0	0	16	0	0	0	0	0	0	0	0	0	10	0	0	0	0	0	0	0	0	40	0	0	17	0	0	0	0	0	0	92	0	0	0	0	0	0	13
assemblage-471-319	0	0	0	0	0	0	0	0	0	0	0	0	0	0	0	0	0	0	0	0	0	0	0	0	0	0	0	0	372	0	0	0	0	0	0	0	0	0	0	0	0	0	0	0	0	0	0	0	0	0	0	0	0	0	0	0	0	0	0	0	116	0	0	0	0	0	0	12
assemblage-302-569	0	0	0	0	0	0	0	0	0	9	285	0	0	0	0	0	0	0	0	0	0	0	0	0	0	69	0	0	0	0	0	51	0	0	0	0	0	0	0	0	0	0	0	0	0	0	0	0	0	0	82	0	0	0	0	0	0	0	0	0	0	0	0	0	0	0	0	4
assemblage-499-512	0	0	0	0	0	0	13	0	0	0	145	0	0	0	49	0	0	0	0	0	0	0	0	0	0	56	0	0	36	0	0	15	0	3	0	0	0	0	0	0	0	15	0	0	0	0	0	0	0	0	36	0	0	15	0	0	0	0	0	0	108	0	0	0	0	0	0	9
assemblage-230-157	0	0	0	0	0	0	0	0	0	0	0	0	0	0	182	0	0	0	0	0	0	0	0	0	0	107	0	0	0	0	0	72	0	0	12	0	0	0	0	0	0	120	0	0	0	0	0	0	0	0	0	0	0	0	0	0	0	0	0	0	0	0	0	0	0	0	0	7
assemblage-891-274	0	0	0	0	0	0	0	0	0	0	147	0	0	0	28	0	0	0	0	0	0	0	0	0	0	8	0	0	0	57	0	167	0	0	0	0	0	0	0	0	0	0	0	0	0	0	0	0	0	0	44	0	0	0	0	13	0	0	0	0	0	0	0	0	0	0	0	36
assemblage-371-808	0	0	0	0	0	0	0	0	0	0	389	0	0	0	0	0	0	0	0	0	0	0	0	0	0	39	0	0	0	0	0	3	0	0	0	0	0	0	0	0	0	0	0	0	0	0	0	0	0	0	51	0	0	0	0	0	0	0	0	0	0	0	0	0	0	0	0	18
assemblage-916-1002	0	0	0	0	0	0	0	5	94	0	17	0	0	0	6	0	0	0	0	0	0	0	0	0	0	26	0	0	130	0	0	18	0	0	0	0	22	0	0	0	0	91	0	0	0	0	0	0	0	0	8	0	0	65	0	0	0	0	0	0	12	0	0	0	0	0	0	6
assemblage-575-740	0	0	0	0	0	0	0	0	0	0	77	0	0	0	104	0	0	0	0	0	0	0	0	0	0	0	0	0	18	0	0	187	0	0	0	0	0	0	0	0	0	36	0	0	0	0	0	0	0	0	9	0	0	11	0	0	0	0	0	0	44	0	0	0	0	0	0	14
assemblage-799-965	0	0	0	0	0	0	0	0	0	0	154	0	0	0	19	0	0	0	0	0	0	0	0	0	0	11	0	0	0	57	0	174	0	0	0	4	0	0	0	0	0	0	0	0	0	0	0	0	0	0	42	0	0	0	0	24	0	0	0	0	0	0	0	0	0	0	0	15
assemblage-599-246	0	0	0	0	0	0	0	0	0	51	309	0	0	0	0	0	0	0	0	0	0	0	0	6	0	34	0	0	0	0	0	34	0	0	0	0	0	0	0	0	0	0	0	0	0	0	0	0	0	0	51	0	0	0	0	0	0	0	0	0	0	0	0	0	0	0	0	15
assemblage-398-355	0	0	0	0	0	0	0	0	0	83	348	0	0	0	0	0	0	0	0	0	0	0	0	0	0	10	0	0	0	0	0	5	0	0	0	0	0	0	0	0	0	0	0	0	0	0	0	0	0	0	38	0	0	0	0	0	0	0	0	0	0	0	0	0	0	0	0	16
assemblage-526-569	0	0	0	0	0	11	0	0	0	0	295	0	0	21	0	0	0	0	0	0	0	0	0	0	0	84	0	0	0	0	0	0	0	0	0	0	0	0	19	42	0	0	0	0	0	0	0	0	0	0	27	0	0	0	0	0	0	0	0	0	0	0	0	0	0	0	0	1
assemblage-509-534	0	0	0	0	0	0	9	0	0	0	141	0	0	0	50	0	0	0	0	0	0	0	0	0	0	40	0	0	41	0	0	13	0	0	0	0	0	0	0	0	0	3	0	0	0	0	0	0	0	0	61	0	0	15	0	0	0	0	0	0	115	0	0	0	0	0	0	12
assemblage-675-257	0	0	0	0	0	0	0	0	0	0	406	0	0	0	0	0	0	0	0	0	0	0	0	0	0	35	0	0	0	0	0	0	0	0	0	0	0	0	0	0	0	0	0	0	0	0	0	0	0	0	40	0	0	0	0	0	0	0	0	0	0	0	0	0	0	0	0	19
assemblage-612-218	0	0	0	0	0	0	0	0	0	3	359	0	0	0	0	0	0	0	0	0	0	0	0	0	0	11	0	0	0	0	0	9	0	0	0	0	0	8	0	0	0	0	0	0	0	0	0	0	0	0	105	0	0	0	0	0	0	0	0	0	0	0	0	0	0	0	0	5
assemblage-525-913	0	0	0	0	0	0	0	0	0	0	27	0	0	0	69	0	0	0	0	0	0	0	0	0	0	3	0	0	30	0	0	105	0	0	0	0	0	0	0	0	0	117	0	0	0	0	0	0	0	0	34	0	0	18	0	0	0	0	15	0	75	0	0	0	0	0	0	7
assemblage-164-933	0	0	0	0	0	0	0	0	0	0	361	0	0	0	0	0	0	0	0	0	0	0	0	0	0	51	0	0	0	0	0	0	0	0	0	0	0	0	0	0	0	0	0	0	0	0	0	0	0	0	68	0	0	0	0	0	0	0	0	0	0	0	0	0	0	0	0	20
assemblage-470-127	0	0	0	0	0	0	0	0	0	0	74	0	0	0	101	0	0	0	0	0	0	0	0	0	0	0	0	0	26	0	0	177	0	0	0	0	0	0	0	0	0	50	0	0	0	0	0	0	0	0	7	0	0	9	0	0	0	0	0	0	51	0	0	0	0	0	0	5
assemblage-257-856	0	0	0	0	0	0	0	0	33	0	42	0	0	0	43	0	0	0	0	0	0	0	0	0	0	26	0	0	78	0	0	36	0	0	0	0	6	0	0	0	0	93	0	0	0	0	0	0	0	0	15	0	0	61	0	0	0	0	0	0	47	0	0	0	0	0	0	20
assemblage-782-467	0	0	0	0	7	0	0	0	0	0	80	0	0	0	19	0	0	0	0	0	0	0	0	0	0	35	0	0	88	6	0	75	0	0	0	0	0	0	0	0	0	11	0	0	0	0	0	0	0	0	60	0	0	15	0	0	34	0	0	0	58	0	0	0	0	0	0	12
assemblage-540-938	16	0	0	0	0	0	0	0	24	0	62	0	0	0	12	0	0	0	0	0	0	0	0	0	0	46	0	0	119	0	0	0	0	0	0	0	0	0	0	0	0	65	0	0	0	0	0	0	0	0	0	0	0	67	0	0	0	0	0	0	79	0	0	0	0	0	0	10
assemblage-477-336	0	0	0	0	0	0	0	0	0	0	0	0	0	0	0	0	0	0	0	0	0	0	0	0	0	0	0	0	371	0	0	0	0	0	0	0	0	0	0	0	0	0	0	0	0	0	0	0	0	0	0	0	0	0	0	0	0	0	0	0	121	0	0	0	0	0	0	8
assemblage-370-281	0	0	0	0	0	0	0	0	69	0	30	0	0	0	95	0	0	0	0	0	0	0	0	0	0	51	0	0	101	0	0	20	0	0	0	0	0	0	0	0	0	61	0	0	0	0	0	0	0	0	0	0	0	12	0	0	0	0	13	0	37	0	0	0	0	0	0	11
assemblage-672-407	0	0	0	0	0	0	0	0	0	0	250	0	0	0	0	0	0	0	0	0	0	0	0	0	0	122	0	0	0	0	0	23	0	0	0	0	0	0	0	0	0	0	0	0	2	0	0	0	0	0	92	0	0	0	0	0	0	0	0	0	0	0	0	0	0	0	0	11
assemblage-928-1006	0	0	0	0	0	0	0	0	0	0	35	0	0	0	83	0	0	0	0	0	0	0	0	0	0	4	0	0	18	0	0	106	0	0	0	0	0	0	0	0	0	124	0	0	0	0	0	0	0	0	28	0	0	16	0	0	0	0	13	0	65	0	0	0	0	0	0	8
assemblage-250-872	8	0	0	0	0	0	0	0	30	0	75	0	0	0	6	0	0	0	0	0	0	0	0	0	0	53	0	0	140	0	0	0	0	0	0	0	0	0	0	0	0	44	0	0	0	0	0	0	0	0	0	0	0	51	0	0	0	0	0	0	83	0	0	0	0	0	0	10
assemblage-510-572	0	0	0	0	0	0	0	0	0	0	399	0	0	0	0	0	0	0	0	0	8	0	0	0	0	49	0	0	0	0	0	0	0	0	0	0	0	0	0	5	0	0	0	0	0	0	0	0	0	4	32	0	0	0	0	0	0	0	0	0	0	0	0	0	0	0	0	3
assemblage-673-388	0	0	0	0	0	0	0	0	0	0	269	0	0	0	0	0	0	0	0	0	0	0	0	0	0	127	0	0	0	0	0	15	0	0	0	0	0	0	0	0	0	0	0	0	0	0	0	0	0	0	79	0	0	0	0	0	0	0	0	0	0	0	0	0	0	0	0	10
assemblage-288-575	0	0	0	0	0	0	0	0	0	34	399	0	0	0	0	0	0	0	0	0	0	0	0	10	0	8	0	0	0	0	0	10	0	0	0	0	0	0	0	0	0	0	0	0	0	0	0	0	0	0	29	0	0	0	0	0	0	0	0	0	0	0	0	0	0	0	0	10
assemblage-356-329	0	0	0	0	0	0	0	0	0	41	400	0	0	0	0	0	0	0	0	0	0	0	0	9	0	10	0	0	0	0	0	9	0	0	0	0	0	0	0	0	0	0	0	0	0	0	0	0	0	0	18	0	0	0	0	0	0	0	0	0	0	0	0	0	0	0	0	13
assemblage-935-1004	0	0	0	0	0	0	0	0	0	0	35	0	0	0	54	0	0	0	0	0	0	0	0	0	0	0	0	0	23	0	0	135	0	0	0	0	0	0	0	0	0	117	0	0	0	0	0	0	0	0	40	0	0	13	0	0	0	0	11	0	66	0	0	0	0	0	0	6
assemblage-988-336	0	0	0	0	0	0	0	0	0	39	236	0	0	0	0	0	0	0	0	0	0	0	0	0	0	0	0	0	0	66	0	97	0	0	0	0	0	0	0	0	0	0	0	0	0	0	0	0	0	0	24	0	20	0	0	0	0	0	0	0	0	0	0	0	0	0	0	18
assemblage-344-220	0	0	0	0	0	0	0	0	0	0	185	0	0	0	0	0	0	0	0	0	0	0	0	0	0	8	0	0	0	0	0	155	0	0	0	0	0	0	0	0	0	0	0	0	0	0	0	0	0	0	133	0	0	0	0	0	0	0	0	0	0	0	0	0	0	0	0	19
assemblage-352-266	0	0	0	0	0	0	0	0	60	0	30	0	0	0	80	0	0	0	0	0	0	0	0	0	0	35	0	0	8	0	0	30	0	0	0	0	0	0	0	0	0	136	0	0	0	0	0	0	0	0	8	0	0	0	0	0	0	0	33	0	73	0	0	0	0	0	0	7
assemblage-261-343	0	0	0	0	0	0	0	0	0	0	249	0	0	0	0	0	0	0	0	0	0	0	0	0	0	52	0	0	0	0	0	55	0	0	0	0	0	0	0	0	0	0	0	0	0	0	0	0	0	0	110	0	0	0	0	0	0	0	0	0	0	22	0	0	0	0	0	12
assemblage-793-991	0	0	0	0	0	0	0	0	0	0	123	0	0	0	6	0	0	0	0	0	0	0	0	0	0	80	0	0	0	0	0	144	0	0	0	2	0	0	0	0	0	15	0	0	0	0	0	10	0	0	96	0	0	0	0	0	5	0	0	0	0	0	0	0	0	0	0	19
assemblage-689-249	0	0	0	0	0	9	0	0	0	0	274	0	0	10	0	0	0	0	0	0	0	0	0	0	0	85	0	0	0	0	0	0	0	0	0	0	0	0	26	62	0	0	0	0	0	0	0	0	0	0	31	0	0	0	0	0	0	0	0	0	0	0	0	0	0	0	0	3
assemblage-923-976	0	0	0	0	0	0	0	0	0	0	40	0	0	0	63	0	0	0	0	0	0	0	0	0	0	0	0	0	15	0	0	112	0	0	0	0	0	0	0	0	0	122	0	0	0	0	0	0	0	0	36	0	0	19	0	0	0	0	16	0	68	0	0	0	0	0	0	9
assemblage-178-167	0	0	0	0	0	0	0	0	77	0	31	0	0	0	67	0	0	0	0	0	0	0	0	0	0	21	0	0	31	0	0	33	0	0	0	0	0	0	0	0	0	137	0	0	0	0	0	0	0	0	7	0	0	0	0	0	0	0	32	0	58	0	0	0	0	0	0	6
assemblage-562-744	0	0	0	0	0	0	6	0	0	0	123	0	0	0	61	0	0	0	0	0	0	0	0	0	0	48	0	0	36	0	0	14	0	14	0	0	0	0	0	0	0	7	0	0	0	0	0	0	0	0	35	0	0	19	0	0	0	0	0	0	131	0	0	0	0	0	0	6
assemblage-263-346	0	0	0	0	0	0	0	0	0	0	247	0	0	0	0	0	0	0	0	0	0	0	0	0	0	56	0	0	0	0	0	60	0	0	0	0	0	0	0	0	0	0	0	0	0	0	0	0	0	0	94	0	0	0	0	0	0	0	0	0	0	18	0	0	0	0	0	25
assemblage-667-407	0	0	0	0	0	0	0	0	0	3	367	0	0	0	0	0	0	0	0	0	0	0	0	0	0	9	0	0	0	0	0	0	0	0	0	0	0	4	0	0	0	0	0	0	0	0	0	0	0	0	101	0	0	0	0	0	0	0	0	0	0	0	0	0	0	0	0	16
assemblage-471-161	0	8	0	0	0	0	0	0	0	0	171	0	0	0	23	0	0	0	0	0	0	0	0	0	0	0	0	0	91	0	0	21	0	0	0	0	0	0	0	0	0	103	0	0	0	0	0	0	0	0	22	0	0	15	0	0	0	0	0	28	17	0	0	0	0	0	0	1
assemblage-955-695	0	0	0	0	0	0	0	0	0	0	259	0	0	0	33	0	8	0	0	0	0	0	0	0	0	79	0	12	10	0	0	49	0	0	0	0	0	0	0	0	0	31	0	0	0	0	0	0	0	0	0	0	0	0	0	0	0	0	0	7	0	0	0	0	0	0	0	12
assemblage-562-770	0	0	0	0	0	0	0	0	0	0	77	0	0	0	101	0	0	0	0	0	0	0	0	0	0	0	0	0	15	0	0	172	0	0	0	0	0	0	0	0	0	50	0	0	0	0	0	0	0	0	1	0	0	12	0	0	0	0	0	0	59	0	0	0	0	0	0	13
assemblage-809-982	0	0	0	0	0	0	0	0	0	0	285	0	0	0	0	0	0	0	0	0	0	0	0	0	0	45	0	0	0	0	0	113	0	0	0	0	0	0	0	0	0	16	0	0	0	0	0	0	0	0	0	0	0	0	0	0	0	0	0	0	0	0	0	18	0	0	0	23
assemblage-594-250	0	0	0	0	0	0	0	0	0	90	326	0	0	0	0	0	0	0	0	0	0	0	8	0	0	13	0	0	0	0	0	8	0	0	0	0	0	0	0	0	0	0	0	0	0	0	0	0	0	0	36	0	0	0	0	0	0	0	0	0	0	0	0	0	0	0	0	19
assemblage-491-357	0	0	0	0	0	0	0	0	0	0	0	0	0	0	0	0	0	0	0	0	0	0	0	0	0	0	0	0	342	0	0	0	0	0	0	0	0	0	0	0	0	0	0	0	0	0	0	0	0	0	0	0	0	0	0	0	0	0	0	0	142	0	0	0	0	0	0	16
assemblage-491-516	0	0	0	0	0	0	13	0	0	0	127	0	0	0	46	0	0	0	0	0	0	0	0	0	0	71	0	0	45	0	0	11	0	0	0	0	0	0	0	0	0	17	0	0	0	0	0	0	0	0	43	0	0	12	0	0	0	0	0	0	102	0	0	0	0	0	0	13
assemblage-340-344	0	0	0	0	0	0	0	0	0	39	395	0	0	0	0	0	0	0	0	0	0	0	0	4	0	0	0	0	0	0	0	7	0	0	0	0	0	0	0	0	0	0	0	0	0	0	0	0	0	0	35	0	0	0	0	0	0	0	0	0	0	0	0	0	0	0	0	20
assemblage-921-684	0	0	0	0	0	0	0	0	0	0	164	0	6	0	91	0	0	6	0	0	0	0	0	0	0	15	0	0	14	0	0	118	0	0	0	0	0	0	0	0	0	0	0	0	0	0	0	0	0	0	0	0	0	0	0	0	0	0	0	0	66	0	0	0	0	0	0	20
assemblage-900-267	0	0	0	0	0	0	0	0	0	0	145	0	0	0	7	0	0	0	0	0	0	0	0	0	0	92	0	0	0	0	0	105	0	0	0	0	0	0	0	0	0	0	0	0	0	0	0	15	0	0	78	0	0	0	0	0	0	0	0	0	0	0	37	0	0	0	0	21
assemblage-709-471	0	0	0	0	0	0	0	0	0	0	369	0	0	0	0	0	0	0	0	0	0	0	0	0	0	20	0	0	0	0	0	24	0	0	0	0	0	0	0	0	0	0	0	0	0	0	0	0	0	0	82	0	0	0	0	0	0	0	0	0	0	0	0	0	0	0	0	5
assemblage-291-540	0	0	0	0	0	0	0	0	0	0	136	0	0	0	15	0	0	0	0	0	0	0	0	0	0	95	0	0	0	0	0	124	0	0	0	0	0	0	0	0	0	18	0	0	0	0	0	5	0	0	73	0	0	0	0	0	10	0	0	0	0	0	0	0	0	0	0	24
assemblage-532-565	0	0	0	0	0	13	0	0	0	0	273	0	0	14	0	0	0	0	0	0	0	0	0	0	0	64	0	0	0	0	0	0	0	0	0	0	0	0	27	75	0	0	0	0	0	0	0	0	0	0	30	0	0	0	0	0	0	0	0	0	0	0	0	0	0	0	0	4
assemblage-602-233	0	0	0	0	0	0	0	0	0	0	424	0	0	0	0	0	0	0	0	0	0	0	0	0	0	8	0	0	0	0	0	0	0	0	0	0	0	0	0	0	0	0	0	0	0	0	0	0	0	0	46	0	0	0	0	0	0	0	0	0	0	0	0	0	0	0	0	22
assemblage-868-416	0	0	0	0	0	0	0	0	0	0	185	0	4	0	75	0	0	6	0	0	0	0	0	0	0	5	0	0	14	0	0	125	0	0	0	0	0	0	0	0	0	4	0	0	0	0	0	0	0	0	0	0	0	0	0	0	0	0	0	0	66	0	0	0	0	0	0	16
assemblage-164-945	0	0	0	0	0	0	0	0	0	0	384	0	0	0	0	0	0	0	0	0	8	0	0	0	0	71	0	0	0	0	0	0	0	0	0	0	0	0	0	0	0	0	0	0	0	0	0	0	0	4	27	0	0	0	0	0	0	0	0	0	0	0	0	0	0	0	0	6
assemblage-609-673	0	0	0	0	0	0	0	0	0	0	192	0	0	0	31	0	0	0	0	0	0	0	0	0	0	6	0	0	71	0	0	29	0	0	0	0	0	0	0	0	0	97	0	0	0	0	0	0	0	0	12	0	0	7	0	0	0	0	0	39	7	0	0	0	0	0	0	9
assemblage-361-255	0	0	0	0	0	0	0	0	36	0	31	0	0	0	118	0	0	0	15	0	0	0	0	0	0	63	0	0	205	0	0	0	7	0	0	0	0	0	0	0	0	17	0	0	0	0	0	0	0	0	0	0	0	0	0	0	0	0	0	0	0	0	0	0	0	0	0	8
assemblage-194-177	0	0	0	0	0	0	0	0	0	0	0	0	0	0	182	0	0	0	0	0	0	0	0	0	0	115	0	0	0	0	0	48	0	0	10	0	0	0	0	0	0	132	0	0	0	0	0	0	0	0	0	0	0	0	0	0	0	0	0	0	0	0	0	0	0	0	0	13
assemblage-906-535	0	0	0	0	0	0	0	0	0	0	5	0	0	0	58	0	0	0	0	0	0	0	0	0	0	367	0	0	0	0	0	0	0	0	0	0	0	0	0	0	0	0	0	8	0	0	0	0	0	0	0	0	0	0	0	0	0	0	54	0	0	0	0	0	0	0	0	8
assemblage-915-529	0	0	0	0	0	0	0	0	0	0	11	0	0	0	30	0	0	0	0	0	0	0	0	0	0	357	0	0	0	0	0	0	0	0	0	0	0	0	0	0	0	0	0	20	0	0	0	0	0	0	0	0	0	0	0	0	0	0	76	0	0	0	0	0	0	0	0	6
assemblage-518-548	0	0	0	0	0	14	0	0	0	0	302	0	0	11	0	0	0	0	0	0	0	0	0	0	0	66	0	0	0	0	0	0	0	0	0	0	0	0	26	44	0	0	0	0	0	0	0	0	0	0	32	0	0	0	0	0	0	0	0	0	0	0	0	0	0	0	0	5
assemblage-699-475	0	0	0	0	0	0	0	0	0	0	231	0	0	0	0	0	0	0	0	0	0	0	0	0	0	125	0	0	0	0	0	16	0	0	0	0	0	0	0	0	7	0	0	0	0	0	0	0	0	0	107	0	0	0	0	0	0	0	0	0	0	0	0	0	0	0	0	14
assemblage-919-1011	10	0	0	0	0	0	0	0	32	0	60	0	0	0	9	0	0	0	0	0	0	0	0	0	0	50	0	0	144	0	0	0	0	0	0	0	0	0	0	0	0	61	0	0	0	0	0	0	0	0	0	0	0	41	0	0	0	0	0	0	87	0	0	0	0	0	0	6
assemblage-458-160	0	0	0	0	0	0	0	0	0	0	68	0	0	0	100	0	0	0	0	0	0	0	0	0	0	0	0	0	22	0	0	182	0	0	0	0	0	0	0	0	0	48	0	0	0	0	0	0	0	0	13	0	0	18	0	0	0	0	0	0	44	0	0	0	0	0	0	5
assemblage-247-871	0	0	0	0	0	0	0	0	16	0	76	0	0	0	92	0	0	0	0	0	0	0	0	0	0	62	0	0	23	0	0	12	0	0	0	0	0	0	0	0	0	102	0	0	0	0	0	0	0	0	5	0	0	80	0	0	0	0	0	0	28	0	0	0	0	0	0	4
assemblage-760-869	0	0	0	0	0	0	0	0	89	0	6	0	0	0	131	0	0	0	0	5	0	0	0	0	0	22	0	0	117	0	0	36	0	0	0	0	0	0	0	0	0	62	13	0	0	0	0	0	0	0	0	0	0	0	0	0	0	0	0	0	13	0	0	0	0	0	0	6
assemblage-253-215	0	0	14	0	0	0	0	0	270	0	0	20	0	0	0	0	0	0	0	0	0	0	0	0	0	0	0	0	4	0	11	0	0	0	0	0	0	0	0	0	0	0	0	0	0	0	0	0	0	0	0	0	0	0	0	0	0	0	0	0	176	0	0	0	0	0	0	5
assemblage-258-243	0	0	6	0	0	0	0	0	288	0	0	16	0	0	0	0	0	0	0	0	0	0	0	0	0	0	0	0	0	0	7	0	0	0	0	0	0	0	0	0	0	0	0	0	0	0	0	0	0	0	0	0	0	0	0	0	0	0	0	0	178	0	0	0	0	0	0	5
assemblage-229-848	0	0	0	0	0	0	0	0	74	0	18	0	0	0	6	0	0	0	0	0	0	0	0	0	0	18	0	0	163	0	0	28	0	0	0	0	30	0	0	0	0	71	0	0	0	0	0	0	0	0	9	0	0	56	0	0	0	0	0	0	14	0	0	0	0	0	0	13
assemblage-297-123	0	0	0	0	0	0	0	0	97	0	16	0	0	0	12	0	0	0	0	0	0	0	0	0	0	19	0	0	133	0	0	16	0	0	0	0	25	0	0	0	0	102	0	0	0	0	0	0	0	0	8	0	0	56	0	0	0	0	0	0	10	0	0	0	0	0	0	6
assemblage-262-855	0	0	0	0	0	0	0	0	13	0	68	0	0	0	85	0	0	0	0	0	0	0	0	0	0	52	0	0	30	0	0	22	0	0	0	0	0	0	0	0	0	102	0	0	0	0	0	0	0	0	7	0	0	87	0	0	0	0	0	0	23	0	0	0	0	0	0	11
assemblage-767-883	0	0	0	0	0	0	0	0	70	0	32	0	0	0	74	0	0	0	0	0	0	0	0	0	0	29	0	0	4	0	0	27	0	0	0	0	0	0	0	0	0	157	0	0	0	0	0	0	0	0	7	0	0	0	0	0	0	0	31	0	64	0	0	0	0	0	0	5
assemblage-790-480	0	0	0	0	0	0	0	0	0	0	170	0	12	0	97	0	0	0	0	0	0	0	0	0	0	11	0	0	18	0	0	123	0	0	0	0	0	0	0	0	0	7	0	0	0	0	0	0	0	0	0	0	0	0	0	0	0	0	0	0	49	0	0	0	0	0	0	13
assemblage-604-218	0	0	0	0	0	0	0	0	0	0	263	0	0	0	0	0	0	0	0	0	0	0	0	0	0	92	0	0	0	0	0	9	0	0	0	0	0	0	0	0	9	0	0	0	0	0	0	0	0	0	122	0	0	0	0	0	0	0	0	0	0	0	0	0	0	0	0	5
assemblage-356-798	0	0	0	0	0	0	0	0	0	0	161	0	0	0	0	0	0	0	0	0	0	0	0	0	0	197	0	0	0	0	0	76	0	0	0	0	0	0	0	0	0	0	0	0	0	0	0	0	0	0	60	0	0	0	0	0	0	0	0	0	0	0	0	0	0	0	0	6
assemblage-524-544	0	0	0	0	0	12	0	0	0	0	153	0	0	0	0	0	0	0	0	0	0	0	0	0	0	181	0	0	0	0	0	90	0	0	0	0	0	0	0	0	0	0	0	0	0	0	0	0	0	0	59	0	0	0	0	0	0	0	0	0	0	0	0	0	0	0	0	5
assemblage-713-902	0	0	0	0	0	0	0	0	0	0	225	0	0	0	0	0	0	0	0	0	0	0	0	0	0	55	0	0	0	0	0	58	0	0	0	0	0	0	0	0	0	0	0	0	0	0	0	0	0	0	118	0	0	0	0	0	0	9	0	0	0	25	0	0	0	0	0	10
assemblage-912-548	0	0	0	0	0	0	0	0	0	0	10	0	0	0	39	0	0	0	0	0	0	0	0	0	0	381	0	0	0	0	0	0	0	0	7	0	0	0	0	0	0	0	0	14	0	0	0	0	0	0	0	0	0	0	0	0	0	0	46	0	0	0	0	0	0	0	0	3
assemblage-414-339	0	0	0	0	0	0	0	0	0	26	251	0	0	0	0	0	0	0	0	0	0	0	0	0	0	64	0	0	0	7	0	61	0	0	0	0	0	0	0	0	0	0	0	0	0	0	0	0	0	0	87	0	0	0	0	0	0	0	0	0	0	0	0	0	0	0	0	4
assemblage-713-907	0	0	0	0	0	0	0	0	0	0	185	0	0	0	0	0	0	0	0	0	0	0	0	0	0	10	0	0	0	0	0	162	0	0	0	0	0	0	0	0	0	0	0	0	0	0	0	0	0	0	129	0	0	0	0	0	0	0	0	0	0	0	2	0	0	0	0	12
assemblage-499-537	0	0	0	0	0	0	0	0	0	0	80	0	0	0	101	0	0	0	0	0	0	0	0	0	0	0	0	0	17	0	0	155	0	0	0	0	0	0	0	0	0	50	0	0	0	0	0	0	0	0	9	0	0	26	0	0	0	0	0	0	52	0	0	0	0	0	0	10
assemblage-539-762	0	0	0	0	0	0	0	0	0	0	11	0	33	0	42	0	0	0	0	0	0	0	0	0	0	122	0	0	72	0	0	55	0	0	0	0	0	0	0	0	0	5	0	0	0	0	0	0	0	0	9	0	0	33	0	0	0	0	0	0	108	0	0	0	0	0	0	10
assemblage-599-228	0	0	0	0	0	0	0	0	0	95	351	0	0	0	0	0	0	0	0	0	0	0	3	0	0	0	0	0	0	0	0	0	0	0	0	0	0	0	0	0	0	0	0	0	0	0	0	0	0	0	32	0	5	0	0	0	0	0	0	0	0	0	0	0	0	0	0	14
assemblage-804-979	0	0	0	0	0	0	0	0	0	0	306	0	0	0	0	0	0	0	0	0	0	0	0	0	0	43	0	0	0	0	0	106	0	0	0	0	0	0	0	0	0	16	0	0	0	0	0	0	0	0	0	0	0	0	0	0	0	0	0	0	0	0	0	15	0	0	0	14
assemblage-784-478	0	0	0	0	0	0	0	0	0	0	186	0	18	0	13	0	39	0	0	0	0	0	0	0	0	128	0	0	25	0	0	21	0	0	0	5	0	0	0	0	0	10	0	0	0	0	0	0	0	0	16	0	0	0	0	0	0	0	0	0	23	0	0	0	11	0	0	5
assemblage-353-252	0	0	0	0	0	0	0	0	48	0	41	0	0	0	110	0	0	0	13	0	0	0	0	0	0	70	0	0	185	0	0	0	8	0	0	0	0	0	0	0	0	16	0	0	0	0	0	0	0	0	0	0	0	0	0	0	0	0	0	0	0	0	0	0	0	0	0	9
assemblage-608-642	0	0	0	0	0	0	0	0	0	0	115	0	13	0	58	0	0	0	0	0	0	0	0	0	0	42	0	0	48	0	0	67	0	0	0	0	0	0	0	0	0	36	0	0	0	0	0	0	0	0	27	0	0	20	0	0	0	0	0	11	52	0	0	0	0	0	0	11
assemblage-458-145	0	0	0	0	0	0	0	0	0	0	178	0	0	0	20	0	0	0	0	0	0	0	0	0	0	16	0	0	95	0	0	31	0	0	0	0	0	0	0	0	0	88	0	0	0	0	0	0	0	0	16	0	0	9	0	0	0	0	0	33	5	0	0	0	0	0	0	9
assemblage-204-172	0	0	0	0	0	0	0	0	0	0	0	0	0	0	223	0	0	0	0	0	0	0	0	0	0	104	0	0	0	0	0	57	0	0	0	0	0	0	0	0	0	108	0	0	0	0	0	0	0	0	0	0	0	0	0	0	0	0	0	0	0	0	0	0	0	0	0	8
assemblage-692-253	0	0	0	0	0	0	0	0	0	0	152	0	0	0	0	0	0	0	0	0	0	0	0	0	0	150	0	0	0	0	0	96	0	0	0	0	0	0	0	0	0	0	0	0	0	0	0	0	0	0	81	0	0	0	0	0	0	0	0	0	0	0	0	0	0	0	0	21
assemblage-151-166	0	0	0	0	0	0	0	0	92	0	9	0	0	0	123	0	0	0	0	7	0	0	0	0	0	23	0	0	132	0	0	29	0	0	0	0	0	0	0	0	0	40	21	0	0	0	0	0	0	0	0	0	0	0	0	0	0	0	0	0	15	0	0	0	0	0	0	9
assemblage-768-861	0	0	0	0	0	0	0	0	89	0	3	0	0	0	124	0	0	0	0	0	0	0	0	0	0	40	0	0	123	0	0	32	0	0	0	0	0	0	0	0	0	62	6	0	0	0	0	0	0	0	0	0	0	0	0	0	0	0	0	0	15	0	0	0	0	0	0	6
assemblage-793-461	0	0	0	0	0	0	0	0	0	0	182	0	15	0	78	0	0	0	0	0	0	0	0	0	0	15	0	0	13	0	0	119	0	0	0	0	0	0	0	0	0	3	0	0	0	0	0	0	0	0	0	0	0	0	0	0	0	0	0	0	58	0	0	0	0	0	0	17
assemblage-936-696	0	0	0	0	0	0	0	0	0	0	162	0	3	0	31	0	6	0	0	0	0	0	0	0	0	75	0	0	38	0	0	62	0	0	0	0	0	0	0	0	0	9	0	0	0	0	0	0	0	0	36	0	0	4	0	0	13	0	0	0	39	0	0	0	0	0	0	22
assemblage-298-562	0	0	0	0	0	0	0	0	0	12	256	0	0	0	0	0	0	0	0	0	0	0	0	0	0	58	0	0	0	4	0	68	0	0	0	0	0	0	0	0	0	0	0	0	0	0	0	0	0	0	100	0	0	0	0	0	0	0	0	0	0	0	0	0	0	0	0	2
assemblage-256-346	0	0	0	0	0	0	0	0	0	0	311	0	0	0	0	0	0	0	0	0	0	0	0	0	28	64	0	0	0	0	0	8	0	0	0	0	0	0	0	0	0	0	0	0	0	0	0	0	0	0	50	0	0	0	0	0	0	0	0	0	0	0	33	0	0	0	0	6
assemblage-525-934	0	0	0	0	0	0	0	0	86	0	24	0	0	0	8	0	0	0	0	0	0	0	0	0	0	26	0	0	159	0	0	18	0	0	0	0	17	0	0	0	0	95	0	0	0	0	0	0	0	0	9	0	0	50	0	0	0	0	0	0	5	0	0	0	0	0	0	3
assemblage-325-227	0	0	0	0	0	0	0	0	0	0	260	0	0	0	0	0	0	0	0	0	0	0	0	0	0	59	0	0	0	7	0	42	0	0	0	0	0	0	0	0	0	0	0	0	0	0	0	0	0	0	112	0	0	0	0	0	0	0	0	0	0	12	0	0	0	0	0	8
assemblage-352-801	0	0	0	0	0	0	0	0	0	0	380	0	0	0	0	0	0	0	0	0	0	0	0	0	0	36	0	0	0	0	0	0	0	0	0	0	0	0	0	0	0	0	0	0	0	0	0	0	0	0	67	0	0	0	0	0	0	0	0	0	0	0	0	0	0	0	0	17
assemblage-254-348	0	0	0	0	0	0	0	0	0	0	277	0	0	0	0	0	0	0	0	0	0	0	0	0	21	74	0	0	0	0	0	10	0	0	0	0	0	0	0	0	0	0	0	0	0	0	0	0	0	0	72	0	0	0	0	0	0	0	0	0	0	0	38	0	0	0	0	8
assemblage-391-369	0	0	0	0	0	0	0	0	0	93	344	0	0	0	0	0	0	0	0	0	0	0	0	0	0	14	0	0	0	0	0	5	0	0	0	0	0	0	0	0	0	0	0	0	0	0	0	0	0	0	31	0	0	0	0	0	0	0	0	0	0	0	0	0	0	0	0	13
assemblage-873-390	0	0	0	0	0	0	0	0	0	0	162	0	10	0	85	0	0	0	0	0	0	0	0	0	0	17	0	0	18	0	0	143	0	0	0	0	0	0	0	0	0	0	0	0	0	0	0	0	0	0	0	0	0	0	0	0	0	0	0	0	47	0	0	0	0	0	0	18
assemblage-664-252	0	0	0	0	0	0	0	0	0	0	167	0	0	0	0	0	0	0	0	0	0	0	0	0	0	160	0	0	0	0	0	93	0	0	0	0	0	0	0	0	0	0	0	0	0	0	0	0	0	0	67	0	0	0	0	0	0	0	0	0	0	0	0	0	0	0	0	13
assemblage-351-254	0	0	0	0	0	0	0	0	89	0	78	0	0	0	29	0	0	0	0	0	0	0	0	0	0	108	0	0	45	0	0	0	0	0	0	0	0	0	0	0	0	0	0	0	0	0	0	0	0	0	0	0	0	53	0	0	0	0	11	0	80	0	0	0	0	0	0	7
assemblage-638-844	0	0	0	0	0	0	0	0	0	0	316	0	0	0	0	0	0	0	0	0	0	0	0	0	0	28	0	0	0	0	0	96	0	0	0	0	0	0	0	0	0	19	0	0	0	0	0	0	0	0	8	0	0	0	0	0	0	0	0	0	0	0	0	21	0	0	0	12
assemblage-406-358	0	0	0	0	0	0	0	0	0	35	408	0	0	0	0	0	0	0	0	0	0	0	0	5	0	7	0	0	0	0	0	8	0	0	0	0	0	0	0	0	0	0	0	0	0	0	0	0	0	0	31	0	0	0	0	0	0	0	0	0	0	0	0	0	0	0	0	6
assemblage-478-349	0	0	0	0	0	0	0	0	0	0	0	0	0	0	0	0	0	0	0	0	0	0	0	0	0	0	0	0	376	0	0	0	0	0	0	0	0	0	0	0	0	0	0	0	0	0	0	0	0	0	0	0	0	0	0	0	0	0	0	0	107	0	0	0	0	0	0	17
assemblage-294-127	0	0	0	0	0	0	0	0	8	0	77	0	0	0	98	0	0	0	0	0	0	0	0	0	0	57	0	0	19	0	0	11	0	0	0	0	0	0	0	0	0	91	0	0	0	0	0	0	0	0	0	0	0	92	0	0	0	0	0	0	32	0	0	0	0	0	0	15
assemblage-894-551	0	0	0	0	0	0	0	0	0	0	11	0	0	0	35	0	0	0	0	0	0	0	0	0	0	385	0	0	0	0	0	0	0	0	0	0	0	0	0	0	0	0	0	20	0	0	0	0	0	0	0	0	0	0	0	0	0	0	41	0	0	0	0	0	0	0	0	8
assemblage-185-590	0	0	0	0	0	0	0	0	0	0	337	0	0	0	0	0	0	0	0	0	0	0	0	0	0	21	0	0	0	0	0	17	0	0	0	0	0	0	0	0	0	0	0	0	0	0	0	0	0	0	110	0	0	0	0	0	0	0	0	0	0	0	0	0	0	0	0	15
assemblage-708-462	0	0	0	0	0	0	0	0	0	0	344	0	0	0	0	0	0	0	0	0	0	0	4	0	0	19	0	0	0	0	0	22	0	0	0	0	0	0	0	0	0	0	0	0	0	0	0	0	0	0	101	0	0	0	0	0	0	0	0	0	0	0	0	0	0	0	0	10
assemblage-371-811	0	0	0	0	0	0	0	0	0	0	395	0	0	0	0	0	0	0	0	0	3	0	0	0	0	44	0	0	0	0	0	0	0	0	0	0	0	0	0	8	0	0	0	0	0	0	0	0	0	0	35	0	0	0	0	0	0	0	0	0	0	0	0	0	0	0	0	15
assemblage-960-692	0	0	0	0	0	0	0	0	0	0	192	0	15	0	67	0	0	0	0	0	0	0	0	0	0	16	0	0	17	0	0	121	0	0	0	0	0	0	0	0	0	0	0	0	0	0	0	0	0	0	0	0	0	0	0	0	0	0	0	0	57	0	0	0	0	0	0	15
assemblage-619-655	9	0	0	0	0	0	0	0	0	0	28	0	46	0	40	0	0	0	0	0	0	0	0	0	0	135	0	0	68	0	0	44	0	0	0	0	0	0	0	0	0	5	0	0	0	0	0	0	0	0	8	0	0	32	0	0	0	0	0	0	78	0	0	0	0	0	0	7
assemblage-884-412	0	0	0	0	0	0	0	0	0	0	257	0	0	0	43	0	0	0	0	0	0	0	0	0	0	60	0	15	13	0	0	47	0	0	0	0	0	0	0	0	0	36	0	0	0	0	0	0	0	0	0	0	0	0	0	0	0	0	0	0	4	0	0	0	0	0	0	25
assemblage-934-1004	17	0	0	0	0	0	0	0	21	0	77	0	0	0	8	0	0	0	0	0	0	0	0	0	0	44	0	0	123	0	0	8	0	0	0	0	0	0	0	0	0	88	0	0	0	0	0	0	0	0	0	0	0	47	0	0	0	0	0	0	59	0	0	0	0	0	0	8
assemblage-713-915	0	0	0	0	0	0	0	0	0	0	194	0	0	0	0	0	0	0	0	0	0	0	0	0	0	9	0	0	0	0	0	160	0	0	0	0	0	0	0	0	0	0	0	0	0	0	0	0	0	0	118	0	0	0	0	0	0	0	0	0	0	0	0	0	0	0	0	19
assemblage-820-982	0	0	0	0	0	0	0	0	0	0	133	0	0	0	17	0	0	0	0	0	0	0	0	0	0	91	0	0	0	0	0	132	0	0	0	0	0	0	0	0	0	8	0	0	0	0	0	19	0	0	73	0	0	4	0	0	5	0	0	0	0	0	0	0	0	0	0	18
assemblage-980-351	0	0	0	0	0	0	0	0	0	0	264	0	0	0	0	0	0	0	0	0	0	0	0	0	0	57	0	0	0	0	0	50	0	0	0	0	0	0	0	0	0	0	0	0	0	0	0	0	0	0	103	0	0	0	0	0	0	0	0	0	0	16	0	0	0	0	0	10
assemblage-457-134	0	0	0	0	0	0	0	0	0	0	80	0	0	0	119	0	0	0	0	0	0	0	0	0	0	0	0	0	21	0	0	181	0	0	0	0	0	0	0	0	0	30	0	0	0	0	0	0	0	0	4	0	0	16	0	0	0	0	0	0	45	0	0	0	0	0	0	4
assemblage-341-212	0	0	0	0	0	0	0	0	0	16	249	0	0	0	0	0	0	0	0	0	0	0	0	0	7	35	0	0	0	24	0	76	0	0	0	0	0	0	0	0	0	0	0	0	0	0	0	0	0	0	65	0	0	0	0	0	0	0	0	0	0	6	9	0	0	0	0	13
