Assemblage_Name	0-2-2257281	3-335780-1	2160125-1-7714164	0-1-5264399	4-1-4325209	5928389-1-2	4-1-6138258	4-8346858-2	0-2187318-2	0-124435-2	4-1-1746506	1-0-1339111	4-9887943-2	4-1-6001088	3480815-1-2	4-1-3659343	4-2-4	4-1-2	6949302-1-2	420486-1-2	6443775-2-3	4-5587639-2	0-1-2	6949302-5419628-2	4-6545058-2	4-1-2635309	0-1-834724	3975630-1-2	0-2-8945016	3-5932144-1	9630140-1-2	3-1-0	4348091-1-8710691	0-1-7714164	3-9891792-1	3-3437268-6693664	3-0-1193586	3-0-1834666	4-7981806-2	0-1-3685570	950415-2-3	1245699-1-2	4-1-2776834	7072119-1-2	0-1-89118	2725106-0-1	2128794-1-2	3-0-1	0-2-8100451	0-8695320-8335094	4348091-1-2	0-3352177-2	4-6132527-2	7636760-1-2	1-2-4	4-1-7381830	0-1928938-2	3-7665623-1193586	0-2-8335094	3-4-3	3-0-2425695	1-2-6108526	7810813-1-2	4-1432676-2	1-2-3060726	0-1-2779342	3330880-1-2	2679474-1-2
assemblage-160-948	0	0	0	0	25	0	0	0	0	0	0	0	0	0	0	0	0	127	0	0	0	16	193	0	91	0	0	0	0	0	0	0	0	0	0	0	0	0	0	0	0	0	0	0	0	0	0	42	0	0	0	0	0	0	0	0	0	0	0	0	0	0	0	0	0	0	0	6
assemblage-357-334	0	0	0	0	0	0	0	0	0	0	0	0	0	0	0	0	0	405	0	0	0	0	51	0	0	0	0	0	0	0	0	0	0	0	0	0	0	0	0	0	0	0	0	0	0	0	0	33	0	0	0	0	0	0	0	0	0	0	0	0	0	0	0	0	0	0	0	11
assemblage-679-391	0	0	0	0	0	0	0	0	0	0	0	0	0	0	0	0	0	305	0	0	0	0	150	0	0	0	0	0	0	0	0	0	0	0	0	0	0	0	0	0	0	0	0	0	0	0	0	31	0	0	0	0	0	0	0	0	0	0	0	0	0	0	0	0	0	0	0	14
assemblage-610-223	0	0	0	0	0	0	0	0	0	0	0	0	0	0	5	0	0	330	0	0	0	10	61	0	0	19	0	0	0	0	0	0	0	0	0	0	0	0	0	0	0	0	0	0	0	0	0	68	0	0	0	0	0	0	0	0	0	0	0	0	0	0	0	0	0	0	0	7
assemblage-688-487	0	0	0	0	0	0	0	0	0	0	0	0	0	0	0	0	0	303	0	0	0	0	118	0	0	0	0	0	0	0	0	0	0	0	0	0	0	0	0	0	0	0	0	0	0	0	0	46	0	0	0	0	0	0	0	0	0	0	0	0	0	0	5	0	0	17	0	11
assemblage-349-339	0	0	0	0	0	0	0	0	0	0	0	0	0	0	0	0	0	403	0	0	0	0	84	0	0	0	0	0	0	0	0	0	0	0	0	0	0	0	0	0	0	0	0	0	0	0	0	4	0	0	0	0	0	0	0	0	0	0	0	0	0	0	0	0	0	0	0	9
assemblage-803-461	0	0	0	0	0	0	0	0	0	0	0	0	0	0	0	0	0	91	0	0	0	0	273	0	0	0	0	46	0	0	0	0	0	0	0	0	0	0	0	0	0	0	0	0	0	0	0	15	0	0	19	0	0	0	9	0	0	0	37	0	0	0	0	0	0	0	0	10
assemblage-260-232	0	0	0	0	0	0	0	0	0	0	10	92	0	0	0	0	20	80	0	0	11	0	104	0	0	0	0	0	0	0	0	0	0	0	0	0	0	0	0	0	0	0	0	0	0	0	0	114	0	0	0	0	0	0	16	0	0	0	13	28	0	0	0	0	0	0	0	12
assemblage-977-352	0	0	0	0	0	0	0	0	0	0	0	0	0	0	0	0	0	143	0	0	0	0	117	0	0	0	0	0	0	0	0	0	40	0	0	0	0	0	3	0	0	0	0	0	0	0	0	120	0	0	0	0	0	0	0	0	0	0	70	0	0	0	0	0	0	0	0	7
assemblage-614-667	0	19	0	0	0	0	0	0	0	0	0	7	0	0	0	0	0	9	0	0	0	0	130	0	0	0	0	0	0	0	0	0	0	0	0	0	0	0	0	0	0	0	0	0	0	0	0	326	0	0	0	0	0	0	0	0	0	0	0	0	0	0	0	0	0	0	0	9
assemblage-198-177	0	0	0	0	0	0	0	0	0	0	0	332	0	0	0	0	0	0	0	0	0	0	90	0	0	0	0	0	0	0	0	0	0	0	0	0	0	0	0	0	0	0	0	0	0	0	0	0	0	0	0	0	0	0	64	0	0	0	0	5	0	0	0	0	0	0	0	9
assemblage-898-542	0	0	0	0	0	0	0	0	0	0	0	17	0	0	0	0	0	0	0	0	0	0	332	0	0	0	0	0	0	0	0	11	0	0	0	0	0	0	0	0	0	0	0	0	0	0	0	0	0	0	0	0	0	0	0	0	0	0	0	133	0	0	0	0	0	0	0	7
assemblage-942-233	0	0	0	0	0	0	0	0	0	0	0	0	0	0	0	0	0	140	0	0	0	0	145	0	0	0	0	12	0	0	0	0	0	0	0	0	0	0	0	0	0	0	0	0	0	0	0	160	0	0	0	0	0	0	0	0	0	0	33	0	0	0	0	0	0	0	0	10
assemblage-894-247	0	0	0	0	0	0	0	0	9	24	0	27	0	0	0	0	0	156	0	0	0	0	196	0	0	0	0	0	0	0	0	0	0	0	0	0	0	0	7	0	0	0	0	0	0	0	0	19	0	0	0	0	0	0	0	0	0	0	48	0	0	0	0	0	0	0	0	14
assemblage-894-530	0	0	0	0	0	0	0	0	0	0	0	6	0	0	0	0	0	0	0	0	0	0	375	0	0	0	0	0	0	0	0	3	0	0	0	0	0	0	0	0	0	0	0	0	0	0	0	0	0	0	0	0	0	0	0	0	0	0	0	110	0	0	0	0	0	0	0	6
assemblage-930-240	0	57	0	0	0	0	0	0	0	0	0	80	0	0	0	0	0	26	0	0	0	0	39	0	0	0	4	50	0	0	0	0	0	0	11	0	0	0	0	0	0	0	0	0	0	0	0	48	0	0	80	0	0	0	5	0	0	0	84	0	0	0	0	0	0	0	0	16
assemblage-411-344	0	0	0	0	0	0	0	0	0	0	0	0	0	0	0	0	0	407	0	0	0	0	79	0	0	0	0	0	0	0	0	0	0	0	0	0	0	0	0	0	0	0	0	0	0	0	0	7	0	0	0	0	0	0	0	0	0	0	0	0	0	0	0	0	0	0	0	7
assemblage-673-417	0	0	44	0	0	0	0	0	0	0	0	0	0	0	0	0	0	154	0	0	0	0	151	0	70	0	0	0	0	0	0	0	0	20	0	0	0	0	0	0	0	0	0	0	0	0	0	53	0	0	0	0	0	0	0	0	0	0	0	0	0	0	0	0	0	0	0	8
assemblage-254-333	0	0	0	0	0	0	0	0	0	0	0	0	0	0	0	0	0	163	0	0	0	0	140	0	0	0	0	0	0	0	0	0	29	0	0	0	0	0	8	0	0	0	0	0	0	0	0	81	0	0	0	0	0	0	0	0	0	0	65	0	0	0	0	0	0	0	0	14
assemblage-260-332	0	0	0	0	0	0	0	0	21	8	0	0	0	0	0	0	0	277	0	0	0	0	70	0	0	0	0	0	0	0	0	0	0	0	0	0	0	0	0	0	0	0	0	0	0	0	0	93	0	0	0	0	0	0	0	0	0	0	14	0	0	0	0	13	0	0	0	4
assemblage-681-262	0	0	13	0	13	0	0	0	0	0	0	0	0	0	0	0	0	297	0	0	0	0	67	0	28	0	0	0	0	0	0	0	0	0	0	0	0	0	0	0	0	0	0	0	0	0	0	46	0	0	0	0	0	0	0	28	0	0	0	0	0	0	0	0	0	0	0	8
assemblage-925-280	0	0	0	0	0	0	0	0	0	0	0	0	0	0	0	0	0	85	0	0	0	0	294	0	0	0	0	0	0	0	0	0	22	0	0	0	0	0	0	0	0	0	0	0	0	0	0	57	0	0	0	0	0	0	0	0	0	0	30	0	0	0	0	0	0	0	0	12
assemblage-371-813	0	0	0	0	0	0	0	0	0	0	0	0	0	0	0	0	0	328	0	0	0	0	27	0	8	0	0	0	0	0	0	0	0	8	0	0	0	0	0	0	0	0	0	0	0	0	0	125	0	0	0	0	0	0	0	0	0	0	0	0	0	0	0	0	0	0	0	4
assemblage-172-952	0	0	0	0	0	0	0	0	0	0	0	0	0	0	0	8	0	164	0	0	0	27	161	0	0	0	0	0	0	0	0	0	0	0	0	0	0	22	0	0	0	0	0	0	0	7	0	102	0	0	0	0	0	0	0	0	0	0	0	0	0	0	0	0	0	0	0	9
assemblage-887-413	0	0	0	0	0	0	0	0	0	0	0	0	0	0	0	0	0	94	0	0	0	0	265	0	0	0	0	36	0	0	0	0	0	0	0	0	0	0	0	0	0	0	0	0	0	0	0	20	0	0	23	0	0	0	13	0	0	0	44	0	0	0	0	0	0	0	0	5
assemblage-333-235	0	0	0	0	0	0	0	0	31	15	0	0	0	0	0	0	0	248	0	0	0	0	50	0	0	0	0	0	0	0	0	0	0	0	0	0	0	0	0	0	0	0	0	0	0	0	0	117	0	0	0	0	0	0	0	0	0	0	13	0	0	0	0	21	0	0	0	5
assemblage-296-570	0	0	0	0	0	0	0	0	0	0	0	0	0	0	0	0	0	408	0	0	0	0	85	0	0	0	0	0	0	0	0	0	0	0	0	0	0	0	0	0	0	0	0	0	0	0	0	0	0	0	0	0	0	0	0	0	0	0	0	0	0	0	0	0	0	0	0	7
assemblage-292-563	0	0	0	0	0	0	0	0	0	0	0	0	0	0	0	0	0	210	0	0	0	0	192	0	0	0	0	0	0	0	0	0	0	0	0	0	0	0	0	0	0	0	0	0	0	0	0	83	6	0	0	0	0	0	0	0	0	0	0	0	0	0	0	0	0	0	0	9
assemblage-357-256	0	0	0	0	0	0	0	0	0	0	0	0	0	0	0	0	0	56	0	0	0	0	171	0	0	0	0	0	0	0	0	0	0	0	0	0	0	0	0	0	0	0	0	0	0	0	0	240	0	0	0	0	0	0	12	0	0	0	0	4	0	0	0	0	0	0	0	17
assemblage-897-536	0	0	0	0	0	0	0	0	0	0	0	12	0	0	0	0	0	0	0	0	0	0	353	0	0	0	0	0	0	0	0	8	0	0	0	0	0	0	0	0	0	0	0	0	0	0	0	0	0	0	0	0	0	0	0	0	0	0	0	122	0	0	0	0	0	0	0	5
assemblage-957-688	0	0	0	0	0	0	0	0	0	0	0	0	0	0	0	0	0	80	0	0	0	0	277	0	0	0	0	62	0	0	0	0	0	0	0	0	0	0	0	0	0	0	0	0	0	0	0	13	0	0	21	0	0	0	10	0	0	0	27	0	0	0	0	0	0	0	0	10
assemblage-344-340	0	0	0	0	0	0	0	0	4	0	0	0	0	0	0	0	0	373	0	0	0	0	79	0	0	0	0	0	0	0	0	0	0	0	0	0	0	0	0	0	0	0	0	0	0	0	0	36	0	0	0	0	0	0	0	0	0	0	0	0	0	0	0	0	0	0	0	8
assemblage-340-239	0	0	0	0	0	0	0	0	27	13	0	0	0	0	0	0	0	246	0	0	0	0	75	0	0	0	0	0	0	0	0	0	0	0	0	0	0	0	0	0	0	0	0	0	0	0	0	107	0	0	0	0	0	0	0	0	0	0	11	0	0	0	0	17	0	0	0	4
assemblage-928-253	0	0	0	0	0	0	0	0	0	0	0	9	0	0	0	0	0	71	0	0	0	0	265	0	0	0	0	54	0	0	0	0	0	0	0	0	0	0	0	0	0	0	0	0	0	0	0	13	0	0	23	0	0	0	15	0	0	0	45	0	0	0	0	0	0	0	0	5
assemblage-449-332	0	0	0	0	0	0	0	0	0	0	0	0	0	0	0	0	0	7	0	0	0	0	0	0	0	0	0	0	0	0	0	0	0	0	0	0	0	0	0	0	0	0	0	0	0	0	0	443	0	0	0	0	0	0	0	0	0	0	40	0	0	0	0	0	0	0	0	10
assemblage-261-238	0	0	0	0	0	0	0	0	0	0	51	0	0	0	0	0	42	335	0	0	31	0	0	0	0	0	0	0	0	0	0	0	0	0	0	0	0	0	0	0	31	0	0	0	0	0	0	0	0	0	0	0	0	0	0	0	0	0	0	0	0	0	0	0	0	0	0	10
assemblage-363-786	0	0	0	0	0	0	0	0	0	0	0	0	0	0	0	8	0	162	0	0	0	10	203	0	0	0	0	0	0	0	0	0	0	0	0	0	0	6	0	0	0	0	0	0	0	0	0	100	0	0	0	0	0	0	0	0	0	0	0	0	0	0	0	0	0	0	0	11
assemblage-279-115	0	0	0	0	0	0	0	0	0	0	0	64	0	0	0	0	0	123	24	0	0	0	222	0	0	0	0	0	0	0	0	0	0	0	0	0	0	0	0	0	0	0	0	0	0	0	0	48	0	0	0	0	0	0	0	0	0	0	6	0	0	0	0	0	0	0	0	13
assemblage-543-930	0	0	0	0	0	0	0	0	0	0	0	7	0	0	0	0	0	10	0	0	0	0	91	0	0	0	0	0	0	0	0	0	0	0	0	0	45	0	0	0	0	0	0	0	0	0	0	331	0	0	0	0	0	0	5	0	0	0	2	0	0	0	0	0	0	0	0	9
assemblage-629-460	0	0	0	0	0	0	0	0	0	0	0	22	0	0	0	0	12	54	0	0	0	0	187	0	0	0	0	0	0	0	0	0	0	0	0	16	0	0	0	0	0	0	0	0	0	0	0	140	0	0	0	0	0	0	49	0	0	0	0	0	0	0	0	0	0	0	0	20
assemblage-815-972	0	0	0	0	0	0	0	0	0	0	0	0	0	0	0	0	0	81	0	0	0	0	308	0	0	0	0	0	0	0	0	0	0	0	0	0	0	0	0	0	0	0	0	0	0	0	0	100	0	0	5	0	0	0	0	0	0	0	0	0	0	0	0	0	0	0	0	6
assemblage-597-662	0	14	0	0	0	0	0	0	0	0	0	5	0	0	0	0	0	16	0	0	0	0	137	0	0	0	0	0	0	0	0	0	0	0	0	0	0	0	0	0	0	0	0	0	0	0	0	307	0	0	0	0	0	0	0	0	0	0	7	0	0	0	0	0	0	0	0	14
assemblage-292-549	0	0	0	0	0	0	0	0	0	0	0	0	0	0	0	0	0	88	0	0	0	0	293	0	0	0	0	0	0	0	0	0	0	0	0	0	0	0	0	0	0	0	0	0	0	0	0	104	0	0	4	0	0	0	0	0	0	0	0	0	0	0	0	0	0	0	0	11
assemblage-631-459	0	0	0	0	0	0	0	0	0	0	0	15	0	0	0	0	10	70	0	0	0	0	217	0	0	0	0	0	0	0	0	0	0	0	0	21	0	0	0	0	0	0	0	0	0	0	0	83	0	0	0	0	0	0	71	0	0	0	0	0	0	0	0	0	0	0	0	13
assemblage-353-336	0	0	0	0	0	0	0	0	4	0	0	0	0	0	0	0	0	390	0	0	0	0	56	0	0	0	0	0	0	0	0	0	0	0	0	0	0	0	0	0	0	0	0	0	0	0	0	38	0	0	0	0	0	0	0	0	0	0	0	0	0	0	0	0	0	0	0	12
assemblage-293-129	0	0	0	0	0	0	0	0	0	0	0	24	0	0	0	0	0	39	0	0	0	0	213	0	0	0	0	0	0	0	0	0	0	0	0	0	0	0	0	0	0	0	0	0	0	0	24	169	0	0	0	0	0	0	0	0	0	0	8	0	0	0	0	0	0	0	0	23
assemblage-370-312	0	0	0	0	0	0	0	0	5	0	0	0	0	0	0	0	0	397	0	0	0	0	56	0	0	0	0	0	0	0	0	0	0	0	0	0	0	0	0	0	0	0	0	0	0	0	0	24	0	0	0	0	0	0	0	0	0	0	0	0	0	0	0	0	0	0	0	18
assemblage-929-253	0	73	0	0	0	0	0	0	0	0	0	90	0	0	0	0	0	11	0	0	0	0	35	0	0	0	4	47	0	0	0	0	0	0	16	0	0	0	0	0	0	0	0	0	0	0	0	32	0	0	60	0	0	0	4	0	0	0	111	0	0	0	0	0	0	0	6	11
assemblage-295-545	0	0	0	0	0	0	0	0	10	26	0	16	0	0	0	0	0	159	0	0	0	0	196	0	0	0	0	0	0	0	0	0	0	0	0	0	0	0	13	0	0	0	0	0	0	0	0	32	0	0	0	0	0	0	0	0	0	0	39	0	0	0	0	0	0	0	0	9
assemblage-646-853	0	0	0	0	0	0	0	0	7	22	0	23	0	0	0	0	0	150	0	0	0	0	197	0	0	0	0	0	0	0	0	0	0	0	0	0	0	0	7	0	0	0	0	0	0	0	0	30	0	0	0	0	0	0	0	0	0	0	51	0	0	0	0	0	0	0	0	13
assemblage-280-126	0	0	0	0	0	0	0	0	0	0	0	26	0	0	0	0	0	0	0	0	0	0	98	0	0	0	0	0	0	0	0	0	0	0	0	0	25	0	0	0	0	0	0	0	0	0	0	329	0	0	0	0	0	0	0	0	0	0	8	0	0	0	0	0	0	0	0	14
assemblage-925-992	0	0	0	0	0	0	0	0	0	0	0	0	0	0	0	0	0	20	0	0	0	0	286	0	0	0	0	0	0	0	0	0	0	0	0	0	0	0	0	0	0	0	0	0	0	0	0	40	0	3	0	0	0	0	79	0	0	0	58	0	0	0	0	0	0	0	0	14
assemblage-196-186	0	0	0	0	0	0	0	0	0	0	0	319	0	0	0	0	0	0	0	0	0	0	88	0	0	0	0	0	0	0	0	0	0	0	0	0	0	0	0	0	0	0	0	0	0	0	0	0	0	0	0	0	0	0	72	0	0	0	0	15	0	0	0	0	0	0	0	6
assemblage-941-247	0	0	0	0	0	0	0	0	0	0	0	0	0	0	0	0	0	85	0	0	0	0	274	0	0	0	0	29	0	0	0	0	0	0	0	0	0	0	0	0	0	0	0	0	0	0	0	16	0	0	12	0	0	0	11	0	0	0	60	0	0	0	0	0	0	0	0	13
assemblage-882-392	0	0	0	0	0	0	0	0	0	0	0	2	0	0	0	0	0	94	0	0	0	0	262	0	0	0	0	31	0	0	0	0	0	0	0	0	0	0	0	0	0	0	0	0	0	0	0	23	0	0	11	0	0	0	12	0	0	0	59	0	0	0	0	0	0	0	0	6
assemblage-623-454	0	0	0	0	0	0	0	0	0	0	0	15	0	0	0	0	7	61	0	0	0	0	234	0	0	0	0	0	0	0	0	0	0	0	0	17	0	0	0	0	0	0	0	0	0	0	0	108	0	0	0	0	0	0	48	0	0	0	0	1	0	0	0	0	0	0	0	9
assemblage-621-440	32	0	0	0	0	0	0	0	0	0	0	101	0	0	0	0	0	0	0	0	0	0	164	0	0	0	0	0	0	0	0	0	0	0	0	0	0	0	0	0	0	0	0	0	0	0	0	86	0	0	0	0	0	0	7	0	0	0	82	22	0	0	0	0	0	0	0	6
assemblage-898-394	0	0	0	0	0	0	0	0	0	0	0	0	0	0	0	0	0	157	0	0	0	0	137	0	0	0	0	4	0	0	0	0	0	0	0	0	0	0	0	0	0	0	0	0	0	0	0	166	0	0	0	0	0	0	0	0	0	0	35	0	0	0	0	0	0	0	0	1
assemblage-720-910	0	0	0	0	0	0	0	0	30	5	0	0	0	0	0	0	0	266	0	0	0	0	72	0	0	0	0	0	0	0	0	0	0	0	0	0	0	0	0	0	0	0	0	0	0	0	0	103	0	0	0	0	0	0	0	0	0	0	4	0	0	0	0	18	0	0	0	2
assemblage-237-258	0	0	0	0	0	0	0	0	0	0	51	0	0	0	0	0	49	350	0	0	27	0	0	0	0	0	0	0	0	0	0	0	0	0	0	0	0	0	0	0	18	0	0	0	0	0	0	0	0	0	0	0	0	0	0	0	0	0	0	0	0	0	0	0	0	0	0	5
assemblage-687-249	0	0	0	0	18	0	0	0	0	0	0	0	0	0	0	0	0	271	0	0	0	0	64	0	52	0	0	0	0	0	0	0	0	0	0	0	0	0	0	0	0	0	0	0	0	0	0	27	0	0	0	0	0	0	0	56	0	0	0	0	0	0	0	0	0	0	0	12
assemblage-642-861	0	0	0	8	0	0	0	0	0	0	0	0	0	0	0	0	0	45	0	0	0	0	339	0	0	0	0	0	0	0	0	0	0	0	0	0	0	0	0	0	0	0	0	0	0	0	0	95	0	0	7	0	0	0	0	0	0	0	0	0	0	0	0	0	0	0	0	6
assemblage-246-246	0	0	0	0	0	0	0	0	0	0	47	0	11	0	0	0	69	325	0	0	39	0	0	0	0	0	0	0	0	0	0	0	0	0	0	0	0	0	0	0	7	0	0	0	0	0	0	0	0	0	0	0	0	0	0	0	0	0	0	0	0	0	0	0	0	0	0	2
assemblage-759-877	0	0	0	0	0	0	0	0	0	0	0	0	0	0	0	0	0	125	0	0	0	0	128	0	0	0	0	0	0	0	0	0	0	0	0	0	0	0	0	0	0	0	0	0	0	0	0	101	0	0	0	0	0	0	0	0	0	0	114	21	0	0	0	0	0	0	0	11
assemblage-759-874	0	0	0	0	0	0	0	0	0	0	0	6	0	0	0	0	14	143	0	0	0	0	142	0	0	0	0	0	0	0	0	0	0	0	0	0	0	0	0	0	0	0	0	0	0	0	0	89	0	0	0	0	0	0	0	0	0	0	86	12	0	0	0	0	0	0	0	8
assemblage-923-236	0	0	0	0	0	0	0	0	0	0	0	0	0	0	0	0	0	145	0	0	0	0	119	0	0	0	0	19	0	0	0	0	0	0	0	0	0	0	0	0	0	0	0	0	0	0	0	166	0	0	0	0	0	0	0	0	0	0	49	0	0	0	0	0	0	0	0	2
assemblage-280-565	0	5	0	0	0	0	0	0	0	5	0	10	0	0	0	0	0	90	0	0	0	0	231	0	0	0	0	0	0	0	0	0	8	0	0	0	0	0	0	0	0	0	0	0	0	0	0	91	0	0	0	0	0	0	0	0	0	0	35	0	0	0	0	0	0	0	0	25
assemblage-628-854	0	0	0	0	0	0	0	0	0	0	0	0	0	0	0	0	0	61	0	0	0	0	332	0	0	0	0	0	0	0	0	0	0	0	0	0	0	0	0	0	0	0	0	0	0	0	0	83	0	0	7	0	0	0	0	0	7	0	0	0	0	0	0	0	0	0	0	10
assemblage-710-473	0	0	6	0	0	0	0	0	0	0	0	0	0	0	0	0	0	280	0	0	0	0	117	0	19	0	0	0	0	0	0	0	0	10	0	0	0	0	0	0	0	0	0	0	0	0	0	49	0	0	0	0	0	0	0	0	0	0	0	0	0	0	0	0	0	0	0	19
assemblage-277-528	0	30	0	0	0	0	0	0	0	0	0	7	0	0	0	0	0	78	0	0	0	0	107	0	0	0	0	0	0	0	0	0	0	0	14	0	0	0	0	0	0	0	0	0	8	0	0	160	0	0	0	0	0	0	0	0	0	0	93	0	0	0	0	0	0	0	0	3
assemblage-328-328	0	0	0	0	0	0	0	0	0	0	0	0	0	0	0	0	0	213	0	0	0	0	206	0	0	0	0	0	0	0	0	0	0	0	0	0	0	0	0	0	0	0	0	0	0	0	0	71	3	0	0	0	0	0	0	0	0	0	0	0	0	0	0	0	0	0	0	7
assemblage-630-846	0	35	0	0	0	0	0	0	0	0	0	14	0	0	0	0	0	69	0	0	0	0	87	0	0	0	0	0	0	0	0	0	0	0	9	0	0	0	0	0	0	0	0	0	0	0	0	140	0	0	0	0	0	0	0	0	0	0	135	0	0	0	0	0	0	0	0	11
assemblage-190-596	0	0	0	0	0	0	0	0	0	0	0	0	0	0	0	0	0	305	0	0	0	0	158	0	0	0	0	0	0	0	0	0	0	0	0	0	0	0	0	0	0	0	0	0	0	0	0	24	0	0	0	0	0	0	0	0	0	0	0	0	0	0	0	0	0	0	0	13
assemblage-359-271	0	0	0	0	0	0	0	0	0	0	0	0	0	0	0	0	9	114	0	0	0	0	163	0	0	0	0	0	0	0	0	0	0	0	0	0	0	0	0	0	0	0	0	0	0	0	0	108	0	0	0	0	0	0	0	0	0	0	87	17	0	0	0	0	0	0	0	2
assemblage-985-351	0	0	0	0	0	0	0	0	0	0	0	0	0	0	0	0	0	114	0	0	0	0	220	0	0	0	0	0	0	0	0	0	0	0	0	0	0	0	21	0	0	0	0	0	0	0	0	69	0	0	0	0	0	0	0	0	0	0	55	0	5	0	0	0	0	0	0	16
assemblage-597-671	0	0	0	0	0	0	0	0	0	0	0	57	0	0	0	0	0	42	0	0	0	0	266	0	0	0	0	0	0	0	0	0	0	0	0	0	0	0	0	0	0	0	0	0	0	0	0	36	0	0	17	0	0	0	8	0	0	0	66	0	0	0	0	0	0	0	0	8
assemblage-460-153	0	0	0	0	0	0	0	0	0	0	0	69	0	0	0	0	0	48	0	0	0	0	206	0	0	0	0	0	0	0	0	0	0	0	0	0	0	0	0	0	0	0	0	0	0	0	0	58	0	0	17	0	0	0	0	0	0	0	93	0	0	0	0	0	0	0	0	9
assemblage-684-472	0	0	28	0	0	0	0	0	0	0	0	0	0	0	0	0	0	153	0	0	0	0	162	0	60	0	0	0	0	0	0	0	0	28	0	0	0	0	0	0	0	0	0	0	0	0	0	67	0	0	0	0	0	0	0	0	0	0	0	0	0	0	0	0	0	0	0	2
assemblage-689-477	0	0	24	0	0	0	0	0	0	0	0	0	0	0	0	0	0	162	0	0	0	0	137	0	81	0	0	0	0	0	0	0	0	21	0	0	0	0	0	0	0	0	0	0	0	0	0	67	0	0	0	0	0	0	0	0	0	0	0	0	0	0	0	0	0	0	0	8
assemblage-308-566	0	0	0	0	0	0	0	0	0	0	0	0	0	0	0	0	0	408	0	0	0	0	77	0	0	0	0	0	0	0	0	0	0	0	0	0	0	0	0	0	0	0	0	0	0	0	0	0	0	0	0	0	0	0	0	0	0	0	0	0	0	0	0	0	0	0	0	15
assemblage-471-340	0	0	0	0	0	0	0	0	0	0	0	0	0	0	0	0	0	0	0	0	0	0	0	0	0	0	0	0	0	0	0	0	0	0	0	0	0	0	0	0	0	0	0	0	0	0	0	420	0	0	0	0	0	0	0	0	0	0	65	0	0	0	0	0	0	0	0	15
assemblage-922-687	0	0	0	0	0	0	0	0	0	0	0	0	0	0	0	0	0	138	0	0	0	0	123	0	0	0	0	6	0	0	0	0	0	0	0	0	0	0	0	0	0	0	0	0	0	0	0	185	0	0	0	0	0	0	0	0	0	0	44	0	0	0	0	0	0	0	0	4
assemblage-910-1006	0	0	0	0	0	0	0	0	0	0	0	77	0	0	0	0	0	89	28	0	0	0	221	0	0	0	0	0	0	0	0	0	0	0	0	0	0	0	0	0	0	0	0	0	0	0	0	51	0	0	0	0	0	0	10	0	0	0	8	0	0	0	0	0	0	0	0	16
assemblage-774-471	0	0	0	0	0	0	0	0	0	0	0	0	0	0	0	0	0	149	0	0	0	0	133	0	0	0	0	8	0	0	0	0	0	0	0	0	0	0	0	0	0	0	0	0	0	0	0	139	0	0	20	0	0	0	0	0	0	0	30	0	0	0	0	0	0	0	0	21
assemblage-239-868	0	0	0	0	0	0	0	0	0	0	0	7	0	0	0	0	0	32	0	0	0	0	226	0	0	0	0	0	0	0	0	0	0	0	0	0	0	0	0	0	0	0	0	0	0	0	27	188	0	0	0	0	0	0	0	0	0	0	12	0	0	0	0	0	0	0	0	8
assemblage-543-757	0	18	0	0	0	0	0	0	0	0	0	16	0	0	0	0	0	19	0	0	0	0	153	0	0	0	0	0	0	0	0	0	0	0	0	0	0	0	0	0	0	0	0	0	0	0	0	284	0	0	0	0	0	0	0	0	0	0	0	0	0	0	0	0	0	0	0	10
assemblage-615-216	0	0	0	0	0	0	0	0	0	0	0	0	0	0	0	0	0	299	0	0	0	0	108	0	0	0	0	0	0	0	0	0	0	0	0	0	0	0	0	0	0	0	0	0	0	0	0	48	0	0	0	0	0	0	0	0	0	0	0	0	0	0	13	0	0	18	0	14
assemblage-352-230	0	0	0	0	0	0	0	0	0	0	0	0	0	0	0	0	0	183	0	0	0	0	130	0	0	0	0	0	0	0	0	0	20	0	0	0	0	0	0	0	0	0	0	0	0	0	0	96	0	0	0	0	0	0	0	0	0	0	62	0	0	0	0	0	0	0	0	9
assemblage-614-458	0	0	0	0	0	0	0	0	0	0	0	0	0	0	0	0	0	72	0	0	0	0	192	0	0	0	0	0	0	0	0	0	0	0	0	0	0	0	0	0	0	0	0	0	0	0	0	213	0	0	0	0	0	0	4	0	0	0	0	0	0	0	0	0	0	0	0	19
assemblage-614-459	0	0	0	0	0	0	0	0	0	0	0	25	0	0	0	0	9	63	0	7	0	0	180	0	0	0	0	0	0	0	0	0	0	0	0	13	0	0	0	0	0	0	0	0	0	0	0	121	0	0	0	0	0	0	62	0	0	0	0	0	0	0	0	0	0	0	0	20
assemblage-598-655	0	0	0	0	0	0	0	0	0	0	0	0	0	0	0	0	0	187	4	0	0	0	130	33	0	0	0	0	0	0	0	0	0	0	0	0	0	0	0	0	0	0	0	0	0	0	0	85	0	0	0	0	0	0	54	0	0	0	0	0	0	0	0	0	0	0	0	7
assemblage-336-223	0	0	0	0	0	0	0	0	0	0	0	0	0	0	0	0	0	174	0	0	0	0	151	0	0	0	0	0	0	0	0	0	0	0	0	0	0	0	20	0	0	0	0	0	0	0	0	85	0	0	0	0	0	0	0	0	0	0	51	0	0	0	0	0	0	0	0	19
assemblage-787-982	0	32	0	0	0	0	0	0	0	0	0	9	0	0	0	0	0	88	0	0	0	0	106	0	0	0	0	0	0	0	0	0	0	0	2	0	0	0	0	0	0	0	0	0	0	0	0	127	0	0	0	0	0	0	0	0	0	0	128	0	0	0	0	0	0	0	0	8
assemblage-637-842	0	0	0	0	0	0	0	0	0	0	0	0	0	0	0	0	0	46	0	0	0	0	341	0	0	0	0	0	0	0	0	0	0	0	0	0	0	0	0	0	0	0	0	0	0	0	0	100	0	0	7	0	0	0	0	0	0	0	0	0	0	0	0	0	0	0	0	6
assemblage-912-277	0	0	0	0	0	0	0	0	0	0	0	0	0	0	0	0	0	68	0	0	0	0	276	0	0	0	0	0	0	0	0	0	40	0	0	0	0	0	0	0	0	0	0	0	0	0	0	74	0	0	2	0	0	0	0	0	0	0	22	0	0	0	0	0	0	0	0	18
assemblage-167-585	0	0	0	0	0	0	0	0	0	0	0	0	0	0	0	0	0	296	0	0	0	0	164	0	0	0	0	0	0	0	0	0	0	0	0	0	0	0	0	0	0	0	0	0	0	0	0	33	0	0	0	0	0	0	0	0	0	0	0	0	0	0	0	0	0	0	0	7
assemblage-605-243	0	0	0	0	0	0	0	0	0	0	0	0	0	0	0	0	0	109	0	0	0	0	191	0	0	0	0	0	0	0	0	0	0	0	0	0	0	0	0	0	0	0	0	0	0	0	0	189	0	0	0	0	0	0	0	0	0	0	0	0	0	0	0	0	0	0	0	11
assemblage-498-521	0	10	0	0	0	0	0	0	0	0	0	6	0	0	0	0	0	12	0	0	0	0	126	0	0	0	0	0	0	0	0	0	0	0	0	0	0	0	0	0	0	0	0	0	0	0	0	325	0	0	0	0	0	0	0	0	0	0	0	0	0	0	0	0	0	0	0	21
assemblage-594-235	0	0	0	0	0	0	0	0	0	0	0	0	0	11	0	0	0	113	0	0	0	0	171	0	0	0	0	0	0	0	0	0	0	0	0	0	0	0	0	0	0	0	0	0	0	0	0	193	0	0	0	0	0	0	0	0	0	0	5	0	0	0	0	0	0	0	0	7
assemblage-694-256	0	0	0	0	0	0	0	0	0	0	0	0	0	0	0	0	0	159	0	0	0	25	156	0	0	0	0	0	0	0	0	0	0	0	0	0	0	21	0	0	0	0	0	0	0	8	0	108	0	0	0	0	0	0	0	0	0	0	0	0	0	0	0	0	0	0	0	23
assemblage-160-161	0	0	0	0	0	0	0	0	0	0	0	0	0	0	0	0	0	73	0	0	9	0	178	0	0	0	0	0	0	0	0	0	0	0	0	0	0	0	0	0	0	0	0	0	0	0	0	221	0	0	0	0	0	0	10	0	0	0	0	0	0	0	0	0	0	0	0	9
assemblage-904-260	0	0	0	0	0	0	0	0	0	0	0	0	0	0	0	0	0	70	0	0	0	0	284	0	0	0	0	0	0	0	0	0	31	0	0	0	0	0	0	0	0	0	11	0	0	0	0	48	0	0	13	0	0	0	0	0	0	0	27	0	0	0	0	0	0	0	0	16
assemblage-206-182	0	0	0	0	0	0	0	0	0	0	0	351	0	0	0	0	0	0	0	0	0	0	81	0	0	0	0	0	0	0	0	0	0	0	0	0	0	0	0	0	0	0	0	0	0	0	0	0	0	0	0	0	0	0	42	0	0	0	0	15	0	0	0	0	0	0	0	11
assemblage-396-352	0	0	0	0	0	0	0	0	5	0	0	0	0	0	0	0	0	364	0	0	0	0	70	0	0	0	0	0	0	0	0	0	0	0	0	0	0	0	0	0	0	0	0	0	0	0	0	39	0	0	0	0	0	0	0	0	0	0	0	0	0	0	0	0	0	0	0	22
assemblage-178-601	0	0	0	0	0	0	0	0	0	0	0	0	0	0	0	0	0	349	0	0	0	10	45	0	0	10	0	0	0	0	0	0	0	0	0	0	0	0	0	0	0	0	0	0	0	0	0	72	0	0	0	0	0	0	0	0	0	0	0	0	0	0	0	0	0	0	0	14
assemblage-165-927	0	0	0	0	0	0	0	0	0	0	0	0	0	0	0	0	0	312	0	0	0	5	39	0	11	0	0	0	0	0	0	0	0	9	0	0	0	0	0	0	0	0	0	0	0	0	0	122	0	0	0	0	0	0	0	0	0	0	0	0	0	0	0	0	0	0	0	2
assemblage-712-891	0	0	0	0	0	0	0	0	0	0	0	0	0	0	0	0	0	128	0	0	0	0	227	0	0	0	0	0	0	0	7	0	27	0	0	0	0	0	0	0	0	0	0	0	0	0	0	86	15	0	0	0	0	0	0	0	0	0	8	0	0	0	0	0	0	0	0	2
assemblage-635-856	0	0	0	0	0	0	0	0	0	0	0	0	0	0	0	0	0	77	0	0	0	0	299	0	0	0	0	0	0	0	0	0	19	0	0	0	0	0	0	0	0	0	0	0	0	0	0	54	0	0	8	0	0	0	0	0	0	0	26	0	0	0	0	0	0	0	0	17
assemblage-412-358	0	0	0	0	0	0	0	0	0	0	0	0	0	5	0	0	0	123	0	0	0	0	163	0	0	0	0	0	0	0	0	0	0	0	0	0	0	0	0	0	0	0	0	0	0	0	0	194	0	0	0	0	0	0	0	0	0	0	10	0	0	0	0	0	0	0	0	5
assemblage-319-550	0	0	0	0	0	0	0	0	4	33	0	19	0	0	0	0	0	184	0	0	0	0	163	0	0	0	0	0	0	0	0	0	0	0	0	0	0	0	8	0	0	8	0	0	0	0	0	15	0	0	12	0	0	0	0	0	0	0	47	0	0	0	0	0	0	0	0	7
assemblage-259-333	0	0	0	0	0	0	0	0	0	0	0	0	0	0	0	0	0	139	0	0	0	0	208	0	0	0	0	0	0	0	0	0	10	0	0	0	0	0	15	0	0	0	0	0	0	0	0	87	0	0	0	0	0	0	0	0	0	0	31	0	8	0	0	0	0	0	0	2
assemblage-520-558	0	0	0	0	15	0	0	0	0	0	0	0	0	0	0	0	0	322	0	0	0	0	52	0	27	0	0	0	0	0	0	0	0	0	0	0	0	0	0	0	0	0	0	0	0	0	0	34	0	0	0	0	0	0	0	39	0	0	0	0	0	0	0	0	0	0	0	11
assemblage-160-196	17	0	0	0	0	0	0	0	0	0	0	108	0	0	0	0	0	0	0	0	0	0	165	0	0	0	0	0	0	0	0	0	0	0	0	0	0	0	0	0	0	0	0	0	0	0	0	88	0	0	0	0	0	0	10	0	0	0	89	19	0	0	0	0	0	0	0	4
assemblage-359-264	0	0	0	0	0	0	0	0	0	0	0	0	0	0	0	0	10	127	0	0	0	0	138	0	0	0	0	0	0	0	0	0	0	0	0	0	0	0	0	5	0	0	0	0	0	0	0	104	0	0	0	0	0	0	0	0	0	0	93	18	0	0	0	0	0	0	0	5
assemblage-520-549	0	0	0	0	11	0	0	0	0	0	0	0	0	0	0	0	0	228	0	0	0	8	107	0	37	0	0	0	0	0	0	0	0	0	0	0	0	0	0	0	0	0	0	0	0	0	0	79	0	0	0	0	0	0	0	16	0	0	0	0	0	0	0	0	0	0	0	14
assemblage-242-242	0	0	0	0	0	0	0	0	0	0	56	0	6	0	0	0	57	346	0	0	22	0	0	0	0	0	0	0	0	0	0	0	0	0	0	0	0	0	0	0	9	0	0	0	0	0	0	0	0	0	0	0	0	0	0	0	0	0	0	0	0	0	0	0	0	0	0	4
assemblage-929-680	0	67	0	0	0	0	0	0	0	0	0	81	0	0	0	0	0	8	0	0	0	0	46	0	0	0	13	53	0	0	0	0	0	0	5	0	0	0	0	0	0	0	0	0	0	0	0	51	0	0	57	0	0	0	0	0	0	0	95	0	0	0	0	0	0	0	0	24
assemblage-943-691	0	0	0	0	0	0	0	0	0	0	0	0	0	0	0	0	0	154	0	0	0	0	112	0	0	0	0	11	0	0	0	0	0	0	0	0	0	0	0	0	0	0	0	0	0	0	0	191	0	0	0	0	0	0	0	0	0	0	25	0	0	0	0	0	0	0	0	7
assemblage-305-132	0	0	0	0	0	0	0	0	0	0	0	59	0	0	0	0	0	106	23	0	0	0	222	0	0	0	0	0	0	0	0	0	0	0	0	0	0	0	0	0	0	0	0	0	0	0	0	69	0	0	0	0	0	0	0	0	0	0	10	0	0	0	0	0	0	0	0	11
assemblage-526-916	0	0	0	0	0	0	0	0	0	0	0	75	0	0	0	0	0	99	27	0	0	0	219	0	0	0	0	0	0	0	0	0	0	0	0	0	0	0	0	0	0	0	0	0	0	0	0	62	0	0	0	0	0	0	2	0	0	0	6	0	0	0	0	0	0	0	0	10
assemblage-358-789	0	0	0	0	0	0	0	0	0	0	0	0	0	0	0	0	0	319	0	0	0	0	30	0	15	0	0	0	0	0	0	0	0	8	0	0	0	0	0	0	0	0	0	0	0	0	0	121	0	0	0	0	0	0	0	0	0	0	0	0	0	0	0	0	0	0	0	7
assemblage-611-217	0	0	0	0	0	0	0	0	0	0	0	0	0	0	9	0	0	355	0	0	0	21	56	0	0	12	0	0	0	0	0	0	0	0	0	0	0	0	0	0	0	0	0	0	0	0	0	40	0	0	0	0	0	0	0	0	0	0	0	0	0	0	0	0	0	0	0	7
assemblage-670-392	0	0	0	0	0	0	0	0	0	0	0	0	0	0	0	0	0	289	0	0	0	0	144	0	0	0	0	0	0	0	0	0	0	0	0	0	0	0	0	0	0	0	0	0	0	0	0	42	0	0	0	0	0	0	0	0	0	0	0	0	0	0	5	0	0	8	0	12
assemblage-907-527	0	0	0	0	0	0	0	0	0	0	0	17	0	0	0	0	0	0	0	0	0	0	324	0	0	0	0	0	0	0	0	14	0	0	0	0	0	0	0	0	0	0	0	0	0	0	0	0	0	0	0	0	0	0	0	0	0	0	0	140	0	0	0	0	0	0	0	5
assemblage-358-786	0	0	0	0	27	0	0	0	0	0	0	0	0	0	0	0	0	129	0	0	0	17	192	0	92	0	0	0	0	0	0	0	0	0	0	0	0	0	0	0	0	0	0	0	0	0	0	42	0	0	0	0	0	0	0	0	0	0	0	0	0	0	0	0	0	0	0	1
assemblage-742-872	0	0	0	0	0	0	0	0	0	0	0	0	0	0	0	0	12	151	0	0	0	0	128	0	0	0	0	0	0	0	0	0	0	0	0	0	0	0	0	0	0	0	0	0	0	0	0	72	0	0	0	0	0	0	0	0	0	0	103	28	0	0	0	0	0	0	0	6
assemblage-627-458	17	0	0	0	0	0	0	0	0	0	0	129	0	0	0	0	0	0	0	0	0	0	172	0	0	0	0	0	0	0	0	0	0	0	0	0	0	0	0	0	0	0	0	0	0	0	0	69	0	0	0	0	0	0	21	0	0	0	71	11	0	0	0	0	0	0	0	10
assemblage-545-737	0	0	0	0	0	0	0	0	0	0	0	0	0	0	0	0	0	111	0	0	0	0	167	0	0	0	0	43	0	0	0	0	0	0	0	0	0	0	0	0	0	0	0	0	0	0	0	21	0	0	0	0	0	0	18	0	0	0	130	0	0	0	0	0	0	0	0	10
assemblage-606-238	0	0	0	0	0	0	0	0	0	0	0	0	0	0	0	0	0	223	0	0	0	0	208	0	0	0	0	0	0	0	0	0	0	0	0	0	0	0	0	0	0	0	0	0	0	0	0	63	0	0	0	0	0	0	0	0	0	0	0	0	0	0	0	0	0	0	0	6
assemblage-195-187	0	0	0	0	0	0	0	0	0	0	0	301	0	0	0	0	0	0	0	0	0	0	109	0	0	0	0	0	0	0	0	0	0	0	0	0	0	0	0	0	0	0	0	0	0	0	0	0	0	0	0	0	0	0	73	0	0	0	0	11	0	0	0	0	0	0	0	6
assemblage-171-608	0	0	17	0	0	0	0	0	0	0	0	0	0	0	0	0	0	146	0	0	0	0	152	0	83	0	0	0	0	0	0	0	0	28	0	0	0	0	0	0	0	0	0	0	0	0	0	68	0	0	0	0	0	0	0	0	0	0	0	0	0	0	0	0	0	0	0	6
assemblage-466-351	0	0	0	0	0	0	0	0	0	0	0	0	0	0	0	0	0	0	0	0	0	0	0	0	0	0	0	0	0	0	0	0	0	0	0	0	0	0	0	0	0	0	0	0	0	0	0	441	0	0	0	0	0	0	0	0	0	0	55	0	0	0	0	0	0	0	0	4
assemblage-687-910	0	0	0	0	0	0	0	0	0	0	0	0	0	0	0	0	0	151	0	0	0	0	141	0	0	0	0	0	0	0	0	0	31	0	0	0	0	0	0	0	0	0	0	0	0	0	0	114	0	0	0	0	0	0	0	0	0	0	48	0	0	0	0	0	0	0	0	15
assemblage-209-176	0	0	0	0	0	0	0	0	0	0	0	325	0	0	0	0	0	0	0	0	0	0	83	0	0	0	0	0	0	0	0	0	0	0	0	0	0	0	0	0	0	0	0	0	0	0	0	0	0	0	0	0	0	0	57	0	0	0	0	15	0	10	0	0	0	0	0	10
assemblage-281-541	0	19	0	0	0	0	0	0	0	0	0	0	0	0	0	0	0	104	0	0	0	0	115	0	0	0	0	0	0	0	0	0	0	0	0	0	0	0	0	0	0	0	0	0	0	0	0	164	0	0	0	0	0	0	0	0	0	0	88	0	0	0	0	0	0	0	0	10
assemblage-762-878	0	0	0	0	0	0	0	0	0	0	0	20	0	0	0	0	8	91	0	0	0	0	176	0	0	0	0	0	0	0	0	0	0	0	0	8	0	0	0	0	0	0	0	0	0	0	0	135	0	0	0	0	0	0	50	0	0	0	0	4	0	0	0	0	0	0	0	8
assemblage-181-190	0	0	0	0	0	0	0	0	0	0	0	0	0	0	0	0	0	110	0	0	0	0	145	0	0	0	0	0	0	0	0	0	0	0	0	0	0	0	0	0	0	0	0	0	0	0	0	108	0	0	0	0	0	0	0	0	0	0	100	14	0	0	0	0	0	0	0	23
assemblage-168-953	0	0	0	0	0	0	0	0	0	0	0	0	0	0	0	0	0	157	0	0	0	14	167	0	0	0	0	0	0	0	0	0	0	0	0	0	0	20	0	0	0	0	0	0	0	7	0	124	0	0	0	0	0	0	0	0	0	0	0	0	0	0	0	0	0	0	0	11
assemblage-990-345	0	0	0	0	0	0	0	0	0	0	0	0	0	0	0	0	0	164	0	0	0	0	197	0	0	0	0	0	0	0	1	0	17	0	0	0	0	0	0	0	0	0	0	0	0	0	0	94	7	0	0	0	0	0	0	0	0	0	12	0	0	0	0	0	0	0	0	8
assemblage-549-750	0	0	0	0	0	0	0	0	0	0	0	63	0	0	0	0	0	61	0	0	0	0	226	0	0	0	0	0	0	0	0	0	0	0	0	0	0	0	0	0	0	0	0	0	0	0	0	47	0	0	17	0	0	0	0	0	0	0	77	0	0	0	0	0	0	0	0	9
assemblage-480-335	0	0	0	0	0	0	0	0	0	0	0	0	0	0	0	0	0	0	0	0	0	0	0	0	0	0	0	0	0	0	0	0	0	0	0	0	0	0	0	0	0	0	0	0	0	0	0	432	0	0	0	0	0	0	0	0	0	0	52	0	0	0	0	0	0	0	0	16
assemblage-535-559	0	0	0	0	23	0	0	0	0	0	0	0	0	0	0	0	0	173	0	0	0	21	150	0	80	0	0	0	0	0	0	0	0	0	0	0	0	0	0	0	0	0	0	0	0	0	0	50	0	0	0	0	0	0	0	0	0	0	0	0	0	0	0	0	0	0	0	3
assemblage-183-166	19	0	0	0	0	0	0	0	0	0	0	91	0	0	0	0	0	0	0	0	0	0	173	0	0	0	0	0	0	0	0	0	0	0	0	0	0	0	0	0	0	0	0	0	0	0	0	115	0	0	0	0	0	0	17	0	0	0	63	17	0	0	0	0	0	0	0	5
assemblage-176-599	0	0	0	0	0	0	0	0	0	0	0	0	0	0	0	0	0	321	0	0	0	0	116	0	0	0	0	0	0	0	0	0	0	0	0	0	0	0	0	0	0	0	0	0	0	0	0	43	0	0	0	0	0	0	0	0	0	0	0	0	0	0	7	0	0	6	0	7
assemblage-924-289	0	0	0	0	0	0	0	0	4	25	0	24	0	0	0	0	0	158	0	0	0	0	194	0	0	0	0	0	0	0	0	0	0	0	0	0	0	0	0	0	0	0	0	0	0	0	0	41	0	0	0	0	0	0	0	0	0	0	44	0	0	0	0	0	0	0	0	10
assemblage-235-847	0	0	0	0	0	0	0	0	0	0	0	19	0	0	0	0	0	27	0	0	0	0	239	0	0	0	0	0	0	0	0	0	0	0	0	0	0	0	0	0	0	0	0	0	0	0	18	166	0	0	0	0	0	0	0	0	0	0	19	0	0	0	0	0	0	0	0	12
assemblage-298-582	0	0	0	0	0	0	0	0	0	0	0	0	0	0	0	0	0	394	0	0	0	0	95	0	0	0	0	0	0	0	0	0	0	0	0	0	0	0	0	0	0	0	0	0	0	0	0	0	0	0	0	0	0	0	0	0	0	0	0	0	0	0	0	0	0	0	0	11
assemblage-172-188	0	0	0	0	0	0	0	0	0	0	0	0	0	0	0	0	0	87	0	0	4	0	163	0	0	0	0	0	0	0	0	0	0	0	0	0	0	0	0	0	0	0	0	0	0	0	0	218	0	0	0	0	0	0	0	0	0	0	0	0	0	0	0	0	0	0	0	28
assemblage-299-556	0	0	0	0	0	0	0	0	5	23	0	17	0	0	0	0	0	169	0	0	0	0	194	0	0	0	0	0	0	0	0	0	0	0	0	0	0	0	0	0	0	0	0	0	0	0	0	31	0	0	0	0	0	0	0	0	0	0	48	0	0	0	0	0	0	0	0	13
assemblage-809-471	0	0	0	0	0	0	0	0	0	0	0	0	0	0	0	0	0	72	0	0	0	0	282	0	0	0	0	48	0	0	0	0	0	0	0	0	0	0	0	0	0	0	0	0	0	0	0	6	0	0	30	0	0	0	19	0	0	0	36	0	0	0	0	0	0	0	0	7
assemblage-183-592	0	0	0	0	0	0	0	0	0	0	0	0	0	0	5	0	0	343	0	0	0	14	61	0	0	6	0	0	0	0	0	0	0	0	0	0	0	0	0	0	0	0	0	0	0	0	0	66	0	0	0	0	0	0	0	0	0	0	0	0	0	0	0	0	0	0	0	5
assemblage-870-401	0	65	0	0	0	0	0	0	0	0	0	82	0	0	0	0	0	21	0	0	0	0	57	0	0	0	14	60	0	0	0	0	0	0	5	0	0	0	0	0	0	0	0	0	0	0	0	48	0	0	56	0	0	0	0	0	0	0	73	0	0	0	0	0	0	0	0	19
assemblage-299-553	0	0	0	0	0	0	3	0	0	0	0	0	0	0	0	0	0	398	0	0	0	0	82	0	0	0	0	0	0	0	0	0	0	0	0	0	0	0	0	0	0	0	0	0	0	0	0	12	0	0	0	0	0	0	0	0	0	0	0	0	0	0	0	0	0	0	0	5
assemblage-267-236	0	0	0	0	0	0	0	0	0	0	36	0	0	0	0	0	75	324	0	0	42	0	0	0	0	0	0	0	0	0	0	0	0	0	0	0	0	0	0	0	22	0	0	0	0	0	0	0	0	0	0	0	0	0	0	0	0	0	0	0	0	0	0	0	0	0	0	1
assemblage-690-252	0	0	0	0	0	0	0	0	0	0	0	0	0	0	0	0	0	340	0	0	0	0	26	0	14	0	0	0	0	0	0	0	0	3	0	0	0	0	0	0	0	0	0	0	0	0	0	113	0	0	0	0	0	0	0	0	0	0	0	0	0	0	0	0	0	0	0	4
assemblage-889-395	0	0	0	0	0	0	0	0	0	0	0	0	0	0	0	0	0	168	0	0	0	0	123	0	0	0	0	3	0	0	0	0	0	0	0	0	0	0	0	0	0	0	0	0	0	0	0	142	0	0	17	0	0	0	0	0	0	0	35	0	0	0	0	0	0	0	0	12
assemblage-619-459	24	0	0	0	0	0	0	0	0	0	0	139	0	0	0	0	0	0	0	0	0	0	145	0	0	0	0	0	0	0	0	0	0	0	0	0	0	0	0	0	0	0	0	0	0	0	0	83	0	0	0	0	0	0	8	0	0	0	67	31	0	0	0	0	0	0	0	3
assemblage-296-136	0	0	0	0	0	0	0	0	0	0	0	9	0	0	0	0	0	8	0	0	0	0	116	0	0	0	0	0	0	0	0	0	0	0	0	0	26	0	0	0	0	0	0	0	0	0	0	319	0	0	0	0	0	0	0	0	0	9	7	0	0	0	0	0	0	0	0	6
assemblage-609-214	0	0	0	0	0	0	0	0	0	0	0	0	0	0	0	0	0	319	0	0	0	0	121	0	0	0	0	0	0	0	0	0	0	0	0	0	0	0	0	0	0	0	0	0	0	0	0	35	0	0	0	0	0	0	0	0	0	0	0	0	0	0	5	0	0	10	0	10
assemblage-526-929	0	0	0	0	0	0	0	0	0	0	0	0	0	0	0	0	0	7	0	0	0	0	292	0	0	0	0	0	0	0	0	0	0	0	0	0	0	0	0	0	0	0	0	0	0	0	0	39	0	0	0	0	0	0	59	0	0	0	92	0	0	0	0	0	0	0	0	11
assemblage-950-251	0	0	0	0	0	0	0	0	0	0	0	0	0	0	0	0	0	127	0	0	0	0	103	0	0	0	0	13	0	0	0	0	0	0	0	0	0	0	0	0	0	0	0	0	0	0	0	204	0	0	0	0	0	0	0	0	0	0	47	0	0	0	0	0	0	0	0	6
assemblage-663-393	0	0	0	0	0	0	0	0	0	0	0	0	0	0	5	0	0	324	0	0	0	19	60	0	0	14	0	0	0	0	0	0	0	0	0	0	0	0	0	0	0	0	0	0	0	0	0	69	0	0	0	0	0	0	0	0	0	0	0	0	0	0	0	0	0	0	0	9
assemblage-1000-339	0	0	0	0	0	0	0	0	0	0	0	0	0	0	0	0	0	110	0	0	0	0	204	0	0	0	0	0	0	0	0	0	0	0	0	0	0	0	26	0	0	0	0	0	0	0	0	91	0	0	0	0	0	0	0	0	0	0	51	0	8	0	0	0	0	0	0	10
assemblage-154-592	0	0	0	0	0	0	0	0	0	0	0	0	0	0	6	0	0	306	0	0	0	18	77	0	0	16	0	0	0	0	0	0	0	0	0	0	0	0	0	0	0	0	0	0	0	0	0	67	0	0	0	0	0	0	0	0	0	0	0	0	0	0	0	0	0	0	0	10
assemblage-181-932	0	0	0	0	21	0	0	0	0	0	0	0	0	0	0	0	0	143	0	0	0	30	192	0	66	0	0	0	0	0	0	0	0	0	0	0	0	0	0	0	0	0	0	0	0	0	0	45	0	0	0	0	0	0	0	0	0	0	0	0	0	0	0	0	0	0	0	3
assemblage-343-236	0	0	0	0	0	0	0	0	19	13	0	0	0	0	0	0	0	237	0	0	0	0	76	0	0	0	0	0	0	0	0	0	0	0	0	0	0	0	0	0	0	0	0	0	0	0	0	118	0	0	0	0	0	0	0	0	0	0	12	0	0	0	0	20	0	0	0	5
assemblage-152-958	0	0	0	0	0	0	0	0	0	0	0	0	0	0	0	0	0	119	0	0	0	20	186	0	0	0	0	0	0	0	0	0	0	0	0	0	0	26	0	0	0	0	0	0	0	3	0	136	0	0	0	0	0	0	0	0	0	0	0	0	0	0	0	0	0	0	0	10
assemblage-503-944	0	0	0	0	0	0	0	0	0	0	0	0	0	0	0	0	0	13	0	0	0	0	291	0	0	0	0	0	0	0	0	0	0	0	0	0	0	0	0	0	0	0	0	0	0	0	0	36	0	0	0	0	0	0	80	0	0	0	53	0	0	0	0	0	0	0	0	27
assemblage-150-176	30	0	0	0	0	0	0	0	0	0	0	107	0	0	0	0	0	0	0	0	0	0	170	0	0	0	0	0	0	0	0	0	0	0	0	0	0	0	0	0	0	0	0	0	0	0	0	95	0	0	0	0	0	0	9	0	0	0	60	15	0	0	0	0	0	0	0	14
assemblage-537-763	0	0	0	0	0	0	0	0	0	0	0	7	0	0	0	0	0	118	0	0	0	0	184	0	0	0	0	43	0	0	0	0	0	0	0	0	0	0	0	0	0	0	0	0	0	0	0	19	0	0	0	0	0	0	12	0	0	0	116	0	0	0	0	0	0	0	0	1
assemblage-911-277	0	0	0	0	0	0	0	0	0	0	0	0	0	0	0	0	0	62	0	0	0	0	349	0	0	0	0	0	0	0	0	0	0	0	0	0	0	0	0	0	0	0	0	0	0	0	0	74	0	0	6	0	0	0	0	0	0	0	0	0	0	0	0	0	0	0	0	9
assemblage-500-534	0	0	0	0	0	0	0	0	0	0	0	53	0	0	0	0	0	41	0	0	0	0	240	0	0	0	0	0	0	0	0	0	0	0	0	0	0	0	0	0	0	0	0	0	0	0	0	26	0	0	25	0	0	0	0	0	0	0	98	0	0	0	0	0	0	0	0	17
assemblage-594-237	0	0	0	0	0	0	0	0	0	0	0	0	0	0	0	0	0	396	0	0	0	0	93	0	0	0	0	0	0	0	0	0	0	0	0	0	0	0	0	0	0	0	0	0	0	0	0	0	0	0	0	0	0	0	0	0	0	0	0	0	0	0	0	0	0	0	0	11
assemblage-790-466	0	59	0	0	0	0	0	0	0	0	0	81	0	0	0	0	0	18	0	0	0	0	35	0	0	0	13	64	0	0	0	0	0	0	7	0	0	0	0	0	0	0	0	0	0	0	0	41	0	0	87	0	0	0	0	0	0	0	80	0	0	0	0	0	0	0	0	15
assemblage-235-826	0	0	0	0	0	0	0	0	0	0	0	10	0	0	0	0	0	0	0	0	0	0	89	0	0	0	0	0	0	0	0	0	0	0	0	0	31	0	0	0	0	0	0	0	0	0	0	324	0	0	0	0	0	0	0	0	0	0	26	0	0	0	0	0	0	0	0	20
assemblage-585-209	0	0	0	0	5	0	0	0	0	0	0	0	0	0	0	0	0	276	0	0	0	0	149	0	0	0	0	0	0	0	0	0	0	0	0	0	0	0	0	0	0	0	0	0	0	0	0	52	0	0	0	0	0	0	0	0	0	0	0	0	0	0	0	0	0	4	0	14
assemblage-285-119	0	0	0	0	0	0	0	0	0	0	0	19	0	0	0	0	0	24	0	0	0	0	248	0	0	0	0	0	0	0	0	0	0	0	0	0	0	0	0	0	0	0	0	0	0	0	23	170	0	0	0	0	0	0	0	0	0	0	6	0	0	0	0	0	0	0	0	10
assemblage-936-250	0	79	0	0	0	0	0	0	0	0	0	55	0	0	0	0	0	12	0	0	0	0	42	0	0	0	0	78	0	0	0	0	0	0	11	0	0	0	0	0	0	0	0	0	0	0	0	35	0	0	60	0	0	0	5	0	0	0	107	0	0	0	0	0	0	0	2	14
assemblage-988-353	0	0	0	0	0	0	0	0	0	0	0	0	0	0	0	0	0	140	0	0	0	0	205	0	0	0	0	0	0	0	0	0	24	0	0	0	0	0	0	0	0	0	0	0	0	0	0	100	6	0	0	0	0	0	0	0	0	0	8	0	0	0	0	0	0	0	0	17
assemblage-692-481	0	0	0	0	0	0	0	0	0	0	0	0	0	0	0	0	0	326	0	0	0	12	66	0	0	9	0	0	0	0	0	0	0	0	0	0	0	0	0	0	0	0	0	0	0	0	0	83	0	0	0	0	0	0	0	0	0	0	0	0	0	0	0	0	0	0	0	4
assemblage-497-531	0	16	0	0	0	0	0	0	0	0	0	11	0	0	0	0	0	6	0	0	0	0	124	0	0	0	0	0	0	0	0	0	0	0	0	0	0	0	0	0	0	0	0	0	0	0	0	336	0	0	0	0	0	0	0	0	0	0	0	0	0	0	0	0	0	0	0	7
assemblage-604-675	0	0	0	0	0	0	0	0	0	0	0	0	0	0	0	0	0	86	0	0	0	0	194	0	0	0	0	38	0	0	0	0	0	0	0	0	0	0	0	0	0	0	0	0	0	0	0	33	0	0	0	0	0	0	10	0	0	0	129	0	0	0	0	0	0	0	0	10
assemblage-481-156	0	0	0	0	0	0	0	0	0	0	0	60	0	0	0	0	0	34	0	0	0	0	244	0	0	0	0	0	0	0	0	0	0	0	0	0	0	0	0	0	0	0	0	0	0	0	0	49	0	0	20	0	0	0	0	0	0	0	88	0	0	0	0	0	0	0	0	5
assemblage-465-144	0	0	0	0	0	0	0	0	0	0	0	0	0	0	0	0	0	192	10	0	0	0	116	37	0	0	0	0	0	0	0	0	0	0	0	0	0	0	0	0	0	0	0	0	0	0	0	77	0	0	0	0	0	0	49	0	0	9	0	0	0	0	0	0	0	0	0	10
assemblage-607-238	0	0	0	0	0	0	0	0	0	0	0	0	0	0	0	0	0	213	0	0	0	0	209	0	0	0	0	0	0	0	0	0	0	0	0	0	0	0	0	0	0	0	0	0	0	0	0	68	0	0	0	0	0	0	0	0	0	0	0	0	0	0	0	0	0	0	0	10
assemblage-508-917	0	0	0	0	0	0	0	0	0	0	0	57	0	0	0	0	0	84	27	0	0	0	269	0	0	0	0	0	0	0	0	0	0	0	0	0	0	0	0	0	0	0	0	0	0	0	0	48	0	0	0	0	0	0	0	0	0	0	2	0	0	0	0	0	0	0	0	13
assemblage-806-986	0	0	0	5	0	0	0	0	0	0	0	0	0	0	0	0	0	78	0	0	0	0	306	0	0	0	0	0	0	0	0	0	0	0	0	0	0	0	0	0	0	0	0	0	0	0	0	96	0	0	9	0	0	0	0	0	0	0	0	0	0	0	0	0	0	0	0	6
assemblage-666-410	0	0	0	0	0	0	0	0	0	0	0	0	0	0	0	0	0	290	0	0	0	0	164	0	0	0	0	0	0	0	0	0	0	0	0	0	0	0	0	0	0	0	0	0	0	0	0	44	0	0	0	0	0	0	0	0	0	0	0	0	0	0	0	0	0	0	0	2
assemblage-667-848	0	0	0	0	0	0	0	0	0	0	0	0	0	0	0	0	0	89	0	0	0	0	251	0	0	0	0	0	0	0	0	0	35	0	0	0	0	0	0	0	0	0	0	15	0	0	0	64	0	0	10	0	0	0	0	0	0	0	22	0	0	0	0	0	0	0	0	14
assemblage-763-893	0	0	0	0	0	0	0	0	0	0	0	0	0	0	0	0	0	147	0	0	0	0	155	0	0	0	0	0	0	0	0	0	0	0	0	0	0	0	0	0	0	0	0	0	0	0	0	88	0	0	0	0	0	0	0	0	0	0	84	15	0	0	0	0	0	0	0	11
assemblage-991-355	0	0	0	0	0	0	0	0	16	9	0	0	0	0	0	0	0	248	0	0	0	0	76	0	0	0	0	0	0	0	0	0	0	0	0	0	0	0	0	0	0	0	0	0	0	0	0	126	0	0	0	0	0	0	0	0	0	0	9	0	0	0	0	16	0	0	0	0
assemblage-711-905	0	0	0	0	0	0	0	0	0	0	0	0	0	0	0	0	0	163	0	0	0	0	135	0	0	0	0	0	0	0	0	0	27	0	0	0	0	0	0	0	0	0	0	0	0	0	0	113	0	0	0	0	0	0	0	0	0	0	54	0	0	0	0	0	0	0	0	8
assemblage-405-331	0	0	0	0	0	0	0	0	0	0	0	0	0	0	0	0	0	399	0	0	0	0	92	0	0	0	0	0	0	0	0	0	0	0	0	0	0	0	0	0	0	0	0	0	0	0	0	0	0	0	0	0	0	0	0	0	0	0	0	0	0	0	0	0	0	0	0	9
assemblage-267-347	0	0	0	0	0	0	0	0	0	0	0	0	0	0	0	0	0	145	0	0	0	0	163	0	0	0	0	0	0	0	0	0	7	0	0	0	0	0	23	0	0	0	0	0	0	0	0	83	0	0	0	9	0	0	0	0	0	0	60	0	4	0	0	0	0	0	0	6
assemblage-702-912	0	0	0	0	0	0	0	0	0	0	0	0	0	0	0	0	0	145	0	0	0	0	162	0	0	0	0	0	0	0	0	0	0	0	0	0	0	0	16	0	0	0	0	0	0	0	0	95	0	0	0	0	0	0	0	0	0	0	56	0	9	0	0	0	0	0	0	17
assemblage-520-527	0	0	0	0	0	0	0	0	0	0	0	0	0	0	0	0	0	89	0	0	0	0	189	0	0	0	0	28	0	0	0	0	0	0	0	0	0	0	0	0	0	0	0	0	0	0	0	34	0	0	0	0	0	0	6	0	0	0	141	0	0	0	0	0	0	0	0	13
assemblage-471-319	0	0	0	0	0	0	0	0	0	0	0	0	0	0	0	0	0	0	0	0	0	0	0	0	0	0	0	0	0	0	0	0	0	0	0	0	0	0	0	0	0	0	0	0	0	0	0	458	0	0	0	0	0	0	0	0	0	0	37	0	0	0	0	0	0	0	0	5
assemblage-302-569	0	0	0	0	0	0	0	0	8	0	0	0	0	0	0	0	0	388	0	0	0	0	58	0	0	0	0	0	0	0	0	0	0	0	0	0	0	0	0	0	0	0	0	0	0	0	0	33	0	0	0	0	0	0	0	0	0	0	0	0	0	0	0	0	0	0	0	13
assemblage-499-512	0	0	0	0	0	0	0	0	0	0	0	3	0	0	0	0	0	126	0	0	0	0	170	0	0	0	0	33	0	0	0	0	0	0	0	0	0	0	0	0	0	0	0	0	0	0	0	26	0	0	0	0	0	0	9	0	0	0	133	0	0	0	0	0	0	0	0	0
assemblage-230-157	0	0	0	0	0	0	0	0	0	0	0	323	0	0	0	0	0	0	0	0	0	0	101	0	0	0	0	0	0	0	0	0	0	0	0	0	0	0	0	0	0	0	0	0	0	0	0	0	0	0	0	0	0	0	55	0	0	0	0	13	0	0	0	0	0	0	0	8
assemblage-891-274	0	0	0	0	0	0	0	0	0	18	0	22	0	0	0	0	0	166	0	0	0	0	189	0	0	0	0	0	0	0	0	0	0	0	0	0	0	0	10	0	0	0	0	0	0	0	0	39	0	0	0	0	0	0	0	0	0	0	37	0	0	0	0	0	0	0	0	19
assemblage-371-808	0	0	0	0	0	0	0	0	0	0	0	0	0	0	0	0	0	318	0	0	0	0	26	0	21	0	0	0	0	0	0	0	0	8	0	0	0	0	0	0	0	0	0	0	0	0	0	122	0	0	0	0	0	0	0	0	0	0	0	0	0	0	0	0	0	0	0	5
assemblage-916-1002	0	0	0	0	0	0	0	0	0	0	0	5	0	0	0	0	0	8	0	0	0	0	119	0	0	0	0	0	0	0	0	0	0	0	0	0	30	0	0	0	0	0	0	0	0	0	0	327	0	0	0	0	0	0	0	0	0	0	3	0	0	0	0	0	0	0	0	8
assemblage-575-740	0	0	0	0	0	0	0	0	0	0	0	8	0	0	0	0	0	175	13	0	0	0	124	24	0	0	0	0	0	0	0	0	0	0	0	0	0	0	0	0	0	0	0	0	0	0	0	92	0	0	0	0	0	0	49	0	0	0	10	0	0	0	0	0	0	0	0	5
assemblage-799-965	0	0	0	0	0	0	0	0	10	15	0	31	0	0	0	0	0	169	0	0	0	0	184	0	0	0	0	0	0	0	0	0	0	0	0	0	0	0	3	0	0	6	0	0	0	0	0	35	0	0	0	0	0	0	0	0	0	0	43	0	0	0	0	0	0	0	0	4
assemblage-599-246	0	0	0	0	0	0	0	0	0	0	0	0	0	0	0	0	0	262	0	0	0	0	160	0	0	0	0	0	0	0	0	0	0	0	0	0	0	0	0	0	0	0	0	0	0	0	0	65	0	0	0	0	0	0	0	0	0	0	0	0	0	0	0	0	0	0	0	13
assemblage-398-355	0	0	0	0	0	0	0	0	0	0	0	0	0	0	0	0	0	112	0	0	0	0	157	0	0	0	0	0	0	0	0	0	0	0	0	0	0	0	0	0	0	0	0	0	0	0	0	210	0	0	0	0	0	0	0	0	0	0	12	0	0	0	0	0	0	0	0	9
assemblage-526-569	0	0	0	0	12	0	0	0	0	0	0	0	0	0	0	0	0	292	0	0	0	0	74	0	51	0	0	0	0	0	0	0	0	0	0	0	0	0	0	0	0	0	0	0	0	0	0	27	0	0	0	0	0	0	0	42	0	0	0	0	0	0	0	0	0	0	0	2
assemblage-509-534	0	0	0	0	0	0	0	0	0	0	0	0	0	0	0	0	0	88	0	0	0	0	174	0	0	0	0	39	0	0	0	0	0	0	0	0	0	0	0	0	0	0	0	0	0	0	0	28	0	0	0	0	0	0	13	0	0	0	150	0	0	0	0	0	0	0	0	8
assemblage-675-257	0	0	0	0	0	0	0	0	0	0	0	0	0	0	0	0	0	308	0	0	0	0	31	0	26	0	0	0	0	0	0	0	0	13	0	0	0	0	0	0	0	0	0	0	0	0	0	119	0	0	0	0	0	0	0	0	0	0	0	0	0	0	0	0	0	0	0	3
assemblage-612-218	0	0	0	0	0	0	0	0	0	0	0	0	0	0	0	0	0	321	0	0	0	0	114	0	0	0	0	0	0	0	0	0	0	0	0	0	0	0	0	0	0	0	0	0	0	0	0	41	0	0	0	0	0	0	0	0	0	0	0	0	0	0	5	0	0	5	0	14
assemblage-525-913	4	0	0	0	0	0	0	0	0	0	0	0	0	0	0	0	0	12	0	0	0	0	306	0	0	0	0	0	0	0	0	0	0	0	0	0	0	0	0	0	0	0	0	0	0	0	0	46	0	0	0	0	0	0	55	0	0	0	61	0	0	0	0	0	0	0	0	16
assemblage-164-933	0	0	0	0	0	0	0	0	0	0	0	0	0	0	0	0	0	312	0	0	0	0	34	0	13	0	0	0	0	0	0	0	0	5	0	0	0	0	0	0	0	0	0	0	0	0	0	129	0	0	0	0	0	0	0	0	0	0	0	0	0	0	0	0	0	0	0	7
assemblage-470-127	0	0	0	0	0	0	0	0	0	0	0	0	0	0	0	0	0	174	7	0	0	0	139	9	0	0	0	0	0	0	0	0	0	0	0	0	0	0	0	0	0	0	0	0	0	0	0	99	0	0	0	0	0	0	60	0	0	0	0	0	0	0	0	0	0	0	0	12
assemblage-257-856	0	0	0	0	0	0	0	0	0	0	0	17	0	0	0	0	0	43	6	0	0	0	219	0	0	0	0	0	0	0	0	0	0	0	0	0	11	0	0	0	0	0	0	0	0	0	9	154	0	0	0	0	0	0	17	0	0	0	19	0	0	0	0	0	0	0	0	5
assemblage-782-467	0	0	0	0	0	0	0	0	0	0	0	4	0	0	0	0	0	74	0	0	0	0	267	0	0	0	0	51	0	0	0	0	0	0	0	0	0	0	0	0	0	0	0	0	0	0	0	18	0	0	23	0	0	0	12	0	0	0	47	0	0	0	0	0	0	0	0	4
assemblage-540-938	0	0	0	0	0	0	0	0	0	0	0	16	0	0	0	0	0	31	0	0	0	0	214	0	0	0	0	0	0	0	0	0	0	0	0	0	0	0	0	0	0	0	0	0	0	0	28	188	0	0	0	0	0	0	0	0	0	0	12	0	0	0	0	0	0	0	0	11
assemblage-477-336	0	0	0	0	0	0	0	0	0	0	0	0	0	0	0	0	0	0	0	0	0	0	0	0	0	0	0	0	0	0	0	0	0	0	0	0	0	0	0	0	0	0	0	0	0	0	0	441	0	0	0	0	0	0	0	0	0	0	53	0	0	0	0	0	0	0	0	6
assemblage-370-281	6	0	0	0	0	0	0	0	0	0	0	29	0	0	0	0	0	69	0	0	0	0	162	0	0	0	0	0	0	0	0	0	0	0	0	0	0	0	0	0	0	0	0	0	0	0	0	133	0	0	0	0	0	0	20	0	0	0	52	16	0	0	0	0	0	0	0	13
assemblage-672-407	0	0	0	0	0	0	0	0	0	0	0	0	0	0	0	0	0	275	0	0	0	0	168	0	0	0	0	0	0	0	0	0	0	0	0	0	0	0	0	0	0	0	0	0	0	0	0	49	0	0	0	0	0	0	0	0	0	0	0	0	0	0	0	0	0	0	0	8
assemblage-928-1006	5	0	0	0	0	0	0	0	0	0	0	9	0	0	0	0	0	15	0	0	0	0	284	0	0	0	0	0	0	0	0	0	0	0	0	0	0	0	0	0	0	0	0	0	0	0	0	28	0	0	0	0	0	0	73	0	0	0	69	0	0	0	0	0	0	0	0	17
assemblage-250-872	0	0	0	0	0	0	0	0	0	0	0	2	0	0	0	0	0	32	0	0	0	0	260	0	0	0	0	0	0	0	0	0	0	0	0	0	0	0	0	0	0	0	0	0	0	0	14	172	0	0	0	0	0	0	0	0	0	0	11	0	0	0	0	0	0	0	0	9
assemblage-510-572	0	0	0	0	0	0	0	0	0	0	0	0	0	0	0	0	0	154	0	0	0	8	179	0	7	0	0	0	0	0	0	0	0	0	0	0	0	29	0	0	0	0	0	0	0	0	0	110	0	0	0	0	0	0	0	0	0	0	0	0	0	0	0	0	0	0	0	13
assemblage-673-388	0	0	0	0	0	0	0	0	0	0	0	0	0	0	0	0	0	274	0	0	0	0	171	0	0	0	0	0	0	0	0	0	0	0	0	0	0	0	0	0	0	0	0	0	0	0	0	43	0	0	0	0	0	0	0	0	0	0	0	0	0	0	0	0	0	0	0	12
assemblage-288-575	0	0	0	0	0	0	0	0	0	0	0	0	0	0	0	0	0	214	0	0	0	0	210	0	0	0	0	0	0	0	0	0	0	0	0	0	0	0	0	0	0	0	0	0	0	0	0	66	0	0	0	0	0	0	0	0	0	0	0	0	0	0	0	0	0	0	0	10
assemblage-356-329	0	0	0	0	0	0	0	0	0	0	0	0	0	0	0	0	0	194	0	0	0	0	210	0	0	0	0	0	0	0	0	0	0	0	0	0	0	0	0	0	0	0	0	0	0	0	0	89	0	0	0	0	0	0	0	0	0	0	0	0	0	0	0	0	0	0	0	7
assemblage-935-1004	11	0	0	0	0	0	0	0	0	0	0	0	0	0	0	0	0	12	0	0	0	0	277	0	0	0	0	0	0	0	0	0	0	0	0	0	5	0	0	0	0	0	0	0	0	0	0	53	0	0	0	0	0	0	86	0	0	0	45	0	0	0	0	0	0	0	0	11
assemblage-988-336	0	0	0	0	0	0	0	0	25	14	0	0	0	0	0	0	0	250	0	0	0	0	80	0	0	0	0	0	0	0	0	0	0	0	0	0	0	0	0	0	0	0	0	0	0	0	0	98	0	0	0	0	0	0	0	0	0	0	16	0	0	0	0	16	0	0	0	1
assemblage-344-220	0	0	0	0	0	0	0	0	0	0	0	0	0	0	0	0	0	125	0	0	0	0	175	0	0	0	0	0	0	0	0	0	32	0	0	0	0	0	9	0	0	0	0	0	0	0	0	94	0	0	0	0	0	0	0	0	0	0	61	0	0	0	0	0	0	0	0	4
assemblage-352-266	0	0	0	0	0	0	0	0	0	0	0	24	0	0	0	0	12	43	0	0	0	0	217	0	0	0	0	0	0	0	0	0	0	0	0	11	0	0	0	0	0	0	0	0	0	0	0	128	0	0	0	0	0	0	45	0	0	0	0	0	0	0	0	0	0	0	0	20
assemblage-261-343	0	0	0	0	0	7	0	0	0	0	0	0	0	0	0	0	0	122	0	0	0	0	229	0	0	0	0	0	0	0	0	0	15	0	0	0	0	0	0	0	0	0	0	0	0	0	0	85	6	0	0	0	0	0	0	0	0	0	24	0	0	0	0	0	0	0	0	12
assemblage-793-991	0	0	0	0	0	0	0	0	0	0	0	0	0	0	0	0	0	70	0	0	0	0	273	0	0	0	0	0	0	0	0	0	34	0	0	0	0	0	0	0	0	0	0	0	0	0	0	73	0	0	10	0	0	0	0	0	0	0	27	0	0	0	0	0	0	0	0	13
assemblage-689-249	0	0	0	0	17	0	0	0	0	0	0	0	0	0	0	0	0	265	0	0	0	5	93	0	50	0	0	0	0	0	0	0	0	0	0	0	0	0	0	0	0	0	0	0	0	0	0	31	0	0	0	0	0	0	0	37	0	0	0	0	0	0	0	0	0	0	0	2
assemblage-923-976	0	0	0	0	0	0	0	0	0	0	0	0	0	0	0	0	0	8	0	0	0	0	277	0	0	0	0	0	0	0	0	0	0	0	0	0	0	0	0	0	0	0	0	0	0	0	0	55	0	9	0	0	0	0	71	0	0	0	70	0	0	0	0	0	0	0	0	10
assemblage-178-167	0	0	0	0	0	0	0	0	0	0	0	25	0	0	0	0	10	61	0	0	0	0	166	0	0	0	0	0	0	0	0	0	0	0	0	21	3	0	0	0	0	0	0	0	0	0	0	149	0	0	0	0	0	0	53	0	0	0	0	0	0	0	0	0	0	0	0	12
assemblage-562-744	0	0	0	0	0	0	0	0	0	0	0	11	0	0	0	0	0	103	0	0	0	0	154	0	0	0	0	39	0	0	0	0	0	0	0	0	0	0	0	0	0	0	0	0	0	0	0	48	0	0	0	0	0	0	9	0	0	0	129	0	0	0	0	0	0	0	0	7
assemblage-263-346	0	0	0	0	0	0	0	0	0	0	0	0	0	0	0	0	0	136	0	0	0	0	194	0	0	0	0	0	0	0	0	0	31	0	0	0	0	0	0	0	0	0	0	0	0	0	0	103	4	0	0	0	0	0	0	0	0	0	14	0	0	0	0	0	0	0	0	18
assemblage-667-407	0	0	0	0	5	0	0	0	0	0	0	0	0	0	0	0	0	299	0	0	0	0	117	0	0	0	0	0	0	0	0	0	0	0	0	0	0	0	0	0	0	0	0	0	0	0	0	51	0	0	0	0	0	0	0	0	0	0	0	0	0	0	7	0	0	17	0	4
assemblage-471-161	0	21	0	0	0	0	0	0	0	0	0	15	0	0	0	0	0	7	0	0	0	0	155	0	0	0	0	0	0	0	0	0	0	0	0	0	0	0	0	0	0	0	0	0	0	0	0	283	0	0	0	0	0	0	0	0	0	0	6	0	0	0	0	0	0	0	0	13
assemblage-955-695	0	0	0	0	0	0	0	0	0	0	0	0	0	0	0	0	0	155	0	0	0	0	135	0	0	0	0	5	0	0	0	0	0	0	0	0	0	0	0	0	0	0	0	0	0	0	0	186	0	0	0	0	0	0	0	0	0	0	18	0	0	0	0	0	0	0	0	1
assemblage-562-770	0	0	0	0	0	0	0	0	0	0	0	0	0	0	0	0	0	200	4	0	0	0	111	17	0	0	0	0	0	0	0	0	0	0	0	0	0	0	0	0	0	0	0	0	0	0	0	90	0	0	0	0	0	0	65	0	0	5	7	0	0	0	0	0	0	0	0	1
assemblage-809-982	0	12	0	0	0	0	0	0	0	0	0	6	0	0	0	0	0	84	0	0	0	0	115	0	0	0	0	0	0	0	0	0	0	0	14	0	0	0	0	0	0	0	0	0	0	0	0	151	0	0	0	0	0	0	0	0	0	0	109	0	0	0	0	0	0	0	0	9
assemblage-594-250	0	0	0	0	0	0	0	0	0	0	0	0	0	0	0	0	0	104	0	0	0	0	166	0	0	0	0	0	0	0	0	0	0	0	0	0	0	0	0	0	0	0	0	0	0	0	0	221	0	0	0	0	0	0	0	0	0	0	0	0	0	0	0	0	0	0	0	9
assemblage-491-357	0	0	0	0	0	0	0	0	0	0	0	0	0	0	0	0	0	0	0	0	0	0	0	0	0	0	0	0	0	0	0	0	0	0	0	0	0	0	0	0	0	0	0	0	0	0	0	439	0	0	0	0	0	0	0	0	0	0	48	0	0	0	0	0	0	0	0	13
assemblage-491-516	0	0	0	0	0	0	0	0	0	0	0	7	0	0	0	0	0	80	0	0	0	0	175	0	0	0	0	32	0	0	0	0	0	0	0	0	0	0	0	0	0	0	0	0	0	0	0	34	0	0	0	0	0	0	18	0	0	0	151	0	0	0	0	0	0	0	0	3
assemblage-340-344	0	0	0	0	0	0	0	0	0	0	0	0	0	0	0	0	0	212	0	0	0	0	209	0	0	0	0	0	0	0	0	0	0	0	0	0	0	0	0	0	0	0	0	0	0	0	0	74	0	0	0	0	0	0	0	0	0	0	0	0	0	0	0	0	0	0	0	5
assemblage-921-684	0	0	0	0	0	0	0	0	0	0	0	0	0	0	0	0	0	126	0	0	0	0	155	0	0	0	0	0	0	0	0	0	0	0	0	0	0	0	0	0	0	0	0	0	0	0	0	146	0	0	26	0	0	0	0	0	0	0	36	0	0	0	0	0	0	0	0	11
assemblage-900-267	0	0	0	0	0	0	0	0	0	0	0	0	0	0	0	0	0	62	0	0	0	0	329	0	0	0	0	0	0	0	0	0	0	0	0	0	0	0	0	0	0	0	0	0	0	0	0	94	0	0	0	0	0	0	0	0	0	0	0	0	0	0	0	0	0	0	0	15
assemblage-709-471	0	0	34	0	0	0	0	0	0	0	0	0	0	0	0	0	0	185	0	0	0	0	119	0	72	0	0	0	0	0	0	0	0	22	0	0	0	0	0	0	0	0	0	0	0	0	0	67	0	0	0	0	0	0	0	0	0	0	0	0	0	0	0	0	0	0	0	1
assemblage-291-540	0	0	0	0	0	0	0	0	0	0	0	0	0	0	0	0	0	58	0	0	0	0	310	0	0	0	0	0	0	0	0	0	26	0	0	0	0	0	0	0	0	0	4	0	0	0	0	63	0	0	0	0	0	0	0	0	0	0	27	0	0	0	0	0	0	0	0	12
assemblage-532-565	0	0	0	0	14	0	0	0	0	0	0	0	0	0	0	0	0	307	0	0	0	0	55	0	34	0	0	0	0	0	0	0	0	0	0	0	0	0	0	0	0	0	0	0	0	0	0	40	0	0	0	0	0	0	0	43	0	0	0	0	0	0	0	0	0	0	0	7
assemblage-602-233	0	0	0	0	0	0	0	0	0	0	0	0	0	0	0	0	0	327	0	0	0	17	82	0	0	8	0	0	0	0	0	0	0	0	0	0	0	0	0	0	0	0	0	0	0	0	0	62	0	0	0	0	0	0	0	0	0	0	0	0	0	0	0	0	0	0	0	4
assemblage-868-416	0	0	0	0	0	0	0	0	0	0	0	0	0	0	0	0	0	150	0	0	0	0	138	0	0	0	0	0	0	8	0	0	0	0	0	0	0	0	0	0	0	0	0	0	0	0	0	143	0	0	7	0	0	0	0	0	0	0	44	0	0	0	0	0	0	0	0	10
assemblage-164-945	0	0	0	0	0	0	0	0	0	0	0	0	0	0	0	4	0	176	0	0	0	20	141	0	0	0	0	0	0	0	0	0	0	0	0	0	0	28	0	0	0	0	0	0	0	3	0	118	0	0	0	0	0	0	0	0	0	0	0	0	0	0	0	0	0	0	0	10
assemblage-609-673	0	15	0	0	0	0	0	0	0	0	0	4	0	0	0	0	0	12	0	0	0	0	139	0	0	0	0	0	0	0	0	0	0	0	0	0	0	0	0	0	0	0	0	0	0	0	0	320	0	0	0	0	0	0	0	0	0	0	0	0	0	0	0	0	0	0	0	10
assemblage-361-255	26	0	0	0	0	0	0	0	0	0	0	116	0	0	0	0	0	0	0	0	0	0	180	0	0	0	0	0	0	0	0	0	0	0	0	0	0	0	0	0	0	0	0	0	0	0	0	88	0	0	0	0	0	0	17	0	0	0	55	14	0	0	0	0	0	0	0	4
assemblage-194-177	0	0	0	0	0	0	0	0	0	0	0	305	0	0	0	0	0	0	0	0	0	0	106	0	0	0	0	0	0	0	0	0	0	0	0	0	0	0	0	0	0	0	0	0	0	0	0	0	0	0	0	0	0	0	69	0	0	0	0	11	0	0	0	0	0	0	0	9
assemblage-906-535	0	0	0	0	0	0	0	0	0	0	0	19	0	0	0	0	0	0	0	0	0	0	326	0	0	0	0	0	0	0	0	9	0	0	0	0	0	0	0	0	0	0	0	0	0	0	0	0	0	0	0	0	0	0	0	0	0	0	0	136	0	0	0	0	0	0	0	10
assemblage-915-529	0	0	0	0	0	0	0	0	0	0	0	18	0	0	0	0	0	0	0	0	0	0	343	0	0	0	0	0	0	0	0	8	0	0	0	0	0	0	0	0	0	0	0	0	0	0	0	0	0	0	0	0	0	0	0	0	0	0	0	124	0	0	0	0	0	0	0	7
assemblage-518-548	0	0	0	0	11	0	0	0	0	0	0	0	0	0	0	0	0	296	0	0	0	0	69	0	51	0	0	0	0	0	0	0	0	0	0	0	0	0	0	0	0	0	0	0	0	0	0	32	0	0	0	0	0	0	0	28	0	0	0	0	0	0	0	0	0	0	0	13
assemblage-699-475	0	0	0	0	0	0	0	0	0	0	0	0	0	0	0	0	0	285	0	0	0	0	162	0	0	0	0	0	0	0	0	0	0	0	0	0	0	0	0	0	0	0	0	0	0	0	0	46	0	0	0	0	0	0	0	0	0	0	0	0	0	0	0	0	0	0	0	7
assemblage-919-1011	0	0	0	0	0	0	0	0	0	0	0	21	0	0	0	0	0	20	0	0	0	0	242	0	0	0	0	0	0	0	0	0	0	0	0	0	0	0	0	0	0	0	0	0	0	0	29	167	0	0	0	0	0	0	0	0	0	0	9	0	0	0	0	0	0	0	0	12
assemblage-458-160	0	0	0	0	0	0	0	0	0	0	0	0	0	0	0	0	0	167	10	0	0	0	139	19	0	0	0	0	0	0	0	0	0	0	0	0	0	0	0	0	0	0	0	0	0	0	0	96	0	0	0	0	0	0	58	0	0	0	8	0	0	0	0	0	0	0	0	3
assemblage-247-871	0	0	0	0	0	0	0	0	0	0	0	49	0	0	0	0	0	113	15	0	0	0	222	0	0	0	0	0	0	0	0	0	0	0	0	0	0	0	0	0	0	0	0	0	0	0	0	76	0	0	0	0	6	0	0	0	0	0	11	0	0	0	0	0	0	0	0	8
assemblage-760-869	0	0	0	0	0	0	0	0	0	0	0	0	0	0	0	0	0	63	0	0	10	0	143	0	0	0	0	0	0	0	0	0	0	0	0	0	0	0	0	0	0	0	0	0	0	0	0	255	0	0	0	0	0	0	0	0	0	0	0	0	0	0	0	0	0	0	0	29
assemblage-253-215	0	0	0	0	0	0	0	0	0	0	34	0	0	0	0	0	68	357	0	0	17	0	0	0	0	0	0	0	0	0	0	0	0	0	0	0	0	0	0	0	19	0	0	0	0	0	0	0	0	0	0	0	0	0	0	0	0	0	0	0	0	0	0	0	0	0	0	5
assemblage-258-243	0	0	0	0	0	0	0	0	0	0	38	0	10	0	0	0	78	322	0	0	35	0	0	0	0	0	0	0	0	0	0	0	0	0	0	0	0	0	0	0	15	0	0	0	0	0	0	0	0	0	0	0	0	0	0	0	0	0	0	0	0	0	0	0	0	0	0	2
assemblage-229-848	0	0	0	0	0	0	0	0	0	0	0	11	0	0	0	0	0	0	0	0	0	0	115	0	0	0	0	0	0	0	0	0	0	0	0	0	23	0	0	0	0	0	0	0	0	0	0	327	0	0	0	0	0	0	0	0	0	0	9	0	0	0	0	0	0	0	0	15
assemblage-297-123	0	0	0	0	0	0	0	0	0	0	0	6	0	0	0	0	0	2	0	0	0	0	100	0	0	0	0	0	0	0	0	0	0	0	0	0	40	0	0	0	0	0	0	0	0	0	0	335	0	0	0	0	0	0	0	0	0	0	7	0	0	0	0	0	0	0	0	10
assemblage-262-855	0	0	0	0	0	0	0	0	0	0	0	64	0	0	0	0	0	107	14	0	0	0	231	0	0	0	0	0	0	0	0	0	0	0	0	0	0	0	0	0	0	0	0	0	0	0	0	60	0	0	0	0	0	0	0	0	0	0	11	0	0	0	0	0	0	0	0	13
assemblage-767-883	0	0	0	0	0	0	0	0	0	0	0	15	0	0	0	0	18	84	0	0	0	0	195	0	0	0	0	0	0	0	0	0	0	0	0	4	0	0	0	0	0	0	0	0	0	0	0	120	0	0	0	0	0	0	44	0	0	0	0	0	0	8	0	0	0	0	0	12
assemblage-790-480	0	0	0	0	0	0	0	0	0	0	0	0	0	0	0	0	0	134	0	0	0	0	147	0	0	0	0	0	0	8	0	0	0	0	0	0	0	0	0	0	0	0	0	0	0	0	0	162	0	0	10	0	0	0	0	0	0	0	29	0	0	0	0	0	0	0	0	10
assemblage-604-218	0	0	0	0	0	0	0	16	0	0	0	0	0	0	0	0	0	292	0	0	0	0	169	0	0	0	0	0	0	0	0	0	0	0	0	0	0	0	0	0	0	0	0	0	0	0	0	22	0	0	0	0	0	0	0	0	0	0	0	0	0	0	0	0	0	0	0	1
assemblage-356-798	0	0	0	0	30	0	0	0	0	0	0	0	0	0	0	0	0	147	0	0	0	14	181	0	67	0	0	0	0	0	0	0	0	0	0	0	0	0	0	0	0	0	0	0	0	0	0	51	0	0	0	0	0	0	0	0	0	0	0	0	0	0	0	0	0	0	0	10
assemblage-524-544	0	0	0	0	39	0	0	0	0	0	0	0	0	0	0	0	0	142	0	0	0	18	165	0	66	0	0	0	0	0	0	0	0	0	0	0	0	0	0	0	0	0	0	0	0	0	0	64	0	0	0	0	0	0	0	0	0	0	0	0	0	0	0	0	0	0	0	6
assemblage-713-902	0	0	0	0	0	0	0	0	0	0	0	0	0	0	0	0	0	130	0	0	0	0	199	0	0	0	0	0	0	0	0	0	44	0	0	0	0	0	0	0	0	0	0	0	0	0	0	100	12	0	0	0	0	0	0	0	0	0	4	0	0	0	0	0	0	0	0	11
assemblage-912-548	0	0	0	0	0	0	0	0	0	0	0	8	0	0	0	0	0	0	0	0	0	0	373	0	0	0	0	0	0	0	0	7	0	0	0	0	0	0	0	0	0	0	0	0	0	0	0	0	0	0	0	0	0	0	0	0	0	0	0	105	0	0	0	0	0	0	0	7
assemblage-414-339	0	0	0	0	0	0	0	0	11	0	0	0	0	0	0	0	0	394	0	0	0	0	68	0	0	0	0	0	0	0	0	0	0	0	0	0	0	0	0	0	0	0	0	0	0	0	0	23	0	0	0	0	0	0	0	0	0	0	0	0	0	0	0	0	0	0	0	4
assemblage-713-907	0	0	0	0	0	0	0	0	0	0	0	0	0	0	0	0	0	118	0	0	0	0	169	0	0	0	0	0	0	0	0	0	22	0	0	0	0	0	0	0	0	0	0	0	0	0	0	116	0	0	0	0	0	0	0	0	0	0	64	0	0	0	0	0	0	0	0	11
assemblage-499-537	0	0	0	0	0	0	0	0	0	0	0	5	0	0	0	0	0	208	8	0	0	0	100	28	0	0	0	0	0	0	0	0	0	0	0	0	0	0	0	0	0	0	0	0	0	0	0	78	0	0	0	0	0	0	63	0	0	0	0	0	0	0	0	0	0	0	0	10
assemblage-539-762	0	0	0	0	0	0	0	0	0	0	0	52	0	0	0	0	0	42	0	0	0	0	265	0	0	0	0	0	0	0	0	0	0	0	0	0	0	0	0	0	0	0	0	0	0	0	0	28	0	0	23	0	0	0	0	0	0	0	83	0	0	0	0	0	0	0	0	7
assemblage-599-228	0	0	0	0	0	0	0	0	0	0	0	0	0	0	0	0	0	118	0	0	0	0	148	0	0	0	0	0	0	0	0	0	0	0	0	0	0	0	0	0	0	0	0	0	0	0	0	217	0	0	0	0	0	0	0	0	0	0	9	0	0	0	0	0	0	0	0	8
assemblage-804-979	0	29	0	0	0	0	0	0	0	0	0	12	0	0	0	0	0	73	0	0	0	0	117	0	0	0	0	0	0	0	0	0	0	0	4	0	0	0	0	0	0	0	0	0	0	0	0	141	0	0	0	0	0	0	0	0	0	0	121	0	0	0	0	0	0	0	0	3
assemblage-784-478	0	71	0	0	0	0	0	0	0	0	0	64	0	0	0	0	0	11	0	0	0	0	41	0	0	0	7	41	8	0	0	0	0	0	15	0	0	0	0	0	0	0	0	0	0	0	0	61	0	0	86	0	0	0	0	0	0	0	77	0	0	0	0	0	4	0	0	14
assemblage-353-252	25	0	0	0	0	0	0	0	0	0	0	116	0	0	0	0	0	0	0	0	0	0	157	0	0	0	0	0	0	0	0	0	0	0	0	0	0	0	0	0	0	0	0	0	0	0	0	82	0	0	0	0	0	0	19	0	0	0	73	24	0	0	0	0	0	0	0	4
assemblage-608-642	0	0	0	0	0	0	0	0	0	0	0	26	0	0	0	0	0	95	0	0	0	0	149	3	0	0	0	11	0	0	0	0	0	0	0	0	0	0	0	0	0	0	0	0	0	0	0	121	0	0	5	0	0	0	21	0	0	0	58	0	0	0	0	0	0	0	0	11
assemblage-458-145	0	18	0	0	0	0	0	0	0	0	0	9	0	0	0	0	0	7	0	0	0	0	128	0	0	0	0	0	0	0	0	0	0	0	0	0	0	0	0	0	0	0	0	0	0	0	0	331	0	0	0	0	0	0	0	0	0	0	0	0	0	0	0	0	0	0	0	7
assemblage-204-172	0	0	0	0	0	0	0	0	0	0	0	349	0	0	0	0	0	0	0	0	0	0	79	0	0	0	0	0	0	0	0	0	0	0	0	0	0	0	0	0	0	0	0	0	0	0	0	0	0	0	0	0	0	0	54	0	0	0	0	11	0	0	0	0	0	0	0	7
assemblage-692-253	0	0	0	0	29	0	0	0	0	0	0	0	0	0	0	0	0	161	0	0	0	23	165	0	69	0	0	0	0	0	0	0	0	0	0	0	0	0	0	0	0	0	0	0	0	0	0	40	0	0	0	0	0	8	0	0	0	0	0	0	0	0	0	0	0	0	0	5
assemblage-151-166	0	0	0	0	0	0	0	0	0	0	0	0	0	0	0	0	0	60	0	0	0	0	153	0	0	0	0	0	0	0	0	0	0	0	0	0	0	0	0	0	0	0	0	0	0	0	0	267	0	0	0	0	0	0	7	0	0	0	0	0	0	0	0	0	0	0	0	13
assemblage-768-861	0	0	0	0	0	0	0	0	0	0	0	0	0	0	0	0	0	68	0	0	12	0	165	0	0	0	0	0	0	0	0	0	0	0	0	0	0	0	0	0	0	0	0	0	0	0	0	241	0	0	0	0	0	0	0	0	0	0	0	7	0	0	0	0	0	0	0	7
assemblage-793-461	0	0	0	0	0	0	0	0	0	0	0	0	0	0	0	0	0	155	0	0	0	0	137	0	0	0	0	0	0	0	0	0	0	0	0	0	0	0	0	0	0	0	0	0	0	0	0	133	0	0	10	0	0	0	0	0	0	0	50	0	0	0	0	0	0	0	0	15
assemblage-936-696	0	19	0	0	0	0	0	0	0	0	0	27	0	0	0	0	0	93	0	0	0	0	145	0	0	0	0	23	0	0	0	0	0	0	0	0	0	0	0	0	0	0	0	0	0	0	0	97	0	0	33	0	0	0	5	0	0	0	39	0	0	0	0	0	0	0	0	19
assemblage-298-562	0	0	0	0	0	0	0	0	9	0	0	0	0	0	0	0	0	376	0	0	0	0	68	0	0	0	0	0	0	0	0	0	0	0	0	0	0	0	0	0	0	0	0	0	0	0	0	35	0	0	0	0	0	0	0	0	0	0	0	0	0	0	0	0	0	0	0	12
assemblage-256-346	0	0	0	0	0	0	0	0	0	0	0	0	0	0	0	0	0	127	0	0	0	0	178	0	0	0	0	0	0	0	0	0	0	0	0	0	0	0	7	0	0	0	0	0	0	0	0	110	0	0	0	0	0	0	0	0	0	0	57	0	0	0	0	0	0	0	0	21
assemblage-525-934	0	0	0	0	0	0	0	0	0	0	0	10	0	0	0	0	0	9	0	0	0	0	77	0	0	0	0	0	0	0	0	0	0	0	0	0	33	0	0	0	0	0	0	0	0	0	0	343	0	0	0	0	0	0	6	0	0	0	15	0	0	0	0	0	0	0	0	7
assemblage-325-227	0	0	0	0	0	0	0	0	0	0	0	0	0	0	0	0	0	130	0	0	0	0	198	0	0	0	0	0	0	0	0	0	25	0	0	0	0	0	0	0	0	0	0	0	0	0	0	106	11	0	0	0	0	0	0	0	0	0	21	0	0	0	0	0	0	0	0	9
assemblage-352-801	0	0	0	0	0	0	0	0	0	0	0	0	0	0	0	0	0	305	0	0	0	0	40	0	15	0	0	0	0	0	0	0	0	0	0	0	0	0	0	0	0	0	0	0	0	0	0	129	0	0	0	0	0	0	0	0	0	0	0	0	0	0	0	0	0	0	0	11
assemblage-254-348	0	0	0	0	0	0	0	0	0	0	0	0	0	0	0	0	0	120	0	0	0	0	196	0	0	0	0	0	0	0	0	0	0	0	0	0	0	0	17	0	0	0	0	0	0	0	0	104	0	0	0	0	0	0	0	0	0	0	48	0	5	0	0	0	0	0	0	10
assemblage-391-369	0	0	0	0	0	0	0	0	0	0	0	0	0	0	0	0	0	119	0	0	0	0	173	0	0	0	0	0	0	0	0	0	0	0	0	0	0	0	0	0	0	0	0	0	0	0	0	192	0	0	0	0	0	0	0	0	0	0	6	0	0	0	0	0	0	0	0	10
assemblage-873-390	0	0	0	0	0	0	0	0	0	0	0	0	0	0	0	0	0	174	0	0	0	0	125	0	0	0	0	0	0	0	0	0	0	0	0	0	0	0	0	0	0	0	0	0	0	0	0	121	0	0	21	0	0	0	0	0	0	0	39	0	0	0	0	0	0	0	0	20
assemblage-664-252	0	0	0	0	36	0	0	0	0	0	0	0	0	0	0	0	0	119	0	0	0	29	174	0	97	0	0	0	0	0	0	0	0	0	0	0	0	0	0	0	0	0	0	0	0	0	0	42	0	0	0	0	0	0	0	0	0	0	0	0	0	0	0	0	0	0	0	3
assemblage-351-254	0	0	0	0	0	0	0	0	0	0	0	0	0	0	0	0	0	114	0	0	0	0	154	0	0	0	0	0	0	0	0	0	0	0	0	0	0	0	0	0	0	0	0	0	0	0	0	116	0	0	0	0	0	0	0	0	0	0	81	20	0	0	0	0	0	0	0	15
assemblage-638-844	0	16	0	0	0	0	0	0	0	0	0	8	0	0	0	0	0	92	0	0	0	0	132	0	0	0	0	0	0	0	0	0	0	0	5	0	0	0	0	0	0	0	0	0	0	0	0	141	0	0	0	0	0	0	0	0	0	0	104	0	0	0	0	0	0	0	0	2
assemblage-406-358	0	0	0	0	0	0	0	0	0	0	0	0	0	0	0	0	0	250	0	0	0	0	165	0	0	0	0	0	0	0	0	0	0	0	0	0	0	0	0	0	0	0	0	0	0	0	0	74	0	0	0	0	0	0	0	0	0	0	0	0	0	0	0	0	0	0	0	11
assemblage-478-349	0	0	0	0	0	0	0	0	0	0	0	0	0	0	0	0	0	0	0	0	0	0	0	0	0	0	0	0	0	0	0	0	0	0	0	0	0	0	0	0	0	0	0	0	0	0	0	446	0	0	0	0	0	0	0	0	0	0	47	0	0	0	0	0	0	0	0	7
assemblage-294-127	0	0	0	0	0	0	0	0	0	0	0	67	0	0	0	0	0	109	13	0	0	0	228	0	0	0	0	0	0	0	0	0	0	0	0	0	0	0	0	0	0	0	0	0	0	0	0	73	0	0	0	0	3	0	0	0	0	0	0	0	0	0	0	0	0	0	0	7
assemblage-894-551	0	0	0	0	0	0	0	0	0	0	0	13	0	0	0	0	0	0	0	0	0	0	348	0	0	0	0	0	0	0	0	10	0	0	0	0	0	0	0	0	0	0	0	0	0	0	0	0	0	0	0	0	0	0	0	0	0	0	0	124	0	0	0	0	0	0	0	5
assemblage-185-590	0	0	43	0	0	0	0	0	0	0	0	0	0	0	0	0	0	173	0	0	0	0	146	0	60	0	0	0	0	0	0	0	0	20	0	0	0	0	0	0	0	0	0	0	0	0	0	55	0	0	0	0	0	0	0	0	0	0	0	0	0	0	0	0	0	0	0	3
assemblage-708-462	0	0	34	0	0	0	0	0	0	0	0	0	0	0	0	0	0	163	0	0	0	0	153	0	66	0	0	0	0	0	0	0	0	32	0	0	0	0	0	0	0	0	0	0	0	0	0	50	0	0	0	0	0	0	0	0	0	0	0	0	0	0	0	0	0	0	0	2
assemblage-371-811	0	0	0	0	0	0	0	0	0	0	0	0	0	0	0	6	0	169	0	0	0	11	169	0	0	0	0	0	0	0	0	0	0	0	0	0	0	12	0	0	0	0	0	0	0	0	0	120	0	0	0	0	0	0	0	0	0	0	0	0	0	0	0	0	0	0	0	13
assemblage-960-692	0	0	0	0	0	0	0	0	0	0	0	5	0	0	0	0	0	142	0	0	0	0	124	0	0	0	0	8	0	0	0	0	0	0	0	0	0	0	0	0	0	0	0	0	0	0	0	137	0	0	14	0	0	0	0	0	0	0	61	0	0	0	0	0	0	0	0	9
assemblage-619-655	0	0	0	0	0	0	0	0	0	0	0	51	0	0	0	0	0	40	0	0	0	0	230	0	0	0	0	0	0	0	0	0	0	0	0	0	0	0	0	0	0	0	0	0	0	0	0	57	0	0	11	0	0	0	0	0	0	0	102	0	0	0	0	0	0	0	0	9
assemblage-884-412	0	0	0	0	0	0	0	0	0	0	0	0	0	0	0	0	0	187	0	0	0	0	150	0	0	0	0	9	0	0	0	0	0	0	0	0	0	0	0	0	0	0	0	0	0	0	0	141	0	0	0	0	0	0	0	0	0	0	12	0	0	0	0	0	0	0	0	1
assemblage-934-1004	0	0	0	0	0	0	0	0	0	0	0	3	0	0	0	0	0	31	0	0	0	0	247	0	0	0	0	0	0	0	0	0	0	0	0	0	0	0	0	0	0	0	0	0	0	0	25	178	0	0	0	0	0	0	0	0	0	0	3	0	0	0	0	0	0	0	0	13
assemblage-713-915	0	0	0	0	0	0	0	0	0	0	0	0	0	0	0	0	0	146	0	0	0	0	146	0	0	0	0	0	0	0	0	0	33	0	0	0	0	0	0	0	0	0	0	0	0	0	0	76	0	0	0	0	0	0	0	0	0	0	86	0	0	0	0	0	0	0	0	13
assemblage-820-982	0	0	0	0	0	0	0	0	0	0	0	0	0	0	0	0	0	68	0	0	0	0	301	0	0	0	0	0	0	0	0	0	31	0	0	0	0	0	0	0	0	0	0	0	0	0	0	69	0	0	8	0	0	0	0	0	0	0	14	0	0	0	0	0	0	0	0	9
assemblage-980-351	0	0	0	0	0	0	0	0	0	0	0	0	0	0	0	0	0	109	0	0	0	0	237	0	0	0	0	0	0	0	3	0	21	0	0	0	0	0	0	0	0	0	0	0	0	0	0	96	14	0	0	0	0	0	0	0	0	0	7	0	0	0	0	0	0	0	0	13
assemblage-457-134	0	0	0	0	0	0	0	0	0	0	0	6	0	0	0	0	0	205	11	0	0	0	110	27	0	0	0	0	0	0	0	0	0	0	0	0	0	0	0	0	0	0	0	0	0	0	0	92	0	0	0	0	0	0	43	0	0	4	0	0	0	0	0	0	0	0	0	2
assemblage-341-212	0	0	0	0	0	0	0	0	8	0	0	0	0	0	0	0	0	171	0	0	0	0	147	0	0	0	0	0	0	0	0	0	14	0	0	0	0	0	3	0	0	0	0	0	0	0	0	93	0	0	0	0	0	0	0	0	0	0	44	0	0	0	0	0	0	0	0	20
