Assemblage_Name	0-3992176-2	8168089-1-2	4-1499187-3621134	4-1-6397567	1718624-1-7377056	4-1-2245541	4-1-3621134	4672-4766492-6804244	2998283-1-3621134	4-1-6912017	1907829-4777438-2	4-1-1368447	8870290-1-7100913	155004-1-2	4568994-1-7100913	1718624-1-2	2022184-1-2	2-5896192-6804244	4-1316401-3621134	1718624-1-2584594	2022184-91769-2	9556611-2-6804244	1718624-1-6878460	1718624-1-8508862	2-2-145131	2-2-7604179	0-1-7966139	4-1-3315928	4-5321986-4093291	0-1-2	7573739-1-2	8853295-1-1368447	9322264-1-2	0-4777438-2	0-8250767-2	396065-1-1361996	2-2-6804244	4-1799244-3621134	8876958-1-3621134	1953467-1-1554258	4-2778366-3621134	1718624-830230-2	4-2605899-3621134	3878945-1-7100913	4-2266188-3621134	8085846-1-2	1718624-1-334521	5269085-1-2	9483458-1-2	0-1-9618673	1213177-2-0	1718624-6387974-1709829	4-1673018-3621134	2-2-0	1718624-1-5320700	1718624-1-5077965	4-1-1361996	4-1-9349660	3893055-1-2	1718624-7556525-2	9293076-1-0	7997937-1-663133	8230821-3064289-7100913	4049889-1-2	1874735-1-3621134	4-5321986-3621134	1051927-1-2	1718624-249785-2	4-1-8661946	0-5783930-2	2-61629-6804244	1718624-6387974-2	2688785-1-2	2871913-4136463-7100913	2871913-1-7100913	0-1-472892	527811-1-3621134	4-1-0	4-5321986-3198013	4417668-1-3621134	4855081-1-2	0-1-8970718	4-1-3368501	5874534-1-3621134	4-2666937-0	1718624-1-2137423	7605406-1-3621134	2871913-3064289-7100913	3-0-4	2871913-1-6950501	2022184-1-6135277	8744970-1-2	7997937-1-1368447	1718624-1-4184854	1718624-4563984-2	4-1-2185954	4-5321986-2235920	3842979-4136463-7100913	1718624-1-6124412	1953467-1-2	2-9056276-6804244	3551724-1-2
assemblage-160-948	0	0	0	0	0	0	162	0	0	0	0	0	0	0	0	126	0	0	0	0	0	0	0	0	0	0	0	0	0	66	0	0	0	0	20	0	20	0	0	0	0	0	0	0	0	0	14	0	0	0	0	0	0	0	0	0	0	0	0	0	0	0	0	0	0	56	0	0	0	0	0	0	0	0	0	0	0	0	0	0	0	0	0	0	0	0	0	0	0	0	0	0	0	0	0	0	0	0	22	0	0	14
assemblage-357-334	0	0	0	0	0	0	158	0	0	0	0	0	0	18	0	59	0	0	0	0	0	0	0	0	0	0	0	0	0	84	0	0	0	0	0	0	120	0	0	0	0	0	0	0	0	0	0	0	0	0	0	0	0	0	0	0	0	0	0	0	0	0	0	0	0	47	0	0	0	0	0	0	0	0	0	0	0	0	0	0	0	0	0	0	0	0	0	0	0	0	0	0	0	0	0	0	0	0	0	0	0	14
assemblage-679-391	0	0	0	0	0	0	149	0	0	0	0	0	0	0	0	27	0	0	0	0	0	0	0	0	0	0	0	0	0	132	0	0	0	0	19	0	5	0	0	0	0	0	0	0	0	0	27	0	0	0	0	0	0	0	0	0	0	0	0	0	0	0	0	0	0	117	7	0	0	0	0	0	0	0	0	0	0	0	0	0	0	0	0	0	0	0	0	0	0	0	0	0	0	0	0	0	0	0	0	0	0	17
assemblage-610-223	0	0	0	0	0	0	145	0	0	0	0	0	0	0	0	78	0	0	0	0	0	0	0	0	0	0	0	0	0	59	0	0	0	0	0	0	123	0	0	0	0	0	0	0	0	0	0	0	0	0	0	0	0	0	0	0	0	0	0	0	0	0	0	0	0	54	0	0	0	0	0	0	0	0	0	0	0	0	0	0	0	0	0	0	0	0	0	0	0	0	0	0	0	0	0	0	0	0	0	0	0	41
assemblage-688-487	0	0	0	0	0	0	157	0	0	0	0	0	0	0	0	122	6	0	0	0	0	0	0	0	0	0	0	0	6	119	0	0	0	0	0	0	43	0	0	0	0	0	0	0	0	0	0	0	0	0	0	0	0	0	0	0	0	12	0	0	0	0	0	0	0	13	12	0	0	0	0	0	0	0	0	0	0	0	0	0	0	0	0	0	0	0	0	0	0	0	0	0	0	0	0	0	0	0	0	0	0	10
assemblage-349-339	0	0	0	0	0	0	72	0	0	0	0	0	0	0	0	77	0	0	0	0	0	0	0	0	0	0	0	0	0	180	0	0	0	0	21	0	22	0	0	0	0	0	0	0	0	0	0	0	0	0	0	0	0	0	0	0	0	5	0	0	0	0	0	0	0	96	8	0	0	0	7	0	0	0	0	0	0	0	0	0	0	0	0	0	0	0	0	0	0	0	0	0	0	0	0	0	0	0	0	0	0	12
assemblage-803-461	0	0	8	0	0	0	175	0	0	0	0	0	0	0	0	102	0	0	0	0	0	0	0	0	0	0	0	6	0	107	0	0	0	0	0	0	33	0	0	0	0	0	0	0	0	0	0	0	0	0	0	0	0	0	6	4	0	0	0	0	0	0	0	0	0	0	0	0	0	0	0	0	0	0	12	0	0	0	0	0	0	0	0	0	0	0	0	28	0	0	0	0	0	0	0	0	0	0	0	0	0	19
assemblage-260-232	0	0	0	0	0	0	41	0	0	0	0	0	0	0	0	0	0	0	0	0	0	0	0	0	0	0	0	0	0	119	0	0	0	0	0	37	0	0	0	0	0	0	0	0	0	0	0	0	0	0	0	0	0	62	0	0	55	0	0	0	0	0	0	0	0	0	0	0	0	0	0	0	0	0	38	0	0	105	0	0	0	0	0	0	0	0	0	0	8	0	0	0	0	0	0	0	0	0	0	0	0	35
assemblage-977-352	0	0	0	0	0	0	209	0	0	0	0	11	0	0	0	131	0	0	0	0	0	0	0	0	5	42	0	0	0	21	0	0	0	0	0	0	50	0	0	0	0	0	0	0	0	0	0	0	0	0	0	0	0	0	0	0	0	0	0	0	0	0	0	0	9	0	0	0	0	0	0	0	0	0	0	0	0	0	0	0	0	0	0	0	0	0	0	0	0	0	0	0	0	0	0	0	0	0	0	0	0	22
assemblage-614-667	0	0	0	0	0	0	16	0	0	0	0	59	0	0	0	192	0	0	0	0	0	0	0	0	0	0	0	0	0	24	0	0	0	0	0	0	18	0	0	0	0	0	0	4	0	0	0	0	0	0	0	0	0	56	17	0	0	0	0	0	0	0	0	0	0	0	0	0	0	0	0	0	0	0	33	0	0	0	0	0	0	0	0	0	0	0	0	57	0	0	0	0	0	0	0	0	0	0	0	0	0	24
assemblage-198-177	0	0	0	0	0	0	0	0	0	0	0	0	0	0	0	8	0	0	0	0	0	0	0	0	0	0	0	0	0	352	0	0	0	0	0	0	0	0	0	0	0	0	0	0	0	0	0	0	0	0	0	0	0	102	0	0	0	0	0	0	0	0	0	0	0	0	0	0	0	0	0	0	0	0	12	0	0	0	0	0	9	0	0	0	0	0	0	0	0	0	0	0	0	0	0	0	0	0	0	0	0	17
assemblage-898-542	0	0	0	0	0	0	0	0	0	0	0	0	0	0	0	0	0	0	0	0	0	0	0	0	0	0	0	0	0	116	0	0	5	0	0	0	0	0	0	0	0	0	0	0	0	0	0	0	0	0	0	0	0	217	0	0	0	0	0	0	0	0	0	0	0	0	0	0	0	0	0	0	0	0	130	0	0	0	0	0	0	0	0	0	0	0	0	0	0	2	0	0	0	0	0	0	0	13	0	0	0	17
assemblage-942-233	0	0	6	0	0	0	222	0	0	0	0	21	0	0	0	105	0	0	0	0	0	0	0	0	0	0	0	0	0	0	0	0	0	0	0	0	25	0	0	0	0	0	0	0	0	0	0	0	0	0	0	0	0	24	0	0	0	0	0	0	0	0	0	0	0	16	0	0	0	0	0	0	0	0	31	0	0	0	0	0	0	0	0	5	0	0	0	32	0	0	0	0	0	0	0	0	0	0	0	0	0	13
assemblage-894-247	0	0	0	0	0	0	166	0	0	0	0	27	0	0	0	157	0	0	0	0	0	0	0	0	0	0	0	0	0	103	0	0	0	0	0	0	11	0	0	0	0	0	0	0	0	0	0	0	0	0	0	0	0	0	0	0	0	0	0	0	0	0	0	0	0	4	0	0	0	0	0	0	0	0	0	0	8	0	0	0	0	0	0	0	0	0	0	0	0	0	0	0	0	0	0	0	0	0	0	0	0	24
assemblage-894-530	0	0	0	0	0	0	0	0	0	0	0	0	0	0	0	0	0	0	0	0	0	0	0	0	0	0	0	0	0	142	0	0	3	0	0	0	0	0	0	0	0	0	0	0	0	0	0	0	0	0	0	0	0	163	0	0	0	0	0	0	0	0	0	0	0	0	0	0	0	0	0	0	0	7	147	0	0	0	0	0	0	0	0	0	0	0	0	0	0	0	0	0	0	0	0	0	0	23	0	0	0	15
assemblage-930-240	0	0	0	0	0	0	75	74	0	0	0	0	0	0	0	164	0	0	0	0	0	0	0	0	0	0	0	0	0	39	0	0	0	0	0	0	95	0	0	0	0	0	0	0	0	0	0	0	0	0	0	0	0	5	0	0	0	0	0	0	0	0	3	0	0	0	0	0	0	0	0	0	0	0	0	0	0	8	0	0	0	0	0	0	0	0	0	0	0	0	0	0	0	0	0	0	0	0	0	0	0	37
assemblage-411-344	0	0	0	0	0	0	89	0	0	0	0	0	0	0	0	84	0	0	0	0	0	0	0	0	0	0	0	0	0	172	0	0	0	0	20	0	21	0	0	0	0	0	0	0	0	0	0	0	0	0	0	0	0	0	0	0	0	0	0	0	0	0	0	0	0	72	5	0	0	0	8	0	0	0	0	0	0	0	0	0	0	0	0	0	0	0	0	0	0	0	0	0	0	0	0	0	0	0	0	0	0	29
assemblage-673-417	0	0	0	0	0	0	25	0	0	0	0	0	0	0	0	188	0	0	0	0	0	0	0	0	0	0	0	0	0	85	0	0	0	0	17	0	9	0	0	0	0	0	0	0	0	0	0	0	0	0	0	0	0	0	0	0	0	26	0	0	0	0	0	0	0	123	0	0	0	0	9	0	0	0	0	0	0	0	0	0	0	0	0	0	0	0	0	0	0	0	0	0	0	0	0	0	0	0	0	0	0	18
assemblage-254-333	0	0	0	0	0	0	214	0	0	0	0	7	0	0	0	157	0	0	0	0	0	0	0	0	2	41	0	0	0	14	0	0	0	0	0	0	37	0	0	0	0	0	0	0	0	0	0	0	0	0	0	0	0	0	0	0	0	0	0	0	0	0	0	0	0	0	0	0	0	0	0	0	0	0	0	0	0	0	0	0	0	0	5	0	0	0	0	0	0	0	0	0	0	0	0	0	0	0	0	0	0	23
assemblage-260-332	0	0	0	0	0	0	92	2	0	0	0	0	0	4	0	31	0	0	0	0	0	0	0	0	0	5	0	0	0	220	0	0	0	0	0	0	116	0	0	0	0	0	0	0	0	0	0	0	0	0	0	0	0	0	0	0	0	0	0	0	0	0	0	0	0	14	0	0	0	0	0	0	0	0	0	0	0	0	0	4	0	0	0	0	0	0	0	0	0	0	0	0	0	0	0	0	0	0	0	0	0	12
assemblage-681-262	0	0	0	0	0	0	68	0	0	0	0	0	0	0	0	128	0	0	0	0	0	0	0	0	0	0	0	0	0	152	0	0	0	0	0	0	42	0	0	0	0	0	0	0	0	0	28	0	0	0	0	2	0	0	0	0	0	0	0	14	0	0	0	0	0	30	0	0	0	0	0	14	0	0	0	0	0	0	0	0	0	0	0	0	0	0	0	0	0	0	0	0	0	0	0	0	0	0	9	0	0	13
assemblage-925-280	0	0	0	0	3	0	178	0	0	0	0	0	0	0	0	180	0	0	0	0	0	0	0	0	0	0	13	0	0	86	0	0	0	0	0	0	3	0	0	0	0	0	9	0	4	0	0	0	0	0	0	0	0	0	0	0	0	0	0	0	0	0	0	0	0	0	0	0	0	0	0	0	0	0	0	0	0	0	0	0	0	0	0	0	0	0	0	0	0	0	0	0	0	0	0	0	0	0	0	0	0	24
assemblage-371-813	0	16	0	0	0	0	49	0	0	0	0	0	0	0	0	161	0	0	0	0	0	0	0	0	0	0	0	0	0	47	0	0	0	0	86	0	0	0	0	0	0	0	0	0	0	0	40	0	0	0	0	11	0	0	0	0	0	0	0	0	0	0	0	0	0	54	0	25	0	0	0	0	0	0	0	0	0	0	0	0	0	0	0	0	0	0	0	0	0	0	0	0	0	0	0	0	0	0	0	0	0	11
assemblage-172-952	0	0	0	0	0	0	201	0	0	0	0	0	0	0	0	70	0	0	20	0	0	0	0	0	0	0	0	0	0	96	0	0	0	0	10	0	11	0	0	0	0	0	0	0	0	0	6	0	0	0	0	0	0	0	0	0	0	4	0	0	0	0	0	0	0	52	0	0	0	0	0	0	0	0	0	0	0	0	0	0	0	0	0	0	0	0	18	0	0	0	0	0	0	0	0	0	0	0	0	0	0	12
assemblage-887-413	0	0	0	0	0	0	171	0	0	0	0	0	0	0	0	112	0	0	0	0	0	0	0	0	0	0	0	0	0	80	0	0	0	0	0	0	35	0	0	0	0	0	0	0	0	0	0	0	0	0	0	0	0	0	15	0	0	0	0	0	0	0	0	0	0	0	0	0	0	0	0	0	0	0	15	0	0	0	0	0	0	0	0	0	0	0	0	26	0	0	0	0	0	0	0	0	0	0	0	0	0	46
assemblage-333-235	0	0	0	0	0	0	83	0	0	0	0	0	0	0	0	44	0	0	0	0	0	0	0	0	0	7	0	0	0	212	0	0	0	0	0	0	117	0	0	0	0	0	0	0	0	0	0	0	0	0	0	0	0	0	0	0	0	0	0	0	0	0	0	0	0	16	0	0	0	0	0	0	7	0	0	0	0	0	0	2	0	0	0	0	0	0	0	0	0	0	0	0	0	0	0	0	0	0	0	0	0	12
assemblage-296-570	0	0	0	0	0	0	78	0	0	0	0	0	0	0	0	86	0	0	0	0	0	0	0	0	0	0	0	0	0	158	0	0	0	0	21	0	26	0	0	0	0	0	0	0	0	0	0	0	0	0	0	0	0	0	0	0	0	7	0	0	0	0	0	0	0	81	11	0	0	0	9	0	0	0	0	0	0	0	0	0	0	0	0	0	0	0	0	0	0	0	0	0	0	0	0	0	0	0	0	0	0	23
assemblage-292-563	0	0	0	0	0	0	66	0	0	0	0	0	0	41	0	61	0	0	0	0	0	6	0	0	0	8	0	0	0	106	0	0	0	0	0	0	99	0	0	0	0	0	0	0	0	0	0	0	0	0	0	0	0	0	0	0	0	0	0	0	0	0	0	0	0	90	0	0	0	0	0	0	0	0	0	0	0	0	0	0	0	0	0	0	0	0	0	0	0	0	0	0	0	0	0	0	0	0	0	0	0	23
assemblage-357-256	0	0	0	0	0	0	17	0	0	0	0	0	0	0	0	0	0	0	0	0	0	0	0	0	0	0	0	0	0	5	0	0	0	0	0	57	45	0	0	0	0	0	0	0	0	0	0	0	0	0	0	0	0	199	0	0	5	0	0	0	0	0	0	0	0	0	0	0	0	0	0	0	0	0	8	0	0	138	0	0	0	0	0	0	0	0	0	0	0	0	0	0	0	0	0	0	0	0	0	0	0	26
assemblage-897-536	0	0	0	0	0	0	0	0	0	0	0	0	0	0	0	0	0	0	0	0	0	0	0	0	0	0	0	0	0	124	0	0	5	0	0	0	0	0	0	0	0	0	0	0	0	0	0	0	0	0	0	0	0	192	0	0	0	0	0	0	0	0	0	0	0	0	0	0	0	0	0	0	0	11	123	0	0	0	0	0	0	0	0	0	0	0	0	0	0	0	0	0	0	0	0	0	0	20	0	0	0	25
assemblage-957-688	0	0	0	0	0	0	198	0	0	7	0	0	0	0	0	94	0	0	0	0	0	0	0	0	0	0	0	2	0	95	0	0	0	0	0	0	35	0	0	0	0	0	0	0	0	0	0	0	0	0	0	0	0	0	6	5	0	0	0	0	0	0	0	0	0	0	0	0	0	0	0	0	0	0	15	0	0	0	0	0	0	0	0	0	0	0	0	26	0	0	0	0	0	0	0	0	0	0	0	0	0	17
assemblage-344-340	0	0	0	0	0	0	178	0	0	0	0	0	0	16	0	65	0	0	0	0	0	0	0	0	0	0	0	0	0	68	0	0	0	0	0	0	132	0	0	0	0	1	0	0	0	0	0	0	0	0	0	0	0	0	0	0	0	0	0	0	0	0	0	0	0	30	0	0	0	0	0	0	0	0	0	0	0	0	0	0	0	0	0	0	0	0	0	0	0	0	0	0	0	0	0	0	0	0	0	0	0	10
assemblage-340-239	0	0	0	0	0	0	79	0	0	0	0	0	0	3	0	33	0	0	0	0	0	0	0	0	0	11	0	0	0	221	0	0	0	0	0	0	128	0	0	0	0	0	0	0	0	0	0	0	0	0	0	0	0	0	0	0	0	0	0	0	0	0	0	0	0	8	0	0	0	0	0	0	3	0	0	0	0	0	0	6	0	0	0	0	0	0	0	0	0	0	0	0	0	0	0	0	0	0	0	0	0	8
assemblage-928-253	0	0	6	0	0	0	204	0	0	0	0	0	0	0	0	90	0	0	0	0	0	0	0	0	0	0	0	0	0	93	0	0	0	0	0	0	35	0	0	0	0	0	0	0	0	0	0	0	0	0	0	0	0	0	8	6	0	0	0	0	0	0	0	0	0	0	0	0	0	0	0	0	0	0	10	0	0	0	0	0	0	0	0	0	0	0	0	21	0	0	0	0	0	0	0	0	0	0	0	0	0	27
assemblage-449-332	0	0	0	0	0	11	105	0	0	0	0	0	0	0	0	0	0	0	0	0	0	0	0	0	0	0	0	0	0	0	0	0	0	0	0	0	0	0	0	0	0	0	0	0	0	0	0	0	0	0	0	0	0	0	0	0	0	0	0	0	0	0	0	0	0	0	0	0	0	0	0	0	0	0	0	0	0	354	0	0	0	0	0	0	0	0	0	0	0	0	0	0	0	0	0	12	0	0	0	0	0	18
assemblage-261-238	0	0	0	0	0	0	88	0	0	0	0	14	0	0	0	0	0	0	0	0	0	0	0	0	0	0	0	0	0	0	0	0	0	0	0	94	0	0	0	0	0	0	0	0	0	0	0	0	0	0	0	0	0	0	0	0	191	0	0	0	0	0	0	0	0	0	0	0	0	0	0	0	0	0	0	0	0	86	0	0	0	0	0	0	0	0	0	0	25	0	0	0	0	0	0	0	0	0	0	0	0	2
assemblage-363-786	0	0	0	0	0	0	194	0	5	0	0	0	0	0	0	68	0	0	14	0	0	0	0	0	0	0	0	0	0	99	0	0	0	0	5	0	15	0	0	0	0	0	0	0	0	0	9	0	0	0	0	0	0	0	0	0	0	6	0	0	0	0	0	0	0	62	0	0	0	0	0	0	0	0	0	0	0	0	0	0	0	0	0	0	0	0	10	0	0	0	0	0	0	0	0	0	0	0	0	0	0	13
assemblage-279-115	0	0	0	0	0	0	0	0	0	0	0	57	0	0	0	82	0	0	0	0	0	0	0	0	0	0	0	0	0	128	0	0	0	0	0	0	29	0	0	0	0	0	0	0	0	0	0	0	0	0	0	0	0	45	0	0	0	0	0	0	10	0	0	0	0	0	0	0	0	0	0	0	0	0	9	0	0	95	0	0	0	0	0	0	0	0	0	36	0	0	0	0	0	0	0	0	0	0	0	0	0	9
assemblage-543-930	0	0	0	0	0	0	15	0	0	0	0	0	0	0	0	44	0	0	0	0	0	0	0	0	0	0	0	0	0	110	0	3	36	0	0	0	24	0	0	0	0	0	0	0	0	0	0	0	0	0	8	0	0	62	0	0	35	0	0	0	0	0	0	10	0	0	0	0	0	0	0	0	0	0	7	0	0	62	0	0	0	0	0	0	0	0	0	0	0	0	0	0	0	0	0	0	0	0	0	68	0	16
assemblage-629-460	0	0	0	0	0	8	28	0	0	0	0	0	0	0	0	95	0	0	0	0	0	0	0	0	0	0	0	0	0	87	0	0	0	0	0	74	0	0	0	0	0	0	0	0	0	0	0	0	0	0	0	0	0	79	0	0	0	0	0	0	0	0	0	0	0	0	0	0	0	0	0	0	0	0	15	0	0	73	0	0	14	0	0	0	0	0	0	0	0	0	0	0	0	0	0	0	0	0	0	0	0	27
assemblage-815-972	0	0	0	0	0	0	204	0	0	0	0	41	0	0	0	138	0	0	0	0	0	0	0	0	0	3	0	0	0	12	0	0	0	0	0	0	57	0	0	0	0	0	0	0	0	0	0	0	0	0	0	0	0	0	0	0	0	0	0	0	0	0	0	0	0	4	0	0	0	0	0	0	0	0	23	0	0	0	0	0	0	0	0	0	0	0	0	0	0	0	0	0	0	0	0	0	0	0	0	0	0	18
assemblage-597-662	0	0	0	0	0	0	14	0	0	0	0	47	0	0	0	194	0	0	0	0	0	0	0	0	0	0	0	0	0	42	0	0	0	0	0	0	24	0	0	0	0	0	0	13	0	0	0	0	0	0	0	0	0	57	4	0	0	0	0	0	0	0	0	0	0	0	0	0	0	0	0	0	0	0	27	0	0	6	0	0	0	0	0	0	0	0	0	60	0	0	0	0	0	0	0	0	0	0	0	0	0	12
assemblage-292-549	0	0	0	0	0	0	186	0	0	0	0	37	0	0	0	126	0	0	0	0	0	0	0	0	0	8	0	0	0	11	0	0	0	0	0	0	70	0	0	0	0	0	0	0	0	0	0	0	0	0	0	0	0	0	0	0	0	0	0	0	0	0	0	0	0	10	0	0	0	0	0	0	0	0	22	0	0	0	0	0	0	0	0	0	0	6	0	0	0	0	0	0	0	0	0	0	0	0	0	0	0	24
assemblage-631-459	0	0	0	0	0	0	34	0	0	0	0	0	0	0	0	92	0	0	0	0	0	0	0	0	0	0	0	0	0	92	0	0	0	0	0	62	0	0	0	0	0	0	0	0	0	0	0	0	0	0	0	0	0	74	0	0	0	0	0	0	0	0	0	0	0	0	0	0	0	0	0	0	0	0	14	0	0	80	0	0	23	0	0	0	0	0	0	0	0	0	0	0	0	0	0	0	0	0	0	0	0	29
assemblage-353-336	0	0	0	0	0	0	165	0	0	0	0	0	0	22	0	51	0	0	0	0	0	0	0	0	0	0	0	0	0	85	0	0	0	0	0	0	116	0	0	0	0	6	0	0	0	0	0	0	0	0	0	0	0	0	0	0	0	0	0	0	0	0	0	0	0	32	0	0	0	0	0	0	0	0	0	0	0	0	0	0	0	0	0	0	0	0	0	0	0	0	0	0	0	0	0	0	0	0	0	0	0	23
assemblage-293-129	0	0	0	0	0	0	63	0	0	0	0	0	0	0	0	163	0	0	0	0	0	0	0	0	0	0	0	0	0	94	0	0	0	0	0	0	0	0	0	0	0	0	0	0	0	0	0	0	0	0	0	0	6	74	0	0	0	0	0	0	0	0	0	0	0	0	0	0	0	0	0	0	0	0	25	0	0	31	0	0	0	0	0	0	0	0	0	14	0	0	0	0	0	0	0	0	0	0	0	0	0	30
assemblage-370-312	0	0	0	0	0	0	175	0	0	0	0	0	0	22	0	48	0	0	0	0	0	0	0	0	0	0	0	0	0	73	0	0	0	0	0	0	122	0	0	0	0	0	0	0	0	0	0	0	0	0	0	0	0	0	0	0	0	0	0	0	0	0	0	0	0	36	0	0	0	0	0	0	0	0	0	0	0	0	0	0	0	0	0	0	0	0	0	0	0	0	0	0	0	0	0	0	0	0	0	0	0	24
assemblage-929-253	0	0	0	0	0	0	84	77	0	0	0	0	0	0	0	166	0	0	0	0	0	0	0	0	0	0	0	0	0	38	0	0	0	0	0	0	99	0	0	0	0	0	0	0	0	0	0	0	0	0	0	0	0	11	0	0	0	0	0	0	0	0	0	0	0	0	0	0	0	0	0	0	0	0	0	0	0	6	0	0	0	0	0	0	0	0	0	0	0	0	0	0	0	0	0	0	0	0	0	0	0	19
assemblage-295-545	0	0	0	0	0	0	143	0	0	0	0	18	0	0	0	163	0	0	0	0	0	0	0	0	0	0	0	0	0	139	0	0	0	0	0	0	10	0	0	0	0	0	0	0	0	0	0	0	0	0	0	0	0	0	0	0	0	0	0	0	0	0	0	0	0	0	0	0	0	0	0	0	0	0	0	0	5	0	0	0	0	0	0	0	0	0	0	0	0	0	0	0	0	0	0	0	0	0	0	0	0	22
assemblage-646-853	0	0	0	0	0	0	175	0	0	0	0	22	0	0	0	138	0	0	0	0	0	0	0	0	0	0	0	0	0	128	0	0	0	0	0	0	8	0	0	0	0	0	0	0	0	0	0	0	0	0	0	0	0	0	0	0	0	0	0	0	0	0	0	0	0	4	0	0	0	0	0	0	0	0	0	0	7	0	0	0	0	0	0	0	0	0	0	0	0	0	0	0	0	0	0	0	0	0	0	0	0	18
assemblage-280-126	0	0	0	0	0	0	17	0	0	0	0	0	0	0	0	37	0	0	0	0	0	0	0	0	0	0	0	0	0	122	0	6	32	0	0	0	34	0	0	10	0	0	0	0	0	0	0	0	0	0	8	0	0	55	0	0	26	0	0	0	0	0	0	12	0	0	0	0	0	0	0	0	0	0	9	0	0	45	0	0	0	0	0	0	0	0	0	0	0	0	0	0	0	0	0	0	0	0	0	70	0	17
assemblage-925-992	18	0	0	0	0	0	59	0	0	0	0	0	0	0	11	141	0	0	0	0	0	0	0	0	0	0	0	0	0	162	0	0	0	0	0	0	0	0	0	0	0	0	0	0	0	0	0	0	0	0	0	0	0	10	0	0	0	0	0	0	0	0	0	0	0	0	0	0	0	0	0	0	0	0	33	0	0	33	0	0	0	0	0	0	0	0	0	0	0	0	0	0	0	0	0	0	0	0	0	0	0	33
assemblage-196-186	0	0	0	0	0	0	0	0	0	0	0	0	0	0	0	10	0	0	0	0	0	0	0	0	0	0	0	0	0	344	0	0	0	0	0	0	0	0	0	0	0	0	0	0	0	0	0	0	0	0	0	0	0	111	0	0	0	0	0	0	0	0	0	0	0	0	0	0	0	0	0	0	0	0	10	0	0	0	0	0	14	0	0	0	0	0	0	0	0	0	0	0	0	0	0	0	0	0	0	0	0	11
assemblage-941-247	0	0	5	0	0	0	204	0	0	8	0	0	0	0	0	103	0	0	0	0	0	0	0	0	0	0	0	0	0	85	0	0	0	0	0	0	28	0	0	0	0	0	0	0	0	0	0	0	0	0	0	0	0	0	16	0	0	0	0	0	0	0	0	0	0	0	0	0	0	0	0	0	0	0	12	0	0	0	0	0	0	0	0	0	0	0	0	21	0	0	0	0	0	0	0	0	0	0	0	0	0	18
assemblage-882-392	0	0	0	0	0	0	174	0	0	0	0	0	0	0	0	125	0	0	0	0	0	0	0	0	0	0	0	0	0	86	0	0	0	0	0	0	33	0	0	0	0	0	0	0	0	0	0	0	0	0	0	0	0	0	8	7	0	0	0	0	0	0	0	0	0	0	0	0	0	0	0	0	0	0	20	0	0	0	0	0	0	0	0	0	0	0	0	16	0	0	0	0	0	0	0	0	0	0	0	0	0	31
assemblage-623-454	0	0	0	0	0	6	40	0	0	0	0	0	0	0	0	88	0	0	0	0	0	0	0	0	0	0	0	0	0	110	0	0	0	0	0	66	0	0	0	0	0	0	0	0	0	0	0	0	0	0	0	0	0	75	0	0	10	0	0	0	0	0	0	0	0	0	0	0	0	0	0	0	0	0	15	0	0	57	0	0	19	0	0	0	0	0	0	0	0	0	0	0	0	0	0	0	0	0	0	0	0	14
assemblage-621-440	0	0	0	0	0	5	0	0	0	0	5	0	25	0	3	6	0	0	0	0	0	0	0	0	0	0	0	0	0	95	0	0	0	32	0	0	0	0	0	0	11	0	0	0	0	0	0	0	0	0	0	0	31	41	0	0	4	0	0	0	0	0	0	0	0	0	0	0	12	0	0	0	0	0	74	0	0	120	0	0	0	0	0	0	0	0	0	20	0	0	0	0	0	0	0	0	0	0	0	0	0	16
assemblage-898-394	0	0	0	0	0	0	232	0	0	0	0	12	0	0	0	95	0	0	0	0	0	0	0	0	0	0	0	0	0	9	0	0	0	0	0	0	27	0	0	0	0	0	0	0	0	0	0	0	0	0	0	0	0	30	0	0	0	0	0	0	0	0	0	0	0	10	0	0	0	0	0	0	0	0	32	0	0	0	0	0	0	0	0	5	0	0	0	31	0	0	0	0	0	0	0	0	0	0	0	0	0	17
assemblage-720-910	0	0	0	0	0	0	69	0	0	0	0	0	0	0	0	48	0	0	0	0	0	0	0	0	0	7	0	0	0	212	0	0	0	0	0	0	115	0	0	0	0	0	0	0	0	0	0	0	0	0	0	0	0	0	0	0	0	0	0	0	0	0	0	0	0	17	0	0	0	0	0	0	6	0	0	0	0	0	0	9	0	0	0	0	0	0	0	0	0	0	0	0	0	0	0	0	0	0	0	0	0	17
assemblage-237-258	0	0	0	0	0	0	93	0	0	0	0	13	0	0	0	0	0	0	0	0	0	0	0	0	0	0	0	0	0	0	0	0	0	0	0	130	0	0	0	0	0	0	0	0	0	0	0	0	0	0	0	0	0	0	0	0	171	0	0	0	0	0	0	0	0	0	0	0	0	0	0	0	0	0	0	0	0	70	0	0	0	0	0	0	0	0	0	0	16	0	0	0	0	0	0	0	0	0	0	0	0	7
assemblage-687-249	0	0	0	0	0	0	75	0	0	0	0	0	0	0	0	106	0	0	0	0	0	0	0	0	0	0	0	0	0	161	0	0	0	0	0	0	34	0	0	0	0	0	0	0	0	0	28	0	0	0	0	0	0	0	0	0	0	0	0	8	0	0	0	0	0	54	0	0	0	0	0	7	0	0	0	0	0	0	0	0	0	0	0	0	0	0	0	0	0	0	0	0	0	0	0	0	0	0	0	0	0	27
assemblage-642-861	0	0	0	0	0	0	194	0	0	0	0	45	0	0	0	138	0	0	0	0	0	0	0	0	0	5	0	0	0	7	0	0	0	0	0	0	52	0	0	0	0	0	0	0	0	0	0	0	0	0	0	0	0	0	0	0	0	0	0	0	0	0	0	0	0	10	0	0	0	0	0	0	0	0	16	0	0	0	0	0	0	0	0	0	0	0	0	0	0	0	0	0	0	0	0	0	0	0	0	0	0	33
assemblage-246-246	0	0	0	0	0	0	107	0	0	0	0	19	0	0	0	0	0	0	0	0	0	0	0	0	0	0	0	0	0	0	0	0	0	0	0	108	0	0	0	0	0	0	0	0	0	0	0	0	0	0	0	0	0	0	0	0	148	0	0	0	0	0	0	0	0	0	0	0	0	0	0	0	0	0	0	0	0	87	0	0	0	0	0	0	0	0	0	0	23	0	0	0	0	0	0	0	0	0	0	0	0	8
assemblage-759-877	0	0	0	0	0	0	66	0	0	0	0	100	12	0	0	0	0	0	0	0	0	0	0	0	0	0	0	0	0	99	6	0	21	0	0	8	0	0	0	0	0	0	0	0	0	0	0	0	0	0	0	0	17	15	0	0	57	0	0	0	0	0	0	0	0	0	0	0	0	0	0	0	0	0	67	0	0	9	0	0	0	0	0	0	0	0	0	0	0	0	0	0	13	0	0	0	0	0	0	0	0	10
assemblage-759-874	0	0	0	0	0	0	92	0	0	0	0	83	12	0	0	0	0	0	0	0	0	0	0	0	0	0	0	0	0	76	9	0	20	0	0	5	0	0	0	0	0	0	0	0	0	0	0	0	0	0	0	0	15	5	0	0	70	0	0	0	0	0	0	0	0	0	0	0	0	0	0	0	0	0	85	0	0	11	0	0	0	0	0	0	0	0	0	0	0	0	0	0	8	0	0	0	0	0	0	0	0	9
assemblage-923-236	0	0	8	0	0	0	202	0	0	0	0	20	0	0	0	81	0	0	0	0	0	0	0	0	0	0	0	0	0	9	0	0	0	0	0	0	34	0	0	0	0	0	0	0	0	0	0	0	0	0	0	0	0	42	0	0	0	0	0	0	0	0	0	0	0	14	0	0	0	0	0	0	0	0	33	0	0	0	0	0	0	0	0	10	0	0	0	38	0	0	0	0	0	0	0	0	0	0	0	0	0	9
assemblage-280-565	0	0	0	0	0	0	174	13	0	0	0	25	0	0	0	146	0	0	0	0	0	0	0	0	0	0	0	0	0	61	0	0	0	0	0	0	31	0	0	0	0	0	0	0	0	0	0	0	0	0	0	0	0	0	0	0	0	0	0	0	0	0	0	0	0	16	0	0	0	0	0	0	0	0	3	0	0	0	0	0	0	0	0	0	0	0	0	0	0	0	0	0	0	0	0	0	0	0	0	0	0	31
assemblage-628-854	0	0	0	0	0	0	216	0	0	0	0	44	0	0	0	100	0	0	0	0	0	0	0	0	0	7	0	0	0	6	0	0	0	0	0	0	75	0	0	0	0	0	0	0	0	0	0	0	0	0	0	0	0	0	0	0	0	0	0	0	0	0	0	0	0	17	0	0	0	0	0	0	0	0	19	0	0	0	0	0	0	0	0	0	0	0	0	0	0	0	0	0	0	0	0	0	0	0	0	0	0	16
assemblage-710-473	0	0	0	0	0	0	118	0	0	0	0	0	0	0	0	101	0	0	0	0	0	0	0	0	0	0	0	0	0	111	0	0	0	0	15	0	33	0	0	0	0	0	0	0	0	0	4	0	0	0	0	0	0	0	0	0	0	17	0	0	0	0	0	0	0	72	0	0	0	0	0	0	0	0	0	0	0	0	0	0	0	0	0	0	0	0	0	0	0	0	0	0	0	0	0	0	0	0	0	0	0	29
assemblage-277-528	0	0	0	0	0	0	133	60	0	0	0	0	0	0	0	133	0	0	0	0	0	0	0	0	0	0	0	0	0	24	0	0	0	0	0	0	56	0	0	0	0	0	0	0	0	0	0	0	0	0	0	0	0	0	0	0	0	0	0	0	0	0	0	0	0	58	0	0	0	0	0	0	21	0	0	0	0	0	0	0	0	0	0	0	0	0	0	0	0	0	0	0	0	0	0	0	0	0	0	0	0	15
assemblage-328-328	0	0	0	0	0	0	82	0	0	0	0	0	0	37	0	51	0	0	0	0	0	7	3	0	0	6	0	0	0	125	0	0	0	0	0	0	86	0	0	0	0	0	0	0	0	0	0	0	0	0	0	0	0	0	0	0	0	0	0	0	0	0	0	0	0	87	0	0	0	0	0	0	0	0	0	0	0	0	0	0	0	0	0	0	0	0	0	0	0	0	0	0	0	0	0	0	0	0	0	0	0	16
assemblage-630-846	0	0	0	0	0	0	140	42	0	0	0	0	0	0	0	143	0	0	0	0	0	0	0	0	0	0	0	0	0	32	0	0	0	0	0	0	63	0	0	0	0	0	0	0	0	0	0	0	0	0	0	0	0	0	0	0	0	0	0	0	0	0	0	0	0	45	0	0	0	0	0	0	16	0	0	0	0	0	0	0	0	0	0	0	0	0	0	0	0	0	0	0	0	0	0	0	0	0	0	0	0	19
assemblage-190-596	0	0	0	0	0	0	125	0	0	0	0	0	0	0	0	15	0	0	0	0	0	0	0	0	0	0	0	0	0	173	0	0	0	0	24	0	5	0	0	0	0	0	0	0	0	0	21	0	0	0	0	0	0	0	0	0	0	5	0	0	0	0	0	0	0	108	5	0	0	3	0	0	0	0	0	0	0	0	0	0	0	0	0	0	0	0	0	0	0	0	8	0	0	0	0	0	0	0	0	0	0	8
assemblage-359-271	0	0	0	0	0	0	76	0	0	0	0	96	7	0	0	0	0	0	0	0	0	0	0	0	0	0	0	0	0	100	2	0	17	0	0	7	0	0	0	0	0	0	0	0	0	0	0	0	0	0	0	0	8	9	0	0	61	0	0	0	0	0	0	0	0	0	0	0	0	0	0	0	0	0	75	0	0	18	0	0	0	0	0	0	0	0	0	0	0	0	0	0	12	0	0	0	0	0	0	0	0	12
assemblage-985-351	0	0	0	0	0	0	115	12	0	0	0	0	0	0	0	63	3	0	0	0	35	0	0	0	0	0	0	0	0	171	0	0	0	0	0	0	21	0	0	0	0	0	0	0	0	0	0	0	0	7	0	0	0	0	0	0	0	0	0	0	0	0	0	0	28	23	0	0	0	0	0	0	0	0	0	0	0	0	0	0	0	0	0	0	0	0	0	0	0	0	0	0	0	0	0	0	0	0	0	0	0	22
assemblage-597-671	0	0	0	0	0	0	49	0	0	0	0	0	0	0	0	128	0	0	0	0	0	0	0	0	0	0	0	0	0	114	0	0	0	0	0	0	71	0	0	0	0	0	0	0	0	0	0	0	0	0	0	0	0	63	0	0	0	0	0	0	7	0	0	0	0	0	0	0	0	0	0	0	0	0	9	0	0	40	0	0	0	0	0	0	0	0	0	0	0	0	0	0	0	0	0	0	0	0	0	0	0	19
assemblage-460-153	0	0	0	0	0	0	47	0	0	0	0	0	0	0	0	89	0	0	0	0	0	0	0	0	0	0	0	0	0	125	0	0	0	0	0	0	93	0	0	0	0	0	0	0	0	0	0	0	0	0	0	0	0	57	0	0	0	0	0	0	14	0	0	0	0	0	0	0	0	0	0	0	0	0	14	0	0	54	0	0	0	0	0	0	0	0	0	0	0	0	0	0	0	0	0	0	0	0	0	0	0	7
assemblage-684-472	0	0	0	0	0	0	30	0	0	0	0	0	0	0	0	189	0	0	0	0	0	0	0	0	0	0	0	0	0	61	0	0	0	0	10	0	16	0	0	0	0	0	0	0	0	0	0	0	0	0	0	0	0	0	0	0	0	29	0	0	0	0	0	0	0	129	0	0	0	0	0	0	0	0	0	0	0	0	0	0	0	0	0	0	0	0	0	0	0	0	0	0	0	5	0	0	0	0	0	0	0	31
assemblage-689-477	0	0	0	0	0	0	20	0	0	0	0	0	0	0	0	183	0	0	0	0	0	0	0	0	0	0	0	0	0	99	0	0	0	0	16	0	4	0	0	0	0	0	0	0	0	0	0	0	0	0	0	0	0	0	0	0	0	20	0	0	0	0	0	0	0	129	0	0	0	0	0	0	0	0	0	0	0	0	0	0	0	0	0	0	0	0	0	0	0	0	0	0	0	0	0	0	0	0	0	0	0	29
assemblage-308-566	0	0	0	0	0	0	92	0	0	0	0	0	0	0	0	71	0	0	0	0	0	0	0	0	0	0	0	0	0	158	0	0	0	0	15	0	29	0	0	0	0	0	0	0	0	0	0	0	0	0	0	0	0	0	0	0	0	10	0	0	0	0	0	0	0	100	9	0	0	0	0	0	0	0	0	0	0	0	0	0	0	0	0	0	0	0	0	0	0	0	0	0	0	0	0	0	0	0	0	0	0	16
assemblage-471-340	0	0	0	0	0	9	81	0	0	0	0	0	0	0	0	0	0	0	0	0	0	0	0	0	0	0	0	0	0	0	0	0	0	0	0	4	0	0	0	0	0	0	0	0	0	0	0	0	0	0	0	0	0	0	0	0	0	0	0	0	0	0	0	0	0	0	0	0	0	0	0	0	0	0	0	0	0	377	0	0	0	0	0	0	0	0	0	0	0	0	0	0	0	0	0	7	0	0	0	0	0	22
assemblage-922-687	0	0	0	0	0	0	205	0	0	0	0	19	0	0	0	95	0	0	0	0	0	0	0	0	0	0	0	0	0	5	0	0	0	0	0	0	25	0	0	0	0	0	0	0	0	0	0	0	0	0	0	0	0	43	0	0	0	0	0	0	0	0	0	0	0	14	0	0	0	0	0	0	0	0	27	0	0	0	0	0	0	0	0	8	0	0	0	48	0	0	0	0	0	0	0	0	0	0	0	0	0	11
assemblage-910-1006	0	0	0	0	0	0	2	0	0	0	0	66	0	0	0	72	0	0	0	0	0	0	0	0	0	0	0	0	0	108	0	0	0	0	0	0	23	0	0	0	0	0	0	0	0	0	0	0	0	0	0	0	0	43	0	0	0	0	0	0	9	0	0	0	0	0	0	0	0	0	0	0	0	0	9	0	0	99	0	0	0	0	0	0	0	0	0	54	0	0	0	0	0	0	0	0	0	0	0	0	0	15
assemblage-774-471	0	0	0	0	0	0	23	0	0	0	0	0	0	0	0	102	0	21	0	1	0	0	0	0	0	0	16	10	0	101	0	0	0	0	0	0	33	0	0	0	0	0	0	0	0	0	0	0	0	0	0	0	0	29	5	0	0	0	27	0	0	0	55	0	0	0	0	0	0	0	0	0	0	0	65	0	0	0	0	0	0	0	0	0	0	0	0	0	0	0	0	3	0	0	0	0	0	0	0	0	0	9
assemblage-239-868	0	0	0	0	0	0	55	0	0	0	0	0	0	0	0	179	0	0	0	0	0	0	0	0	0	0	0	0	0	82	0	8	0	0	0	0	0	0	0	0	0	0	0	0	0	0	0	4	0	0	0	0	15	55	0	0	0	0	0	0	0	8	0	4	0	0	0	0	0	0	0	0	0	0	34	0	0	24	0	0	0	0	0	0	0	0	0	12	0	0	0	0	0	0	0	0	0	0	0	0	0	20
assemblage-543-757	0	0	0	0	0	0	20	0	0	0	0	51	0	0	0	168	0	0	0	0	0	0	0	0	0	0	0	0	0	25	0	0	0	0	0	0	14	0	0	0	0	0	0	11	0	0	0	0	0	0	0	0	0	69	15	0	0	0	0	0	0	0	0	0	0	0	0	0	0	0	0	0	0	0	29	0	0	11	0	0	0	0	0	0	0	0	0	62	0	0	0	0	0	0	0	0	0	0	0	0	0	25
assemblage-615-216	0	0	0	0	0	0	116	0	0	0	0	0	0	0	0	125	2	0	0	0	0	0	0	0	0	0	0	0	6	136	0	0	0	0	0	0	54	0	0	0	0	0	0	0	0	0	0	0	0	0	0	0	0	0	0	0	0	22	0	0	0	0	0	0	0	13	7	0	0	0	0	0	0	0	0	0	0	0	0	0	0	0	0	0	0	0	0	0	0	0	0	0	0	0	0	0	0	0	0	0	0	19
assemblage-352-230	0	0	0	0	0	0	203	0	0	0	0	12	0	0	0	148	0	0	0	0	0	0	0	0	4	32	0	0	0	26	0	0	0	0	0	0	48	0	0	0	0	0	0	0	0	0	0	0	0	0	0	0	0	0	0	0	0	0	0	0	0	0	0	0	0	0	0	0	0	0	0	0	0	0	0	0	0	0	0	0	0	0	0	0	0	0	0	0	0	0	0	0	0	0	0	0	0	0	0	0	0	27
assemblage-614-458	0	0	0	0	0	0	25	0	0	0	0	0	0	0	0	0	0	0	0	0	0	0	0	0	0	0	0	0	0	17	0	0	0	0	0	54	40	0	0	0	7	0	0	0	0	0	0	0	0	0	0	0	0	204	0	0	3	0	0	0	0	0	0	0	0	0	0	0	0	0	0	0	0	0	7	0	0	132	0	0	0	0	0	0	0	0	0	0	0	0	0	0	0	0	0	0	0	0	0	0	0	11
assemblage-614-459	0	0	0	0	0	8	37	0	0	0	0	0	0	0	0	95	0	0	0	0	0	0	0	0	0	0	0	0	0	102	0	0	0	0	0	66	0	0	0	0	0	0	0	0	0	0	0	0	0	0	0	0	0	49	0	0	0	0	0	0	0	0	0	0	0	0	0	0	0	0	0	0	0	0	21	0	0	79	0	0	28	0	0	0	0	0	0	0	0	0	0	0	0	0	0	0	0	0	0	0	0	15
assemblage-598-655	0	0	0	0	0	0	13	0	0	0	0	0	0	0	0	144	0	0	0	0	0	0	0	0	0	0	0	0	0	18	0	0	0	0	0	0	138	0	0	0	0	0	0	0	0	0	0	0	0	0	0	0	0	35	0	0	0	0	0	0	12	0	0	0	0	0	0	0	0	0	0	0	0	0	75	0	0	62	0	0	0	0	0	0	0	0	0	2	0	0	0	0	0	0	0	0	0	0	0	0	0	1
assemblage-336-223	0	0	0	0	0	0	105	7	0	0	0	0	0	0	0	102	5	0	0	0	36	0	0	6	0	0	0	0	0	131	0	0	0	0	0	0	23	0	0	0	0	0	0	0	0	0	0	0	0	9	0	0	0	0	0	0	0	0	0	0	0	0	0	0	38	31	0	0	0	0	0	0	0	0	0	0	0	0	0	0	0	0	0	0	0	0	0	0	0	0	0	0	0	0	0	0	0	0	0	0	0	7
assemblage-787-982	0	0	0	0	0	0	145	44	0	0	0	0	0	0	0	139	0	0	0	0	0	0	0	0	0	0	0	0	0	23	0	0	0	0	0	0	49	0	0	0	0	0	0	0	0	0	0	0	0	0	0	0	0	0	0	0	0	0	0	0	0	0	0	0	0	63	0	0	0	0	0	0	17	0	0	0	0	0	0	0	0	0	0	0	0	0	0	0	0	0	0	0	0	0	0	0	0	0	0	0	0	20
assemblage-637-842	0	0	0	0	0	0	195	0	0	0	0	48	0	0	0	123	0	0	0	0	0	0	0	0	0	0	9	0	0	11	0	0	0	0	0	0	66	0	0	0	0	0	0	0	0	0	0	0	0	0	0	0	0	0	0	0	0	0	0	0	0	0	0	0	0	8	0	0	0	0	0	0	0	0	21	0	0	0	0	0	0	0	0	0	0	0	0	0	0	0	0	0	0	0	0	0	0	0	0	0	0	19
assemblage-912-277	0	0	0	0	8	0	202	0	0	0	0	0	0	0	0	163	0	0	0	0	0	0	0	0	0	0	13	0	0	62	0	0	0	0	0	0	10	0	0	0	0	0	11	0	0	0	0	0	0	0	0	0	0	0	0	0	0	0	0	0	0	0	0	0	0	0	0	0	0	0	0	0	0	0	0	0	0	0	0	0	0	0	0	0	0	0	0	0	0	0	0	0	0	0	0	0	0	0	0	0	0	31
assemblage-167-585	0	0	0	0	0	0	119	0	0	0	0	0	0	0	0	7	0	0	0	0	0	0	0	0	0	0	0	0	0	200	0	0	0	0	10	0	8	0	0	0	0	0	0	0	0	0	24	0	0	0	0	0	0	0	0	0	0	7	0	0	0	0	0	0	0	108	7	0	0	0	0	0	0	0	0	0	0	0	0	0	0	0	0	0	0	0	0	0	0	0	1	0	0	0	0	0	0	0	0	0	0	9
assemblage-605-243	0	0	0	0	0	0	65	0	0	0	0	0	0	4	0	53	39	0	0	0	0	0	0	0	0	0	0	0	0	104	0	0	0	0	0	0	20	0	0	0	0	0	0	0	0	0	0	0	0	0	0	0	0	0	0	0	0	0	0	0	0	0	0	0	0	168	0	0	0	0	0	0	0	0	0	0	0	0	10	0	0	0	0	0	0	0	0	0	0	0	0	0	0	0	0	0	0	0	0	0	0	37
assemblage-498-521	0	0	0	0	0	0	16	0	0	0	0	53	0	0	0	164	0	0	0	0	0	0	0	0	0	0	0	0	0	36	0	0	0	0	0	0	27	0	0	0	0	0	0	14	0	0	0	0	0	0	0	0	0	81	7	0	0	0	0	0	0	0	0	0	0	0	0	0	0	0	0	0	0	0	32	0	0	12	0	0	0	0	0	0	0	0	0	42	0	0	0	0	0	0	0	0	0	0	0	0	0	16
assemblage-594-235	0	0	0	0	0	0	96	0	0	0	0	0	0	11	0	59	37	0	0	0	0	0	0	0	0	0	0	0	0	74	0	0	0	0	0	0	20	0	0	0	0	0	0	0	0	0	0	0	0	0	0	0	0	0	0	0	0	0	0	0	0	0	0	0	0	162	0	0	0	0	0	0	0	0	0	0	0	0	6	0	0	0	0	0	0	0	0	0	0	0	0	0	0	0	0	0	6	0	0	0	0	29
assemblage-694-256	0	0	0	0	0	0	217	0	0	0	0	0	0	0	0	68	0	0	14	0	0	0	0	0	0	0	0	0	0	79	0	0	0	0	7	0	7	0	0	0	0	0	0	0	0	0	6	0	0	0	0	0	0	0	0	0	0	4	0	0	0	0	0	0	0	65	0	0	0	0	0	0	0	0	0	0	0	0	0	0	0	0	0	0	0	0	17	0	0	0	0	0	0	0	0	0	0	0	0	0	0	16
assemblage-160-161	0	0	0	0	0	0	11	0	0	0	0	0	0	0	0	0	0	0	0	0	0	0	0	0	0	0	0	0	0	6	0	0	0	0	0	37	53	0	0	0	0	0	0	0	0	0	0	0	0	0	0	0	0	201	0	0	6	0	0	0	0	0	0	0	0	0	0	0	0	0	0	0	0	0	6	0	0	154	0	0	0	0	0	0	0	0	0	0	0	0	0	0	0	0	0	0	0	0	0	0	0	26
assemblage-904-260	0	0	0	0	3	0	201	0	0	0	0	0	0	0	0	185	0	0	0	0	0	0	0	0	0	0	9	0	0	60	0	0	0	0	0	0	7	0	0	0	0	0	15	0	0	0	0	0	0	0	0	0	0	0	0	0	0	0	0	0	0	0	0	0	0	0	0	0	0	0	0	0	0	0	0	0	0	0	0	0	0	0	0	0	0	0	0	0	0	0	0	0	0	0	0	0	0	0	0	0	0	20
assemblage-206-182	0	0	0	0	0	0	0	0	0	0	0	0	0	0	0	14	0	0	0	0	0	0	0	0	0	0	0	0	0	336	0	0	0	0	0	0	0	0	0	0	0	0	0	0	0	0	0	0	0	0	0	0	0	110	0	0	0	0	0	0	0	0	0	0	0	0	0	0	0	0	0	0	0	0	12	9	0	0	0	0	8	0	0	0	0	0	0	0	0	0	0	0	0	0	0	0	0	0	0	0	0	11
assemblage-396-352	0	0	0	0	0	0	162	0	0	0	0	0	0	24	0	53	0	0	0	0	0	0	0	0	0	0	0	0	0	59	0	0	0	0	0	0	140	0	0	0	0	0	0	0	0	0	0	0	0	0	0	0	0	0	0	0	0	0	0	0	0	0	0	0	0	42	0	0	0	0	0	0	0	0	0	0	0	0	0	0	0	0	0	0	0	0	0	0	0	0	0	0	0	0	0	0	0	0	0	0	0	20
assemblage-178-601	0	0	0	0	0	0	183	0	0	0	0	0	0	0	0	94	0	0	0	0	0	0	0	0	0	0	0	0	0	63	0	0	0	0	0	0	91	0	0	0	0	0	0	0	0	0	0	0	0	0	0	0	0	0	0	0	0	0	0	0	0	0	0	0	0	49	0	0	0	0	0	0	0	0	0	0	0	0	0	0	0	0	0	0	0	0	0	0	0	0	0	0	0	0	0	0	0	0	0	0	0	20
assemblage-165-927	0	16	0	0	0	0	57	0	0	0	0	0	0	0	0	166	0	0	0	0	0	0	0	0	0	0	0	0	0	52	0	0	0	0	95	0	0	0	0	0	0	0	0	0	0	0	29	0	0	0	0	10	0	0	0	0	0	0	0	0	0	0	0	0	0	46	0	25	0	0	0	0	0	0	0	0	0	0	0	0	0	0	0	0	0	0	0	0	0	0	0	0	0	0	0	0	0	0	0	0	0	4
assemblage-712-891	0	0	0	0	0	0	140	0	0	0	0	0	0	0	0	127	23	0	0	0	0	0	0	0	0	0	0	0	0	0	0	0	0	0	0	0	72	11	0	0	0	0	0	0	0	0	0	0	0	7	0	0	0	0	0	0	0	0	0	0	0	0	0	0	0	94	0	0	0	0	0	0	0	0	0	0	0	0	0	0	0	0	0	0	0	0	0	0	0	0	0	0	0	0	0	0	0	0	0	0	0	26
assemblage-635-856	0	0	0	0	13	0	213	0	0	0	0	0	0	0	0	126	0	0	0	0	0	0	0	0	0	0	15	0	0	69	0	0	0	0	0	0	7	0	0	0	0	0	23	0	0	0	0	0	0	0	0	0	0	0	0	0	0	0	0	0	0	0	0	0	0	0	0	0	0	0	0	0	0	0	0	0	0	0	0	0	0	0	0	0	0	0	0	0	0	0	0	0	0	0	0	0	0	0	0	0	0	34
assemblage-412-358	0	0	0	0	0	0	97	0	0	0	0	0	0	0	0	55	44	0	0	0	0	0	0	0	0	0	0	0	0	68	0	0	0	0	0	0	30	0	0	0	0	0	0	0	0	0	0	0	0	4	0	0	0	0	0	0	0	0	0	0	0	0	0	0	0	163	0	0	0	0	0	0	0	0	0	0	0	0	9	0	0	0	0	0	0	0	0	0	0	0	0	0	0	0	0	0	0	0	0	0	0	30
assemblage-319-550	0	0	0	0	0	0	176	0	0	0	0	21	0	0	0	144	0	0	0	0	0	0	0	0	0	0	0	0	0	119	0	0	0	0	0	0	10	0	0	0	0	0	0	0	0	0	0	0	0	0	0	0	0	0	0	0	0	0	0	0	0	0	0	0	0	0	0	0	0	0	0	0	0	0	0	0	0	0	0	0	0	0	0	0	0	0	0	0	0	0	0	0	0	0	0	0	0	0	0	0	0	30
assemblage-259-333	0	0	0	0	0	0	88	0	0	0	0	0	0	0	0	76	0	0	0	0	27	0	0	4	0	0	0	0	0	144	0	0	0	0	0	0	40	0	0	0	0	0	0	0	0	0	0	0	0	20	0	0	0	0	0	0	0	0	0	0	0	0	0	0	45	39	0	0	0	0	0	0	0	0	0	0	0	0	0	0	0	0	0	0	0	0	0	0	0	0	0	0	0	0	0	0	0	0	0	0	0	17
assemblage-520-558	0	0	0	0	0	0	55	0	0	0	0	0	0	0	0	98	0	0	0	0	0	0	0	0	0	0	0	0	0	188	0	0	0	0	0	0	39	0	0	0	0	0	0	0	0	0	31	0	0	0	0	0	0	0	0	0	0	0	0	19	0	0	0	0	0	22	0	0	0	0	0	28	0	0	0	0	0	0	0	0	0	0	0	0	0	0	0	0	0	0	0	0	0	0	0	0	0	0	2	0	0	18
assemblage-160-196	0	0	0	0	0	14	0	0	0	0	8	0	10	0	0	7	0	0	0	0	0	0	0	0	0	0	0	0	0	106	0	0	0	27	0	0	0	0	0	0	9	0	0	0	0	0	0	0	0	0	0	0	30	25	0	0	0	0	0	0	0	0	0	0	0	0	0	0	6	0	0	0	0	0	80	0	0	133	0	0	0	0	0	0	0	0	0	26	0	0	0	0	0	0	0	0	0	0	0	0	0	19
assemblage-359-264	0	0	0	0	0	0	65	0	0	0	0	99	17	0	0	0	0	0	0	0	0	0	0	0	0	0	0	0	0	95	0	0	22	0	0	4	0	0	0	0	0	0	0	0	0	0	0	0	0	0	0	0	26	9	0	0	55	0	0	0	0	0	0	0	0	0	0	0	0	0	0	0	0	0	83	0	0	6	0	0	0	0	0	0	0	0	0	0	0	0	0	0	9	0	0	0	0	0	0	0	0	10
assemblage-520-549	0	0	0	0	0	0	130	0	0	0	0	0	0	0	0	131	0	0	0	0	0	0	0	0	0	0	0	0	0	72	0	0	0	0	31	0	20	0	0	0	0	0	0	0	0	0	23	0	0	0	0	4	0	0	0	0	0	0	0	0	0	0	0	0	0	54	0	6	0	0	0	3	0	0	0	0	0	0	0	0	0	0	0	0	0	0	4	0	0	0	0	0	0	0	0	0	0	0	3	0	0	19
assemblage-242-242	0	0	0	0	0	0	102	0	0	0	0	13	0	0	0	0	0	0	0	0	0	0	0	0	0	0	0	0	0	0	0	0	0	0	0	121	0	0	0	0	0	0	0	0	0	0	0	0	0	0	0	0	0	0	0	0	137	0	0	0	0	0	0	0	0	0	0	0	0	0	0	0	0	0	0	0	0	92	0	0	0	0	0	0	0	0	0	0	30	0	0	0	0	0	0	0	0	0	0	0	0	5
assemblage-929-680	0	0	0	0	0	0	92	60	0	0	0	0	0	0	0	162	0	0	0	0	0	0	0	0	0	0	0	0	0	47	0	0	0	0	0	0	84	0	0	0	0	0	0	0	0	0	0	0	0	0	0	0	0	14	0	0	0	0	0	0	0	0	0	0	0	0	0	0	0	0	0	0	0	0	0	0	0	15	0	0	0	0	0	0	0	0	0	0	0	0	0	0	0	0	0	0	0	0	0	0	0	26
assemblage-943-691	0	0	12	0	0	0	220	0	0	0	0	12	0	0	0	91	0	0	0	0	0	0	0	0	0	0	0	0	0	0	0	0	0	0	0	0	35	0	0	0	0	0	0	0	0	0	0	0	0	0	0	0	0	31	0	0	0	0	0	0	0	0	0	0	0	11	0	0	0	0	0	0	0	0	30	0	0	0	0	0	0	0	0	14	0	0	0	28	0	0	0	0	0	0	0	0	0	0	0	0	0	16
assemblage-305-132	0	0	0	0	0	0	3	0	0	0	0	68	0	0	0	82	0	0	0	0	0	0	0	0	0	0	0	0	0	119	0	0	0	0	0	0	19	0	0	0	0	0	0	0	0	0	0	0	0	0	0	0	0	40	0	0	0	0	0	0	15	0	0	0	0	0	0	0	0	0	0	0	0	0	13	0	0	94	0	0	0	0	0	0	0	0	0	38	0	0	0	0	0	0	0	0	0	0	0	0	0	9
assemblage-526-916	0	0	0	0	0	0	5	0	0	0	0	62	0	0	0	85	0	0	0	0	0	0	0	0	0	0	0	0	0	122	0	0	0	0	0	0	32	0	0	0	0	0	0	0	0	0	0	0	0	0	0	0	0	41	0	0	0	0	0	0	4	0	0	0	0	0	0	0	0	0	0	0	0	0	8	0	0	93	0	0	0	0	0	0	0	0	0	40	0	0	0	0	0	0	0	0	0	0	0	0	0	8
assemblage-358-789	0	11	0	0	0	0	41	0	0	0	0	0	0	0	0	176	0	0	0	0	0	0	0	0	0	0	0	0	0	41	0	0	0	0	101	0	0	0	0	0	0	0	0	0	0	0	30	0	0	0	0	26	0	0	0	0	0	0	0	0	0	0	0	0	0	39	0	20	0	0	0	0	0	0	0	0	0	0	0	0	0	0	0	0	0	0	0	0	0	0	0	0	0	0	0	0	0	0	0	0	0	15
assemblage-611-217	0	0	0	0	0	0	186	0	0	0	0	0	0	0	0	90	0	0	0	0	0	0	0	0	0	0	0	0	0	66	0	0	0	0	0	0	90	0	0	0	0	0	0	0	0	0	0	0	0	0	0	0	0	0	0	0	0	0	0	0	0	0	0	0	0	37	0	0	0	0	0	0	0	0	0	0	0	0	0	0	0	0	0	0	0	0	0	0	0	0	0	0	0	0	0	0	0	0	0	0	0	31
assemblage-670-392	0	0	0	0	0	0	118	0	0	0	0	0	0	0	0	117	12	0	0	0	0	0	0	0	0	0	0	0	4	135	0	0	0	0	0	0	53	0	4	0	0	0	0	0	0	0	0	0	0	0	0	0	0	0	0	0	0	20	0	0	0	0	0	0	0	12	8	0	0	0	0	0	0	0	0	0	0	0	0	0	0	0	0	0	0	0	0	0	0	0	0	0	0	0	0	0	0	0	0	0	0	17
assemblage-907-527	0	0	0	0	0	0	0	0	0	0	0	0	0	0	0	0	0	0	0	0	0	0	0	0	0	0	0	0	0	113	0	0	13	0	0	0	0	0	0	0	0	0	0	0	0	0	0	0	0	0	0	0	0	205	0	0	0	0	0	0	0	0	0	0	0	0	0	0	0	0	0	0	0	7	141	0	0	0	0	0	0	0	0	0	0	0	0	0	0	0	0	0	0	0	0	0	0	14	0	0	0	7
assemblage-358-786	0	0	0	0	0	0	188	0	0	0	0	0	0	0	0	97	0	0	0	0	0	0	0	0	0	0	0	0	0	67	0	0	0	0	9	0	25	0	0	0	0	0	0	0	0	0	20	0	0	0	0	0	0	0	0	0	0	0	0	0	0	0	0	0	0	71	0	0	0	0	0	0	0	0	0	0	0	0	0	0	0	0	0	0	0	0	0	0	0	0	0	0	0	0	0	0	0	0	15	0	0	8
assemblage-742-872	0	0	0	0	0	0	67	0	0	0	0	87	7	0	0	0	0	0	0	0	0	0	0	0	0	0	0	0	0	91	5	0	23	0	0	7	0	0	0	0	0	0	0	0	0	0	0	0	0	0	0	0	22	18	0	0	58	0	0	0	0	0	0	0	0	0	0	0	0	0	0	0	0	0	93	0	0	11	0	0	0	0	0	0	0	0	0	0	0	0	0	0	2	0	0	0	0	0	0	0	0	9
assemblage-627-458	0	0	0	0	0	0	0	0	0	0	4	0	19	0	0	5	0	0	0	0	0	0	0	0	0	0	0	0	0	100	0	0	0	23	0	0	0	0	0	0	7	0	0	0	0	0	0	0	0	0	0	0	19	31	0	0	9	0	0	0	0	0	0	0	0	0	0	0	5	0	0	0	0	0	84	0	0	147	0	0	0	0	0	0	0	0	0	25	0	0	0	0	0	0	0	0	0	0	0	0	0	22
assemblage-545-737	0	0	0	0	0	0	132	0	0	0	0	0	0	0	0	75	0	0	0	0	0	0	0	0	0	0	0	0	0	122	0	0	0	0	0	0	62	0	0	0	0	0	0	0	0	0	0	0	0	0	0	0	0	27	0	0	0	0	0	0	0	0	0	0	0	0	0	0	0	0	0	0	0	0	12	0	0	0	0	0	0	0	0	0	0	0	0	8	0	0	0	0	0	0	7	0	0	0	0	29	10	16
assemblage-606-238	0	0	0	0	0	0	60	0	0	0	0	0	0	57	0	50	0	0	0	0	0	9	4	0	0	8	0	0	0	109	0	0	0	0	0	0	91	0	0	0	0	0	0	0	0	0	0	0	0	0	0	0	0	0	0	0	0	0	0	0	0	0	0	0	0	86	0	0	0	0	0	0	0	0	0	0	0	0	0	0	0	0	0	0	0	0	0	0	0	0	0	0	0	0	0	0	0	0	0	0	0	26
assemblage-195-187	0	0	0	0	0	0	0	0	0	0	0	0	0	0	0	8	0	0	0	0	0	0	0	0	0	0	0	0	0	349	0	0	0	0	0	0	0	0	0	0	0	0	0	0	0	0	0	0	0	0	0	0	0	110	0	0	0	0	0	0	0	0	0	0	0	0	0	0	0	0	0	0	0	0	11	0	0	0	0	0	8	0	0	0	0	0	0	0	0	5	0	0	0	0	0	0	0	0	0	0	0	9
assemblage-171-608	0	0	0	0	0	0	29	0	0	0	0	0	0	0	0	193	0	0	0	0	0	0	0	0	0	0	0	0	0	85	0	0	0	0	9	0	16	0	0	0	0	0	0	0	0	0	0	0	0	0	0	0	0	0	0	0	0	16	0	0	0	0	0	0	0	123	0	0	0	0	0	0	0	0	0	0	0	0	0	0	0	0	0	0	0	0	0	0	0	0	0	0	0	0	0	0	0	0	0	0	0	29
assemblage-466-351	0	0	0	0	0	9	88	0	0	0	0	0	0	0	0	0	0	0	0	0	0	0	0	0	0	0	0	0	0	0	0	0	0	0	0	0	0	0	0	0	0	0	0	0	0	0	0	0	0	0	0	0	0	0	0	0	0	0	0	0	0	0	0	0	0	0	0	0	0	0	0	0	0	0	0	0	0	369	0	0	0	0	0	0	0	0	0	0	0	0	0	0	0	0	0	12	0	0	0	0	0	22
assemblage-687-910	0	0	0	0	0	0	224	0	0	0	0	13	0	0	0	127	0	0	0	0	0	0	0	0	3	32	0	0	0	25	0	0	0	0	0	0	53	0	0	0	0	0	0	0	0	0	0	0	0	0	0	0	0	0	0	0	0	0	0	0	0	0	0	0	4	0	0	0	0	0	0	0	0	0	0	0	0	0	0	0	0	0	7	0	0	0	0	0	0	0	0	0	0	0	0	0	0	0	0	0	0	12
assemblage-209-176	0	0	0	0	0	0	0	0	0	0	0	0	0	0	0	3	0	0	0	0	0	0	0	0	0	0	0	0	0	335	0	0	0	0	0	0	0	0	0	0	0	0	0	0	0	0	0	0	0	0	0	0	0	133	0	0	0	0	0	0	0	0	0	0	0	0	0	0	0	0	0	0	0	0	7	0	0	0	0	0	6	0	0	0	0	0	0	0	0	0	0	0	0	0	0	0	0	0	0	0	0	16
assemblage-281-541	0	0	0	0	0	0	160	40	0	0	0	0	0	0	0	122	0	0	0	0	0	0	0	0	0	0	0	0	0	33	0	0	0	0	0	0	66	0	0	0	0	0	0	0	0	0	0	0	0	0	0	0	0	0	0	0	0	0	0	0	0	0	0	0	0	49	0	0	0	0	0	0	6	0	0	0	0	0	0	0	0	0	0	0	0	0	0	0	0	0	0	0	0	0	0	0	0	0	0	0	0	24
assemblage-762-878	0	0	0	0	0	10	31	0	0	0	0	0	0	0	0	95	0	0	0	0	0	0	0	0	0	0	0	0	0	113	0	0	0	0	0	71	0	0	0	0	0	0	0	0	0	0	0	0	0	0	0	0	0	65	0	0	0	0	0	0	0	0	0	0	0	0	0	0	0	0	0	0	0	0	7	0	0	74	0	0	19	0	0	0	0	0	0	0	0	0	0	0	0	0	0	0	0	0	0	0	0	15
assemblage-181-190	0	0	0	0	0	0	53	0	0	0	0	102	21	0	0	0	0	0	0	0	0	0	0	0	0	0	0	0	0	81	7	0	17	0	0	0	0	0	0	0	0	0	0	0	0	0	0	0	0	0	0	0	18	15	0	0	57	0	0	0	0	0	0	0	0	0	0	0	0	0	0	0	0	0	91	0	0	14	0	0	0	0	0	0	0	0	0	0	0	0	0	0	10	0	0	0	0	0	0	0	0	14
assemblage-168-953	0	0	0	0	0	0	207	0	0	0	0	0	0	0	0	66	0	0	15	0	0	0	0	0	0	0	0	0	0	82	0	0	0	0	11	0	9	0	0	0	0	0	0	0	0	0	7	0	0	0	0	0	0	0	0	0	0	4	0	0	0	0	0	0	0	64	0	0	0	0	0	0	0	0	0	0	0	0	0	0	0	0	0	0	0	0	18	0	0	0	0	0	0	0	0	0	0	0	0	0	0	17
assemblage-990-345	0	0	0	0	0	0	118	7	0	0	0	0	0	0	0	110	30	0	0	0	0	0	0	0	0	0	0	0	0	4	0	0	0	0	0	0	70	18	0	0	0	0	0	0	0	0	0	0	0	7	0	0	0	0	0	0	0	0	0	0	0	0	0	0	0	113	0	0	0	0	0	0	0	0	0	0	0	0	0	0	0	0	0	0	0	0	0	0	0	0	0	0	0	0	0	0	0	0	0	0	0	23
assemblage-549-750	0	0	0	0	0	0	51	0	0	0	0	9	0	0	0	106	0	0	0	0	0	0	0	0	0	0	0	0	0	109	0	0	0	0	0	0	81	0	0	0	0	0	0	0	0	0	0	0	0	0	0	0	0	57	0	0	0	0	0	0	19	0	0	0	0	0	0	0	0	0	0	0	0	0	13	0	0	36	0	0	0	0	0	0	0	0	0	11	0	0	0	0	0	0	0	0	0	0	0	0	0	8
assemblage-480-335	0	0	0	0	0	14	80	0	0	0	0	0	0	0	0	0	0	0	0	0	0	0	0	0	0	0	0	0	0	0	0	0	0	0	0	0	0	0	0	0	0	0	0	0	0	0	0	0	0	0	0	0	0	0	0	0	0	0	0	0	0	0	0	0	0	0	0	0	0	0	0	0	0	0	0	0	0	372	0	0	0	0	0	0	0	0	0	0	0	0	0	0	0	0	0	12	0	0	0	0	0	22
assemblage-535-559	0	0	0	0	0	0	164	0	0	0	0	0	0	0	0	121	0	0	0	0	0	0	0	0	0	0	0	0	0	47	0	0	0	0	8	0	30	0	0	0	0	0	0	0	0	0	15	0	0	0	0	0	0	0	0	0	0	0	0	0	0	0	0	0	0	79	0	0	0	0	0	0	0	0	0	0	0	0	0	0	0	0	0	0	0	0	0	0	0	0	0	0	0	0	0	0	0	0	18	0	0	18
assemblage-183-166	0	0	0	0	0	0	0	0	0	0	5	0	13	0	0	6	0	0	0	0	0	0	0	0	0	0	0	0	0	99	0	0	0	23	0	0	0	0	0	0	10	0	0	0	0	0	0	0	0	0	0	0	30	31	0	0	8	0	0	0	0	0	0	0	0	0	0	0	18	0	0	0	0	0	78	0	0	136	0	0	0	0	0	0	0	0	0	21	0	0	0	0	0	0	0	0	0	0	0	0	0	22
assemblage-176-599	0	0	0	0	0	0	119	0	0	0	0	0	0	0	0	116	3	0	0	0	0	0	0	0	0	0	0	0	5	157	0	0	0	0	0	0	44	0	0	0	0	0	0	0	0	0	0	0	0	0	0	0	0	0	0	0	0	16	0	0	0	0	0	0	0	13	8	0	0	0	0	0	0	0	0	0	0	0	0	0	0	0	0	0	0	0	0	0	0	0	0	0	0	0	0	0	0	0	0	0	0	19
assemblage-924-289	0	0	0	0	0	0	153	0	0	0	0	22	0	0	0	150	0	0	0	0	0	0	0	0	0	0	0	0	0	137	0	0	0	0	0	0	10	0	0	0	0	0	0	0	0	0	0	0	0	0	0	0	0	0	0	0	0	0	0	0	0	0	0	0	0	6	0	0	0	0	0	0	0	0	0	0	1	0	0	0	0	0	0	0	0	0	0	0	0	0	0	0	0	0	0	0	0	0	0	0	0	21
assemblage-235-847	0	0	0	0	0	0	52	0	0	0	0	2	0	0	0	158	0	0	0	0	0	0	0	0	0	0	0	0	0	87	0	0	0	0	0	0	5	0	0	0	0	0	0	0	0	0	0	4	0	0	0	0	8	87	0	0	0	0	0	0	0	6	0	0	0	0	0	0	0	0	0	0	0	0	31	0	0	23	0	0	0	0	0	0	0	0	0	9	0	0	0	0	0	0	0	0	0	0	0	0	0	28
assemblage-298-582	0	0	0	0	0	0	77	0	0	0	0	0	0	0	0	70	0	0	0	0	0	0	0	0	0	0	0	0	0	163	0	0	0	0	27	0	31	0	0	0	0	0	0	0	0	0	0	0	0	0	0	0	0	0	0	0	0	5	0	0	0	0	0	0	0	92	10	0	0	0	13	0	0	0	0	0	0	0	0	0	0	0	0	0	0	0	0	0	0	0	0	0	0	0	0	0	0	0	0	0	0	12
assemblage-172-188	0	0	0	0	0	0	11	0	0	0	0	0	0	0	0	0	0	0	0	0	0	0	0	0	0	0	0	0	0	11	0	0	0	0	0	43	55	0	0	0	7	0	0	0	0	0	0	0	0	0	0	0	0	198	0	0	0	0	0	0	0	0	0	0	0	0	0	0	0	0	0	0	0	0	0	0	0	154	0	0	0	0	0	0	0	0	0	0	0	0	0	0	0	0	0	0	0	0	0	0	0	21
assemblage-299-556	0	0	0	0	0	0	164	0	0	0	0	26	0	0	0	161	0	0	0	0	0	0	0	0	0	0	0	0	0	121	0	0	0	0	0	0	9	0	0	0	0	0	0	0	0	0	0	0	0	0	0	0	0	0	0	0	0	0	0	0	0	0	0	0	0	7	0	0	0	0	0	0	0	0	0	0	1	0	0	0	0	0	0	0	0	0	0	0	0	0	0	0	0	0	0	0	0	0	0	0	0	11
assemblage-809-471	0	0	2	0	0	0	190	0	0	0	0	0	0	0	0	118	0	0	0	0	0	0	0	0	0	0	0	0	0	114	0	0	0	0	0	0	26	0	0	0	0	0	0	0	0	0	0	0	0	0	0	0	0	0	5	0	0	0	0	0	0	0	0	0	0	0	0	0	0	0	0	0	0	0	8	0	0	0	0	0	0	0	0	0	0	0	0	15	0	0	0	0	0	0	0	0	0	0	0	0	0	22
assemblage-183-592	0	0	0	0	0	0	142	0	0	0	0	0	0	0	0	92	0	0	0	0	0	0	0	0	0	0	0	0	0	62	0	0	0	0	0	0	133	0	0	0	0	0	0	0	0	0	6	0	0	0	0	0	0	0	0	0	0	0	0	0	0	0	0	0	0	47	0	0	0	0	0	0	0	0	0	0	0	0	0	0	0	0	0	0	0	0	0	0	0	0	0	0	0	0	0	0	0	0	0	0	0	18
assemblage-870-401	0	0	0	0	0	0	104	68	0	0	0	0	0	0	0	157	0	0	0	0	0	0	0	0	0	0	0	0	0	32	0	0	0	0	0	0	86	0	0	0	0	0	0	0	0	0	0	0	0	0	0	0	0	13	0	0	0	0	0	0	0	0	0	0	0	0	0	0	0	0	0	0	0	0	4	0	0	7	0	0	0	0	0	0	0	0	0	0	0	0	0	0	0	0	0	0	0	0	0	0	0	29
assemblage-299-553	0	0	0	0	0	0	70	0	0	0	0	0	0	0	0	91	0	0	0	0	0	0	0	0	0	0	0	0	0	160	0	0	0	0	22	0	24	0	0	0	0	0	0	0	0	0	0	0	0	0	0	0	0	0	0	0	0	7	0	0	0	0	0	0	0	92	10	0	0	0	12	0	0	0	0	0	0	0	0	0	0	0	0	0	0	0	0	0	0	0	0	0	0	0	0	0	0	0	0	0	0	12
assemblage-267-236	0	0	0	0	0	0	94	0	0	0	0	11	0	0	0	0	0	0	0	0	0	0	0	0	0	0	0	0	0	0	0	0	0	0	0	122	0	0	0	0	0	0	0	0	0	0	0	0	0	0	0	0	0	0	0	0	171	0	0	0	0	0	0	0	0	0	0	0	0	0	0	0	0	0	0	0	0	72	0	0	0	0	0	0	0	0	0	0	25	0	0	0	0	0	0	0	0	0	0	0	0	5
assemblage-690-252	0	13	0	0	0	0	49	0	0	0	0	0	0	0	0	139	0	0	0	0	0	0	0	0	0	0	0	0	0	62	0	0	0	0	84	0	0	0	0	0	0	0	0	0	0	0	42	0	0	0	0	19	0	0	0	0	0	0	0	0	0	0	0	0	0	52	0	34	0	0	0	0	0	0	0	0	0	0	0	0	0	0	0	0	0	0	0	0	0	0	0	0	0	0	0	0	0	0	0	0	0	6
assemblage-889-395	0	0	0	0	0	0	36	0	0	0	0	0	0	0	0	116	0	18	0	5	0	0	0	0	0	0	9	0	0	82	0	0	0	0	0	0	34	0	0	0	0	0	0	0	0	0	0	0	0	0	0	0	0	22	4	0	0	0	40	0	0	0	46	0	0	0	0	0	0	0	0	0	0	0	63	0	0	0	0	0	0	0	0	0	0	0	0	0	0	0	0	0	0	0	0	0	0	0	0	0	0	25
assemblage-619-459	0	0	0	0	0	0	0	0	0	0	8	0	18	0	0	9	0	0	0	0	0	0	0	0	0	0	0	0	0	106	0	0	0	37	0	0	0	0	0	0	10	0	0	0	0	0	0	0	0	0	0	0	25	35	0	0	6	0	0	0	0	0	0	0	0	0	0	0	5	0	0	0	0	0	91	0	0	122	0	0	0	0	0	0	0	0	0	10	0	0	0	0	0	0	0	0	0	0	0	0	0	18
assemblage-296-136	0	0	0	0	0	0	12	0	0	0	0	0	0	0	0	43	0	0	0	0	0	0	0	0	0	0	0	0	0	104	0	0	30	0	0	0	36	0	0	0	0	0	0	0	0	0	0	0	0	0	10	0	0	69	0	0	21	0	0	0	0	0	0	12	0	0	0	0	0	0	0	0	0	0	6	0	0	55	0	0	0	0	0	0	0	0	0	0	0	0	0	0	0	0	0	0	0	0	0	88	0	14
assemblage-609-214	0	0	0	0	0	0	103	0	0	0	0	0	0	0	0	109	3	0	0	0	0	0	0	0	0	0	0	0	6	163	0	0	0	0	0	0	39	0	0	0	0	0	0	0	0	0	0	0	0	0	0	0	0	0	0	0	0	23	0	0	0	0	0	0	0	19	9	0	0	0	0	0	0	0	0	0	0	0	0	0	0	0	0	0	0	0	0	0	0	0	0	0	0	0	0	0	0	0	0	0	0	26
assemblage-526-929	23	0	0	0	0	0	48	0	0	0	0	0	0	0	10	154	0	0	0	0	0	0	0	0	0	0	0	0	0	186	0	0	0	0	0	0	0	0	0	0	0	0	0	0	0	0	0	0	0	0	0	0	0	0	0	0	0	0	0	0	0	0	0	0	0	0	0	0	0	0	0	0	0	0	23	0	0	34	0	0	0	0	0	0	0	0	0	0	0	0	0	0	0	0	0	0	0	0	0	0	0	22
assemblage-950-251	0	0	0	0	0	0	225	0	0	0	0	14	0	0	0	110	0	0	0	0	0	0	0	0	0	0	0	0	0	3	0	0	0	0	0	0	30	0	0	0	0	0	0	0	0	0	0	0	0	0	0	0	0	30	0	0	0	0	0	0	0	0	0	0	0	9	0	0	0	0	0	0	0	0	34	0	0	0	0	0	0	0	0	5	0	0	0	31	0	0	0	0	0	0	0	0	0	0	0	0	0	9
assemblage-663-393	0	0	0	0	0	0	147	0	0	0	0	0	0	0	0	86	0	0	0	0	0	0	0	0	0	0	0	0	0	76	0	0	0	0	0	0	104	0	0	0	0	0	0	0	0	0	0	0	0	0	0	0	0	0	0	0	0	0	0	0	0	0	0	0	0	56	0	0	0	0	0	0	0	0	0	0	0	0	0	0	0	0	0	0	0	0	0	0	0	0	5	0	0	0	0	0	0	0	0	0	0	26
assemblage-1000-339	0	0	0	0	0	0	84	0	0	0	0	0	0	0	0	89	7	0	0	0	25	0	0	5	0	0	0	0	0	139	0	0	0	0	0	0	35	0	0	0	0	0	0	0	0	0	0	0	0	11	0	0	0	0	0	0	0	0	0	0	0	0	0	0	58	30	0	0	0	0	0	0	0	0	0	0	0	0	0	0	0	0	0	0	0	0	0	0	0	0	0	0	0	0	0	0	0	0	0	0	0	17
assemblage-154-592	0	0	0	0	0	0	160	0	0	0	0	0	0	0	0	90	0	0	0	0	0	0	0	0	0	0	0	0	0	65	0	0	0	0	0	0	111	0	0	0	0	0	0	0	0	0	0	0	0	0	0	0	0	0	0	0	0	0	0	0	0	0	0	0	0	59	0	0	0	0	0	0	0	0	0	0	0	0	0	0	0	0	0	0	0	0	0	0	0	0	0	0	0	0	0	0	0	0	0	0	0	15
assemblage-181-932	0	0	0	0	0	0	173	0	0	0	0	0	0	0	0	129	0	0	0	0	0	0	0	0	0	0	0	0	0	49	0	0	0	0	18	0	25	0	0	0	0	0	0	0	0	0	11	0	0	0	0	0	0	0	0	0	0	0	0	0	0	0	0	0	0	76	0	0	0	0	0	0	0	0	0	0	0	0	0	0	0	0	0	0	0	0	0	0	0	0	0	0	0	0	0	0	0	0	12	0	0	7
assemblage-343-236	0	0	0	0	0	0	82	0	0	0	0	0	0	6	0	43	0	0	0	0	0	0	0	0	0	5	0	0	0	197	0	0	0	0	0	0	128	0	0	0	0	0	0	0	0	0	0	0	0	0	0	0	0	0	0	0	0	0	0	0	0	0	0	0	0	12	0	0	0	0	0	0	9	0	0	0	0	0	0	0	0	0	0	0	0	0	0	0	0	0	0	0	0	0	0	0	0	0	0	0	0	18
assemblage-152-958	0	0	0	0	0	0	198	0	0	0	0	0	0	0	0	69	0	0	14	0	0	0	0	0	0	0	0	0	0	84	0	0	0	0	8	0	4	0	0	0	0	0	0	0	0	0	15	0	0	0	0	0	0	0	0	0	0	9	0	0	0	0	0	0	0	60	0	0	0	0	0	0	0	0	0	0	0	0	0	0	0	0	0	0	0	0	22	0	0	0	0	0	0	0	0	0	0	0	0	0	0	17
assemblage-503-944	16	0	0	0	0	0	60	0	0	0	0	0	0	0	8	163	0	0	0	0	0	0	0	0	0	0	0	0	0	186	0	0	0	0	0	0	0	0	0	0	0	0	0	0	0	0	0	0	0	0	0	0	3	0	0	0	0	0	0	0	0	0	0	0	0	0	0	0	0	0	0	0	0	0	23	0	0	27	0	0	0	0	0	0	0	0	0	0	0	0	0	0	0	0	0	0	0	0	0	0	0	14
assemblage-150-176	0	0	0	0	0	3	0	0	0	0	7	0	20	0	0	12	0	0	0	0	0	0	0	0	0	0	0	0	0	94	0	0	0	30	0	0	0	0	0	0	10	0	0	0	0	0	0	0	0	0	0	0	20	40	0	0	9	0	0	0	0	0	0	0	0	0	0	0	6	0	0	0	0	0	77	0	0	139	0	0	0	0	0	0	0	0	0	18	0	0	0	0	0	0	0	0	0	0	0	0	0	15
assemblage-537-763	0	0	0	0	0	0	119	0	0	0	0	0	0	0	0	77	0	0	0	0	0	0	0	0	0	0	0	0	0	102	0	0	0	0	0	0	85	0	0	0	0	0	0	0	0	0	0	0	0	0	0	0	0	28	0	0	0	0	0	0	0	0	0	0	0	0	0	0	0	0	0	0	0	0	21	0	0	0	0	0	0	0	0	0	0	0	0	16	0	0	0	0	0	0	9	0	0	0	0	20	11	12
assemblage-911-277	0	0	0	0	0	0	243	0	0	0	0	42	0	0	0	121	0	0	0	0	0	0	0	0	0	0	5	0	0	8	0	0	0	0	0	0	50	0	0	0	0	0	0	0	0	0	0	0	0	0	0	0	0	0	0	0	0	0	0	0	0	0	0	0	0	6	0	0	0	0	0	0	0	0	9	0	0	0	0	0	0	0	0	0	0	0	0	0	0	0	0	0	0	0	0	0	0	0	0	0	0	16
assemblage-500-534	0	0	0	0	0	0	43	0	0	0	0	0	0	0	0	106	0	0	0	0	0	0	0	0	0	0	0	0	0	107	0	0	0	0	0	0	84	0	0	0	0	0	0	0	0	0	0	0	0	0	0	0	0	64	0	0	0	0	0	0	6	0	0	0	0	0	0	0	0	0	0	0	0	0	11	0	0	55	0	0	0	0	0	0	0	0	0	0	0	0	0	0	0	0	0	0	0	0	0	0	0	24
assemblage-594-237	0	0	0	0	0	0	86	0	0	0	0	0	0	0	0	74	0	0	0	0	0	0	0	0	0	0	0	0	0	186	0	0	0	0	18	0	27	0	0	0	0	0	0	0	0	0	0	0	0	0	0	0	0	0	0	0	0	3	0	0	0	0	0	0	0	73	3	0	0	0	9	0	0	0	0	0	0	0	0	0	0	0	0	0	0	0	0	0	0	0	0	0	0	0	0	0	0	0	0	0	0	21
assemblage-790-466	0	0	0	0	0	0	90	70	0	0	0	0	0	0	0	151	0	0	0	0	0	0	0	0	0	0	0	0	0	39	0	0	0	0	0	0	80	0	0	0	0	0	0	0	0	0	0	0	0	0	0	0	0	24	0	0	0	0	0	0	0	0	0	0	0	0	0	0	0	0	0	0	0	0	0	0	0	15	0	0	0	0	0	0	0	0	0	0	0	0	0	0	0	0	0	0	0	0	0	0	0	31
assemblage-235-826	0	0	0	0	0	0	23	0	0	0	0	0	0	0	0	30	0	0	0	0	0	0	0	0	0	0	0	0	0	158	0	6	37	0	0	0	26	0	0	0	0	0	0	0	0	0	0	0	0	0	13	0	0	48	0	0	19	0	0	0	0	0	0	8	0	0	0	0	0	0	0	0	0	0	1	0	0	41	0	0	0	0	0	0	0	0	0	0	0	0	0	0	0	0	0	0	0	0	0	73	0	17
assemblage-585-209	0	0	0	0	0	0	123	0	0	0	0	0	0	0	0	111	7	0	0	0	0	0	0	0	0	0	0	0	9	148	0	0	0	0	0	0	53	0	0	0	0	0	0	0	0	0	0	0	0	0	0	0	0	0	0	0	0	14	0	0	0	0	0	0	0	19	3	0	0	0	0	0	0	0	0	0	0	0	0	0	0	0	0	0	0	0	0	0	0	0	0	0	0	0	0	0	0	0	0	0	0	13
assemblage-285-119	0	0	0	0	0	0	53	0	0	0	0	0	0	0	0	168	0	0	0	0	0	0	0	0	0	0	0	0	0	68	0	0	0	0	0	0	10	0	0	0	0	0	0	0	0	0	0	6	0	0	0	0	14	64	0	0	0	0	0	0	0	0	0	0	0	0	0	0	0	0	0	0	0	0	42	0	0	32	0	0	0	0	0	0	0	0	0	11	0	0	0	0	0	0	0	0	0	0	0	0	0	32
assemblage-936-250	0	0	0	0	0	0	85	94	0	0	0	0	0	0	0	145	0	0	0	0	0	0	0	0	0	0	0	0	0	31	0	0	0	0	0	0	88	0	0	0	0	0	0	0	0	0	0	0	0	0	0	0	0	12	0	0	0	0	0	0	0	0	0	0	0	0	0	0	0	0	0	0	0	0	0	0	0	11	0	0	0	0	0	0	0	0	0	0	0	0	0	0	0	0	0	0	0	0	0	0	0	34
assemblage-988-353	0	0	0	0	0	0	135	0	0	0	0	0	0	0	0	109	31	0	0	0	0	0	0	0	0	4	0	0	0	0	0	0	0	0	0	0	57	16	0	0	0	0	0	0	0	0	0	0	0	9	0	0	0	0	0	0	0	0	0	0	0	0	0	0	0	114	0	0	0	0	0	0	0	0	0	0	0	0	0	0	0	0	0	0	0	0	0	0	0	0	0	0	0	0	0	0	0	0	0	0	0	25
assemblage-692-481	0	0	0	0	0	0	169	0	0	0	0	0	0	0	0	90	0	0	0	0	0	0	0	0	0	0	0	0	0	65	0	0	0	0	0	0	93	0	0	0	0	0	0	0	0	0	0	0	0	0	0	0	0	0	0	0	0	0	0	0	0	0	0	0	0	54	0	0	0	0	0	0	0	0	0	0	0	0	0	0	0	0	0	0	0	0	0	0	0	0	0	0	0	0	0	0	0	0	0	0	0	29
assemblage-497-531	0	0	0	0	0	0	14	0	0	0	0	62	0	0	0	177	0	0	0	0	0	0	0	0	0	0	0	0	0	28	0	0	0	0	0	0	19	0	0	0	0	0	0	11	0	0	0	0	0	0	0	0	0	86	8	0	0	0	0	0	0	0	0	0	0	0	0	0	0	0	0	0	0	0	24	0	0	8	0	0	0	0	0	0	0	0	0	43	0	0	0	0	0	0	0	0	0	0	0	0	0	20
assemblage-604-675	0	0	0	0	0	0	125	0	0	0	0	0	0	0	0	71	0	0	0	0	0	0	0	0	0	0	0	0	0	109	0	0	0	0	0	0	77	0	0	0	0	0	0	0	0	0	0	0	0	0	0	0	0	35	0	0	0	0	0	0	0	0	0	0	0	0	0	0	0	0	0	0	0	0	10	0	0	0	0	0	0	0	0	0	0	0	0	15	0	0	0	0	0	0	0	0	0	0	0	29	11	18
assemblage-481-156	0	0	0	0	0	0	41	0	0	0	0	0	0	0	0	115	0	0	0	0	0	0	0	0	0	0	0	0	0	114	0	0	0	0	0	0	74	0	0	0	0	0	0	0	0	0	0	0	6	0	0	0	0	52	0	0	0	0	0	0	6	0	0	0	0	0	0	0	0	0	0	0	0	0	32	0	0	45	0	0	0	0	0	0	0	0	0	0	0	0	0	0	0	0	0	0	0	0	0	0	0	15
assemblage-465-144	0	0	0	0	0	0	26	0	0	0	0	0	0	0	0	100	0	0	0	0	0	0	0	0	0	0	0	0	0	16	0	0	0	0	0	0	138	0	0	0	0	0	0	0	0	0	0	0	0	0	0	0	0	21	0	0	0	0	0	0	11	0	0	0	0	0	0	0	0	0	0	0	0	0	92	0	0	82	0	0	0	0	0	0	0	0	0	2	0	0	0	0	0	0	0	0	0	0	0	0	0	12
assemblage-607-238	0	0	0	0	0	0	62	0	0	0	0	0	0	36	0	45	0	0	0	0	0	4	0	0	0	0	0	0	0	130	0	0	0	0	0	0	103	0	0	0	0	0	0	0	0	0	0	0	0	0	0	0	0	0	0	0	0	0	0	0	0	0	0	0	0	98	0	0	0	0	0	0	0	0	0	0	0	0	0	0	0	0	0	0	0	0	0	0	0	0	0	0	0	0	0	0	0	0	0	0	0	22
assemblage-508-917	0	0	0	0	0	0	5	0	0	0	0	83	0	0	0	65	0	0	0	0	0	0	0	0	0	0	0	0	0	110	0	0	0	0	0	0	23	0	0	0	0	0	0	0	0	0	0	0	0	0	0	0	0	47	0	0	0	0	0	0	12	0	0	0	0	0	0	0	0	0	0	0	0	0	7	0	0	89	0	0	0	0	0	0	0	0	0	52	0	0	0	0	0	0	0	0	0	0	0	0	0	7
assemblage-806-986	0	0	0	0	0	0	206	0	0	0	0	72	0	0	0	110	0	0	0	0	0	0	0	0	0	3	0	0	0	11	0	0	0	0	0	0	55	0	0	0	0	0	0	0	0	0	0	0	0	0	0	0	0	0	0	0	0	0	0	0	0	0	0	0	0	5	0	0	0	0	0	0	0	0	11	0	0	0	0	0	0	0	0	0	0	0	0	0	0	0	0	0	0	0	0	0	0	0	0	0	0	27
assemblage-666-410	0	0	0	0	0	0	110	0	0	0	0	0	0	0	0	23	0	0	0	0	0	0	0	0	0	0	0	0	0	187	0	0	0	0	25	0	4	0	0	0	0	0	0	0	0	0	25	0	0	0	0	0	0	0	0	0	0	0	0	0	0	0	0	0	0	97	9	0	0	0	0	0	0	0	0	0	0	0	0	0	0	0	0	0	0	0	0	0	0	0	0	0	0	0	0	0	0	0	0	0	0	20
assemblage-667-848	0	0	0	0	10	0	189	0	0	0	0	0	0	0	0	165	0	0	0	0	0	0	0	0	0	0	10	0	0	80	0	0	0	0	0	0	2	0	0	0	0	0	13	0	0	0	0	0	0	0	0	0	0	0	0	0	0	0	0	0	0	0	3	0	0	0	0	0	0	0	0	0	0	0	0	0	0	0	0	0	0	0	0	0	0	0	0	0	0	0	0	0	0	0	0	0	0	0	0	0	0	28
assemblage-763-893	0	0	0	0	0	0	62	0	0	0	0	104	15	0	0	0	0	0	0	0	0	0	0	0	0	0	0	0	0	91	8	0	20	0	0	7	0	0	0	0	0	0	0	0	0	0	0	0	0	0	0	0	15	18	0	0	54	0	0	0	0	0	0	0	0	0	0	0	0	0	0	0	0	0	81	0	0	9	0	0	0	0	0	0	0	0	0	0	0	0	0	0	9	0	0	0	0	0	0	0	0	7
assemblage-991-355	0	0	0	0	0	0	71	0	0	0	0	0	0	0	0	40	0	0	0	0	0	0	0	0	0	7	0	0	0	237	0	0	0	0	0	0	108	0	0	0	0	0	0	0	0	0	0	0	0	0	0	0	0	0	0	0	0	0	0	0	0	0	0	0	0	11	0	0	0	0	0	0	11	0	0	0	0	0	0	6	0	0	0	0	0	0	0	0	0	0	0	0	0	0	0	0	0	0	0	0	0	9
assemblage-711-905	0	0	0	0	0	0	200	0	0	0	0	15	0	0	0	142	0	0	0	0	0	0	0	0	4	37	0	0	0	14	0	0	0	0	0	0	59	0	0	0	0	0	0	0	0	0	0	0	0	0	0	0	0	0	0	0	0	0	0	0	0	0	0	0	7	0	0	0	0	0	0	0	0	0	0	0	0	0	0	0	0	0	6	0	0	0	0	0	0	0	0	0	0	0	0	0	0	0	0	0	0	16
assemblage-405-331	0	0	0	0	0	0	86	0	0	0	0	0	0	0	0	78	0	0	0	0	0	0	0	0	0	0	0	0	0	168	0	0	0	0	20	0	19	0	0	0	0	0	0	0	0	0	0	0	0	0	0	0	0	0	0	0	0	5	0	0	0	0	0	0	0	98	2	0	0	0	10	0	0	0	0	0	0	0	0	0	0	0	0	0	0	0	0	0	0	0	0	0	0	0	0	0	0	0	0	0	0	14
assemblage-267-347	0	0	0	0	0	0	118	0	0	0	0	0	0	0	0	102	0	0	0	0	32	0	0	3	0	0	0	0	0	133	0	0	0	0	0	0	36	0	0	0	0	0	0	0	0	0	0	0	0	13	0	0	0	0	0	0	0	0	0	0	0	0	0	0	24	13	0	0	0	0	0	0	0	0	0	0	0	0	0	0	0	0	0	0	0	0	0	0	0	0	0	0	0	0	0	0	0	0	0	0	0	26
assemblage-702-912	0	0	0	0	0	0	100	0	0	0	0	0	0	0	0	89	0	0	0	0	35	0	0	10	0	0	0	0	0	141	0	0	0	0	0	0	33	0	0	0	0	0	0	0	0	0	0	0	0	15	0	0	0	0	0	0	0	0	0	0	0	0	0	0	43	18	0	0	0	0	0	0	0	0	0	0	0	0	0	0	0	0	0	0	0	0	0	0	0	0	0	0	0	0	0	0	0	0	0	0	0	16
assemblage-520-527	0	0	0	0	0	0	124	0	0	0	0	0	0	0	0	60	0	0	0	0	0	0	0	0	0	0	0	0	0	103	0	0	0	0	0	0	80	0	0	0	0	0	0	0	0	0	0	0	0	0	0	0	0	39	0	0	0	0	0	0	0	0	0	0	0	0	0	0	0	0	0	0	0	0	15	0	0	0	0	0	0	0	0	0	0	0	0	6	0	0	0	0	0	0	7	0	0	0	0	26	15	25
assemblage-471-319	0	0	0	0	0	10	75	0	0	0	0	0	0	0	0	0	0	0	0	0	0	0	0	0	0	0	0	0	0	0	0	0	0	0	0	0	0	0	0	0	0	0	0	0	0	0	0	0	0	0	0	0	0	0	0	0	0	0	0	0	0	0	0	0	0	0	0	0	0	0	0	0	0	0	0	0	0	375	0	0	0	0	0	0	6	0	0	0	0	0	0	0	0	0	0	18	0	0	0	0	0	16
assemblage-302-569	0	0	0	0	0	0	171	0	0	0	0	0	0	11	0	67	0	0	0	0	0	0	0	0	0	0	0	0	0	84	0	0	0	0	0	0	115	0	0	0	0	0	0	0	0	0	0	0	0	0	0	0	0	0	0	0	0	0	0	0	0	0	0	0	0	33	0	0	0	0	0	0	0	0	0	0	0	0	0	0	0	0	0	0	0	0	0	0	0	0	0	0	0	0	0	0	0	0	0	0	0	19
assemblage-499-512	0	0	0	0	0	0	118	0	0	0	0	0	0	0	0	75	0	0	0	0	0	0	0	0	0	0	0	0	0	131	0	0	0	0	0	0	78	0	0	0	0	0	0	0	0	0	0	0	0	0	0	0	0	28	0	0	0	0	0	0	0	0	0	0	0	0	0	0	0	0	0	0	0	0	13	0	0	0	0	0	0	0	0	0	0	0	0	13	0	0	0	0	0	0	8	0	0	0	0	15	7	14
assemblage-230-157	0	0	0	0	0	0	0	0	0	0	0	0	0	0	0	7	0	0	0	0	0	0	0	0	0	0	0	0	0	351	0	0	0	0	0	0	0	0	0	0	0	0	0	0	0	0	0	0	0	0	0	0	0	108	0	0	0	0	0	0	0	0	0	0	0	0	0	0	0	0	0	0	0	0	14	0	0	0	0	0	7	0	0	0	0	0	0	0	0	0	0	0	0	0	0	0	0	0	0	0	0	13
assemblage-891-274	0	0	0	0	0	0	158	0	0	0	0	33	0	0	0	153	0	0	0	0	0	0	0	0	0	0	0	0	0	109	0	0	0	0	0	0	7	0	0	0	0	0	0	0	0	0	0	0	0	0	0	0	0	0	0	0	0	0	0	0	0	0	0	0	0	11	0	0	0	0	0	0	0	0	0	0	4	0	0	0	0	0	0	0	0	0	0	0	0	0	0	0	0	0	0	0	0	0	0	0	0	25
assemblage-371-808	0	15	0	0	0	0	54	0	0	0	0	0	0	0	0	153	0	0	0	0	0	0	0	0	0	0	0	0	0	50	0	0	0	0	80	0	0	0	0	0	0	0	0	0	0	0	31	0	0	0	0	23	0	0	0	0	0	0	0	0	0	0	0	0	0	58	0	24	0	0	0	0	0	0	0	0	0	0	0	0	0	0	0	0	0	0	0	0	0	0	0	0	0	0	0	0	0	0	0	0	0	12
assemblage-916-1002	0	0	0	0	0	0	13	0	0	0	0	0	0	0	0	25	0	0	0	0	0	0	0	0	0	0	0	0	0	125	0	0	28	0	0	0	38	0	0	3	0	0	0	0	0	0	0	0	0	0	9	0	0	76	0	0	26	0	0	0	0	0	0	8	0	0	0	0	0	0	0	0	0	0	11	0	0	45	0	0	0	0	0	0	0	0	0	0	0	0	0	0	0	0	0	0	0	0	0	78	0	15
assemblage-575-740	0	0	0	0	0	0	24	0	0	0	0	0	0	0	0	136	0	0	0	0	0	0	0	0	0	0	0	0	0	17	0	0	0	0	0	0	117	0	0	0	0	0	0	0	0	0	0	0	0	0	0	0	0	30	0	0	0	0	0	0	7	0	0	0	0	0	0	0	0	0	0	0	0	0	82	0	0	71	0	0	0	0	0	0	0	0	0	4	0	0	0	0	0	0	0	0	0	0	0	0	0	12
assemblage-799-965	0	0	0	0	0	0	161	0	0	0	0	26	0	0	0	153	0	0	0	0	0	0	0	0	0	0	0	0	0	120	0	0	0	0	0	0	6	0	0	0	0	0	0	0	0	0	0	0	0	0	0	0	0	0	0	0	0	0	0	0	0	0	0	0	0	0	0	0	0	0	0	0	0	0	0	0	9	0	0	0	0	0	0	0	0	0	0	0	0	0	0	0	0	0	0	0	0	0	0	0	0	25
assemblage-599-246	0	0	0	0	0	0	112	0	0	0	0	0	0	18	0	53	14	0	0	0	0	0	0	0	0	0	0	0	0	122	0	0	0	0	6	0	52	0	0	0	0	0	0	0	0	0	0	0	0	0	0	0	0	0	0	0	0	0	0	0	0	0	0	0	0	81	0	0	0	0	0	0	0	0	0	0	0	0	0	0	0	0	0	0	0	0	0	0	0	0	0	0	0	0	0	0	0	0	0	0	0	42
assemblage-398-355	0	0	0	0	0	0	78	0	0	0	0	0	0	4	0	56	42	0	0	0	0	0	0	0	0	0	0	0	0	102	0	0	0	0	0	0	26	0	0	0	0	0	0	0	0	0	0	0	0	0	0	0	0	0	0	0	0	0	0	0	0	0	0	0	0	158	0	0	0	0	0	0	0	0	0	0	0	0	5	0	0	5	0	0	0	0	0	0	0	0	0	0	0	0	0	0	0	0	0	0	0	24
assemblage-526-569	0	0	0	0	0	0	85	0	0	0	0	0	0	0	0	102	0	0	0	0	0	0	0	0	0	0	0	0	0	161	0	0	0	0	0	0	29	0	0	0	0	0	0	0	0	0	26	0	0	0	0	0	0	0	0	0	0	0	0	17	0	0	0	0	0	35	0	0	0	0	0	17	0	0	0	0	0	0	0	0	0	0	0	0	0	0	0	0	0	0	0	0	0	0	0	0	0	0	11	0	0	17
assemblage-509-534	0	0	0	0	0	0	134	0	0	0	0	0	0	0	0	56	0	0	0	0	0	0	0	0	0	0	0	0	0	107	0	0	0	0	0	0	73	0	0	0	0	0	0	0	0	0	0	0	0	0	0	0	0	30	0	0	0	0	0	0	0	0	0	0	0	0	0	0	0	0	0	0	0	0	17	0	0	0	0	0	0	0	0	0	0	0	0	14	0	0	0	0	0	0	7	0	0	0	0	29	21	12
assemblage-675-257	0	16	0	0	0	0	55	0	0	0	0	0	0	0	0	162	0	0	0	0	0	0	0	0	0	0	0	0	0	44	0	0	0	0	92	0	0	0	0	0	0	0	0	0	0	0	23	0	0	0	0	14	0	0	0	0	0	0	0	0	0	0	0	0	0	60	0	21	0	0	0	0	0	0	0	0	0	0	0	0	0	0	0	0	0	0	0	0	0	0	0	0	0	0	0	0	0	0	0	0	0	13
assemblage-612-218	0	0	0	0	0	0	106	0	0	0	0	0	0	0	0	127	4	0	0	0	0	0	0	0	0	0	0	0	9	149	0	0	0	0	0	0	42	0	0	0	0	0	0	0	0	0	0	0	0	0	0	0	0	0	0	0	0	23	0	0	0	0	0	0	0	20	7	0	0	0	0	0	0	0	0	0	0	0	0	0	0	0	0	0	0	0	0	0	0	0	0	0	0	0	0	0	0	0	0	0	0	13
assemblage-525-913	18	0	0	0	0	0	54	0	0	0	0	0	0	0	6	150	0	0	0	0	0	0	0	0	0	0	0	0	0	183	0	0	0	0	0	0	0	0	0	0	0	0	0	0	0	0	0	0	0	0	0	0	9	0	0	0	0	0	0	0	0	0	0	0	0	0	0	0	0	0	0	0	0	0	25	0	0	32	0	0	0	0	0	0	0	0	0	0	0	0	0	0	0	0	0	0	0	0	0	0	0	23
assemblage-164-933	0	16	0	0	0	0	46	0	0	0	0	0	0	0	0	155	0	0	0	0	0	0	0	0	0	0	0	0	0	50	0	0	0	0	93	0	0	0	0	0	0	0	0	0	0	0	24	0	0	0	0	23	0	0	0	0	0	0	0	0	0	0	0	0	0	58	0	25	0	0	0	0	0	0	0	0	0	0	0	0	0	0	0	0	0	0	0	0	0	0	0	0	0	0	0	0	0	0	0	0	0	10
assemblage-470-127	0	0	0	0	0	0	32	0	0	0	0	0	0	0	0	120	0	0	0	0	0	0	0	0	0	0	0	0	0	17	0	0	0	0	0	0	120	0	0	0	0	0	0	0	0	0	0	0	0	0	0	0	0	22	0	0	0	0	0	0	12	0	0	0	0	0	0	0	0	0	0	0	0	0	76	0	0	86	0	0	0	0	0	0	0	0	0	3	0	0	0	0	0	0	0	0	0	0	0	0	0	12
assemblage-257-856	5	0	0	0	0	0	30	0	0	0	0	18	0	0	0	126	0	0	0	0	0	0	0	0	0	0	0	0	0	114	0	0	9	0	0	0	14	0	0	0	0	0	0	0	0	0	0	0	0	0	0	0	4	41	0	0	3	0	0	0	0	0	0	0	0	0	0	0	0	0	0	0	0	0	17	0	0	49	0	0	0	0	0	0	0	0	0	14	0	0	0	0	0	0	0	0	0	0	0	27	0	29
assemblage-782-467	0	0	0	0	0	0	212	0	0	0	0	0	0	0	0	102	0	0	0	0	0	0	0	0	0	0	0	5	0	88	0	0	0	0	0	0	18	0	0	0	0	0	0	0	0	0	0	0	0	0	0	0	0	0	8	5	0	0	0	0	0	0	0	0	0	0	0	0	0	0	0	0	0	0	28	0	0	0	0	0	0	0	0	0	0	0	0	16	0	0	0	0	0	0	0	0	0	0	0	0	0	18
assemblage-540-938	0	0	0	0	0	0	57	0	0	0	0	0	0	0	0	170	0	0	0	0	0	0	0	0	0	0	0	0	0	83	0	0	0	0	0	0	0	0	0	0	0	0	0	0	0	0	0	4	0	0	0	0	5	63	0	0	0	0	0	0	0	7	0	0	0	0	0	0	0	0	0	0	0	0	44	0	0	29	0	0	0	0	0	0	0	0	0	13	0	0	0	0	0	0	0	0	0	0	0	0	0	25
assemblage-477-336	0	0	0	0	0	9	79	0	0	0	0	0	0	0	0	0	0	0	0	0	0	0	0	0	0	0	0	0	0	0	0	0	0	0	0	0	0	0	0	0	0	0	0	0	0	0	0	0	0	0	0	0	0	0	0	0	0	0	0	0	0	0	0	0	0	0	0	0	0	0	0	0	0	0	0	0	0	384	0	0	0	0	0	0	0	0	0	0	0	0	0	0	0	0	0	10	0	0	0	0	0	18
assemblage-370-281	0	0	0	0	0	0	27	0	0	0	0	19	8	0	0	23	0	0	0	0	0	0	0	0	0	0	0	0	0	82	0	0	6	11	0	29	11	0	0	0	0	0	0	0	0	0	0	0	0	0	0	0	15	78	0	0	23	0	0	0	0	0	0	0	0	0	0	0	0	0	0	0	0	0	51	0	0	87	0	0	2	0	0	0	0	0	0	0	0	0	0	0	0	0	0	0	0	0	0	0	0	28
assemblage-672-407	0	0	0	0	0	0	136	0	0	0	0	0	0	0	0	13	0	0	0	0	0	0	0	0	0	0	0	0	0	175	0	0	0	0	20	0	5	0	0	0	0	0	0	0	0	0	32	0	0	0	0	0	0	0	0	0	0	0	0	0	0	0	0	0	0	98	3	0	0	0	0	0	0	0	0	0	0	0	0	0	0	0	0	0	0	0	0	0	0	0	0	0	0	0	0	0	0	0	0	0	0	18
assemblage-928-1006	26	0	0	0	0	0	48	0	0	0	0	0	0	0	5	140	0	0	0	0	0	0	0	0	0	0	0	0	0	185	0	0	0	0	0	0	0	0	0	0	0	0	0	0	0	0	0	0	0	0	0	0	7	0	0	0	0	0	0	0	0	0	0	0	0	0	0	0	0	0	0	0	0	0	27	0	0	36	0	0	0	0	0	0	0	0	0	0	0	0	0	0	0	0	0	0	0	0	0	0	0	26
assemblage-250-872	0	0	0	0	0	0	60	0	0	0	0	0	0	0	0	191	0	0	0	0	0	0	0	0	0	0	0	0	0	83	0	5	0	0	0	0	0	0	0	0	0	0	0	0	0	0	0	0	0	0	0	0	5	61	0	0	0	0	0	0	0	0	0	0	0	0	0	0	0	0	0	0	0	0	21	0	0	32	0	0	0	0	0	0	0	0	0	11	0	0	0	0	0	0	0	0	0	0	0	0	0	31
assemblage-510-572	0	0	0	0	0	0	195	0	0	0	0	0	0	0	0	62	0	0	19	0	0	0	0	0	0	0	0	0	0	80	0	0	0	0	5	0	3	0	0	0	0	0	0	0	0	0	12	0	0	0	0	0	0	0	0	0	0	8	0	0	0	0	0	0	0	71	0	0	0	0	0	0	0	0	0	0	0	0	0	0	0	0	0	0	0	0	24	0	0	0	0	0	0	0	0	0	0	0	0	0	0	21
assemblage-673-388	0	0	0	0	0	0	131	0	0	0	0	0	0	0	0	14	0	0	0	0	0	0	0	0	0	0	0	0	0	184	0	0	0	0	20	0	7	0	0	0	0	0	0	0	0	0	9	0	0	0	0	0	0	0	0	0	0	7	0	0	0	0	0	0	0	101	0	0	0	0	0	0	0	0	0	0	0	0	0	0	0	0	0	0	0	0	0	0	0	0	8	0	0	0	0	0	0	0	0	0	0	19
assemblage-288-575	0	0	0	0	0	0	80	0	0	0	0	0	0	29	0	57	0	0	0	0	0	11	0	0	0	0	0	0	0	111	0	0	0	0	0	0	86	0	0	0	0	0	0	0	0	0	0	0	0	0	0	0	0	0	0	0	0	0	0	0	0	0	0	0	0	94	0	0	0	0	0	0	0	0	0	0	0	0	0	0	0	0	0	0	0	0	0	0	0	0	0	0	0	0	0	0	0	0	0	0	0	32
assemblage-356-329	0	0	0	0	0	0	93	0	0	0	0	0	0	37	0	52	0	0	0	0	0	6	3	0	0	9	0	0	0	127	0	0	0	0	0	0	84	0	0	0	0	0	0	0	0	0	0	0	0	0	0	0	0	0	0	0	0	0	0	0	0	0	0	0	0	74	0	0	0	0	0	0	0	0	0	0	0	0	0	0	0	0	0	0	0	0	0	0	0	0	0	0	0	0	0	0	0	0	0	0	0	15
assemblage-935-1004	29	0	0	0	0	0	64	0	0	0	0	0	0	0	8	138	0	0	0	0	0	0	0	0	0	0	0	0	0	178	0	0	0	0	0	0	0	0	0	0	0	0	0	0	0	0	0	0	0	0	0	0	6	0	0	0	0	0	0	0	0	0	0	0	0	0	0	0	0	0	0	0	0	0	32	0	0	29	0	0	0	0	0	0	0	0	0	0	0	0	0	0	0	0	0	0	0	0	0	0	0	16
assemblage-988-336	0	0	0	0	0	0	74	0	0	0	0	0	0	0	0	35	0	0	0	0	0	0	0	0	0	8	0	0	0	225	0	0	0	0	0	0	124	0	0	0	0	0	0	0	0	0	0	0	0	0	0	0	0	0	0	0	0	0	0	0	0	0	0	0	0	14	0	0	0	0	0	0	3	0	0	0	0	0	0	6	0	0	0	0	0	0	0	0	0	0	0	0	0	0	0	0	0	0	0	0	0	11
assemblage-344-220	0	0	0	0	0	0	208	0	0	0	0	14	0	0	0	156	0	0	0	0	0	0	0	0	8	20	0	0	0	24	0	0	0	0	0	0	37	0	0	0	0	0	0	0	0	0	0	0	0	0	0	0	0	0	0	0	0	0	0	0	0	0	0	0	11	0	0	0	0	0	0	0	0	0	0	0	0	0	0	0	0	0	7	0	0	0	0	0	0	0	0	0	0	0	0	0	0	0	0	0	0	15
assemblage-352-266	0	0	0	0	0	3	40	0	0	0	0	0	0	0	0	107	0	0	0	0	0	0	0	0	0	0	0	0	0	89	0	0	0	0	0	66	0	0	0	0	0	0	0	0	0	0	0	0	0	0	0	0	0	62	0	0	0	0	0	0	0	0	0	0	0	0	0	0	0	0	0	0	0	0	16	0	0	82	0	0	10	0	0	0	0	0	0	0	0	0	0	0	0	0	0	0	0	0	0	0	0	25
assemblage-261-343	0	0	0	0	0	0	144	0	0	0	0	0	0	0	0	114	26	0	0	0	0	0	0	0	0	0	0	0	0	0	0	0	0	0	0	0	56	15	0	0	0	0	0	0	0	0	0	0	0	9	0	0	0	0	0	0	0	0	0	0	0	0	0	0	0	112	0	0	0	0	0	0	0	0	0	0	0	0	0	0	0	0	0	0	0	0	0	0	0	0	0	0	0	0	0	0	0	0	0	0	0	24
assemblage-793-991	0	0	0	0	7	0	179	0	0	0	0	0	0	0	0	163	0	0	0	0	0	0	0	0	0	0	13	0	0	76	0	0	0	0	0	0	9	0	0	0	0	0	27	0	0	0	0	0	0	0	0	0	0	0	0	0	0	0	0	0	0	0	4	0	0	0	0	0	0	0	0	0	0	0	0	0	0	0	0	0	0	0	0	0	0	0	0	0	0	0	0	0	0	0	0	0	0	0	0	0	0	22
assemblage-689-249	0	0	0	0	0	0	82	0	0	0	0	0	0	0	0	107	0	0	0	0	0	0	0	0	0	0	0	0	0	149	0	0	0	0	0	0	47	0	0	0	0	0	0	0	0	0	38	0	0	0	0	0	0	0	0	0	0	0	0	14	0	0	0	0	0	23	0	0	0	0	0	18	0	0	0	0	0	0	0	0	0	0	0	0	0	0	0	0	0	0	0	0	0	0	0	0	0	0	0	0	0	22
assemblage-923-976	23	0	0	2	0	0	55	0	0	0	0	0	0	0	8	133	0	0	0	0	0	0	0	0	0	0	0	0	0	197	0	0	0	0	0	0	9	0	0	0	0	0	0	0	0	0	0	0	0	0	0	0	5	10	0	0	0	0	0	0	0	0	0	0	0	0	0	0	0	0	0	0	0	0	25	0	0	27	0	0	0	0	0	0	0	0	0	0	0	0	0	0	0	0	0	0	0	0	0	0	0	6
assemblage-178-167	0	0	0	0	0	9	33	0	0	0	0	0	0	0	0	98	0	0	0	0	0	0	0	0	0	0	0	0	0	99	0	0	0	0	0	57	0	0	0	0	0	0	0	0	0	0	0	0	0	0	0	0	0	75	0	0	0	0	0	0	0	0	0	0	0	0	0	0	0	0	0	0	0	0	14	0	0	77	0	0	16	0	0	0	0	0	0	0	0	0	0	0	0	0	0	0	0	0	0	0	0	22
assemblage-562-744	0	0	0	0	0	0	111	0	0	0	0	0	0	0	0	76	0	0	0	0	0	0	0	0	0	0	0	0	0	128	0	0	0	0	0	0	78	0	0	0	0	0	0	0	0	0	0	0	0	0	0	0	0	23	0	0	0	0	0	0	0	0	0	0	0	0	0	0	0	0	0	0	0	0	11	0	0	0	0	0	0	0	0	0	0	0	0	16	0	0	0	0	0	0	7	0	0	0	0	26	9	15
assemblage-263-346	0	0	0	0	0	0	124	0	0	0	0	0	0	0	0	111	22	0	0	0	0	0	0	0	0	0	0	0	0	3	0	0	0	0	0	0	67	25	0	0	0	0	0	0	0	0	0	0	0	0	0	0	0	0	0	0	0	0	0	0	0	0	0	0	0	119	0	0	0	0	0	0	0	0	0	0	0	0	0	0	0	0	0	0	0	0	0	0	0	0	0	0	0	0	0	0	0	0	0	0	0	29
assemblage-667-407	0	0	0	0	0	0	120	0	0	0	0	0	0	0	0	122	12	0	0	0	0	0	0	0	0	0	0	0	5	153	0	0	0	0	0	0	39	0	0	0	0	0	0	0	0	0	0	0	0	0	0	0	0	0	0	0	0	23	0	0	0	0	0	0	0	10	7	0	0	0	0	0	0	0	0	0	0	0	0	0	0	0	0	0	0	0	0	0	0	0	0	0	0	0	0	0	0	0	0	0	0	9
assemblage-471-161	0	0	0	0	0	0	18	0	0	0	0	52	0	0	0	158	0	0	0	0	0	0	0	0	0	0	0	0	0	26	0	0	0	0	0	0	24	0	0	0	0	0	0	6	0	0	0	0	0	0	0	0	0	74	10	0	0	0	0	0	0	0	0	0	0	0	0	0	0	0	0	0	0	0	30	0	0	8	0	0	0	0	0	0	0	0	0	73	0	0	0	0	0	0	0	0	0	0	0	0	0	21
assemblage-955-695	0	0	4	0	0	0	219	0	0	0	0	16	0	0	0	112	0	0	0	0	0	0	0	0	0	0	0	0	0	6	0	0	0	0	0	0	18	0	0	0	0	0	0	0	0	0	0	0	0	0	0	0	0	24	0	0	0	0	0	0	0	0	0	0	0	13	0	0	0	0	0	0	0	0	31	0	0	0	0	0	0	0	0	8	0	0	0	35	0	0	0	0	0	0	0	0	0	0	0	0	0	14
assemblage-562-770	0	0	0	0	0	0	27	0	0	0	0	0	0	0	0	114	0	0	0	0	0	0	0	0	0	0	0	0	0	22	0	0	0	0	0	0	112	0	0	0	0	0	0	0	0	0	0	0	0	0	0	0	0	32	0	0	0	0	0	0	5	0	0	0	0	0	0	0	0	0	0	0	0	0	108	0	0	67	0	0	0	0	0	0	0	0	0	4	0	0	0	0	0	0	0	0	0	0	0	0	0	9
assemblage-809-982	0	0	0	0	0	0	153	56	0	0	0	0	0	0	0	123	0	0	0	0	0	0	0	0	0	0	0	0	0	32	0	0	0	0	0	0	55	0	0	0	0	0	0	0	0	0	0	0	0	0	0	0	0	0	0	0	0	0	0	0	0	0	0	0	0	49	0	0	0	0	0	0	13	0	0	0	0	0	0	0	0	0	0	0	0	0	0	0	0	0	0	0	0	0	0	0	0	0	0	0	0	19
assemblage-594-250	0	0	0	0	0	0	88	0	0	0	0	0	0	8	0	45	39	0	0	0	0	0	0	0	0	0	0	0	0	86	0	0	0	0	0	0	34	0	0	0	0	0	0	0	0	0	0	0	0	0	0	0	0	0	0	0	0	0	0	0	0	0	0	0	0	171	0	0	0	0	0	0	0	0	0	0	0	0	10	0	0	0	0	0	0	0	0	0	0	0	0	0	0	0	0	0	0	0	0	0	0	19
assemblage-491-357	0	0	0	0	0	11	88	0	0	0	0	0	0	0	0	0	0	0	0	0	0	0	0	0	0	0	0	0	0	0	0	0	0	0	0	0	0	0	0	0	0	0	0	0	0	0	0	0	0	0	0	0	0	0	0	0	0	0	0	0	0	0	0	0	0	0	0	0	0	0	0	0	0	0	0	0	0	368	0	0	0	0	0	0	6	0	0	0	0	0	0	0	0	0	0	13	0	0	0	0	0	14
assemblage-491-516	0	0	0	0	0	0	126	0	0	0	0	0	0	0	0	92	0	0	0	0	0	0	0	0	0	0	0	0	0	110	0	0	0	0	0	0	62	0	0	0	0	0	0	0	0	0	0	0	0	0	0	0	0	23	0	0	0	0	0	0	0	0	0	0	0	0	0	0	0	0	0	0	0	0	15	0	0	0	0	0	0	0	0	0	0	0	0	6	0	0	0	0	0	0	12	0	0	0	0	27	9	18
assemblage-340-344	0	0	0	0	0	0	80	0	0	0	0	0	0	37	0	42	0	0	0	0	0	5	5	0	0	0	0	0	0	111	0	0	0	0	0	0	78	0	0	0	0	0	0	0	0	0	0	0	0	0	0	0	0	0	0	0	0	0	0	0	0	0	0	0	0	119	0	0	0	0	0	0	0	0	0	0	0	0	0	0	0	0	0	0	0	0	0	0	0	0	0	0	0	0	0	0	0	0	0	0	0	23
assemblage-921-684	0	0	0	0	0	0	29	0	0	0	0	0	0	0	0	107	0	9	0	12	0	0	0	0	0	0	12	0	0	89	0	0	0	0	0	0	38	0	0	0	0	0	0	0	0	0	0	0	0	0	0	0	0	53	6	0	0	0	28	0	0	0	41	0	0	0	0	0	0	0	0	0	0	0	56	0	0	0	0	0	0	0	0	0	0	0	0	0	0	0	0	0	0	0	0	0	0	0	0	0	0	20
assemblage-900-267	0	0	0	0	0	0	212	0	0	0	0	36	0	0	0	124	0	0	0	0	0	0	0	0	0	0	0	0	0	11	0	0	0	0	0	0	71	0	0	0	0	0	0	0	0	0	0	0	0	0	0	0	0	0	0	0	0	0	0	0	0	0	0	0	0	10	0	0	0	0	0	0	0	0	11	0	0	0	0	0	0	0	0	0	0	0	0	0	0	0	0	0	0	0	0	0	0	0	0	0	0	25
assemblage-709-471	0	0	0	0	0	0	23	0	0	0	0	0	0	0	0	193	0	0	0	0	0	0	0	0	0	0	0	0	0	83	0	0	0	0	13	0	4	0	0	0	0	0	0	0	0	0	0	0	0	0	0	0	0	0	0	0	0	33	0	0	0	0	0	0	0	121	0	0	0	0	0	0	0	0	0	0	0	0	0	0	0	0	0	0	0	0	0	0	0	0	0	0	0	5	0	0	0	0	0	0	0	25
assemblage-291-540	0	0	0	0	6	0	230	0	0	0	0	0	0	0	0	131	0	0	0	0	0	0	0	0	0	0	12	0	0	49	0	0	0	0	0	0	5	0	0	0	0	0	16	0	5	0	0	0	0	0	0	0	0	0	0	0	0	0	0	0	0	0	7	0	0	8	0	0	0	0	0	0	0	0	0	0	0	0	0	0	0	0	0	0	0	0	0	0	0	0	0	0	0	0	0	0	0	0	0	0	0	31
assemblage-532-565	0	0	0	0	0	0	64	0	0	0	0	0	0	0	0	107	0	0	0	0	0	0	0	0	0	0	0	0	0	171	0	0	0	0	0	0	49	0	0	0	0	0	0	0	0	0	25	0	0	0	0	0	0	0	0	0	0	0	0	9	0	0	0	0	0	28	0	0	0	0	0	21	0	0	0	0	0	0	0	0	0	0	0	0	0	0	0	0	0	0	0	0	0	0	0	0	0	0	0	0	0	26
assemblage-602-233	0	0	0	0	0	0	174	0	0	0	0	0	0	0	0	93	0	0	0	0	0	0	0	0	0	0	0	0	0	68	0	0	0	0	0	0	102	0	0	0	0	0	0	0	0	0	3	0	0	0	0	0	0	0	0	0	0	0	0	0	0	0	0	0	0	36	0	0	0	0	0	0	0	0	0	0	0	0	0	0	0	0	0	0	0	0	0	0	0	0	0	0	0	0	0	0	0	0	0	0	0	24
assemblage-868-416	0	0	0	0	0	0	31	0	0	0	0	2	0	0	0	94	0	22	0	0	0	0	0	0	0	0	9	0	0	85	0	0	0	0	0	0	41	0	0	0	0	0	0	0	0	0	0	0	0	0	0	0	0	31	10	0	0	0	31	0	0	0	56	0	0	0	0	0	0	0	0	0	0	0	67	0	0	0	0	0	0	0	0	0	0	0	0	0	0	0	0	8	0	0	0	0	0	0	0	0	0	13
assemblage-164-945	0	0	0	0	0	0	216	0	0	0	0	0	0	0	0	50	0	0	8	0	0	0	0	0	0	0	0	0	0	84	0	0	0	0	6	0	9	0	0	0	0	0	0	0	0	0	13	0	0	0	0	0	0	0	0	0	0	9	0	0	0	0	0	0	0	64	0	0	0	0	0	0	0	0	0	0	0	0	0	0	0	0	0	0	0	0	28	0	0	0	0	0	0	0	0	0	0	0	0	0	0	13
assemblage-609-673	0	0	0	0	0	0	20	0	0	0	0	62	0	0	0	156	0	0	0	0	0	0	0	0	0	0	0	0	0	39	0	0	0	0	0	0	23	0	0	0	0	0	0	17	0	0	0	0	0	0	0	0	0	55	12	0	0	0	0	0	0	0	0	0	0	0	0	0	0	0	0	0	0	0	39	0	0	6	0	0	0	0	0	0	0	0	0	45	0	0	0	0	0	0	0	0	0	0	0	0	0	26
assemblage-361-255	0	0	0	0	0	0	0	0	0	0	7	0	22	0	0	9	0	0	0	0	0	0	0	0	0	0	0	0	0	96	0	0	0	26	0	0	0	0	0	0	10	0	0	0	0	0	0	0	0	0	0	0	22	43	0	0	2	0	0	0	0	0	0	0	0	0	0	0	7	0	0	0	0	0	90	0	0	117	0	0	0	0	0	0	0	0	0	18	0	0	0	0	0	0	0	0	0	0	0	0	0	31
assemblage-194-177	0	0	0	0	0	0	0	0	0	0	0	0	0	0	0	8	0	0	0	0	0	0	0	0	0	0	0	0	0	347	0	0	0	0	0	0	0	0	0	0	0	0	0	0	0	0	0	0	0	0	0	0	0	112	0	0	0	0	0	0	0	0	0	0	0	0	0	0	0	0	0	0	0	0	15	0	0	0	0	0	9	0	0	0	0	0	0	0	0	0	0	0	0	0	0	0	0	0	0	0	0	9
assemblage-906-535	0	0	0	0	0	0	0	0	0	0	0	0	0	0	0	0	0	0	0	0	0	0	0	0	0	0	0	0	0	138	0	0	11	0	0	0	0	0	0	0	0	0	0	0	0	0	0	0	0	0	0	0	0	158	0	0	0	0	0	0	0	0	0	0	0	0	0	0	0	0	0	0	0	7	149	0	0	0	0	0	0	0	0	0	0	0	0	0	0	9	0	0	0	0	0	0	0	17	0	0	0	11
assemblage-915-529	0	0	0	0	0	0	0	0	0	0	0	0	0	0	0	0	0	0	0	0	0	0	0	0	0	0	0	0	0	124	0	0	14	0	0	0	0	0	0	0	0	0	0	0	0	0	0	0	0	0	0	0	0	180	0	0	0	0	0	0	0	0	0	0	0	0	0	0	0	0	0	0	0	9	147	4	0	0	0	0	0	0	0	0	0	0	0	0	0	5	0	0	0	0	0	0	0	13	0	0	0	4
assemblage-518-548	0	0	0	0	0	0	68	0	0	0	0	0	0	0	0	110	0	0	0	0	0	0	0	0	0	0	0	0	0	156	0	0	0	0	0	0	58	0	0	0	0	0	0	0	0	0	24	0	0	0	0	0	0	0	0	0	0	0	0	7	0	0	0	0	0	40	0	0	0	0	0	19	0	0	0	0	0	0	0	0	0	0	0	0	0	0	0	0	0	0	0	0	0	0	0	0	0	0	0	0	0	18
assemblage-699-475	0	0	0	0	0	0	130	0	0	0	0	0	0	0	0	14	0	0	0	0	0	0	0	0	0	0	0	0	0	180	0	0	0	0	12	0	4	0	0	0	0	0	0	0	0	0	26	0	0	0	0	0	0	0	0	0	0	4	0	0	0	0	0	0	0	103	6	0	0	0	0	0	0	0	0	0	0	0	0	0	0	0	0	0	0	0	0	0	0	0	0	0	0	0	0	0	0	0	0	0	0	21
assemblage-919-1011	0	0	0	0	0	0	63	0	0	0	0	0	0	0	0	181	0	0	0	0	0	0	0	0	0	0	0	0	0	85	0	5	0	0	0	0	0	0	0	0	0	0	0	0	0	0	0	6	0	0	0	0	2	56	0	0	0	0	0	0	0	5	0	0	0	0	0	0	0	0	0	0	0	0	37	0	0	30	0	0	0	0	0	0	0	0	0	9	0	0	0	0	0	0	0	0	0	0	0	0	0	21
assemblage-458-160	0	0	0	0	0	0	24	0	0	0	0	0	0	0	0	139	0	0	0	0	0	0	0	0	0	0	0	0	0	12	0	0	0	0	0	0	138	0	0	0	0	0	0	0	0	0	0	0	0	0	0	0	0	24	0	0	0	0	0	0	8	0	0	0	0	0	0	0	0	0	0	0	0	0	101	0	0	44	0	0	0	0	0	0	0	0	0	4	0	0	0	0	0	0	0	0	0	0	0	0	0	6
assemblage-247-871	0	0	0	0	0	0	6	0	0	0	0	71	0	0	0	81	0	0	0	0	0	0	0	0	0	0	0	0	0	123	0	0	0	0	0	0	28	0	0	0	0	0	0	0	0	0	0	0	0	0	0	0	0	32	0	0	0	0	0	0	8	0	0	0	0	0	0	0	0	0	0	0	0	0	10	0	0	94	0	0	0	0	0	0	0	0	0	35	0	0	0	0	0	0	0	0	0	0	0	0	0	12
assemblage-760-869	0	0	0	0	0	7	16	0	0	0	0	0	0	0	0	0	0	0	0	0	0	0	0	0	0	0	0	0	0	6	0	0	0	0	0	47	65	0	0	0	4	0	0	0	0	0	0	0	0	0	0	0	0	214	0	0	3	0	0	0	0	0	0	0	0	0	0	0	0	0	0	0	0	0	0	0	0	121	0	0	0	0	0	0	0	0	0	0	0	0	0	0	0	0	0	0	0	0	0	0	0	17
assemblage-253-215	0	0	0	0	0	0	115	0	0	0	0	15	0	0	0	0	0	0	0	0	0	0	0	0	0	0	0	0	0	0	0	0	0	0	0	97	0	0	0	0	0	0	0	0	0	0	0	0	0	0	0	0	0	0	0	0	160	0	0	0	0	0	0	0	0	0	0	0	0	0	0	0	0	0	0	0	0	81	0	0	0	0	0	0	0	0	0	0	19	0	0	0	0	0	0	0	0	0	0	0	0	13
assemblage-258-243	0	0	0	0	0	0	107	0	0	0	0	14	0	0	0	0	0	0	0	0	0	0	0	0	0	0	0	0	0	0	0	0	0	0	0	102	0	0	0	0	0	0	0	0	0	0	0	0	0	0	0	0	0	0	0	0	168	0	0	0	0	0	0	0	0	0	0	0	0	0	0	0	0	0	0	0	0	73	0	0	0	0	0	0	0	0	0	0	30	0	0	0	0	0	0	0	0	0	0	0	0	6
assemblage-229-848	0	0	0	0	0	0	11	0	0	0	0	0	0	0	0	29	0	0	0	0	0	0	0	0	0	0	0	0	0	122	0	5	30	0	0	0	34	0	0	0	0	0	0	0	0	0	0	0	0	0	9	0	0	82	0	0	20	0	0	0	0	0	0	12	0	0	0	0	0	0	0	0	0	0	4	0	0	43	0	0	0	0	0	0	0	0	0	0	0	0	0	0	0	0	0	0	0	0	0	82	0	17
assemblage-297-123	0	0	0	0	0	0	15	0	0	0	0	0	0	0	0	35	0	0	0	0	0	0	0	0	0	0	0	0	0	126	0	0	32	0	0	0	31	0	0	0	0	0	0	0	0	0	0	0	0	0	14	0	0	73	0	0	17	0	0	0	0	0	0	5	0	0	0	0	0	0	0	0	0	0	8	0	0	47	0	0	0	0	0	0	0	0	0	0	0	0	0	0	0	0	0	0	0	0	0	83	0	14
assemblage-262-855	0	0	0	0	0	0	6	0	0	0	0	59	0	0	0	77	0	0	0	0	0	0	0	0	0	0	0	0	0	107	0	0	0	0	0	0	31	0	0	0	0	0	0	0	0	0	0	0	0	0	0	0	0	44	0	0	0	0	0	0	1	0	0	0	0	0	0	0	0	0	0	0	0	0	14	0	0	107	0	0	0	0	0	0	0	0	0	44	0	0	0	0	0	0	0	0	0	0	0	0	0	10
assemblage-767-883	0	0	0	0	0	4	28	0	0	0	0	0	0	0	0	85	0	0	0	0	0	0	0	0	0	0	0	0	0	102	0	0	0	0	0	69	0	0	0	0	0	0	0	0	0	0	0	0	0	0	0	0	0	79	0	0	9	0	0	0	0	0	0	0	0	0	0	0	0	0	0	0	0	0	12	0	0	77	0	0	23	0	0	0	0	0	0	0	0	0	0	0	0	0	0	0	0	0	0	0	0	12
assemblage-790-480	0	0	0	0	0	0	32	0	0	0	0	0	0	0	0	85	0	18	0	0	0	0	0	0	0	0	11	5	0	77	0	0	0	0	0	0	46	0	0	0	0	0	0	0	0	0	0	0	0	0	0	0	0	29	11	0	0	0	33	0	0	0	67	0	0	0	0	0	0	0	0	0	0	0	62	0	0	0	0	0	0	0	0	0	0	0	0	0	0	0	0	0	0	0	0	0	0	0	0	0	0	24
assemblage-604-218	0	0	0	0	0	0	112	0	0	0	0	0	0	0	0	12	0	0	0	0	0	0	0	0	0	0	0	0	0	174	0	0	0	0	26	0	7	0	0	0	0	0	0	0	0	0	27	0	0	0	0	0	0	0	0	0	0	0	0	0	0	0	0	0	0	121	0	0	0	0	0	0	0	0	0	0	0	0	0	0	0	0	0	0	0	0	0	0	0	0	3	0	0	0	0	0	0	0	0	0	0	18
assemblage-356-798	0	0	0	0	0	0	181	0	0	0	0	0	0	0	0	115	0	0	0	0	0	0	0	0	0	0	0	0	0	61	0	0	0	0	16	0	31	0	0	0	0	0	0	0	0	0	15	0	0	0	0	0	0	0	0	0	0	0	0	0	0	0	0	0	0	62	0	0	0	0	0	0	0	0	0	0	0	0	0	0	0	0	0	0	0	0	0	0	0	0	0	0	0	0	0	0	0	0	12	0	0	7
assemblage-524-544	0	0	0	0	0	0	169	0	0	0	0	0	0	0	0	124	0	0	0	0	0	0	0	0	0	0	0	0	0	61	0	0	0	0	12	0	17	0	0	0	0	0	0	0	0	0	19	0	0	0	0	0	0	0	0	0	0	0	0	0	0	0	0	0	0	69	0	0	0	0	0	0	0	0	0	0	0	0	0	0	0	0	0	0	0	0	0	0	0	0	0	0	0	0	0	0	0	0	16	0	0	13
assemblage-713-902	0	0	0	0	0	0	121	5	0	0	0	0	0	0	0	106	31	0	0	0	0	0	0	0	0	0	0	0	0	0	0	0	0	0	0	0	56	20	0	0	0	0	0	0	0	0	0	0	0	0	0	0	0	0	0	0	0	0	0	0	0	0	0	0	0	129	0	0	0	0	0	0	0	0	0	0	0	0	0	0	0	0	0	0	0	0	0	0	0	0	0	0	0	0	0	0	0	0	0	0	0	32
assemblage-912-548	0	0	0	0	0	0	0	0	0	0	0	0	0	0	0	0	0	0	0	0	0	0	0	0	0	0	0	0	0	132	0	0	6	0	0	0	0	0	0	0	0	0	0	0	0	0	0	0	0	0	0	0	0	193	0	0	0	0	0	0	0	0	0	0	0	0	0	0	0	0	0	0	0	8	127	0	0	0	0	0	0	0	0	0	0	0	0	0	0	4	0	0	0	0	0	0	0	17	0	0	0	13
assemblage-414-339	0	0	0	0	0	0	154	0	0	0	0	0	0	23	0	58	0	0	0	0	0	0	0	0	0	0	0	0	0	68	0	0	0	0	0	0	129	0	0	0	0	0	0	0	0	0	0	0	0	0	0	0	0	0	0	0	0	0	0	0	0	0	0	0	0	40	0	0	0	0	0	0	0	0	0	0	0	0	0	0	0	0	0	0	0	0	0	0	0	0	0	0	0	0	0	0	0	0	0	0	0	28
assemblage-713-907	0	0	0	0	0	0	213	0	0	0	0	11	0	0	0	134	0	0	0	0	0	0	0	0	4	29	0	0	0	17	0	0	0	0	0	0	57	0	0	0	0	0	0	0	0	0	0	0	0	0	0	0	0	0	0	0	0	0	0	0	0	0	0	0	7	0	0	0	0	0	0	0	0	0	0	0	0	0	0	0	0	0	11	0	0	0	0	0	0	0	0	0	0	0	0	0	0	0	0	0	0	17
assemblage-499-537	0	0	0	0	0	0	20	0	0	0	0	0	0	0	0	110	0	0	0	0	0	0	0	0	0	0	0	0	0	18	0	0	0	0	0	0	134	0	0	0	0	0	0	0	0	0	0	0	0	0	0	0	0	15	0	0	0	0	0	0	12	0	0	0	0	0	0	0	0	0	0	0	0	0	97	0	0	72	0	0	0	0	0	0	0	0	0	8	0	0	0	0	0	0	0	0	0	0	0	0	0	14
assemblage-539-762	0	0	0	0	0	0	51	0	0	0	0	0	0	0	0	110	0	0	0	0	0	0	0	0	0	0	0	0	0	107	0	0	0	0	0	0	79	0	0	0	0	0	0	0	0	0	0	0	0	0	0	0	0	58	0	0	0	0	0	0	12	0	0	0	0	0	0	0	0	0	0	0	0	0	10	0	0	47	0	0	0	0	0	0	0	0	0	0	0	0	0	0	0	0	0	0	0	0	0	0	0	26
assemblage-599-228	0	0	0	0	0	0	64	0	0	0	0	0	0	0	0	60	41	0	0	0	0	0	0	0	0	0	0	0	0	94	0	0	0	0	0	0	37	0	0	0	0	0	0	0	0	0	0	0	0	7	0	0	0	0	0	0	0	0	0	0	0	0	0	0	0	141	0	0	0	0	0	0	0	0	0	0	0	0	12	0	0	0	0	0	0	0	0	0	0	0	0	0	0	0	0	0	0	0	0	0	0	44
assemblage-804-979	0	0	0	0	0	0	148	61	0	0	0	0	0	0	0	120	0	0	0	0	0	0	0	0	0	0	0	0	0	36	0	0	0	0	0	0	62	0	0	0	0	0	0	0	0	0	0	0	0	0	0	0	0	0	0	0	0	0	0	0	0	0	0	0	0	54	0	0	0	0	0	0	6	0	0	0	0	0	0	2	0	0	0	0	0	0	0	0	0	0	0	0	0	0	0	0	0	0	0	0	0	11
assemblage-784-478	0	0	0	0	0	0	98	76	0	0	0	0	0	0	0	147	0	0	0	0	0	0	0	0	0	0	0	0	0	44	0	0	0	0	0	0	80	0	0	0	0	0	0	0	0	0	0	0	0	0	0	0	0	17	0	0	0	0	0	0	0	0	0	0	0	0	0	0	0	0	0	0	0	0	0	0	0	9	0	0	0	0	0	0	0	0	0	0	0	0	0	0	0	0	0	0	0	0	0	0	0	29
assemblage-353-252	0	0	0	0	0	0	0	0	0	0	10	0	18	0	0	15	0	0	0	0	0	0	0	0	0	0	0	0	0	98	0	0	0	21	0	0	0	0	0	0	6	0	0	0	0	0	0	0	0	0	0	0	23	36	0	0	8	0	0	0	0	0	0	0	0	0	0	0	0	0	0	0	0	0	82	0	0	131	0	0	0	0	0	0	0	0	0	21	0	0	0	0	0	0	0	0	0	0	0	0	0	31
assemblage-608-642	0	0	0	0	0	0	50	0	0	0	0	11	0	0	0	119	0	0	0	0	0	0	0	0	0	0	0	0	0	77	0	0	0	0	0	0	73	0	0	0	0	0	0	0	0	0	0	0	0	0	0	0	0	43	0	0	0	0	0	0	1	0	0	0	0	0	0	0	0	0	0	0	0	0	30	0	0	45	0	0	0	0	0	0	0	0	0	19	0	0	0	0	0	0	0	0	0	0	0	6	0	26
assemblage-458-145	0	0	0	0	0	0	19	0	0	0	0	60	0	0	0	173	0	0	0	0	0	0	0	0	0	0	0	0	0	20	0	0	0	0	0	0	15	0	0	0	0	0	0	9	0	0	0	0	0	0	0	0	0	59	11	0	0	0	0	0	0	0	0	0	0	0	0	0	0	0	0	0	0	0	30	0	0	13	0	0	0	0	0	0	0	0	0	69	0	0	0	0	0	0	0	0	0	0	0	0	0	22
assemblage-204-172	0	0	0	0	0	0	0	0	0	0	0	0	0	0	0	9	0	0	0	0	0	0	0	0	0	0	0	0	0	331	0	0	0	0	0	0	0	0	0	0	0	0	0	0	0	0	0	0	0	0	0	0	0	116	0	0	0	0	0	0	0	0	0	0	0	0	0	0	0	0	0	0	0	0	9	0	0	0	0	0	6	0	0	0	0	0	0	0	0	0	0	0	0	0	0	0	0	0	0	0	0	29
assemblage-692-253	0	0	0	0	0	0	166	0	0	0	0	0	0	0	0	134	0	0	0	0	0	0	0	0	0	0	0	0	0	54	0	0	0	0	10	0	22	0	0	0	0	0	0	0	0	0	19	0	0	0	0	0	0	0	0	0	0	0	0	0	0	0	0	0	0	64	0	0	0	0	0	0	0	0	0	0	0	0	0	0	0	0	0	0	0	0	0	0	0	0	0	0	0	0	0	0	0	0	21	0	0	10
assemblage-151-166	0	0	0	0	0	0	13	0	0	0	0	0	0	0	0	0	0	0	0	0	0	0	0	0	0	0	0	0	0	10	0	0	0	0	0	47	41	0	0	0	7	0	0	0	0	0	0	0	0	0	0	0	0	234	0	0	6	0	0	0	0	0	0	0	0	0	0	0	0	0	0	0	0	0	4	0	0	131	0	0	0	0	0	0	0	0	0	0	0	0	0	0	0	0	0	0	0	0	0	0	0	7
assemblage-768-861	0	0	0	0	0	0	14	0	0	0	0	0	0	0	0	0	0	0	0	0	0	0	0	0	0	0	0	0	0	7	0	0	0	0	0	49	47	0	0	0	4	0	0	0	0	0	0	0	0	0	0	0	0	203	0	0	11	0	0	0	0	0	0	0	0	0	0	0	0	0	0	0	0	0	8	0	0	142	0	0	0	0	0	0	0	0	0	0	0	0	0	0	0	0	0	0	0	0	0	0	0	15
assemblage-793-461	0	0	0	0	0	0	38	0	0	0	0	0	0	0	0	96	0	13	0	0	0	0	0	0	0	0	6	5	0	104	0	0	0	0	0	0	32	0	0	0	0	0	0	0	0	0	0	0	0	0	0	0	0	39	5	0	0	0	28	0	0	0	46	0	0	0	0	0	0	0	0	0	0	0	71	0	0	0	0	0	0	0	0	0	0	0	0	0	0	0	0	0	0	0	0	0	0	0	0	0	0	17
assemblage-936-696	0	0	0	0	0	0	126	19	0	0	0	2	0	0	0	116	0	0	0	0	0	0	0	0	0	0	0	0	0	61	0	0	0	0	0	0	39	0	0	0	0	0	0	0	0	0	0	0	0	0	0	0	0	26	0	0	0	0	9	0	0	0	21	0	0	0	0	0	0	0	0	0	0	0	30	0	0	0	0	0	0	0	0	0	0	0	0	10	0	0	0	0	0	0	0	0	0	0	0	0	0	41
assemblage-298-562	0	0	0	0	0	0	173	0	0	0	0	0	0	18	0	66	0	0	0	0	0	0	0	0	0	0	0	0	0	86	0	0	0	0	0	0	117	0	0	0	0	0	0	0	0	5	0	0	0	0	0	0	0	0	0	0	0	0	0	0	0	0	0	0	0	21	0	0	0	0	0	0	0	0	0	0	0	0	0	0	0	0	0	0	0	0	0	0	0	0	0	0	0	0	0	0	0	0	0	0	0	14
assemblage-256-346	0	0	0	0	0	0	98	0	0	0	0	0	0	0	0	102	8	0	0	0	35	0	0	10	0	0	0	0	0	126	0	0	0	0	0	0	43	0	0	0	0	0	0	0	0	0	0	0	0	17	0	0	0	0	0	0	0	0	0	0	0	0	0	0	27	19	0	0	0	0	0	0	0	0	0	0	0	0	0	0	0	0	0	0	0	0	0	0	0	0	0	0	0	0	0	0	0	0	0	0	0	15
assemblage-525-934	0	0	0	0	0	0	12	0	0	0	0	0	0	0	0	42	0	0	0	0	0	0	0	0	0	0	0	0	0	109	0	6	40	0	0	0	31	0	0	0	0	0	0	0	0	0	0	0	0	0	11	0	0	73	0	0	21	0	0	0	0	0	0	11	0	0	0	0	0	0	0	0	0	0	9	0	0	40	0	0	0	0	0	0	0	0	0	0	0	0	0	0	0	0	0	0	0	0	0	77	0	18
assemblage-325-227	0	0	0	0	0	0	132	4	0	0	0	0	0	0	0	101	34	0	0	0	0	0	0	0	0	8	0	0	0	0	0	0	0	0	0	0	58	21	0	0	0	0	0	0	0	0	0	0	0	0	0	0	0	0	0	0	0	0	0	0	0	0	0	0	0	123	0	0	0	0	0	0	0	0	0	0	0	0	0	0	0	0	0	0	0	0	0	0	0	0	0	0	0	0	0	0	0	0	0	0	0	19
assemblage-352-801	0	16	0	0	0	0	50	0	0	0	0	0	0	0	0	152	0	0	0	0	0	0	0	0	0	0	0	0	0	38	0	0	0	0	130	0	0	0	0	0	0	0	0	0	0	0	31	0	0	0	0	10	0	0	0	0	0	0	0	0	0	0	0	0	0	35	0	30	0	0	0	0	0	0	0	0	0	0	0	0	0	0	0	0	0	0	0	0	0	0	0	0	0	0	0	0	0	0	0	0	0	8
assemblage-254-348	0	0	0	0	0	0	98	0	0	0	0	0	0	0	0	98	6	0	0	0	38	0	0	9	0	0	0	0	0	141	0	0	0	0	0	0	33	0	0	0	0	0	0	0	0	0	0	0	0	5	0	0	0	0	0	0	0	0	0	0	0	0	0	0	39	17	0	0	0	0	0	0	0	0	0	0	0	0	0	0	0	0	0	0	0	0	0	0	0	0	0	0	0	0	0	0	0	0	0	0	0	16
assemblage-391-369	0	0	0	0	0	0	84	0	0	0	0	0	0	0	0	56	39	0	0	0	0	0	0	0	0	0	0	0	0	91	0	0	0	0	0	0	32	0	0	0	0	0	0	0	0	0	0	0	0	0	0	0	0	0	0	0	0	0	0	0	0	0	0	0	0	147	0	0	0	0	0	0	0	0	0	0	0	0	9	0	0	0	0	0	0	0	0	0	0	0	0	0	0	0	0	0	0	0	0	0	0	42
assemblage-873-390	0	0	0	0	0	0	49	0	0	0	0	0	0	0	0	108	0	9	0	0	0	0	0	0	0	0	10	0	0	85	0	0	0	0	0	0	33	0	0	0	0	0	0	0	0	0	0	0	0	0	0	0	0	39	8	0	0	0	35	0	0	0	46	0	0	0	0	0	0	0	0	0	0	0	49	0	0	0	0	0	0	0	0	0	0	0	0	0	0	0	0	0	0	0	0	0	0	0	0	0	0	29
assemblage-664-252	0	0	0	0	0	0	184	0	0	0	0	0	0	0	0	124	0	0	0	0	0	0	0	0	0	0	0	0	0	58	0	0	0	0	17	0	23	0	0	0	0	0	0	0	0	0	13	0	0	0	0	0	0	0	0	0	0	0	0	0	0	0	0	0	0	59	0	0	0	0	0	0	0	0	0	0	0	0	0	0	0	0	0	0	0	0	0	0	0	0	0	0	0	0	0	0	0	0	12	0	0	10
assemblage-351-254	0	0	0	0	0	0	63	0	0	0	0	88	16	0	0	0	0	0	0	0	0	0	0	0	0	0	0	0	0	100	8	0	14	0	0	4	0	0	0	0	0	0	0	0	0	0	0	0	0	0	0	0	20	16	0	0	63	0	0	0	0	0	0	0	0	0	0	0	0	0	0	0	0	0	83	0	0	13	0	0	0	0	0	0	0	0	0	0	0	0	0	0	7	0	0	0	0	0	0	0	0	5
assemblage-638-844	0	0	0	0	0	0	161	39	0	0	0	0	0	0	0	119	0	0	0	0	0	0	0	0	0	0	0	0	0	21	0	0	0	0	0	0	80	0	0	0	0	0	0	0	0	0	0	0	0	0	0	0	0	0	0	0	0	0	0	0	0	0	0	0	0	50	0	0	0	0	0	0	14	0	0	0	0	0	0	0	0	0	0	0	0	0	0	0	0	0	0	0	0	0	0	0	0	0	0	0	0	16
assemblage-406-358	0	0	0	0	0	0	89	0	0	0	0	0	0	45	0	59	0	0	0	0	0	4	3	0	0	0	0	0	0	102	0	0	0	0	0	0	87	0	0	0	0	0	0	0	0	0	0	0	0	0	0	0	0	0	0	0	0	0	0	0	0	0	0	0	0	86	0	0	0	0	0	0	0	0	0	0	0	0	0	0	0	0	0	0	0	0	0	0	0	0	0	0	0	0	0	0	0	0	0	0	0	25
assemblage-478-349	0	0	0	0	0	12	85	0	0	0	0	0	0	0	0	0	0	0	0	0	0	0	0	0	0	0	0	0	0	0	0	0	0	0	0	0	0	0	0	0	0	0	0	0	0	0	0	0	0	0	0	0	0	0	0	0	0	0	0	0	0	0	0	0	0	0	0	0	0	0	0	0	0	0	0	0	0	369	0	0	0	0	0	0	0	0	0	0	0	0	0	0	0	0	0	8	0	0	0	0	0	26
assemblage-294-127	0	0	0	0	0	0	0	0	0	0	0	63	0	0	0	74	0	0	0	0	0	0	0	0	0	0	0	0	0	120	0	0	0	0	0	0	27	0	0	0	0	0	0	0	0	0	0	0	0	0	0	0	0	48	0	0	0	0	0	0	10	0	0	0	0	0	0	0	0	0	0	0	0	0	14	0	0	79	0	0	0	0	0	0	0	0	0	52	0	0	0	0	0	0	0	0	0	0	0	0	0	13
assemblage-894-551	0	0	0	0	0	0	0	0	0	0	0	0	0	0	0	0	0	0	0	0	0	0	0	0	0	0	0	0	0	136	0	0	6	0	0	0	0	0	0	0	0	0	0	0	0	0	0	0	0	0	0	0	0	177	0	0	0	0	0	0	0	0	0	0	0	0	0	0	0	0	0	0	0	5	143	0	0	0	0	0	0	0	0	0	0	0	0	0	0	7	0	0	0	0	0	0	0	17	0	0	0	9
assemblage-185-590	0	0	0	0	0	0	26	0	0	0	0	0	0	0	0	191	0	0	0	0	0	0	0	0	0	0	0	0	0	89	0	0	0	0	13	0	9	0	0	0	0	0	0	0	0	0	0	0	0	0	0	0	0	0	0	0	0	26	0	0	0	0	0	0	0	117	0	0	0	0	0	0	0	0	0	0	0	0	0	0	0	0	0	0	0	0	0	0	0	0	0	0	0	10	0	0	0	0	0	0	0	19
assemblage-708-462	0	0	0	0	0	0	36	0	0	0	0	0	0	0	0	159	0	0	0	0	0	0	0	0	0	0	0	0	0	81	0	0	0	0	15	0	12	0	0	0	0	0	0	0	0	0	0	0	0	0	0	0	0	0	0	0	0	26	0	0	0	0	0	0	0	136	0	0	0	0	0	0	0	0	0	0	0	0	0	0	0	0	0	0	0	0	0	0	0	0	0	0	0	0	0	0	0	0	0	0	0	35
assemblage-371-811	0	0	0	0	0	0	223	0	0	0	0	0	0	0	0	44	0	0	18	0	0	0	0	0	0	0	0	0	0	93	0	0	0	0	8	0	9	0	0	0	0	0	0	0	0	0	13	0	0	0	0	0	0	0	0	0	0	4	0	0	0	0	0	0	0	53	0	0	0	0	0	0	0	0	0	0	0	0	0	0	0	0	0	0	0	0	25	0	0	0	0	0	0	0	0	0	0	0	0	0	0	10
assemblage-960-692	0	0	0	0	0	0	43	0	0	0	0	0	0	0	0	83	0	16	0	0	0	0	0	0	0	0	10	0	0	98	0	0	0	0	0	0	33	0	0	0	0	0	0	0	0	0	0	0	0	0	0	0	0	47	9	0	0	0	33	0	0	0	57	0	0	0	0	0	0	0	0	0	0	0	56	0	0	0	0	0	0	0	0	0	0	0	0	0	0	0	0	0	0	0	0	0	0	0	0	0	0	15
assemblage-619-655	0	0	0	0	0	0	33	12	0	0	0	4	0	0	0	100	0	0	0	0	0	0	0	0	0	0	0	0	0	121	0	0	0	0	0	0	84	0	0	0	0	0	0	0	0	0	0	0	0	0	0	0	0	67	0	0	0	0	0	0	9	0	0	0	0	0	0	0	0	0	0	0	0	0	16	0	0	37	0	0	0	0	0	0	0	0	0	0	0	0	0	0	0	0	0	0	0	0	0	0	0	17
assemblage-884-412	0	0	11	0	0	0	198	0	0	0	0	22	0	0	0	95	0	0	0	0	0	0	0	0	0	0	0	0	0	6	0	0	0	0	0	0	35	0	0	0	0	0	0	0	0	0	0	0	0	0	0	0	0	35	0	0	0	0	0	0	0	0	0	0	0	10	0	0	0	0	0	0	0	0	37	0	0	0	0	0	0	0	0	9	0	0	0	27	0	0	0	0	0	0	0	0	0	0	0	0	0	15
assemblage-934-1004	0	0	0	0	0	0	61	0	0	0	0	5	0	0	0	180	0	0	0	0	0	0	0	0	0	0	0	0	0	68	0	0	0	0	0	0	0	0	0	0	0	0	0	0	0	0	0	5	0	0	0	0	4	65	0	0	0	0	0	0	0	0	0	0	0	0	0	0	0	0	0	0	0	0	40	0	0	35	0	0	0	0	0	0	0	0	0	9	0	0	0	0	0	0	0	0	0	0	0	0	0	28
assemblage-713-915	0	0	0	0	0	0	220	0	0	0	0	27	0	0	0	139	0	0	0	0	0	0	0	0	3	24	0	0	0	19	0	0	0	0	0	0	40	0	0	0	0	0	0	0	0	0	0	0	0	0	0	0	0	0	0	0	0	0	0	0	0	0	0	0	8	0	0	0	0	0	0	0	0	0	0	0	0	0	0	0	0	0	6	0	0	0	0	0	0	0	0	0	0	0	0	0	0	0	0	0	0	14
assemblage-820-982	0	0	0	0	9	0	206	0	0	0	0	0	0	0	0	162	0	0	0	0	0	0	0	0	0	0	11	0	0	53	0	0	0	0	0	0	5	0	0	0	0	0	19	0	0	0	0	0	0	0	0	0	0	0	7	0	0	0	0	0	0	0	7	0	0	0	0	0	0	0	0	0	0	0	0	0	0	0	0	0	0	0	0	0	0	0	0	0	0	0	0	0	0	0	0	0	0	0	0	0	0	21
assemblage-980-351	0	0	0	0	0	0	133	0	0	0	0	0	0	0	0	95	40	0	0	0	0	0	0	0	0	0	0	0	0	0	0	0	0	0	0	0	66	13	0	0	0	0	0	0	0	0	0	0	0	6	0	0	0	0	0	0	0	0	0	0	0	0	0	0	0	121	0	0	0	0	0	0	0	0	0	0	0	0	0	0	0	0	0	0	0	0	0	0	0	0	0	0	0	0	0	0	0	0	0	0	0	26
assemblage-457-134	0	0	0	0	0	0	20	0	0	0	0	0	0	0	0	129	0	0	0	0	0	0	0	0	0	0	0	0	0	20	0	0	0	0	0	0	120	0	0	0	0	0	0	0	0	0	0	0	0	0	0	0	0	28	0	0	0	0	0	0	17	0	0	0	0	0	0	0	0	0	0	0	0	0	79	0	0	71	0	0	0	0	0	0	0	0	0	12	0	0	0	0	0	0	0	0	0	0	0	0	0	4
assemblage-341-212	0	0	0	0	0	0	130	0	0	0	0	0	0	0	0	109	10	0	0	0	21	0	0	0	0	8	0	0	0	81	0	0	0	0	0	0	70	0	0	0	0	0	0	0	0	0	0	0	0	0	0	0	0	0	0	0	0	0	0	0	0	0	0	0	7	35	0	0	0	0	0	0	0	0	0	0	0	0	0	0	0	0	0	0	0	0	0	0	0	0	0	0	0	0	0	0	0	0	0	0	0	29
