Assemblage_Name	3-6915375-3425672	2296482-6227519-4	0-3-2240381	8005751-3-2215282	9013434-3-2	3-9128119-7232205	2296482-2339232-2824817	8005751-1323706-2	476599-9128119-4	7981660-9128119-4	8005751-3-4946565	2296482-9128119-4	3-0-4061783	8847594-3-2	9927667-2339232-7575552	3-0-6126536	9234571-6809356-2	5589605-9128119-4	3-9128119-2033213	3-9128119-4	0-7094553-2	3-2534465-2033213	3-0-9123974	3-9128119-2993172	3-3-4	3-7012766-4927235	6752042-3-4	3-718755-4	9406288-7094553-2	9776744-9128119-4	8005751-4457601-2	8637441-3-2	7885065-7012766-3540347	1676545-0-9123974	2285082-3-2	2694393-9128119-2993172	8990404-4897635-4	3-7678504-4	8005751-3-3060356	0-3-2	3235735-3-2	3-3100211-9123974	8096519-0-9123974	9703314-9128119-2033213	3-1954271-9123974	8134551-9128119-2993172	3-6915375-8507101	3-7012766-1666950	2296482-2339232-5316439	6196345-0-9123974	3-6915375-9123974	3-9541985-4	2285082-3-4838360	6028079-3-2	0-3836131-2	1026308-3-2	2655522-3-7484703	3-7835468-4	1-3-2	8005751-128647-2	5658753-6809356-2	455679-3-2	7064852-7094553-2	0-5129739-2	3-4048700-4	3-9476931-4	3-7012766-3540347	0-7094553-6782001	3-8720548-4	3-9128119-3035960	3-7012766-9539940	2285082-3946709-2	8005751-3-2	0-8443246-2	3-9484726-4	3-8144779-4	6321321-3-2	5658753-3-2	2285082-3-8093917	4249390-3-2	2285082-3-5887355	3-4897635-4	3-7012766-3277342	3-7012766-4	3-1925274-4	3-9128119-8114804	2655522-3-2	2296482-2339232-7575552	3824571-3-2	7298950-3-2	2296482-2339232-4	0-3-3800990	2655522-3-4151371	3356941-0-9123974	0-3787253-2	0-3-2125924	9073317-3-2	8005751-3-8386654	3-9128119-2642772	3-9517199-9123974
assemblage-207-392	0	0	0	0	0	0	0	0	7	0	0	0	0	0	0	0	0	0	0	158	0	0	13	0	0	0	10	0	0	0	0	0	0	0	126	0	0	0	0	0	0	0	0	0	6	0	0	0	0	0	61	0	0	0	0	0	0	0	0	0	0	0	0	0	0	0	0	0	0	28	0	0	49	0	0	0	0	0	0	0	0	0	0	0	0	0	0	0	0	0	0	0	23	0	10	0	0	0	0	9
assemblage-729-265	0	0	0	0	13	0	0	0	13	0	0	0	0	0	0	0	0	0	0	59	4	0	117	0	0	0	17	0	0	0	0	0	0	5	49	0	0	0	0	85	0	0	0	0	0	0	0	0	0	3	36	0	0	0	0	0	0	0	0	0	0	0	0	0	0	0	0	0	0	0	0	7	6	0	0	0	0	39	0	0	0	0	0	0	0	0	0	0	0	0	0	0	19	0	0	0	0	0	0	28
assemblage-203-402	0	0	0	0	0	0	0	0	5	0	0	0	0	0	0	0	0	0	96	26	30	4	189	0	0	0	23	0	0	0	0	0	0	0	23	0	0	0	0	0	0	0	0	0	0	0	0	0	0	0	43	0	0	0	0	0	0	0	0	0	0	0	0	0	0	0	0	0	0	0	0	0	43	0	0	0	0	0	0	0	0	0	0	0	0	0	0	0	0	0	0	0	7	0	0	0	0	0	0	11
assemblage-993-720	0	0	0	0	0	0	0	0	0	0	0	0	0	0	0	0	0	0	12	213	18	0	123	19	0	0	6	0	0	0	0	0	0	0	9	0	0	0	0	0	0	0	0	0	0	0	0	0	0	0	0	0	0	0	0	0	0	0	0	0	0	0	0	0	0	0	0	0	0	5	0	0	10	0	0	0	0	0	0	0	0	0	0	34	0	0	0	0	0	0	34	0	0	0	0	0	0	0	0	17
assemblage-714-272	0	0	0	0	0	0	0	0	4	0	0	0	0	0	0	0	0	0	0	41	10	0	119	0	0	0	0	0	0	0	0	0	0	0	109	0	0	0	0	47	0	0	0	0	0	0	0	0	0	14	0	0	0	0	0	0	0	0	0	0	0	0	0	0	0	0	0	0	0	0	0	0	0	0	0	0	0	133	0	0	0	0	0	0	0	0	0	0	0	0	0	0	5	0	0	0	0	0	0	18
assemblage-400-899	0	0	0	0	0	0	0	0	16	0	0	0	0	0	0	0	19	0	93	21	21	0	43	0	0	0	81	0	0	0	0	0	0	0	98	0	0	0	0	0	0	0	0	6	22	0	12	0	0	0	21	0	0	0	0	0	0	0	0	0	0	0	0	0	0	0	0	0	0	0	0	0	10	0	0	0	0	0	0	0	0	0	0	0	0	0	0	0	0	0	0	0	22	0	0	0	0	0	0	15
assemblage-520-365	0	0	5	0	0	0	0	0	0	0	0	0	0	0	0	0	0	0	0	92	0	0	122	0	0	0	0	0	0	0	0	0	0	0	70	0	0	0	0	90	0	0	0	0	0	0	0	0	0	0	20	0	0	0	0	8	0	0	0	0	0	0	0	0	0	0	0	0	0	0	0	25	22	0	0	0	0	8	0	0	0	0	0	0	0	0	0	0	0	0	0	0	20	0	0	0	0	0	0	18
assemblage-244-910	0	0	0	0	0	0	0	0	0	0	0	0	0	0	0	0	0	0	147	107	16	0	47	21	0	0	0	0	0	11	0	0	0	0	94	0	0	0	0	0	0	0	0	0	0	0	0	0	0	0	47	0	0	0	0	0	0	0	0	0	0	0	0	0	0	0	0	0	0	0	0	0	0	0	0	0	0	0	0	0	0	0	0	0	0	0	0	0	0	0	0	0	0	0	0	0	0	0	0	10
assemblage-433-120	7	0	0	0	0	0	0	0	0	0	0	0	0	0	0	0	0	0	36	74	85	0	76	0	0	0	24	0	0	0	0	0	0	0	46	0	0	0	0	0	0	0	0	0	0	0	0	0	0	0	12	0	0	0	0	0	0	0	0	0	0	0	0	0	0	0	0	0	0	56	0	0	5	0	0	0	0	0	0	0	0	0	0	66	0	0	0	0	0	0	0	0	0	0	0	0	0	0	0	13
assemblage-664-667	0	0	0	0	0	0	0	0	0	0	0	0	0	11	0	0	0	0	0	31	0	0	0	81	0	0	0	0	0	0	0	0	0	0	0	0	0	0	8	0	0	0	0	0	0	0	0	0	0	0	0	0	0	0	0	0	0	0	0	0	0	0	0	0	0	0	0	0	0	0	0	0	74	0	0	0	0	0	0	9	0	0	0	268	0	0	0	0	0	0	0	0	0	0	0	0	0	0	0	18
assemblage-264-747	0	0	0	0	0	0	0	0	0	0	0	0	0	0	0	0	0	0	0	128	0	0	0	19	0	0	0	0	0	0	0	0	0	0	0	0	0	0	0	0	0	0	0	0	0	0	0	0	0	0	0	0	0	0	0	0	0	0	0	0	0	0	0	0	0	0	0	0	0	0	0	0	196	0	0	0	0	0	0	0	0	0	0	146	0	0	0	0	0	0	0	0	0	0	0	0	0	0	0	11
assemblage-797-749	0	0	0	46	0	0	0	0	0	0	0	0	0	0	0	0	0	0	0	18	0	0	0	28	0	0	0	0	0	0	34	0	12	0	15	0	0	0	0	0	0	0	0	0	0	0	0	0	0	0	0	0	0	0	0	0	0	0	0	0	0	0	0	0	0	0	0	0	0	0	0	0	191	0	0	0	0	0	0	0	0	0	0	82	0	0	0	12	0	0	45	0	0	0	0	0	0	6	0	11
assemblage-716-247	0	0	0	0	50	0	0	0	0	0	0	0	0	0	0	0	0	0	0	89	0	0	139	0	0	0	0	0	0	0	0	0	0	28	16	0	0	0	0	93	0	0	0	0	0	0	0	0	0	6	36	0	0	8	0	0	0	0	0	0	0	0	0	5	0	0	0	0	0	0	0	0	0	0	0	0	0	5	0	0	0	0	0	0	0	0	0	0	0	0	0	0	0	0	0	0	0	0	0	25
assemblage-97-538	0	0	0	0	0	0	0	0	0	0	0	0	0	0	0	0	0	0	0	92	0	0	0	23	0	0	0	0	0	0	0	0	25	0	83	0	3	0	0	0	0	0	0	0	0	0	0	14	0	0	0	0	0	0	0	0	0	0	0	0	0	0	0	0	0	0	0	0	0	0	0	0	100	0	0	0	0	0	0	0	0	0	0	129	0	0	0	22	0	0	4	0	0	0	0	0	0	0	0	5
assemblage-140-383	0	0	0	0	0	0	0	0	45	0	0	0	0	0	0	0	0	0	20	58	0	0	188	0	0	0	0	0	0	0	0	0	0	0	48	0	0	0	0	12	0	0	0	0	0	0	0	0	0	0	22	0	0	0	0	0	0	0	0	0	0	0	0	0	0	0	0	0	0	0	0	0	79	0	0	0	0	10	0	0	0	0	0	0	0	0	0	0	0	0	0	0	0	0	0	0	0	0	0	18
assemblage-684-671	0	0	0	29	0	0	0	0	0	0	0	0	0	0	0	0	0	0	0	26	0	0	0	28	0	0	0	0	0	0	24	0	6	0	12	0	0	0	0	0	0	0	0	0	0	0	0	0	0	0	0	0	0	0	0	0	0	0	0	0	0	0	0	0	0	0	0	0	0	0	0	0	206	0	0	0	0	0	0	0	0	0	0	95	0	0	0	20	0	0	38	0	0	0	0	0	0	8	0	8
assemblage-262-911	8	0	0	0	0	0	0	0	0	0	0	0	0	0	0	0	0	0	37	102	77	0	70	0	0	0	15	0	0	0	0	0	0	0	54	0	0	0	0	0	0	0	0	0	0	0	0	0	0	0	10	0	0	0	0	0	0	0	0	0	0	0	0	0	0	0	0	0	0	60	0	0	8	0	0	0	0	0	0	0	0	0	0	52	0	0	0	0	0	0	0	0	0	0	0	0	0	0	0	7
assemblage-437-101	0	0	0	0	0	0	0	0	0	0	0	0	0	0	0	0	0	0	134	97	20	0	56	21	0	0	0	0	0	6	0	0	0	0	118	0	0	0	0	0	0	0	0	0	0	0	0	0	0	0	34	0	0	0	0	0	0	0	0	0	0	0	0	0	0	0	0	0	0	0	0	0	0	0	0	0	0	0	0	0	0	0	0	0	0	0	0	0	0	0	0	0	0	0	0	0	0	0	0	14
assemblage-802-123	0	0	0	0	0	0	0	0	0	0	0	0	0	0	0	0	0	0	0	30	0	0	0	0	0	0	0	0	0	0	8	0	39	0	226	0	0	0	0	0	0	0	0	0	0	0	0	0	0	0	0	0	0	0	0	0	0	0	0	0	0	0	0	0	0	0	0	0	0	0	0	0	135	0	0	0	0	0	0	0	0	0	0	24	0	0	0	0	18	0	0	0	0	0	0	0	0	0	0	20
assemblage-592-295	0	0	0	0	0	0	0	0	0	0	0	0	0	0	0	0	0	0	0	78	0	0	0	5	0	0	0	0	0	0	0	0	25	0	44	0	0	0	0	0	0	0	0	0	0	0	0	0	0	0	0	16	0	0	0	0	0	27	0	0	0	0	0	0	0	0	11	0	0	0	0	0	93	0	0	0	0	0	0	0	0	5	0	117	0	0	0	0	0	0	65	0	0	0	0	0	0	0	0	14
assemblage-420-685	0	0	0	0	0	0	0	0	0	0	0	0	0	0	0	0	0	0	0	28	0	0	0	0	0	0	0	0	0	0	11	0	24	0	249	0	0	0	0	0	0	0	0	0	0	0	0	0	0	0	0	0	0	0	0	0	0	0	0	0	0	0	0	0	0	0	0	0	0	0	0	0	125	0	0	0	0	0	0	0	0	0	0	20	0	0	0	0	20	0	0	0	0	0	0	0	0	0	0	23
assemblage-950-291	0	0	0	0	0	0	0	0	0	0	0	0	0	0	0	0	0	0	0	115	0	0	10	0	0	0	0	0	0	0	0	0	0	0	220	0	0	0	0	133	0	0	0	0	0	0	0	0	0	0	0	0	0	0	0	0	0	0	0	0	0	0	0	0	0	0	0	0	8	0	0	0	0	0	0	0	0	0	0	0	0	0	0	0	0	0	0	0	0	0	0	0	0	0	0	0	0	0	0	14
assemblage-867-301	0	0	0	0	0	0	0	0	0	0	0	0	0	0	0	0	0	0	169	87	11	0	50	26	0	0	0	0	0	11	0	0	0	0	105	0	0	0	0	0	0	0	0	0	0	0	0	0	0	0	30	0	0	0	0	0	0	0	0	0	0	0	0	0	0	0	0	0	0	0	0	0	0	0	0	0	0	0	0	0	0	0	0	0	0	0	0	0	0	0	0	0	0	0	0	0	0	0	0	11
assemblage-243-260	0	0	0	0	0	0	0	0	0	0	0	0	0	0	0	0	0	0	0	37	0	0	0	7	0	0	0	4	0	0	0	0	17	0	31	0	7	0	0	0	0	0	0	0	0	0	0	0	0	0	0	0	0	0	0	0	0	0	0	0	0	0	0	0	0	0	0	0	0	0	0	0	207	0	0	0	0	0	0	0	0	23	0	101	0	0	0	23	0	0	17	0	0	0	0	0	0	0	0	26
assemblage-667-580	0	0	0	0	0	0	0	0	0	0	0	0	0	0	0	0	0	0	13	28	92	0	47	0	0	0	0	0	0	0	0	0	0	0	165	0	0	0	0	0	0	0	0	0	0	0	0	0	0	0	70	0	0	0	0	0	0	0	0	0	0	0	0	0	0	0	0	13	0	0	0	0	5	0	0	0	0	0	0	0	0	0	0	0	0	0	0	0	0	0	0	0	45	0	0	0	0	0	0	22
assemblage-797-476	0	0	0	0	0	0	0	0	0	0	0	0	0	0	0	0	0	0	0	86	0	0	0	22	0	0	0	0	0	0	0	0	22	0	96	0	0	0	0	0	0	0	0	0	0	0	0	11	0	0	0	0	0	0	0	0	0	0	0	0	0	0	0	0	0	0	0	0	0	0	0	0	111	0	0	0	0	0	0	0	0	0	0	122	0	0	0	18	0	0	9	0	0	0	0	0	0	0	0	3
assemblage-503-522	0	0	0	0	12	0	0	0	0	0	0	0	0	0	0	0	0	0	0	32	73	0	91	0	0	0	0	0	0	0	0	0	0	0	129	0	0	0	0	16	0	10	0	0	0	0	0	0	0	0	93	0	0	0	0	0	0	0	0	0	0	0	0	0	0	0	0	0	0	0	0	0	13	0	0	0	0	15	0	0	0	0	0	0	0	0	0	0	0	0	0	0	0	0	0	0	0	0	0	16
assemblage-429-117	0	0	0	0	0	0	0	0	0	0	0	6	0	0	0	0	0	0	120	44	63	0	35	0	0	0	31	0	0	0	0	0	0	0	106	0	0	0	0	0	0	0	4	0	0	0	0	0	0	0	10	0	23	0	0	0	0	0	0	0	0	0	0	0	0	0	0	0	0	0	0	0	0	0	0	0	0	0	0	0	0	0	0	35	0	0	0	0	0	0	0	0	0	0	0	0	0	0	0	23
assemblage-794-418	0	0	0	0	0	0	0	0	0	0	0	0	0	0	0	0	0	0	0	26	0	0	40	92	0	0	0	0	0	0	0	0	0	0	11	0	0	0	0	0	0	0	0	0	0	0	0	0	0	0	0	0	0	0	0	0	0	0	0	0	0	0	0	0	0	0	0	0	0	0	0	0	149	0	0	0	0	0	0	0	0	0	0	116	0	0	0	0	0	0	47	0	0	0	0	0	0	0	0	19
assemblage-511-700	0	0	0	0	0	0	0	0	0	0	0	0	0	0	0	0	0	0	8	207	13	0	113	19	0	0	13	0	0	0	0	0	0	0	11	0	0	0	0	0	0	0	0	0	0	0	0	0	0	0	0	0	0	0	0	0	0	0	0	0	0	0	0	0	0	0	0	0	0	9	0	0	9	0	0	0	0	0	0	0	0	0	0	43	0	0	0	0	0	0	25	0	0	0	0	0	0	0	3	27
assemblage-396-413	0	0	0	0	0	0	0	0	0	0	0	0	0	0	0	0	0	0	178	83	16	0	45	30	0	0	0	0	0	21	0	0	0	0	90	0	0	0	0	0	0	0	0	0	0	0	0	0	0	0	25	0	0	0	0	0	0	0	0	0	0	0	0	0	0	0	0	0	0	0	0	0	0	0	0	0	0	0	0	0	0	0	0	0	0	0	0	0	0	0	0	0	0	0	0	0	0	0	0	12
assemblage-674-596	0	0	0	0	0	0	0	0	12	0	0	0	0	0	0	0	24	0	116	21	26	0	54	0	0	0	77	0	0	0	0	0	0	0	83	0	0	0	0	0	0	0	0	0	25	0	15	0	0	0	22	0	0	0	0	0	0	0	0	0	0	0	0	0	0	0	0	0	0	0	0	0	1	0	0	0	0	0	0	0	0	0	0	0	0	0	0	0	0	0	0	0	20	0	0	0	0	0	0	4
assemblage-931-801	0	0	0	0	0	0	0	30	0	0	0	0	0	0	0	0	0	0	0	36	0	0	0	0	0	0	0	0	0	0	78	0	0	0	0	0	0	0	0	0	0	0	0	0	0	0	0	0	0	0	0	0	0	0	0	0	0	0	0	0	0	0	0	0	0	0	0	0	0	0	0	0	205	0	0	0	0	0	0	0	0	0	0	85	0	0	0	0	0	0	43	0	0	0	0	0	0	8	0	15
assemblage-586-303	0	0	0	0	0	0	0	0	0	0	0	0	0	0	0	0	0	0	0	88	0	0	0	0	0	0	0	0	0	0	0	0	0	0	10	0	0	0	0	0	0	0	0	0	0	0	0	0	0	0	0	0	0	0	0	0	0	0	0	0	0	0	0	0	0	0	0	0	0	0	7	0	90	0	0	0	0	0	0	0	0	18	0	265	0	0	0	9	0	0	0	0	0	0	0	0	0	0	0	13
assemblage-688-589	0	0	0	0	0	0	0	0	6	0	0	0	0	0	0	0	13	0	127	17	26	0	59	0	0	0	65	0	0	0	0	0	0	0	94	0	0	0	0	0	0	0	0	0	25	0	5	0	0	0	27	0	0	0	0	0	0	0	0	0	0	0	0	0	0	0	0	0	0	0	0	0	7	0	0	0	0	0	0	0	0	0	0	0	0	0	0	0	0	0	0	0	23	0	0	0	0	0	0	6
assemblage-754-613	0	0	0	0	0	0	0	0	0	0	0	0	0	0	0	0	0	0	0	18	0	0	0	0	0	0	0	0	0	0	0	0	0	0	288	0	0	0	0	0	0	0	0	0	0	0	0	0	0	0	0	0	0	0	0	0	0	0	0	0	0	0	0	0	0	0	0	0	0	0	0	0	56	0	0	0	12	0	52	0	0	0	0	42	0	0	0	0	9	0	14	0	0	0	0	0	0	0	0	9
assemblage-254-885	11	0	0	0	0	0	0	0	0	0	0	0	0	0	0	0	0	0	45	88	89	0	68	0	0	0	18	0	0	0	0	0	0	0	48	0	0	0	0	0	0	0	0	0	0	0	0	0	0	0	11	0	0	0	0	0	0	0	0	0	0	0	0	0	0	0	0	0	0	52	0	0	8	0	0	0	0	0	0	0	0	0	0	52	0	0	0	0	0	0	0	0	0	0	0	0	0	0	0	10
assemblage-271-278	0	0	0	0	0	0	0	0	0	0	0	0	0	0	0	0	0	0	0	0	30	0	74	0	17	0	0	0	0	0	0	0	0	0	11	0	0	0	0	260	0	0	0	0	0	0	0	0	0	0	0	0	0	33	0	0	0	0	21	0	0	0	0	7	0	0	0	0	0	0	0	0	0	22	0	0	0	0	0	0	0	0	0	0	0	0	0	0	0	0	0	9	0	0	0	0	0	0	0	16
assemblage-748-637	0	0	0	0	0	0	0	0	0	9	0	0	0	0	0	0	0	0	0	18	0	0	0	0	0	0	0	0	0	0	0	0	0	0	299	0	0	0	0	0	0	0	0	0	0	0	0	0	0	0	0	0	0	0	0	0	0	0	0	0	0	0	0	0	0	0	0	0	0	0	0	0	51	0	0	0	4	0	46	0	0	0	0	46	0	0	0	0	5	0	19	0	0	0	0	0	0	0	0	3
assemblage-122-945	0	0	0	0	0	0	0	0	3	0	0	0	0	0	0	0	0	0	0	15	0	0	214	0	57	0	25	0	0	0	0	0	0	0	0	0	0	0	0	89	0	0	0	0	0	0	0	0	0	20	0	0	0	0	0	0	0	0	0	0	0	0	0	0	0	0	0	0	0	0	0	0	0	0	0	0	0	57	0	0	0	0	0	0	0	0	0	0	0	0	0	0	0	0	0	0	0	0	0	20
assemblage-424-664	0	0	0	0	0	0	0	22	0	0	0	0	0	0	0	0	0	0	0	31	0	0	0	0	0	0	0	0	0	0	73	0	0	0	0	0	0	0	0	0	0	0	0	0	0	0	0	0	0	0	0	0	0	0	0	0	0	0	0	0	0	0	0	0	0	0	0	0	0	0	0	0	247	0	0	0	0	0	0	0	0	0	0	70	0	0	0	0	0	0	37	0	0	0	0	0	0	5	0	15
assemblage-923-806	0	0	0	0	0	0	0	0	0	0	0	0	0	0	0	0	0	0	0	39	0	0	0	0	0	0	0	0	0	0	5	0	19	0	250	0	0	0	0	0	0	0	0	0	0	0	0	0	0	0	0	0	0	0	0	0	0	0	0	0	0	0	0	0	0	0	0	0	0	0	0	0	118	0	0	0	0	0	0	0	0	0	0	31	0	0	0	0	20	0	0	0	0	0	0	0	0	0	0	18
assemblage-795-100	0	0	0	0	0	0	0	7	0	0	0	0	0	0	0	0	0	0	0	24	0	0	0	0	0	0	0	0	0	0	22	0	4	0	153	0	0	0	0	0	0	0	0	0	0	0	0	0	0	0	0	0	0	0	0	0	0	0	0	0	0	0	0	0	0	0	0	0	0	0	0	0	159	0	0	0	0	0	11	0	0	0	0	78	0	0	0	0	6	0	10	0	0	0	0	0	0	14	0	12
assemblage-796-465	0	0	0	34	0	0	0	0	0	0	0	0	0	0	0	0	0	0	0	17	0	0	0	23	0	0	0	0	0	0	24	0	17	0	14	0	0	0	0	0	0	0	0	0	0	0	0	0	0	0	0	0	0	0	0	0	0	0	0	0	0	0	0	0	0	0	0	0	0	0	0	0	199	0	0	0	0	0	0	0	0	0	0	95	0	0	0	14	0	0	47	0	0	0	0	0	0	0	0	16
assemblage-825-948	0	0	38	0	0	0	0	0	0	0	0	0	0	0	0	10	0	0	0	15	0	0	99	0	0	0	0	0	0	0	0	0	0	0	0	0	0	0	0	70	0	0	0	0	0	0	0	0	0	0	8	0	0	0	0	0	9	0	31	0	0	0	0	0	0	0	0	0	0	0	0	0	0	0	0	7	0	23	0	0	0	0	0	0	0	0	44	0	0	0	0	0	61	0	0	0	71	0	0	14
assemblage-262-737	0	0	0	0	0	0	0	0	0	0	0	0	0	0	0	0	0	8	0	153	0	0	12	34	0	0	0	0	0	0	0	0	0	0	28	0	0	0	0	0	0	0	0	0	0	0	0	0	0	0	0	0	0	0	0	0	0	0	0	0	0	0	0	0	0	0	0	0	0	10	0	0	91	0	0	0	0	0	0	0	0	0	0	104	0	0	0	0	0	0	36	0	0	0	0	0	0	0	0	24
assemblage-428-665	0	0	0	0	0	0	0	0	0	3	0	0	0	0	0	0	0	0	0	24	0	0	0	0	0	0	0	0	0	0	0	0	0	0	278	0	0	0	0	0	0	0	0	0	0	0	0	0	0	0	0	0	0	0	0	0	0	0	0	0	0	0	0	0	0	0	0	0	0	0	0	0	77	0	0	0	8	0	55	0	0	0	0	36	0	0	0	0	0	0	11	0	0	0	0	0	0	0	0	8
assemblage-901-168	0	0	0	0	0	0	0	0	14	0	0	0	0	0	0	0	0	0	0	153	0	0	19	0	0	0	19	0	0	0	0	0	0	0	116	0	0	0	0	4	0	0	0	0	0	0	0	0	0	0	54	0	0	0	0	0	0	0	0	0	0	0	0	0	0	0	0	0	0	27	0	0	49	0	0	0	0	0	0	0	0	0	0	0	0	0	0	0	0	0	0	0	26	0	9	0	0	0	0	10
assemblage-432-143	0	0	0	0	0	0	0	0	0	0	0	0	0	0	0	0	0	0	27	63	19	0	175	0	0	0	0	0	0	0	0	0	0	0	5	0	0	0	0	0	0	0	0	0	0	0	0	0	0	0	17	0	0	0	0	0	0	0	0	0	0	0	0	0	0	0	0	0	0	93	0	0	81	0	0	0	0	0	0	0	0	0	0	0	0	0	0	0	0	0	0	0	0	0	0	0	0	0	0	20
assemblage-677-600	0	0	0	0	0	0	0	0	16	0	0	0	0	0	0	0	0	0	0	145	0	0	38	0	0	0	25	0	0	0	0	0	0	0	102	0	0	0	0	0	0	0	0	0	0	0	0	0	0	0	50	0	0	0	0	0	0	0	0	0	0	0	0	0	0	0	0	0	0	34	0	0	36	0	0	0	0	0	0	0	0	0	0	0	0	0	0	0	0	0	0	0	23	0	14	0	0	0	0	17
assemblage-406-405	0	0	0	0	0	0	0	0	0	0	0	0	0	0	0	0	0	0	130	99	26	0	62	18	0	0	0	0	0	12	0	0	0	0	95	0	0	0	0	0	0	0	0	0	0	0	0	0	0	0	42	0	0	0	0	0	0	0	0	0	0	0	0	0	0	0	0	0	0	0	0	0	0	0	0	0	0	0	0	0	0	0	0	0	0	0	0	0	0	0	0	0	0	0	0	0	0	0	0	16
assemblage-588-284	0	0	0	0	0	0	0	0	0	0	0	0	0	0	0	0	0	0	0	41	0	0	0	17	0	0	0	0	0	0	0	0	8	0	18	0	9	0	0	0	0	0	0	0	0	0	0	0	0	0	0	0	0	0	0	0	0	4	0	0	0	0	0	0	0	0	0	0	0	0	0	0	215	0	0	0	0	0	0	0	0	12	0	106	0	0	0	35	0	0	13	0	0	0	0	0	0	0	0	22
assemblage-224-414	0	0	0	0	0	0	0	0	9	0	0	0	0	0	0	0	21	0	103	17	26	0	46	0	0	0	63	0	0	0	0	0	0	0	106	0	0	0	0	0	0	0	0	0	28	0	8	0	0	0	22	0	0	0	0	0	0	0	0	0	0	0	0	0	0	0	0	0	0	0	0	0	6	0	0	0	0	0	0	0	0	0	0	0	0	0	0	0	0	0	0	0	34	0	0	0	0	0	0	11
assemblage-788-470	0	0	0	0	0	0	0	0	0	0	0	0	0	0	0	0	0	0	0	100	0	0	0	18	0	0	0	0	0	0	0	0	15	0	109	0	0	0	0	0	0	0	0	0	0	0	0	9	0	0	0	0	0	0	0	0	0	0	0	0	0	0	0	0	0	0	0	0	0	0	0	0	101	0	0	0	0	0	0	0	0	0	0	109	0	0	0	17	0	0	9	0	0	0	0	0	0	0	0	13
assemblage-431-760	0	0	0	0	0	0	0	0	0	0	0	19	0	0	0	0	0	0	0	85	26	0	51	72	0	0	0	0	0	0	0	0	0	0	7	9	0	0	0	0	0	0	0	0	0	0	0	0	0	0	0	0	0	0	0	0	0	0	0	0	0	0	0	0	0	0	0	0	0	20	0	0	118	0	0	0	0	0	0	0	0	0	0	56	0	10	0	0	0	0	14	0	0	0	0	0	0	0	0	13
assemblage-802-759	0	0	0	0	0	0	0	0	0	0	0	0	0	0	0	0	0	0	0	70	0	0	0	17	0	0	0	0	0	0	0	0	16	0	91	0	0	0	0	0	0	0	0	0	0	0	0	9	0	0	0	0	0	0	0	0	0	0	0	0	0	0	0	0	0	0	0	0	0	0	0	0	108	0	0	0	0	0	0	0	0	0	0	158	0	0	0	13	0	0	11	0	0	0	0	0	0	0	0	7
assemblage-278-731	0	0	0	0	0	0	19	0	0	0	0	0	0	0	0	0	0	4	0	223	0	0	0	37	0	0	0	0	0	0	0	0	0	0	23	0	0	0	0	0	0	0	0	0	0	0	0	0	0	0	0	0	0	0	0	0	0	0	0	0	0	0	0	0	0	0	0	0	0	30	0	0	34	0	0	0	0	0	0	0	0	17	0	14	0	0	0	0	0	0	71	0	0	0	0	0	0	0	0	28
assemblage-797-468	0	0	0	0	0	0	0	0	0	0	0	0	0	0	0	0	0	0	0	62	0	0	0	18	0	0	0	0	0	0	0	0	22	0	99	0	0	0	0	0	0	0	0	0	0	0	0	9	0	0	0	0	0	0	0	0	0	0	0	0	0	0	0	0	0	0	0	0	0	0	0	0	113	0	0	0	0	0	0	0	0	0	0	139	0	0	0	18	0	0	8	0	0	0	0	0	0	0	0	12
assemblage-389-888	0	0	0	0	0	0	0	0	0	0	0	0	0	0	0	0	0	0	9	25	109	0	39	0	0	0	0	0	0	0	0	0	0	0	161	0	0	0	0	0	0	0	0	0	9	0	0	0	0	0	83	0	0	0	3	0	0	0	0	0	0	0	0	0	0	0	0	7	0	0	0	0	6	0	0	0	0	0	0	0	0	0	0	0	0	0	0	0	0	0	0	0	24	0	0	0	0	0	0	25
assemblage-436-686	0	0	0	0	0	0	0	0	0	3	0	0	0	0	0	0	0	0	0	25	0	0	0	0	0	0	0	0	0	0	0	0	0	0	312	0	0	0	0	0	0	0	0	0	0	0	0	0	0	0	0	0	0	0	0	0	0	0	0	0	0	0	0	0	0	0	0	0	0	0	0	0	44	0	0	0	8	0	46	0	0	0	0	35	0	0	0	0	0	0	17	0	0	0	0	0	0	0	0	10
assemblage-515-704	0	0	0	0	0	6	0	0	0	0	0	1	0	0	0	0	0	0	0	65	128	0	97	32	0	0	0	0	0	0	0	0	0	0	70	0	0	37	0	0	0	0	0	0	0	0	0	0	0	0	0	0	0	0	0	0	0	0	0	0	0	0	0	0	0	0	0	0	0	18	0	0	0	0	0	0	0	0	0	0	0	0	0	26	0	0	0	0	0	0	0	0	0	0	0	0	0	0	0	20
assemblage-909-174	0	0	0	0	0	0	0	0	5	0	0	0	0	0	0	0	27	0	87	22	29	0	45	0	0	0	85	0	0	0	0	0	0	0	110	0	0	0	0	0	0	0	0	0	16	0	12	0	0	0	28	0	0	0	0	0	0	0	0	0	0	0	0	0	0	0	0	0	0	0	0	0	7	0	0	0	0	0	0	0	0	0	0	0	0	0	0	0	0	0	0	0	19	0	0	0	0	0	0	8
assemblage-959-327	0	0	0	0	0	0	0	0	0	0	0	0	0	0	0	0	0	0	0	118	0	0	8	0	0	0	0	0	0	0	0	0	0	0	222	0	0	0	0	113	0	0	0	0	0	0	0	0	0	0	0	0	0	0	0	0	0	0	0	0	0	0	0	0	0	0	0	0	18	0	0	0	0	0	0	0	0	0	0	0	0	0	0	0	0	0	0	0	0	0	0	0	0	0	0	0	13	0	0	8
assemblage-246-243	0	0	0	9	0	0	0	0	0	0	0	0	0	0	0	0	0	0	0	18	0	0	0	110	0	6	0	0	0	0	0	0	0	0	27	0	0	0	0	0	0	0	0	0	0	8	0	0	0	0	0	0	0	0	0	0	0	15	0	0	0	0	0	0	0	0	0	0	0	0	0	0	160	0	0	0	0	0	0	0	0	8	0	72	0	0	0	28	0	0	22	0	0	0	0	0	0	0	0	17
assemblage-516-349	0	0	0	0	0	0	0	0	0	0	0	0	0	0	0	0	0	0	0	38	16	0	119	0	0	0	0	0	0	0	0	0	0	0	120	0	0	0	0	38	0	0	0	0	0	0	0	0	0	11	0	0	0	0	0	0	0	0	0	0	0	0	0	0	0	0	0	0	0	0	0	0	0	0	0	0	0	135	0	0	0	0	0	0	0	0	0	0	0	0	0	0	3	0	0	0	0	0	0	20
assemblage-827-761	0	0	0	32	0	0	0	0	0	0	0	0	0	0	0	0	0	0	0	23	0	0	0	32	0	0	0	0	0	0	27	0	16	0	11	0	0	0	0	0	0	0	0	0	0	0	0	0	0	0	0	0	0	0	0	0	0	0	0	0	0	0	0	0	0	0	0	0	0	0	0	0	199	0	0	0	0	0	0	0	0	0	0	85	0	0	0	15	0	0	40	0	0	0	0	0	0	0	0	20
assemblage-963-273	0	0	0	0	0	0	16	0	0	0	0	0	0	0	0	0	0	3	0	233	0	0	0	26	0	0	0	0	0	0	0	0	0	0	39	0	0	0	0	0	8	0	0	0	0	0	0	0	0	0	0	0	0	0	0	0	0	0	0	0	0	0	0	0	0	0	0	0	0	28	0	0	29	0	0	0	0	0	0	0	0	22	0	17	0	0	0	0	0	0	61	0	0	0	0	0	0	0	0	18
assemblage-207-404	0	0	0	0	0	0	0	0	0	0	0	0	0	0	0	0	0	0	9	26	121	0	34	0	0	0	0	0	0	0	0	0	0	0	169	0	0	0	0	0	0	0	0	0	5	0	0	0	0	0	51	0	0	0	0	0	0	0	0	0	0	0	0	0	0	0	0	11	0	0	0	0	0	0	0	0	0	0	0	0	0	0	0	0	0	0	0	0	0	0	0	0	27	0	0	0	0	0	0	47
assemblage-483-866	0	0	0	0	8	0	0	0	0	0	0	0	0	0	0	0	0	0	0	26	76	0	104	0	0	0	0	0	0	0	0	0	0	0	127	0	0	0	0	25	0	15	0	0	0	0	0	0	0	0	73	0	0	0	0	0	0	0	0	0	0	0	0	0	0	0	0	0	0	0	0	0	10	0	0	0	0	24	0	0	0	0	0	0	0	0	0	0	0	0	0	0	0	0	0	0	0	0	0	12
assemblage-917-808	0	0	0	0	0	0	0	25	0	0	0	0	0	0	0	0	0	0	0	38	0	0	0	0	0	0	0	0	0	0	93	0	0	0	10	0	0	0	0	0	0	0	0	0	0	0	0	0	0	0	0	0	0	0	0	0	0	0	0	0	0	0	0	0	0	0	0	0	0	0	0	0	211	0	0	0	0	0	0	0	0	0	0	65	0	0	0	0	0	0	35	0	0	0	0	0	0	0	0	23
assemblage-106-537	0	0	0	0	0	0	0	0	0	0	0	0	0	0	0	0	0	0	0	97	0	0	0	0	0	0	0	0	0	0	0	0	57	0	148	0	0	0	0	0	0	0	0	0	0	0	0	0	10	0	0	0	0	0	0	0	0	0	0	0	0	0	0	0	0	0	0	0	0	0	0	0	26	0	0	0	0	0	0	0	0	0	0	106	0	0	0	39	0	0	9	0	0	0	0	0	0	0	0	8
assemblage-463-898	0	0	0	0	0	0	0	0	15	0	0	0	0	0	0	0	0	0	0	21	18	0	73	0	0	0	71	0	0	0	0	0	0	0	101	0	0	0	0	113	0	0	0	0	0	0	0	0	0	0	0	0	0	0	0	0	0	0	0	0	0	0	0	0	0	0	0	9	0	0	0	0	0	0	0	0	0	46	0	0	0	0	0	0	0	0	0	0	0	0	0	0	0	0	8	0	0	0	0	25
assemblage-390-425	0	0	0	0	0	0	0	0	0	0	0	0	0	0	0	0	0	0	96	33	52	0	58	0	0	0	28	0	0	0	0	0	0	0	111	0	0	0	0	0	0	0	9	0	0	0	0	0	0	0	13	0	28	0	0	0	0	0	0	0	0	0	0	0	0	0	0	0	0	0	0	0	0	0	0	0	0	0	0	0	0	0	0	45	0	0	0	0	0	0	0	0	0	0	0	0	0	0	0	27
assemblage-962-300	0	0	0	0	0	0	0	0	0	0	0	0	0	0	0	0	0	8	0	213	4	0	24	19	0	0	0	0	0	0	0	0	0	0	34	0	0	0	0	0	0	0	0	0	0	0	0	0	0	0	0	3	0	0	0	0	0	0	0	0	0	0	0	0	0	0	7	0	0	0	0	0	5	0	0	0	0	0	0	0	0	0	0	145	0	0	0	0	0	0	19	0	0	0	0	0	0	0	0	19
assemblage-536-360	0	0	0	0	0	0	0	0	63	0	0	0	0	0	0	0	0	0	0	10	6	0	75	0	0	0	41	0	0	0	0	0	0	0	23	0	0	0	0	132	0	0	0	0	0	0	0	0	0	0	55	0	0	0	0	0	0	0	0	0	0	6	0	2	0	0	0	0	0	0	0	0	0	0	0	0	0	0	0	0	0	0	0	0	0	0	0	0	0	0	0	0	55	0	0	0	0	0	0	32
assemblage-379-824	0	9	0	0	0	0	0	0	0	0	0	0	0	0	0	0	0	0	0	66	0	0	0	0	0	0	0	0	0	0	0	0	24	0	45	0	0	0	0	0	0	0	0	0	0	0	0	0	0	0	0	16	0	0	0	0	0	17	0	0	0	0	0	0	0	0	12	0	0	9	0	0	82	0	0	0	0	0	0	0	0	1	0	146	0	0	0	8	0	0	57	0	0	0	0	0	0	0	0	8
assemblage-865-797	0	0	0	0	66	0	0	0	0	0	0	0	0	0	0	0	0	0	0	96	0	0	127	0	0	0	0	0	0	0	0	0	0	22	11	0	0	0	0	82	0	0	0	0	0	0	0	0	0	11	45	0	0	4	0	0	0	0	0	0	0	0	0	3	0	0	0	0	0	0	0	0	0	0	0	0	0	3	0	0	0	0	0	0	0	0	0	0	0	0	0	0	9	0	0	0	0	0	0	21
assemblage-451-195	0	0	0	0	0	0	0	0	0	0	0	0	0	0	0	0	0	0	10	187	15	0	109	41	0	0	18	0	0	0	0	0	0	0	11	0	0	0	0	0	0	0	0	0	0	0	0	0	0	0	0	0	0	0	0	0	0	0	0	0	0	0	0	0	0	0	0	0	0	8	0	0	8	0	0	0	0	0	0	0	0	0	0	43	0	0	0	0	0	0	33	0	0	0	0	0	0	0	0	17
assemblage-275-260	0	0	0	0	0	0	0	0	0	0	0	0	0	0	0	0	0	0	0	0	36	0	75	0	15	0	0	0	0	0	0	0	0	0	5	0	0	0	0	268	0	0	0	0	0	0	0	0	0	0	0	0	0	47	0	0	0	0	12	0	0	0	0	8	0	0	0	0	0	0	0	0	0	17	0	0	0	0	0	0	0	0	0	0	0	0	0	0	0	0	0	0	0	0	0	0	0	0	0	17
assemblage-261-263	0	0	0	0	0	0	0	0	0	0	0	0	0	0	0	0	0	0	0	0	26	0	56	0	23	0	0	0	0	0	0	0	0	0	14	0	0	0	0	270	0	0	0	0	0	0	0	0	0	0	0	0	0	42	0	0	0	0	16	0	0	0	0	9	0	0	0	0	0	0	0	0	0	20	0	0	0	0	0	0	0	0	0	0	0	0	0	0	0	0	0	8	0	0	0	0	0	0	0	16
assemblage-837-802	0	0	0	0	0	0	0	0	0	0	0	0	0	0	0	0	0	0	0	56	16	0	113	0	0	0	0	0	0	0	0	0	0	0	128	0	0	0	0	39	0	0	0	0	0	0	0	0	0	12	0	0	0	0	0	0	0	0	0	0	0	0	0	0	0	0	0	0	0	0	0	0	0	0	0	0	0	108	0	0	0	0	0	0	0	0	0	0	0	0	0	0	6	0	0	0	0	0	0	22
assemblage-863-789	0	0	15	0	0	0	0	0	0	0	0	0	0	0	0	0	0	0	0	77	0	0	123	0	0	0	0	0	0	0	0	0	0	0	74	0	0	0	0	66	0	0	0	0	0	0	0	0	0	0	37	0	0	0	0	11	0	0	0	0	0	0	0	0	0	0	0	0	5	0	0	19	17	0	0	0	0	7	0	0	0	0	0	0	0	0	0	0	0	0	0	0	22	5	0	0	0	0	0	22
assemblage-832-957	0	0	34	0	0	0	0	0	0	0	0	0	0	0	0	26	0	0	0	11	0	0	87	0	0	0	0	0	0	0	0	0	0	0	0	0	0	0	0	86	0	0	0	0	0	0	0	0	0	0	14	0	0	0	0	0	7	0	30	0	0	0	0	0	0	0	0	0	0	0	0	0	0	0	0	6	0	15	0	0	0	0	0	0	0	0	53	0	0	0	0	0	64	0	0	0	60	0	0	7
assemblage-955-304	0	0	0	0	0	0	0	0	0	0	0	0	0	0	0	0	0	0	0	98	0	0	13	0	0	0	0	0	0	0	0	0	0	0	226	0	0	0	0	122	0	0	0	0	0	0	0	0	0	0	0	0	0	0	0	0	0	0	0	0	0	0	0	0	0	0	0	0	21	0	0	0	0	0	0	0	0	0	0	0	0	0	0	0	0	0	0	0	0	0	0	0	0	0	0	0	8	0	0	12
assemblage-527-662	0	0	0	0	0	0	0	0	51	0	0	0	0	0	0	0	0	0	0	14	7	0	103	0	0	0	47	0	0	0	0	0	0	0	22	0	0	0	0	115	0	0	0	0	0	0	0	0	0	0	56	0	0	0	0	0	0	0	0	0	0	6	0	6	0	0	0	0	0	0	0	0	0	0	0	0	0	0	0	0	0	0	0	0	0	0	0	0	0	0	0	0	43	0	0	0	0	0	0	30
assemblage-262-886	0	0	0	0	0	0	0	0	0	0	0	0	0	0	0	0	0	0	133	23	58	0	49	0	0	0	29	0	0	0	0	0	0	0	98	0	0	0	0	0	0	0	4	0	0	0	0	0	0	0	15	0	29	0	0	0	0	0	0	0	0	0	0	0	0	0	0	0	0	0	0	0	0	0	0	0	0	0	0	0	3	0	0	44	0	0	0	0	0	0	0	0	0	0	0	0	0	0	0	15
assemblage-430-192	0	0	0	0	0	1	0	0	0	0	0	7	0	0	0	0	0	0	0	69	124	0	99	23	0	0	0	0	0	0	0	0	0	0	47	0	0	42	0	0	0	0	0	0	0	0	0	0	0	0	0	0	0	0	0	0	0	0	0	0	0	0	0	0	0	0	0	0	0	25	0	0	0	0	0	0	0	0	0	0	0	0	7	44	0	0	0	0	0	0	0	0	0	0	0	0	0	0	0	12
assemblage-825-957	0	0	35	0	0	0	0	0	0	0	0	0	0	0	0	14	0	0	0	11	0	0	102	0	0	0	0	0	0	0	0	0	0	0	0	0	0	0	0	67	0	0	0	0	0	0	0	0	0	0	16	0	0	0	0	0	9	0	12	0	0	0	0	0	0	0	0	0	0	0	0	0	0	0	0	0	0	30	0	0	0	0	0	0	0	0	49	0	0	0	0	0	76	0	0	0	64	0	0	15
assemblage-363-861	0	0	0	0	0	0	0	0	0	0	0	0	0	0	0	0	0	0	0	92	0	0	0	0	0	0	0	0	0	0	0	0	0	0	13	0	0	0	0	0	0	0	0	0	0	0	0	0	0	0	0	0	0	0	0	0	0	0	0	0	0	0	0	0	0	0	0	0	0	0	6	0	124	0	0	0	0	0	0	0	0	11	0	242	0	0	0	0	0	0	0	0	0	0	0	0	0	0	0	12
assemblage-162-502	0	0	0	0	0	0	0	0	0	0	0	0	0	0	0	0	0	0	0	122	0	0	0	0	0	0	0	0	0	0	0	0	0	0	12	0	0	0	0	0	0	0	0	0	0	0	0	0	0	0	0	0	0	0	0	0	0	0	0	0	0	0	0	0	0	0	0	0	0	0	8	0	80	0	0	0	0	0	0	0	0	15	0	241	0	0	0	0	0	0	0	0	0	0	0	0	0	0	0	22
assemblage-794-401	0	0	0	0	0	0	0	0	0	0	0	0	0	0	0	0	0	0	0	28	0	0	22	120	0	0	0	0	0	0	0	0	0	0	12	0	0	0	0	0	0	0	0	0	0	0	0	0	0	0	0	0	0	0	0	0	0	0	0	0	0	0	0	0	0	0	0	0	0	0	0	0	164	0	0	0	0	0	0	0	0	0	0	76	0	0	0	0	0	0	60	0	0	0	0	0	0	0	0	18
assemblage-111-935	0	0	0	0	0	0	0	0	9	0	0	0	0	0	0	0	0	0	0	21	0	0	222	0	54	0	19	0	0	0	0	0	0	0	0	0	0	0	0	85	0	0	0	0	0	0	0	0	0	15	0	0	0	0	0	0	0	0	0	0	0	0	0	0	0	0	0	0	0	0	0	0	0	0	0	0	0	53	0	0	0	0	0	0	0	0	0	0	0	0	0	0	0	0	0	0	0	0	0	22
assemblage-435-763	0	0	0	0	0	0	0	0	0	0	0	0	0	0	0	0	0	9	23	244	24	0	29	15	0	0	7	0	0	0	0	0	0	0	77	0	0	0	0	0	0	0	0	0	0	0	0	0	0	0	0	0	0	0	0	0	0	0	0	0	0	0	0	0	0	0	0	0	0	21	0	0	0	0	0	0	0	0	0	0	0	0	0	19	0	0	0	0	0	0	0	0	0	0	0	0	0	0	0	32
assemblage-413-864	0	0	0	0	0	0	0	0	12	0	0	0	0	0	0	0	26	0	87	20	28	0	47	0	0	0	72	0	0	0	0	0	0	0	87	0	0	0	0	0	0	0	0	0	29	0	10	0	0	0	28	0	0	0	0	0	0	0	0	0	0	0	0	0	0	0	0	0	0	0	0	0	11	0	0	0	0	0	0	0	0	0	0	0	0	0	0	0	0	0	0	0	27	0	0	0	0	0	0	16
assemblage-599-278	0	0	0	0	0	0	0	0	0	0	0	0	0	0	0	0	0	0	0	111	0	0	0	0	0	0	0	0	0	0	0	0	0	0	12	0	0	0	0	0	0	0	0	0	0	0	0	0	0	0	0	0	0	0	0	0	0	0	0	0	0	0	0	0	0	0	0	0	0	0	6	0	78	0	0	0	0	0	0	0	0	16	0	256	0	0	0	0	0	0	0	0	0	0	0	0	0	0	0	21
assemblage-475-889	0	0	0	0	14	0	0	0	0	0	0	0	0	0	0	0	0	0	0	31	64	0	74	0	0	0	0	0	0	0	0	0	0	0	138	0	0	0	0	23	0	15	0	0	0	0	0	0	0	0	63	0	0	0	0	0	0	0	0	0	0	0	0	0	0	0	0	0	0	0	0	0	15	0	0	0	0	33	0	0	0	0	0	0	0	0	0	0	0	0	0	0	0	0	0	0	0	0	0	30
assemblage-958-295	0	0	0	0	0	0	0	0	0	0	0	0	0	0	0	0	0	7	0	200	12	0	17	15	0	0	0	0	0	0	0	0	0	0	44	0	0	0	0	0	0	0	0	0	0	0	0	0	0	0	0	9	0	0	0	0	0	0	0	0	0	0	0	0	0	0	8	0	0	8	0	0	6	0	0	0	0	0	0	0	0	0	0	145	0	0	0	0	0	0	23	0	0	0	0	0	0	0	0	6
assemblage-373-179	0	0	0	0	16	0	0	0	0	0	0	0	0	0	0	0	0	0	0	18	72	0	61	0	0	0	0	0	0	0	0	0	0	0	150	0	0	0	0	33	0	17	0	0	0	0	0	0	0	0	69	0	0	0	0	0	0	0	0	0	0	0	0	0	0	0	0	0	0	0	0	0	11	0	0	0	0	37	0	0	0	0	0	0	0	0	0	0	0	0	0	0	0	0	0	0	0	0	0	16
assemblage-802-744	0	0	0	35	0	0	0	0	0	0	0	0	0	0	0	0	0	0	0	15	0	0	0	31	0	0	0	0	0	0	31	0	11	0	15	0	0	0	0	0	0	0	0	0	0	0	0	0	0	0	0	0	0	0	0	0	0	0	0	0	0	0	0	0	0	0	0	0	0	0	0	0	204	0	0	0	0	0	0	0	0	0	0	75	0	0	0	12	0	0	54	0	0	0	0	0	0	7	0	10
assemblage-488-381	0	0	0	0	0	0	14	0	0	0	0	0	0	0	0	0	0	5	0	256	0	0	0	23	0	0	0	0	0	0	0	0	0	0	30	0	0	0	0	0	0	0	0	0	0	0	0	0	0	0	0	0	0	0	0	0	0	0	0	0	0	0	0	0	0	0	0	0	0	17	0	0	30	0	0	0	0	0	0	0	0	20	0	16	0	0	0	0	0	0	67	0	0	0	0	0	0	0	0	22
assemblage-132-399	0	0	0	0	18	0	0	0	0	0	0	0	0	0	0	0	0	0	0	22	75	0	90	0	0	0	0	0	0	0	0	0	0	0	137	0	0	0	0	23	0	15	0	0	0	0	0	0	0	0	67	0	0	0	0	0	0	0	0	0	0	0	0	0	0	0	0	0	0	0	0	0	16	0	0	0	0	27	0	0	0	0	0	0	0	0	0	0	0	0	0	0	0	0	0	0	0	0	0	10
assemblage-421-768	0	0	0	0	0	0	0	0	0	0	4	11	0	0	0	0	0	0	0	88	34	0	52	60	0	0	0	0	0	0	0	0	0	0	7	0	0	0	0	0	0	0	0	0	0	0	0	0	0	0	0	0	0	0	0	0	0	0	0	0	0	0	0	0	0	0	0	0	0	23	0	0	123	0	0	0	0	0	0	0	0	0	0	55	0	11	0	0	0	0	20	0	0	0	0	0	0	0	0	12
assemblage-800-130	0	0	0	0	0	0	0	0	0	0	0	0	0	0	0	0	0	0	0	20	0	0	0	0	0	0	0	0	0	0	14	0	13	0	256	0	0	0	0	0	0	0	0	0	0	0	0	0	0	0	0	0	0	0	0	0	0	0	0	0	0	0	0	0	0	0	0	0	0	0	0	0	142	0	0	0	0	0	0	0	0	0	0	14	0	0	0	0	22	0	0	0	0	0	0	0	0	0	0	19
assemblage-826-970	0	0	29	0	0	0	0	0	0	0	0	0	0	0	0	16	0	0	0	6	0	0	114	0	0	0	0	0	0	0	0	0	0	0	0	0	0	0	0	69	0	0	0	0	0	0	0	0	0	0	8	0	0	0	0	0	8	0	20	0	0	0	0	0	0	0	0	0	0	0	0	0	0	0	0	0	0	18	0	0	0	0	0	0	0	0	46	0	0	0	0	0	67	0	0	0	75	0	0	24
assemblage-972-268	0	0	0	0	0	0	0	0	0	0	0	0	0	0	0	0	0	14	0	192	7	0	21	14	0	0	0	0	0	0	0	0	0	0	42	0	0	0	0	0	0	0	0	0	0	0	0	0	0	0	0	0	0	0	0	0	0	0	0	0	0	0	0	0	0	0	5	0	0	5	0	0	0	0	0	0	0	0	0	0	0	0	0	136	0	0	0	0	0	0	36	0	0	0	0	0	0	0	0	28
assemblage-479-511	0	0	0	0	0	0	0	0	0	0	0	0	0	0	0	0	0	0	0	39	11	0	57	0	0	0	0	0	0	0	0	34	0	0	102	0	0	0	0	14	0	0	0	0	0	0	0	0	0	0	52	0	0	0	0	0	0	0	0	0	13	0	0	0	0	0	0	0	0	0	0	0	70	0	0	0	0	37	0	0	0	0	0	0	0	0	0	0	0	0	0	0	58	0	0	0	0	0	0	13
assemblage-275-727	0	0	0	0	0	0	0	0	0	0	0	0	0	0	0	0	0	0	0	22	0	0	30	110	0	0	0	0	0	0	0	0	0	0	7	0	0	0	0	0	0	0	0	0	0	0	0	0	0	0	0	0	0	0	0	0	0	0	0	0	0	0	0	0	8	0	0	0	0	0	0	0	167	0	0	0	0	0	0	0	0	0	0	87	0	0	0	0	0	0	57	0	0	0	0	0	0	0	0	12
assemblage-804-125	0	0	0	0	0	0	0	0	0	0	0	0	0	0	0	0	0	0	0	15	0	0	0	0	0	0	0	0	0	0	0	0	0	0	297	0	0	0	0	0	0	0	0	0	0	0	0	0	0	0	0	0	0	0	0	0	0	0	0	0	0	0	0	0	0	0	0	0	0	0	0	0	58	0	0	0	4	0	49	0	0	0	0	39	0	0	0	0	0	0	14	0	0	0	0	0	0	0	0	24
assemblage-919-801	0	0	0	0	0	0	0	31	0	0	0	0	0	0	0	0	0	0	0	42	0	0	0	0	0	0	0	0	0	0	91	0	0	0	0	0	0	0	0	0	0	0	0	0	0	0	0	0	0	0	0	0	0	0	0	0	0	0	0	0	0	0	0	0	0	0	0	0	0	0	0	0	220	0	0	0	0	0	0	0	0	0	0	70	0	0	0	0	0	0	36	0	0	0	0	0	0	0	0	10
assemblage-160-519	0	0	0	0	0	0	0	0	0	0	0	0	0	0	0	0	0	0	0	102	0	0	0	0	0	0	0	0	0	0	0	0	0	0	14	0	0	0	0	0	0	0	0	0	0	0	0	0	0	0	0	0	0	0	0	0	0	0	0	0	0	0	0	0	0	0	0	0	0	0	8	0	84	0	0	0	0	0	0	0	0	14	0	259	0	0	0	0	0	0	0	0	0	0	0	0	0	0	0	19
assemblage-436-224	0	0	0	0	0	0	0	0	0	0	0	0	0	0	0	0	0	0	3	203	18	0	107	18	0	0	17	0	0	0	0	0	0	0	4	0	0	0	0	0	0	0	0	0	0	0	0	0	0	0	0	0	0	0	0	0	0	0	0	0	0	0	0	0	0	0	0	0	0	0	0	0	5	0	0	0	0	0	0	0	0	0	0	53	0	0	0	0	0	0	40	0	0	0	0	0	0	0	0	32
assemblage-949-300	0	0	0	0	0	0	0	0	0	0	0	0	0	0	0	0	0	0	0	100	0	0	8	0	0	0	0	0	0	0	0	0	0	0	252	0	0	0	0	113	0	0	0	0	0	0	0	0	0	0	0	0	0	0	0	0	0	0	0	0	0	0	0	0	0	0	0	0	12	0	0	0	0	0	0	0	0	0	0	0	0	0	0	0	0	0	0	0	0	0	0	0	0	0	0	0	0	0	0	15
assemblage-376-184	0	0	0	0	0	0	0	0	27	0	0	0	0	0	0	0	0	0	0	31	25	0	77	0	0	0	47	0	0	0	0	0	0	0	88	0	0	0	0	118	0	0	0	0	0	0	0	0	0	0	0	0	0	0	0	0	0	0	0	0	0	0	0	0	0	0	0	9	0	0	0	0	0	0	0	0	0	52	0	0	0	0	0	0	0	0	0	0	0	0	0	0	0	0	0	0	0	0	0	26
assemblage-489-515	0	0	0	0	20	0	0	0	0	0	0	0	0	0	0	0	0	0	0	27	64	0	69	0	0	0	0	0	0	0	0	0	0	0	154	0	0	0	0	17	0	12	0	0	0	0	0	0	0	0	76	0	0	0	0	0	0	0	0	0	0	0	0	0	0	0	0	0	0	0	0	0	12	0	0	0	0	33	0	0	0	0	0	0	0	0	0	0	0	0	0	0	0	0	0	0	0	0	0	16
assemblage-858-776	0	0	12	0	0	0	0	0	0	0	0	0	0	0	0	0	0	0	0	91	0	0	94	0	0	0	0	0	0	0	0	0	0	0	83	0	0	0	0	80	0	0	0	0	0	0	0	0	0	0	31	0	0	0	0	1	0	0	0	0	0	0	0	0	0	0	0	0	0	0	0	35	23	0	0	0	0	10	0	0	0	0	0	0	0	0	0	0	0	0	0	0	20	0	0	0	0	0	0	20
assemblage-895-169	0	0	0	0	0	0	0	0	0	0	0	0	0	0	0	0	0	0	85	26	20	0	194	0	0	0	24	0	0	0	0	0	0	0	30	0	0	0	0	0	0	0	0	0	0	0	0	0	0	0	41	0	0	0	0	0	0	0	0	0	0	0	0	0	0	0	0	0	0	0	0	0	34	0	0	0	0	0	0	0	0	0	0	0	0	0	0	0	0	0	0	0	14	0	0	0	0	0	0	32
assemblage-424-663	0	0	0	0	0	0	0	0	0	0	0	0	0	0	0	0	0	0	0	0	0	0	0	0	0	0	0	0	0	0	5	0	0	0	54	0	0	0	0	0	0	0	0	0	0	0	0	0	0	0	0	0	0	0	0	0	0	0	0	0	0	0	0	0	0	0	0	0	0	0	0	0	179	0	0	0	0	0	0	0	0	0	0	174	11	0	0	0	0	0	0	0	0	0	0	0	0	62	0	15
assemblage-483-894	0	0	0	0	9	0	0	0	0	0	0	0	0	0	0	0	0	0	0	31	88	0	74	0	0	0	0	0	0	0	0	0	0	0	131	0	0	0	0	16	0	17	0	0	0	0	0	0	0	0	78	0	0	0	0	0	0	0	0	0	0	0	0	0	0	0	0	0	0	0	0	0	16	0	0	0	0	27	0	0	0	0	0	0	0	0	0	0	0	0	0	0	0	0	0	0	0	0	0	13
assemblage-601-285	0	0	0	17	0	0	0	0	0	0	0	0	0	0	9	0	0	0	0	29	0	0	0	108	0	2	0	0	0	0	0	0	0	0	40	0	0	0	0	0	0	0	0	0	0	12	0	0	0	0	0	0	0	0	0	0	0	7	0	0	0	0	0	0	0	0	0	0	0	0	0	0	144	0	0	0	0	0	0	0	0	2	0	78	0	0	0	23	0	0	20	0	0	0	0	0	0	0	0	9
assemblage-460-382	0	0	0	0	0	0	9	0	0	0	0	0	0	0	0	0	0	10	0	229	0	0	0	33	0	0	0	0	0	0	0	0	0	0	29	0	0	0	0	0	4	0	0	0	0	0	0	0	0	0	0	0	0	0	0	0	0	0	0	0	0	0	0	0	0	0	0	0	0	16	0	0	34	0	0	0	0	0	0	0	0	24	0	27	0	0	0	0	0	0	70	0	0	0	0	0	0	0	0	15
assemblage-273-900	0	0	0	0	0	0	0	0	0	0	0	0	0	0	0	0	0	0	144	93	13	0	67	22	0	0	0	0	0	17	0	0	0	0	96	0	0	0	0	0	0	0	0	0	0	0	0	0	0	0	37	0	0	0	0	0	0	0	0	0	0	0	0	0	0	0	0	0	0	0	0	0	0	0	0	0	0	0	0	0	0	0	0	0	0	0	0	0	0	0	0	0	0	0	0	0	0	0	0	11
assemblage-800-398	0	0	0	0	0	0	0	0	0	0	0	0	0	0	0	0	0	0	0	122	0	0	0	21	0	0	0	0	0	0	0	0	0	0	0	0	0	0	0	0	0	0	0	0	0	0	0	0	0	0	0	0	0	0	0	0	0	0	0	0	0	0	0	0	0	0	0	0	0	0	0	0	194	0	0	0	0	0	0	0	0	0	0	147	0	0	0	0	0	0	0	0	0	0	0	0	0	0	0	16
assemblage-429-781	0	0	0	0	0	0	0	0	0	0	0	21	0	0	0	0	0	0	0	66	42	0	55	48	0	0	0	0	0	0	0	0	0	0	7	0	0	0	0	0	0	0	0	0	0	0	0	0	0	0	0	0	0	0	0	0	0	0	0	0	0	0	0	0	0	0	0	0	0	22	0	0	134	0	0	0	0	0	0	0	0	0	0	56	0	8	0	0	0	0	12	0	0	0	0	0	0	0	0	29
assemblage-410-115	0	0	0	0	0	0	0	0	0	0	0	1	0	0	0	0	0	0	137	26	58	0	39	0	0	0	25	0	0	0	0	0	0	0	101	0	0	0	0	0	0	0	0	0	0	0	0	0	0	0	19	0	16	0	0	0	0	0	0	0	0	0	0	0	0	0	0	0	0	0	0	0	0	0	0	0	0	0	0	0	0	0	0	49	0	0	0	0	0	0	0	0	0	0	0	0	0	0	0	29
assemblage-427-192	0	0	0	0	0	10	0	0	0	0	0	0	0	0	0	0	0	0	5	62	121	0	80	29	0	0	0	0	0	0	0	0	0	0	67	0	0	43	0	0	0	0	0	0	0	0	0	0	0	0	0	0	0	0	0	0	0	0	0	0	0	0	0	0	0	0	0	0	0	18	0	0	0	0	0	0	0	0	0	0	0	0	3	38	0	0	0	0	0	0	0	0	0	0	0	0	0	0	0	24
assemblage-227-401	0	0	0	0	0	0	0	0	0	0	0	0	0	0	0	0	0	0	14	31	112	0	40	0	0	0	0	0	0	0	0	0	0	0	166	0	0	0	0	0	0	0	0	0	0	0	0	0	0	0	68	0	0	0	0	0	0	0	0	0	0	0	0	0	0	0	0	4	0	0	0	0	0	0	0	0	0	0	0	0	0	0	0	0	0	0	0	0	0	0	0	0	27	0	0	0	0	0	0	38
assemblage-1008-722	0	0	0	0	0	4	0	0	0	0	0	7	0	0	0	0	0	0	0	54	148	0	76	45	0	0	0	0	0	0	0	0	0	0	52	0	0	30	0	0	0	0	0	0	0	0	0	0	0	0	0	0	0	0	0	0	0	0	0	0	0	0	0	0	0	0	0	0	0	19	0	0	0	0	0	0	0	0	0	0	0	0	0	45	0	0	0	0	0	0	0	0	0	0	0	0	0	0	0	20
assemblage-667-575	0	0	0	0	0	0	0	0	9	0	0	0	0	0	0	0	0	0	88	21	22	10	189	0	0	0	26	0	0	0	0	0	0	0	29	0	0	0	0	0	0	0	0	0	0	0	0	0	0	0	42	0	0	0	0	0	0	0	0	0	0	0	0	0	0	0	0	0	0	0	0	0	29	0	0	0	0	0	0	0	0	0	0	0	0	0	0	0	0	0	0	0	16	0	0	0	0	0	0	19
assemblage-917-785	0	0	0	0	0	0	0	0	0	0	0	0	0	0	0	0	0	0	0	0	0	0	0	0	0	0	0	0	0	0	0	0	0	0	36	0	0	0	0	0	0	0	0	0	0	0	0	0	0	0	0	0	0	0	0	0	0	0	0	0	0	0	0	0	0	0	0	0	0	0	0	0	177	0	0	0	0	0	0	0	0	0	0	217	0	0	0	0	0	0	0	0	0	0	0	0	0	48	0	22
assemblage-276-265	0	0	0	0	0	0	0	0	0	0	0	0	0	0	0	0	0	0	0	0	27	0	80	0	15	0	0	0	0	0	0	0	0	0	8	0	0	0	0	263	0	0	0	0	0	0	0	0	0	0	0	0	0	40	0	0	0	0	12	0	0	0	0	10	0	0	0	0	0	0	0	0	0	25	0	0	0	0	0	0	0	0	0	0	0	0	0	0	0	0	0	5	0	0	0	0	0	0	0	15
assemblage-787-755	0	0	0	0	0	0	0	0	0	0	0	0	0	0	0	0	0	0	0	85	0	0	0	0	0	0	0	0	0	0	0	0	57	0	140	0	0	0	0	0	0	0	0	0	0	0	0	0	2	0	0	0	0	0	0	0	0	0	0	0	0	0	0	0	0	0	0	0	0	0	0	0	30	0	0	0	0	0	0	0	0	0	0	125	0	0	0	34	0	0	10	0	0	0	0	0	0	0	0	17
assemblage-261-874	5	0	0	0	0	0	0	0	0	0	0	0	0	0	0	0	0	0	42	97	74	0	80	0	0	0	16	0	0	0	0	0	0	0	43	0	0	0	0	0	0	0	0	0	0	0	0	0	0	0	13	0	0	0	0	0	0	0	0	0	0	0	0	0	0	0	0	0	0	52	0	0	14	0	0	0	0	0	0	0	0	0	0	55	0	0	0	0	0	0	0	0	0	0	0	0	0	0	0	9
assemblage-172-503	0	0	0	0	0	0	0	0	0	0	0	0	0	0	0	0	0	0	0	66	0	0	0	10	0	0	0	0	0	0	0	0	24	0	48	0	0	0	0	0	0	0	0	0	0	0	0	0	0	0	0	11	0	0	0	0	0	14	0	0	0	0	0	0	0	0	9	0	0	0	0	0	92	0	0	0	0	0	0	0	0	9	0	143	0	0	0	0	0	0	56	0	0	0	0	0	0	0	0	18
assemblage-461-365	0	0	0	0	0	0	0	0	0	0	0	0	0	0	0	0	0	0	0	103	0	0	0	16	0	0	0	0	0	0	0	0	0	0	0	0	0	0	0	0	0	0	0	0	0	0	0	0	0	0	0	0	0	0	0	0	0	0	0	0	0	0	0	0	0	0	0	0	0	0	0	0	214	0	0	0	0	0	0	0	0	0	0	156	0	0	0	0	0	0	0	0	0	0	0	0	0	0	0	11
assemblage-801-129	0	0	0	0	0	0	0	0	0	7	0	0	0	0	0	0	0	0	0	26	0	0	0	0	0	0	0	0	0	0	0	0	0	0	300	0	0	0	0	0	0	0	0	0	0	0	0	0	0	0	0	0	0	0	0	0	0	0	0	0	0	0	0	0	0	0	0	0	0	0	0	0	48	0	0	0	12	0	44	0	0	0	0	41	0	0	0	0	11	0	7	0	0	0	0	0	0	0	0	4
assemblage-914-787	0	0	0	0	0	0	0	0	0	0	0	0	0	0	0	0	0	0	0	39	0	0	0	0	0	0	0	0	0	0	12	0	20	0	227	0	0	0	0	0	0	0	0	0	0	0	0	0	0	0	0	0	0	0	0	0	0	0	0	0	0	0	0	0	0	0	0	0	0	0	0	0	132	0	0	0	0	0	0	0	0	0	0	24	0	0	0	0	30	0	0	0	0	0	0	0	0	0	0	16
assemblage-824-965	0	0	26	0	0	0	0	0	0	0	0	0	0	0	0	15	0	0	0	12	0	0	100	0	0	0	0	0	0	0	0	0	0	0	0	0	0	0	0	83	0	0	0	0	0	0	0	0	0	0	14	0	0	0	0	0	10	0	20	0	0	0	0	0	0	0	0	0	0	0	0	0	0	0	0	3	0	21	0	0	0	0	0	0	0	0	53	0	0	0	0	0	60	0	0	0	77	0	0	6
assemblage-277-258	0	0	0	0	0	0	0	0	0	0	0	0	0	0	0	0	0	0	0	0	29	0	68	0	22	0	0	0	0	0	0	0	0	0	11	0	0	0	0	268	0	0	0	0	0	0	0	0	0	0	0	0	0	31	0	0	0	0	14	0	0	0	0	11	0	0	0	0	0	0	0	0	0	19	0	0	0	0	0	0	0	0	0	0	0	0	0	0	0	0	0	0	0	0	0	0	0	0	0	27
assemblage-994-710	0	0	0	0	0	0	0	0	0	0	0	0	0	0	0	0	0	5	17	266	25	0	33	11	0	0	8	0	0	0	0	0	0	0	58	0	0	0	0	0	0	0	0	0	0	0	0	0	0	0	0	0	0	0	0	0	0	0	0	7	0	0	0	0	0	0	0	0	0	26	0	0	0	0	7	0	0	0	0	0	0	0	0	23	0	0	0	0	0	0	0	0	0	0	0	0	0	0	0	14
assemblage-730-265	0	0	14	0	0	0	0	0	0	0	0	0	0	0	0	0	0	0	0	106	0	0	120	0	0	0	0	0	0	0	0	0	0	0	65	0	0	0	0	55	0	0	0	0	0	0	0	0	0	0	34	0	0	0	0	16	0	0	0	0	0	0	0	0	0	0	0	0	0	0	0	30	17	0	0	0	0	10	0	0	0	0	0	0	0	0	0	0	0	0	0	0	16	0	0	0	0	0	0	17
assemblage-990-744	0	0	0	0	0	0	0	0	0	0	0	14	0	0	0	0	0	0	0	63	32	0	60	59	0	0	0	0	0	0	0	0	0	0	7	0	0	0	0	0	0	0	0	0	0	0	0	0	0	0	0	0	0	0	0	0	0	0	0	0	0	0	0	0	0	0	0	0	0	19	0	0	128	0	0	0	0	0	0	0	0	0	0	66	0	18	0	0	0	0	13	0	0	0	0	0	0	0	0	21
assemblage-375-188	0	0	0	0	0	0	0	0	23	0	0	0	0	0	0	0	0	0	0	47	29	0	102	0	0	0	12	0	0	0	0	7	0	0	93	0	0	0	0	43	0	0	0	0	0	0	0	0	0	0	34	0	0	0	0	0	0	0	0	0	0	0	0	0	0	0	0	0	0	0	0	0	31	0	0	0	0	32	0	0	0	0	0	0	0	0	0	0	0	0	0	0	19	0	0	0	0	0	0	28
assemblage-893-167	0	0	0	0	0	0	0	0	11	0	0	0	0	0	0	0	0	0	0	122	0	0	20	0	0	0	12	0	0	0	0	0	0	0	112	0	0	0	0	11	0	0	0	0	5	0	0	0	0	0	62	0	0	0	0	0	0	0	0	0	0	0	0	0	0	0	0	0	0	37	0	0	49	0	0	0	0	0	0	0	0	0	0	0	0	0	0	0	0	0	0	0	31	0	16	0	0	0	0	12
assemblage-779-409	0	0	0	0	0	0	0	0	0	0	0	0	0	0	0	0	0	0	0	29	0	0	25	112	0	0	0	0	0	0	0	0	0	0	12	0	0	0	0	0	0	0	0	0	0	0	0	0	0	0	0	0	0	0	0	0	0	0	0	0	0	0	0	0	12	0	0	0	0	0	0	0	173	0	0	0	0	0	0	0	0	0	0	75	0	0	0	0	0	0	49	0	0	0	0	0	0	0	0	13
assemblage-389-408	0	0	0	0	0	0	0	0	0	0	0	0	0	0	0	0	0	0	16	45	11	0	180	0	0	0	0	0	0	0	0	0	0	0	9	0	0	0	0	0	0	0	0	0	0	0	0	0	0	0	16	0	0	0	0	0	0	0	0	2	0	0	0	0	0	0	0	0	0	109	0	0	98	0	0	0	0	0	0	0	0	0	0	0	0	0	0	0	0	0	0	0	0	0	0	0	0	0	0	14
assemblage-961-281	0	0	0	0	0	0	10	0	0	0	0	0	0	0	0	0	0	17	0	234	0	0	0	41	0	0	0	0	0	0	0	0	0	0	27	0	0	0	0	0	0	0	0	0	0	0	0	0	0	0	0	0	0	0	0	0	0	0	0	0	0	0	0	0	0	0	0	0	0	27	0	0	31	0	0	0	0	0	0	0	0	16	0	22	0	0	0	0	0	0	57	0	0	0	0	0	0	0	0	18
assemblage-521-677	0	0	0	0	0	0	0	0	62	0	0	0	0	0	0	0	0	0	0	21	0	0	90	0	0	0	52	0	0	0	0	0	0	0	25	0	0	0	0	122	0	0	0	0	0	0	0	0	0	0	47	0	0	3	0	0	0	0	0	0	0	0	0	4	0	0	0	0	0	0	0	0	0	0	0	0	0	0	0	0	0	0	0	0	0	0	0	0	0	0	0	0	42	0	0	9	0	0	0	23
assemblage-701-261	0	0	0	0	57	0	0	0	0	0	0	0	4	0	0	0	0	0	0	97	0	0	130	0	0	0	0	0	0	0	0	0	0	30	12	0	0	0	0	70	0	0	0	0	0	0	0	0	0	13	37	0	0	0	0	0	0	0	0	0	0	0	0	9	0	0	0	0	0	0	0	0	0	0	0	0	0	9	0	0	0	0	0	0	0	0	0	0	0	0	0	0	5	0	0	0	0	0	0	27
assemblage-513-707	0	0	0	0	0	10	0	0	0	0	0	0	0	0	0	0	0	0	0	67	136	0	90	26	0	0	0	0	8	0	0	0	0	0	43	0	0	34	0	0	0	0	0	0	0	0	0	0	0	0	0	0	0	0	0	0	0	0	0	0	0	0	0	0	0	0	0	0	0	25	0	0	0	0	0	0	0	0	0	0	0	0	4	33	0	0	0	0	0	0	0	0	0	0	0	0	0	0	0	24
assemblage-755-622	0	0	0	0	0	0	0	0	0	0	0	0	0	0	0	0	0	0	0	29	0	0	0	0	0	0	0	0	0	0	8	0	23	0	239	0	0	0	0	0	0	0	0	0	0	0	0	0	0	0	0	0	0	0	0	0	0	0	0	0	0	0	0	0	0	0	0	0	0	0	0	0	145	0	0	0	0	0	0	0	0	0	0	20	0	0	0	0	19	0	0	0	0	0	0	0	0	0	0	17
assemblage-835-941	0	0	35	0	0	0	0	0	0	0	0	0	0	0	0	14	0	0	0	11	0	0	98	0	0	0	0	0	0	0	0	0	0	0	0	0	0	0	0	74	0	0	0	0	0	0	0	0	0	0	23	0	0	0	0	0	9	0	14	0	0	0	0	0	0	0	0	0	0	0	0	0	0	0	0	3	0	21	0	0	0	0	0	0	0	0	46	0	0	0	0	0	52	0	0	0	82	0	0	18
assemblage-751-631	0	0	0	0	0	0	0	30	0	0	0	0	0	0	0	0	0	0	0	37	0	0	0	0	0	0	0	0	0	0	87	0	0	0	0	0	0	0	0	0	0	0	0	0	0	0	0	0	0	0	0	0	0	0	0	0	0	0	0	0	0	0	0	0	0	0	0	0	0	0	0	0	226	0	0	0	0	0	0	0	0	0	0	75	0	0	0	0	0	0	18	0	0	0	0	0	0	0	0	27
assemblage-443-195	0	0	0	0	0	0	0	0	0	0	0	0	0	0	0	0	0	0	6	186	10	0	126	23	0	0	13	0	0	0	0	0	0	0	10	0	0	0	0	0	0	0	0	0	0	0	0	0	0	0	0	0	0	0	0	0	0	0	0	0	0	0	0	0	0	0	0	0	0	11	0	0	6	0	0	0	0	0	0	0	0	0	0	47	0	0	0	0	0	0	31	0	0	0	0	0	0	0	0	31
assemblage-496-703	0	0	0	0	0	0	0	0	0	0	0	0	0	0	0	0	0	0	8	197	9	0	119	27	0	0	18	0	0	0	0	0	0	0	20	0	0	0	0	0	0	0	0	0	0	0	0	0	0	0	0	0	0	0	0	0	0	0	0	0	0	0	0	0	0	0	0	0	0	4	0	0	10	0	0	0	0	0	0	0	0	0	0	28	0	0	0	0	0	0	38	0	0	0	0	0	0	0	0	22
assemblage-391-432	0	0	0	0	0	0	0	0	0	0	0	0	0	0	0	0	0	0	24	56	9	0	190	0	0	0	0	0	0	0	0	0	0	0	6	0	0	0	0	0	0	0	0	0	0	0	0	0	0	0	15	0	0	0	0	0	0	0	0	0	0	0	0	0	0	0	0	0	0	89	0	0	91	0	0	0	0	0	0	0	0	0	0	0	0	0	0	0	0	0	0	0	0	0	0	0	0	0	0	20
assemblage-379-174	0	0	0	0	0	0	0	0	0	0	0	0	0	0	0	0	0	0	0	35	8	0	69	0	0	0	0	0	0	0	0	32	0	0	96	0	0	0	0	13	0	0	0	0	0	0	0	0	0	0	38	0	0	0	0	0	0	0	0	0	14	0	0	0	0	0	0	0	0	0	0	0	57	0	0	0	0	55	0	0	0	0	0	0	0	0	0	0	0	0	0	0	71	0	0	0	0	0	0	12
assemblage-113-959	0	0	0	0	0	0	0	0	6	0	0	0	0	0	0	0	0	0	0	14	0	0	252	0	55	0	27	0	0	0	0	0	0	0	0	0	0	0	0	65	0	0	0	0	0	0	0	0	0	20	0	0	0	0	0	0	0	0	0	0	0	0	0	0	0	0	0	0	0	0	0	0	0	0	0	0	0	46	0	0	0	0	0	0	0	0	0	0	0	0	0	0	0	0	0	0	0	0	0	15
assemblage-534-685	0	0	12	0	0	0	0	0	0	0	0	0	0	0	0	0	0	0	0	89	0	0	109	0	0	0	0	0	0	0	0	0	0	0	86	0	0	0	0	75	0	0	0	0	0	0	0	0	0	0	48	0	0	0	0	0	0	0	0	0	0	0	0	0	0	0	0	0	5	0	0	14	14	0	0	0	0	7	0	0	0	0	0	0	0	0	0	0	0	0	0	0	15	0	0	0	0	0	0	26
assemblage-432-775	0	0	0	0	0	9	0	0	0	0	0	0	0	0	0	0	0	0	8	76	110	0	92	25	0	0	0	0	0	5	0	0	0	0	57	0	0	45	0	0	0	0	0	0	0	0	0	0	0	0	0	0	0	0	0	0	0	0	0	0	0	0	0	0	0	0	0	0	0	21	0	0	0	0	0	0	0	0	0	0	0	0	0	30	0	0	0	0	0	0	0	0	0	0	0	0	0	0	0	22
assemblage-169-400	0	0	0	0	0	0	0	0	46	0	0	0	0	0	0	0	0	0	18	67	0	0	154	0	0	0	0	0	0	0	0	0	0	0	45	0	0	0	0	30	0	0	0	0	0	0	0	0	0	0	18	0	0	0	0	0	0	0	0	0	0	0	0	0	0	0	0	0	0	0	0	0	93	0	0	0	0	17	0	0	0	0	0	0	0	0	0	0	0	0	0	0	5	0	0	0	0	0	0	7
assemblage-991-720	0	0	0	0	0	0	0	0	0	0	0	11	0	0	0	0	0	0	0	84	45	0	44	43	0	0	0	0	0	0	0	0	0	0	11	12	0	0	0	0	0	0	0	0	0	0	0	0	0	0	0	0	0	0	0	0	0	0	0	0	0	0	0	0	0	0	0	0	0	22	0	0	140	0	0	0	0	0	0	0	0	0	0	54	0	17	0	0	0	0	5	0	0	0	0	0	0	0	0	12
assemblage-212-405	0	0	0	0	0	0	0	0	0	0	0	0	0	0	0	0	0	0	1	26	144	0	42	0	0	0	0	0	0	0	0	0	0	0	136	0	0	0	0	0	0	0	0	0	10	0	0	0	0	0	73	0	0	0	4	0	0	0	0	0	0	0	0	0	0	0	0	7	0	0	0	0	0	0	0	0	0	0	0	0	0	0	0	0	0	0	0	0	0	4	0	0	30	0	0	0	0	0	0	23
assemblage-430-681	0	0	0	0	0	0	0	0	0	0	0	0	0	0	0	0	0	0	0	31	0	0	0	0	0	0	0	0	0	0	0	0	0	0	286	0	0	0	0	0	0	0	0	0	0	0	0	0	0	0	0	0	0	0	0	0	0	0	0	0	0	0	0	0	0	0	0	0	0	0	0	0	43	0	0	0	11	0	51	0	0	0	0	44	0	0	0	0	0	0	17	0	0	0	0	0	0	0	0	17
assemblage-849-805	0	0	0	0	0	0	0	0	38	0	0	0	0	0	0	0	0	0	0	7	12	0	81	0	0	0	61	0	0	0	0	0	0	0	21	0	0	0	0	135	0	0	0	0	0	0	0	0	0	0	40	0	0	0	0	0	0	0	0	0	0	10	0	0	0	0	0	0	0	0	0	0	0	0	0	0	0	4	0	0	0	0	0	0	0	0	0	0	0	0	0	0	62	0	0	0	0	0	0	29
assemblage-530-672	0	0	0	0	0	0	0	0	0	0	0	0	0	0	0	0	0	0	0	45	11	0	135	0	0	0	0	0	0	0	0	0	0	0	119	0	0	0	0	52	0	0	0	0	0	0	0	0	0	5	0	0	0	0	0	0	0	0	0	0	0	0	0	0	0	0	0	0	0	0	0	0	0	0	0	0	0	111	0	0	0	0	0	0	0	0	0	0	0	0	0	0	0	0	0	0	0	0	0	22
assemblage-533-383	0	0	0	0	0	0	0	0	6	0	0	0	0	0	0	0	0	0	0	44	9	0	142	0	0	0	0	0	0	0	0	0	0	0	100	0	0	0	0	66	0	0	0	0	0	0	0	0	0	9	0	0	0	0	0	0	0	0	0	0	0	0	0	0	0	0	0	0	0	0	0	0	0	0	0	0	0	101	0	0	0	0	0	0	0	0	0	0	0	0	0	0	4	0	0	0	0	0	0	19
assemblage-506-671	0	0	14	0	0	0	0	0	0	0	0	0	0	0	0	0	0	0	0	90	0	0	96	0	0	0	0	0	0	0	0	0	0	0	70	0	0	0	0	95	0	0	0	0	0	0	0	0	0	0	37	0	0	0	0	5	0	0	0	0	0	0	0	0	0	0	0	0	0	0	0	27	20	0	0	0	0	6	0	0	0	0	0	0	0	0	0	0	0	0	0	0	24	0	0	0	0	0	0	16
assemblage-355-837	0	0	0	0	0	0	0	0	0	0	0	0	0	0	0	0	0	0	0	38	0	0	0	16	0	0	0	8	0	0	0	0	7	0	15	0	11	0	0	0	0	0	0	0	0	0	0	0	0	0	0	0	0	0	0	0	0	10	0	0	0	0	0	0	0	0	0	0	0	0	0	0	223	0	0	0	0	0	0	0	0	20	0	101	0	0	0	30	0	0	8	0	0	0	0	0	0	0	0	13
assemblage-443-762	0	0	0	0	0	0	0	0	0	0	0	5	0	0	0	0	0	0	11	166	45	0	75	29	0	0	4	0	0	0	0	0	0	0	36	0	0	9	0	0	0	0	0	0	0	0	0	0	0	0	0	0	0	0	0	0	0	0	0	0	0	0	0	0	0	0	0	0	0	14	0	0	28	0	0	0	0	0	0	0	0	0	0	27	0	0	0	0	0	0	18	0	0	0	0	0	0	0	0	33
assemblage-490-502	0	0	0	0	0	0	0	0	0	0	0	0	0	0	0	0	0	0	0	31	10	0	79	0	0	0	0	0	0	0	0	35	0	0	95	0	0	0	0	16	0	0	0	0	0	0	0	0	0	0	41	0	0	0	0	0	0	0	0	0	7	0	0	0	0	0	0	0	0	0	0	0	56	0	0	0	0	33	0	0	0	0	0	0	0	0	0	0	0	0	0	0	78	0	0	0	0	0	0	19
assemblage-421-662	0	0	0	0	0	0	0	0	0	0	0	0	0	0	0	0	0	0	0	0	0	0	0	0	0	0	0	0	0	0	0	0	0	0	57	0	0	0	0	0	0	0	0	0	0	0	0	0	0	0	0	0	0	0	0	0	0	0	0	0	0	0	0	0	0	0	0	0	0	0	0	0	173	0	0	0	0	0	0	0	0	0	0	185	7	0	0	0	0	0	0	0	0	0	0	0	0	51	0	27
assemblage-893-305	0	0	0	0	0	0	0	0	0	0	0	0	0	0	0	0	0	0	135	17	60	0	44	0	0	0	26	0	0	0	0	0	0	0	104	0	0	0	0	0	0	0	0	0	0	0	0	0	0	0	16	0	30	0	0	0	0	0	0	0	0	0	0	0	0	0	0	0	0	0	0	0	0	0	0	0	0	0	0	0	0	0	0	40	0	0	0	0	0	0	0	0	0	0	0	0	0	0	0	28
assemblage-787-428	0	0	0	0	0	0	0	0	0	0	0	0	0	0	0	0	0	0	0	109	0	0	0	16	0	0	0	0	0	0	0	0	0	0	0	0	0	0	0	0	0	0	0	0	0	0	0	0	0	0	0	0	0	0	0	0	0	0	0	0	0	0	0	0	0	0	0	0	0	0	0	0	199	0	0	0	0	0	0	0	0	0	0	165	0	0	0	0	0	0	0	0	0	0	0	0	0	0	0	11
assemblage-478-884	0	0	0	0	0	0	0	0	3	0	0	0	0	0	0	0	0	0	0	46	5	0	56	0	0	0	0	0	0	0	0	32	0	0	104	0	0	0	0	15	0	0	0	0	0	0	0	0	0	0	42	0	0	0	0	0	0	0	0	0	13	0	0	0	0	0	0	0	0	0	0	0	53	0	0	0	0	42	0	0	0	0	0	0	0	0	0	0	0	0	0	0	84	0	0	0	0	0	0	5
assemblage-167-498	0	0	0	0	0	0	0	0	0	0	0	0	0	0	0	0	0	0	0	77	0	0	0	0	0	0	0	0	0	0	0	0	22	0	32	0	0	0	0	0	0	0	0	0	0	0	0	0	0	0	0	10	0	0	0	0	0	13	0	0	0	0	0	0	0	0	8	0	0	0	0	0	102	0	0	0	0	0	0	0	0	9	0	163	0	0	0	0	0	0	43	0	0	0	0	0	0	0	0	21
assemblage-770-637	0	0	0	0	0	0	0	29	0	0	0	0	0	0	0	0	0	0	0	42	0	0	0	0	0	0	0	0	0	0	81	0	0	0	0	0	0	0	0	0	0	0	0	0	0	0	0	0	0	0	0	0	0	0	0	0	0	0	0	0	0	0	0	0	0	0	0	0	0	0	0	0	234	0	0	0	0	0	0	0	0	0	0	65	0	0	0	0	0	0	25	0	0	0	0	0	0	0	0	24
assemblage-527-667	0	0	0	0	61	0	0	0	0	0	0	0	0	0	0	0	0	0	0	101	0	0	129	0	0	0	0	0	0	0	0	0	0	24	17	0	0	0	0	75	0	0	0	0	0	0	0	0	0	6	30	0	0	4	0	0	0	0	0	0	0	0	0	10	0	0	0	0	0	0	0	0	0	0	0	0	0	6	0	0	0	0	0	0	0	0	0	0	0	0	0	0	11	0	0	0	0	0	0	26
assemblage-722-263	0	0	0	0	0	0	0	0	52	0	0	0	0	0	0	0	0	0	0	7	6	0	88	0	0	0	46	0	0	0	0	0	0	0	16	0	0	0	0	136	0	0	0	0	0	0	0	0	0	0	57	0	0	0	0	0	0	0	0	0	0	8	0	4	0	0	0	0	0	0	0	0	0	0	0	0	0	8	0	0	0	0	0	0	0	0	0	0	0	0	0	0	60	0	0	0	0	0	0	12
assemblage-956-316	0	0	0	0	0	0	0	0	0	0	0	0	0	0	0	0	0	0	0	107	0	0	4	0	0	0	0	0	0	0	0	0	0	0	222	0	0	0	0	134	0	0	0	0	0	0	0	0	0	0	0	0	0	0	0	0	0	0	0	0	0	0	0	0	0	0	0	0	14	0	0	0	0	0	0	0	0	0	0	0	0	0	0	0	0	0	0	0	0	0	0	0	0	0	0	0	0	0	0	19
assemblage-443-206	0	0	0	0	0	0	0	0	0	0	0	0	0	0	0	0	0	11	26	261	20	0	41	10	0	0	0	0	0	0	0	0	0	0	60	0	0	0	0	0	0	0	0	0	0	0	0	0	0	0	0	0	0	0	0	0	0	0	0	2	0	0	0	0	0	0	0	0	0	21	0	0	0	0	8	0	0	0	0	0	0	0	0	26	0	0	0	0	0	0	0	0	0	0	0	0	0	0	0	14
assemblage-900-315	0	0	0	0	0	0	0	0	0	0	0	0	0	0	0	0	0	0	144	102	15	0	60	28	0	0	0	0	0	22	0	0	0	0	87	0	0	0	0	0	0	0	0	0	0	0	0	0	0	0	33	0	0	0	0	0	0	0	0	0	0	0	0	0	0	0	0	0	0	0	0	0	0	0	0	0	0	0	0	0	0	0	0	0	0	0	0	0	0	0	0	0	0	0	0	0	0	0	0	9
assemblage-952-290	0	0	0	0	0	0	0	0	0	0	0	0	0	0	0	0	0	0	0	127	0	0	9	0	0	0	0	0	0	0	0	0	0	0	209	0	0	0	0	114	0	0	0	0	0	0	0	0	0	0	0	0	0	0	0	0	0	0	0	0	0	0	0	0	0	0	0	0	24	0	0	0	0	0	0	0	0	0	0	0	0	0	0	0	0	0	0	0	0	0	0	0	0	0	0	0	4	0	0	13
assemblage-250-249	0	0	0	0	0	0	0	0	0	0	0	0	0	0	0	0	0	0	0	45	0	0	0	8	0	0	0	3	0	0	0	0	7	0	14	0	9	0	0	0	0	0	0	0	0	0	0	0	0	0	0	0	0	0	0	0	0	0	0	0	0	0	0	0	0	0	0	0	0	0	0	0	243	0	0	0	0	0	0	0	0	20	0	96	0	0	0	22	0	0	10	0	0	0	0	0	0	0	0	23
assemblage-166-517	0	0	0	21	0	0	0	0	0	0	0	0	0	0	0	0	0	0	0	25	0	0	0	96	0	5	0	0	0	0	0	0	0	0	34	0	0	0	0	0	0	0	0	0	0	5	0	0	0	0	0	0	0	0	0	0	0	9	0	0	0	0	0	0	0	0	0	0	0	0	0	0	173	0	0	0	0	0	0	0	0	0	0	75	0	0	0	17	0	0	25	0	0	0	0	0	0	0	0	15
assemblage-100-530	0	0	0	0	0	0	0	0	0	0	0	0	0	0	0	0	0	0	0	111	0	0	0	0	0	0	0	0	0	0	0	0	52	0	134	0	0	0	0	0	0	0	0	0	0	0	0	0	4	0	0	0	0	0	0	0	0	0	0	0	0	0	0	0	0	0	0	0	0	0	0	0	26	0	0	0	0	0	0	0	0	0	0	113	0	0	0	33	0	0	11	0	0	0	0	0	0	0	0	16
assemblage-420-124	3	0	0	0	0	0	0	0	0	0	0	0	0	0	0	0	0	0	44	87	67	0	76	0	0	0	36	0	0	0	0	0	0	0	37	0	0	0	0	0	0	0	0	0	0	0	0	0	0	0	8	0	0	0	0	0	0	0	0	0	0	0	0	0	0	0	0	0	0	55	0	0	8	0	0	0	0	0	0	0	0	0	0	74	0	0	0	0	0	0	0	0	0	0	0	0	0	0	0	5
assemblage-468-361	0	0	0	0	0	0	22	0	0	0	0	0	0	0	0	0	0	4	0	250	0	0	0	35	0	0	0	0	0	0	0	0	0	0	36	0	0	0	0	0	0	0	0	0	0	0	0	0	0	0	0	0	0	0	0	0	0	0	0	0	0	0	0	0	0	0	0	0	0	17	0	0	29	0	0	0	0	0	0	0	0	11	0	9	0	0	0	0	0	0	73	0	0	0	0	0	0	0	0	14
assemblage-836-963	0	0	40	0	0	0	0	0	0	0	0	0	0	0	0	21	0	0	0	10	0	0	93	0	0	0	0	0	0	0	0	0	0	0	0	0	0	0	0	60	0	0	0	0	0	0	0	0	0	0	8	0	0	0	0	0	6	0	20	0	0	0	0	0	0	0	0	0	0	0	0	0	0	0	0	4	0	44	0	0	0	0	0	0	0	0	56	0	0	0	0	0	54	0	0	0	74	0	0	10
assemblage-237-898	0	0	0	0	0	0	0	0	0	0	0	0	0	0	0	0	0	0	114	25	79	0	50	0	0	0	39	0	0	0	0	0	0	0	95	0	0	0	0	0	0	0	0	0	0	0	0	0	0	0	11	0	17	0	0	0	0	0	0	0	0	0	0	0	0	0	0	0	0	0	0	0	3	0	0	0	0	0	0	0	0	0	0	41	0	0	0	0	0	0	0	0	0	0	0	0	0	0	0	26
assemblage-903-174	0	0	0	0	0	0	0	0	0	0	0	0	0	0	0	0	0	0	8	22	107	0	40	0	0	0	0	0	0	0	0	0	0	0	158	0	0	0	0	0	0	0	0	0	5	0	0	0	0	0	76	0	0	0	0	0	0	0	0	0	0	0	0	0	0	0	0	15	0	0	0	0	3	0	0	0	0	0	0	0	0	0	0	0	0	0	0	0	0	0	0	0	37	0	0	0	0	0	0	29
assemblage-818-106	0	0	0	0	0	0	0	0	0	0	0	0	0	0	0	0	0	0	0	39	0	0	0	0	0	0	0	0	0	0	6	0	21	0	254	0	0	0	0	0	0	0	0	0	0	0	0	0	0	0	0	0	0	0	0	0	0	0	0	0	0	0	0	0	0	0	0	0	0	0	0	0	111	0	0	0	0	0	0	0	0	0	0	27	0	0	0	0	21	0	0	0	0	0	0	0	0	0	0	21
assemblage-370-178	0	0	0	0	0	0	0	0	21	0	0	0	0	0	0	0	0	0	0	26	25	0	103	0	0	0	57	0	0	0	0	0	0	0	90	0	0	0	0	97	0	0	0	0	0	0	0	0	0	0	0	0	0	0	0	0	0	0	0	0	0	0	0	0	0	0	0	13	0	0	0	0	0	0	0	0	0	40	0	0	0	0	0	0	0	0	0	0	0	0	0	0	0	0	5	0	0	0	0	23
assemblage-235-258	0	0	0	0	0	0	0	0	0	0	0	0	0	0	0	0	0	0	0	109	0	0	0	0	0	0	0	0	0	0	0	0	0	0	16	0	0	0	0	0	0	0	0	0	0	0	0	0	0	0	0	0	0	0	0	0	0	0	0	0	0	0	0	0	0	0	0	0	0	0	4	0	80	0	0	0	0	0	0	0	0	14	0	254	0	0	0	0	0	0	0	0	0	0	0	0	0	0	0	23
assemblage-860-803	0	0	0	0	48	0	0	0	0	0	0	0	0	0	0	0	0	0	0	92	0	0	147	0	0	0	0	0	0	0	0	0	0	28	12	0	0	0	0	64	0	0	0	0	0	0	0	0	0	11	54	0	0	0	0	0	0	0	0	0	0	0	0	0	0	0	0	0	0	0	0	0	0	0	0	0	0	13	0	0	0	0	0	0	0	0	0	0	0	0	0	0	8	0	0	0	0	0	0	23
assemblage-252-252	0	0	0	11	0	0	0	0	0	0	0	0	0	0	0	0	0	0	0	29	0	0	0	103	0	9	0	0	0	0	0	0	0	0	40	0	0	0	0	0	0	0	0	0	0	5	0	0	0	0	0	0	0	0	0	0	0	6	0	0	0	0	0	0	0	0	0	0	0	0	0	0	164	0	0	0	0	0	0	0	0	11	0	69	0	0	0	18	0	0	26	0	0	0	0	0	0	0	0	9
assemblage-951-307	0	0	0	0	0	0	0	0	0	0	0	0	0	0	0	0	0	0	0	106	0	0	9	0	0	0	0	0	0	0	0	0	0	0	237	0	0	0	0	118	0	0	0	0	0	0	0	0	0	0	0	0	0	0	0	0	0	0	0	0	0	0	0	0	0	0	0	0	18	0	0	0	0	0	0	0	0	0	0	0	0	0	0	0	0	0	0	0	0	0	0	0	0	0	0	0	4	0	0	8
assemblage-876-300	10	0	0	0	0	0	0	0	0	0	0	0	0	0	0	0	0	0	44	71	74	0	89	0	0	0	16	0	0	0	0	0	0	0	61	0	0	0	0	0	0	0	0	0	0	0	0	0	0	0	10	0	0	0	0	0	0	0	0	0	0	0	0	0	0	0	0	0	0	61	0	0	7	0	0	0	0	0	0	0	0	0	0	48	0	0	0	0	0	0	0	0	0	0	0	0	0	0	0	9
assemblage-884-180	0	0	0	0	0	0	0	0	6	0	0	0	0	0	0	0	5	0	50	55	44	0	81	0	0	0	26	0	0	0	0	0	0	0	90	0	0	0	0	0	0	0	0	0	7	0	0	0	0	0	49	0	0	0	0	0	0	0	0	0	0	0	0	0	0	0	0	0	0	5	0	0	19	0	0	0	0	0	0	0	0	0	0	0	0	0	0	0	0	0	0	0	35	0	0	0	0	0	0	28
assemblage-238-250	0	0	0	0	0	0	0	0	0	0	0	0	0	0	0	0	0	0	0	83	0	0	0	0	0	0	0	0	0	0	0	0	0	0	8	0	0	0	0	0	0	0	0	0	0	0	0	0	0	0	0	0	0	0	0	0	0	0	0	0	0	0	0	0	0	0	0	0	0	0	15	0	91	0	0	0	0	0	0	0	0	20	0	274	0	0	0	0	0	0	0	0	0	0	0	0	0	0	0	9
assemblage-164-524	0	0	0	0	0	0	0	0	0	0	0	0	0	0	0	0	0	0	0	72	0	0	0	4	0	0	0	0	0	0	0	0	23	0	27	0	0	0	0	0	0	0	0	0	0	0	0	0	0	0	0	16	0	0	0	0	0	10	0	0	0	0	0	0	0	0	9	0	0	0	0	0	108	0	0	0	0	0	0	0	0	9	0	153	0	0	0	7	0	0	53	0	0	0	0	0	0	0	0	9
assemblage-447-675	0	0	0	0	0	0	0	45	0	0	0	0	0	0	0	0	0	0	0	32	0	0	0	0	0	0	0	0	0	0	85	0	0	0	0	0	0	0	0	0	0	0	0	0	0	0	0	0	0	0	0	0	0	0	0	0	0	0	0	0	0	0	0	0	0	0	0	0	0	0	0	0	227	0	0	0	0	0	0	0	0	0	0	75	0	0	0	0	0	0	22	0	0	0	0	0	0	0	0	14
assemblage-784-763	0	0	0	0	0	0	0	0	0	0	0	0	0	6	0	0	0	0	0	41	0	0	0	72	0	0	0	0	0	0	0	0	0	0	0	0	0	0	13	0	0	0	0	0	0	0	0	0	0	0	0	0	0	0	0	0	0	0	0	0	0	0	0	0	0	0	0	0	0	0	0	0	91	0	0	0	0	0	0	0	0	0	0	259	0	0	0	0	0	0	0	0	0	0	0	0	0	0	0	18
assemblage-891-302	0	0	0	0	0	0	0	0	0	0	0	0	0	0	0	0	0	0	129	28	74	0	33	0	0	0	34	0	0	0	0	0	0	0	87	0	0	0	0	0	0	0	0	0	0	0	0	0	0	0	12	0	29	0	0	0	0	0	0	0	0	0	0	0	0	0	0	0	0	0	0	0	0	0	0	0	0	0	0	0	0	0	0	43	0	0	0	0	0	0	0	0	0	0	0	0	0	0	0	31
assemblage-805-423	0	0	0	0	0	0	0	0	0	0	0	0	0	0	0	0	0	0	0	107	0	0	0	29	0	0	0	0	0	0	0	0	0	0	0	0	0	0	0	0	0	0	0	0	0	0	0	0	0	0	0	0	0	0	0	0	0	0	0	0	0	0	0	0	0	0	0	0	0	0	0	0	181	0	0	0	0	0	0	0	0	0	0	165	0	0	0	0	0	0	0	0	0	0	0	0	0	0	0	18
assemblage-427-762	0	0	0	0	0	0	0	0	0	0	0	0	0	0	0	0	0	10	13	249	20	0	39	10	0	0	0	0	0	0	0	0	0	0	72	0	0	0	0	0	0	0	0	0	0	0	0	0	0	0	0	0	0	0	0	0	0	0	0	6	0	0	0	0	0	0	0	0	0	23	0	0	0	0	7	0	0	0	0	0	0	0	0	27	0	0	0	0	0	0	0	0	0	0	0	0	0	0	0	24
assemblage-590-275	0	0	0	0	0	0	0	0	0	0	0	0	0	0	0	0	0	0	0	84	0	0	0	7	0	0	0	0	0	0	0	0	37	0	37	0	0	0	0	0	0	0	0	0	0	0	0	0	0	0	0	24	0	0	0	0	0	11	0	0	0	0	0	0	0	0	4	0	0	0	0	0	96	0	0	0	0	0	0	0	0	5	0	123	0	0	0	6	0	0	54	0	0	0	0	0	0	0	0	12
assemblage-876-781	0	0	0	0	56	0	0	0	0	0	0	0	0	0	0	0	0	0	0	94	0	0	106	0	0	0	0	0	0	0	0	0	0	28	14	0	0	0	0	102	0	0	0	0	0	0	0	0	0	9	35	0	0	10	0	0	0	0	0	0	0	0	0	0	0	0	0	0	0	0	0	0	0	0	0	0	0	9	0	0	0	0	0	0	0	0	0	0	0	0	0	0	13	0	0	0	0	0	0	24
assemblage-386-420	0	0	0	0	0	0	0	0	0	0	0	0	0	0	0	0	0	0	80	73	55	0	82	7	0	0	11	0	0	0	0	0	0	0	55	0	0	0	0	0	0	0	0	0	0	0	0	0	0	0	17	0	2	0	0	0	0	0	0	0	0	0	0	0	0	0	0	0	0	38	0	0	30	0	0	0	0	0	0	0	0	0	0	31	0	0	0	0	0	0	0	0	0	0	0	0	0	0	0	19
assemblage-821-743	0	0	0	0	0	0	0	0	0	0	0	0	0	0	0	0	0	0	0	69	0	0	0	15	0	0	0	0	0	0	0	0	25	0	107	0	0	0	0	0	0	0	0	0	0	0	0	5	0	0	0	0	0	0	0	0	0	0	0	0	0	0	0	0	0	0	0	0	0	0	0	0	97	0	0	0	0	0	0	0	0	0	0	145	0	0	0	19	0	0	7	0	0	0	0	0	0	0	0	11
assemblage-715-242	0	0	0	0	0	0	0	0	6	0	0	0	0	0	0	0	0	0	0	49	13	0	131	0	0	0	0	0	0	0	0	0	0	0	103	0	0	0	0	54	0	0	0	0	0	0	0	0	0	9	0	0	0	0	0	0	0	0	0	0	0	0	0	0	0	0	0	0	0	0	0	0	0	0	0	0	0	118	0	0	0	0	0	0	0	0	0	0	0	0	0	0	10	0	0	0	0	0	0	7
assemblage-598-280	0	0	0	17	0	0	0	0	0	0	0	0	0	0	0	0	0	0	0	11	0	0	0	106	0	0	0	0	0	0	0	0	0	0	38	0	0	0	0	0	0	0	0	0	0	13	0	0	0	0	0	0	0	0	0	0	0	8	0	0	0	0	0	0	0	0	0	0	0	0	0	0	168	0	0	0	0	0	0	0	0	7	0	65	0	0	0	23	0	0	30	0	0	0	0	0	0	0	0	14
assemblage-502-692	0	0	0	0	0	0	0	0	0	0	0	16	0	0	0	0	0	0	0	83	48	0	50	64	0	0	0	0	0	0	0	0	0	0	9	5	0	3	0	0	0	0	0	0	0	0	0	0	0	0	0	0	0	0	0	0	0	0	0	0	0	0	0	0	0	0	0	0	0	13	0	0	119	0	0	0	0	0	0	0	0	0	0	62	0	12	0	0	0	0	8	0	0	0	0	0	0	0	0	8
assemblage-950-266	0	0	0	0	0	0	0	0	0	0	0	0	0	0	0	0	0	0	0	125	0	0	0	25	0	0	0	0	0	0	0	0	0	0	0	0	0	0	0	0	0	0	0	0	0	0	0	0	0	0	0	0	0	0	0	0	0	0	0	0	0	0	0	0	0	0	0	0	0	0	0	0	187	0	0	0	0	0	0	0	0	0	0	151	0	0	0	0	0	0	0	0	0	0	0	0	0	0	0	12
assemblage-100-545	0	0	0	0	0	0	0	0	0	0	0	0	0	17	0	0	0	0	0	24	0	0	0	48	0	0	0	0	0	0	0	0	0	0	0	0	0	0	5	0	0	0	0	0	0	0	0	0	0	0	0	0	0	0	0	0	0	0	0	0	0	0	0	0	0	0	0	0	0	0	0	0	89	0	0	0	0	0	0	5	0	0	0	290	0	0	0	0	0	0	0	0	0	0	0	0	0	0	0	22
assemblage-907-307	11	0	0	0	0	0	0	0	0	0	0	0	0	0	0	0	0	0	32	94	72	0	87	0	0	0	20	0	0	0	0	0	0	0	58	0	0	0	0	0	0	0	0	0	0	0	0	0	0	0	10	0	0	0	0	0	0	0	0	0	0	0	0	0	0	0	0	0	0	36	0	0	0	0	0	0	0	0	0	0	0	0	0	61	0	0	0	0	0	0	0	0	0	0	0	0	0	0	0	19
assemblage-762-622	0	0	0	0	0	0	0	0	0	9	0	0	0	0	0	0	0	0	0	26	0	0	0	0	0	0	0	0	0	0	6	0	33	0	246	0	0	0	0	0	0	0	0	0	0	0	0	0	0	0	0	0	0	0	0	0	0	0	0	0	0	0	0	0	0	0	0	0	0	0	0	0	109	0	0	0	0	0	0	0	0	0	0	30	0	0	0	0	21	0	0	0	0	0	0	0	0	0	0	20
assemblage-593-283	0	0	0	0	0	0	0	0	0	0	0	0	0	0	0	0	0	0	0	44	0	0	0	16	0	0	0	3	0	0	0	0	12	0	19	0	3	0	0	0	0	0	0	0	0	0	0	0	0	0	0	0	0	0	0	0	0	3	0	0	0	0	0	0	0	0	0	0	0	0	0	0	225	0	0	0	0	0	0	0	0	18	0	89	0	0	0	38	0	0	11	0	0	0	0	0	0	0	0	19
assemblage-420-142	0	0	0	0	0	0	0	0	0	0	0	0	0	0	0	0	0	0	11	53	11	0	186	0	0	0	0	0	0	0	0	0	0	0	5	0	0	0	0	0	0	0	0	0	0	0	0	0	0	0	24	0	0	0	0	0	0	0	0	0	0	0	0	0	0	0	0	0	0	95	0	0	102	0	0	0	0	0	0	0	0	0	0	0	0	0	0	0	0	0	0	0	0	0	0	0	0	0	0	13
assemblage-260-895	0	0	0	0	0	0	0	0	0	0	0	0	0	0	0	0	0	0	18	48	26	0	171	0	0	0	0	0	0	0	0	0	0	0	5	0	0	0	0	0	0	0	0	0	0	0	0	0	0	0	14	0	0	0	0	0	0	0	0	0	0	0	0	0	0	0	0	0	0	88	0	0	116	0	0	0	0	0	0	0	0	0	0	0	0	0	0	0	0	0	0	0	0	0	0	0	0	0	0	14
assemblage-279-744	0	0	0	0	0	0	0	0	0	0	0	0	0	0	0	0	0	0	0	113	0	0	0	31	0	0	0	0	0	0	0	0	0	0	0	0	0	0	0	0	0	0	0	0	0	0	0	0	0	0	0	0	0	0	0	0	0	0	0	0	0	0	0	0	0	0	0	0	0	0	0	0	198	0	0	0	0	0	0	0	0	0	0	134	0	0	0	0	0	0	0	0	0	0	0	0	0	0	0	24
assemblage-236-225	0	0	0	0	0	0	0	0	0	0	0	0	0	0	0	0	0	0	0	54	0	0	0	31	0	0	0	0	0	0	0	0	9	0	32	0	0	0	0	0	0	0	0	0	0	0	0	0	0	0	0	5	0	0	0	0	0	5	0	0	0	0	0	0	0	0	0	0	0	0	0	0	144	0	0	0	0	0	0	0	0	12	0	146	0	0	0	11	0	0	27	0	0	0	0	0	0	0	0	24
assemblage-670-680	0	0	0	47	0	0	0	0	0	0	0	0	0	0	0	0	0	0	0	28	0	0	0	28	0	0	0	0	0	0	35	0	12	0	8	0	0	0	0	0	0	0	0	0	0	0	0	0	0	0	0	0	0	0	0	0	0	0	0	0	0	0	0	0	0	0	0	0	0	0	0	0	184	0	0	0	0	0	0	0	0	0	0	85	0	0	0	14	0	0	46	0	0	0	0	0	0	0	0	13
assemblage-687-581	0	0	0	0	0	0	0	0	0	0	0	0	0	0	0	0	0	0	80	20	21	7	184	0	0	0	22	0	0	0	0	0	0	0	34	0	0	0	0	0	0	0	0	0	0	0	0	0	0	0	59	0	0	0	0	0	0	0	0	0	0	0	0	0	0	0	0	0	0	0	0	0	40	0	0	0	0	0	0	0	0	0	0	0	0	0	0	0	0	0	0	0	12	0	0	0	0	0	0	21
assemblage-375-849	0	0	0	13	0	0	0	0	0	0	0	0	0	0	0	0	0	0	0	22	0	0	0	78	0	0	0	0	0	0	0	0	0	0	47	0	0	0	0	0	0	0	0	0	0	12	0	0	0	0	0	0	0	0	0	0	0	6	0	0	0	0	0	0	0	0	0	0	0	0	0	0	165	0	0	0	0	0	0	0	0	8	0	80	0	0	0	25	0	0	29	0	0	0	0	0	0	0	0	15
assemblage-791-421	0	0	0	0	0	0	10	0	0	0	0	0	0	0	0	0	0	13	0	238	0	0	0	32	0	0	0	0	0	0	0	0	0	0	35	0	0	0	0	0	0	0	0	0	0	0	0	0	0	0	0	0	0	0	0	0	0	0	0	0	0	0	0	0	0	0	0	0	0	16	0	0	40	0	0	0	0	0	0	0	0	7	0	13	0	0	0	0	0	0	79	0	0	0	0	0	0	0	0	17
assemblage-478-871	0	0	0	0	0	0	0	0	54	0	0	0	0	0	0	0	0	0	24	68	0	0	163	0	0	0	0	0	0	0	0	0	0	0	40	0	0	0	0	18	0	0	0	0	0	0	0	0	0	0	26	0	0	0	0	0	0	0	0	0	0	0	0	0	0	0	0	0	0	0	0	0	74	0	0	0	0	8	0	0	0	0	0	0	0	0	0	0	0	0	0	0	15	0	0	0	0	0	0	10
assemblage-912-154	0	0	0	0	0	0	0	0	0	0	0	0	0	0	0	0	0	0	92	23	14	8	179	0	0	0	34	0	0	0	0	0	0	0	25	0	0	0	0	0	0	0	0	0	0	0	0	0	0	0	42	0	0	0	0	0	0	0	0	0	0	0	0	0	0	0	0	0	0	0	0	0	37	0	0	0	0	0	0	0	0	0	0	0	0	0	0	0	0	0	0	0	15	0	0	0	0	0	0	31
assemblage-1005-716	0	0	0	0	0	0	0	0	0	0	0	0	0	0	0	0	0	4	10	265	28	0	35	10	0	0	0	0	0	0	0	0	0	0	60	0	0	0	0	0	0	0	0	0	0	0	0	0	0	0	0	0	0	0	0	0	0	0	0	0	0	0	0	0	0	0	0	0	0	20	0	0	0	0	0	0	0	0	0	0	0	0	0	32	0	0	0	0	0	0	0	0	0	0	0	0	0	0	0	36
assemblage-256-256	0	0	0	0	0	0	0	0	0	0	0	0	0	0	0	0	0	0	0	0	29	0	64	0	17	0	0	0	0	0	0	0	0	0	13	0	0	0	0	275	0	0	0	0	0	0	0	0	0	0	0	0	0	34	0	0	0	0	18	0	0	0	0	3	0	0	0	0	0	0	0	0	0	27	0	0	0	0	0	0	0	0	0	0	0	0	0	0	0	0	0	0	0	0	0	0	0	0	0	20
assemblage-513-685	0	0	0	0	0	0	0	0	47	0	0	0	0	0	0	0	0	0	0	15	5	0	99	0	0	0	47	0	0	0	0	0	0	0	21	0	0	0	0	131	0	0	0	0	0	0	0	0	0	0	51	0	0	0	0	0	0	0	0	0	0	1	0	5	0	0	0	0	0	0	0	0	0	0	0	0	0	7	0	0	0	0	0	0	0	0	0	0	0	0	0	0	51	0	0	0	0	0	0	20
assemblage-476-875	0	0	0	0	0	0	0	0	0	0	0	0	0	0	0	0	0	0	0	40	8	0	64	0	0	0	0	0	0	0	0	32	0	0	126	0	0	0	0	15	0	0	0	0	0	0	0	0	0	0	38	0	0	0	0	0	0	0	0	0	10	0	0	0	0	0	0	0	0	0	0	0	54	0	0	0	0	33	0	0	0	0	0	0	0	0	0	0	0	0	0	0	68	0	0	0	0	0	0	12
assemblage-156-401	0	0	0	0	0	0	0	0	22	0	0	0	0	0	0	0	0	0	0	19	15	0	67	0	0	0	61	0	0	0	0	0	0	0	94	0	0	0	0	126	0	0	0	0	0	0	0	0	0	0	0	0	0	0	0	0	0	0	0	0	0	0	0	0	0	0	0	16	0	0	0	0	0	0	0	0	0	45	0	0	0	0	0	0	0	0	0	0	0	0	0	0	0	0	7	0	0	0	0	28
assemblage-661-568	0	0	0	0	0	0	0	0	14	0	0	0	0	0	0	0	23	0	120	29	25	0	54	0	0	0	76	0	0	0	0	0	0	0	67	0	0	0	0	0	0	0	0	0	15	0	9	0	0	0	29	0	0	0	0	0	0	0	0	0	0	0	0	0	0	0	0	0	0	0	0	0	0	0	0	0	0	0	0	0	0	0	0	0	0	0	0	0	0	0	0	0	19	0	0	0	0	0	0	20
assemblage-402-413	0	0	0	0	0	0	0	0	0	0	0	0	0	0	0	0	0	0	16	49	9	0	179	0	0	0	0	0	0	0	0	0	0	0	8	0	0	0	0	0	0	0	0	0	0	0	0	0	0	0	11	0	0	0	0	0	0	0	0	6	0	0	0	0	0	0	0	0	0	110	0	0	97	0	0	0	0	0	0	0	0	0	0	0	0	0	0	0	0	0	0	0	0	0	0	0	0	0	0	15
assemblage-213-390	0	0	0	0	0	0	0	0	0	0	0	0	0	0	0	0	0	0	91	8	37	0	188	0	0	0	23	0	0	0	0	0	0	0	30	0	0	0	0	0	0	0	0	0	5	0	0	0	0	0	54	0	0	0	0	0	0	0	0	0	0	0	0	0	0	0	0	0	0	0	0	0	33	0	0	0	0	0	0	0	0	0	0	0	0	0	0	0	0	0	0	0	7	0	0	0	0	0	0	24
assemblage-908-785	0	0	0	0	0	0	0	25	0	0	0	0	0	0	0	0	0	0	0	32	0	0	0	0	0	0	0	0	0	0	90	0	0	0	7	0	0	0	0	0	0	0	0	0	0	0	0	0	0	0	0	0	0	0	0	0	0	0	0	0	0	0	0	0	0	7	0	0	0	0	0	0	234	0	0	0	0	0	0	0	0	0	0	71	0	0	0	0	0	0	21	0	0	0	0	0	0	4	0	9
assemblage-693-664	0	0	0	0	0	0	0	0	0	0	0	0	0	18	0	0	0	0	0	25	0	0	0	75	0	0	0	0	0	0	0	0	0	0	0	0	0	0	5	0	0	0	0	0	0	0	0	0	0	0	0	0	0	0	0	0	0	0	0	0	0	0	0	0	0	0	0	0	0	0	0	0	73	0	0	0	0	0	0	12	0	0	0	275	0	0	0	0	0	0	0	0	0	0	0	0	0	0	0	17
assemblage-813-103	0	0	0	0	0	0	0	0	0	0	0	0	0	0	0	0	0	0	0	0	0	0	0	0	0	0	0	0	0	0	0	0	0	0	48	0	0	0	0	0	0	0	0	0	0	0	0	0	0	0	0	0	0	0	0	0	0	0	0	0	0	0	0	0	0	0	0	0	0	0	0	0	175	0	0	0	0	0	0	0	0	0	0	201	5	0	0	0	0	0	0	0	0	0	0	0	0	50	0	21
assemblage-427-778	0	0	0	0	0	0	0	0	0	0	0	0	0	0	0	0	0	0	7	184	18	0	128	21	0	0	5	0	0	0	0	0	0	0	11	0	0	0	0	0	0	0	0	0	0	0	0	0	0	0	0	0	0	0	0	0	0	0	0	0	0	0	0	0	0	0	0	0	0	14	0	0	16	0	0	0	0	0	0	0	0	0	0	47	0	0	0	0	0	0	31	0	0	0	0	0	0	0	0	18
assemblage-121-962	0	0	0	0	0	0	0	0	0	0	0	0	0	0	0	0	0	0	0	26	0	0	238	0	62	0	21	0	0	0	0	0	0	0	0	0	0	0	0	66	0	0	0	0	0	0	0	0	0	20	0	0	0	0	0	0	0	0	0	0	0	0	0	0	0	0	0	0	0	0	0	0	0	0	0	0	0	48	0	0	0	0	0	0	0	0	0	0	0	0	0	0	0	0	0	0	0	0	0	19
assemblage-438-205	0	0	0	0	0	8	0	0	0	0	0	6	0	0	0	0	0	0	0	79	131	0	88	28	0	0	0	0	0	5	0	0	0	0	47	0	0	37	0	0	0	0	0	0	0	0	0	0	0	0	0	0	0	0	0	0	0	0	0	0	0	0	0	0	0	0	0	0	0	19	0	0	0	0	0	0	0	0	0	0	0	0	0	28	0	0	0	0	0	0	0	0	0	0	0	0	0	0	0	24
assemblage-792-473	0	0	0	0	0	0	0	0	0	0	0	0	0	18	0	0	0	0	0	25	0	0	0	65	0	0	0	0	0	0	0	0	0	0	0	0	0	0	5	0	0	0	0	0	0	0	0	0	0	0	0	0	0	0	0	0	0	0	0	0	0	0	0	0	0	0	0	0	0	0	0	0	100	0	0	0	0	0	0	4	0	0	0	267	0	0	0	0	0	0	0	0	0	0	0	0	0	0	0	16
assemblage-823-950	0	0	44	0	0	0	0	0	0	0	0	0	0	0	0	16	0	0	0	17	0	0	96	0	0	0	0	0	0	0	0	0	0	0	0	0	0	0	0	88	0	0	0	0	0	0	0	0	0	0	10	0	0	0	0	0	7	0	25	0	0	0	0	0	0	0	0	0	0	0	0	0	0	0	0	8	0	19	0	0	0	0	0	0	0	0	37	0	0	0	0	0	51	0	0	0	73	0	0	9
assemblage-959-273	0	0	0	0	0	0	0	0	0	0	0	0	0	0	0	0	0	0	0	29	0	0	34	103	0	0	0	0	0	0	0	0	0	0	15	0	0	0	0	0	0	0	0	0	0	0	0	0	0	0	0	0	0	0	0	0	0	0	0	0	0	0	0	0	5	0	0	0	0	0	0	0	176	0	0	0	0	0	0	0	0	0	0	87	0	0	0	0	0	0	37	0	0	0	0	0	0	0	0	14
assemblage-149-396	0	0	0	0	0	0	0	0	63	0	0	0	0	0	0	0	0	0	10	55	0	0	171	0	0	0	0	0	0	0	0	0	0	0	37	0	0	0	0	14	0	0	0	0	0	0	0	0	0	0	17	0	0	0	0	0	0	0	0	0	0	0	0	0	0	0	0	0	0	0	0	0	104	0	0	0	0	7	0	0	0	0	0	0	0	0	0	0	0	0	0	0	13	0	0	0	0	0	0	9
assemblage-990-711	0	0	0	0	0	11	0	0	0	0	0	0	0	0	0	0	0	0	11	58	137	0	99	25	0	0	0	0	0	6	0	0	0	0	43	0	0	41	0	0	0	0	0	0	0	0	0	0	0	0	0	0	0	0	0	0	0	0	0	0	0	0	0	0	0	0	0	0	0	23	0	0	0	0	0	0	0	0	0	0	0	0	0	24	0	0	0	0	0	0	0	0	0	0	0	0	0	0	0	22
assemblage-412-413	0	0	0	0	0	0	0	0	0	0	0	0	0	0	0	0	0	0	21	45	5	0	161	0	0	0	0	0	0	0	0	0	0	0	13	0	0	0	0	0	0	0	0	0	0	0	0	0	0	0	19	0	0	0	0	0	0	0	0	11	0	0	0	0	0	0	0	0	0	105	0	0	107	0	0	0	0	0	0	0	0	0	0	0	0	0	0	0	0	0	0	0	0	0	0	0	0	0	0	13
assemblage-425-184	0	0	0	0	0	0	0	0	0	0	0	0	0	0	0	0	0	5	22	243	27	0	44	20	0	0	0	0	0	0	0	0	0	0	57	0	0	0	0	0	0	0	0	0	0	0	0	0	0	0	0	0	0	0	0	0	0	0	0	6	0	0	0	0	0	0	0	0	0	18	0	0	0	0	9	0	0	0	0	0	0	0	0	30	0	0	0	0	0	0	0	0	0	0	0	0	0	0	0	19
assemblage-672-669	0	0	0	0	0	0	0	0	0	0	0	0	0	0	0	0	0	0	0	96	0	0	0	0	0	0	0	0	0	0	0	0	62	0	127	0	0	0	0	0	0	0	0	0	0	0	0	0	3	0	0	0	0	0	0	0	0	0	0	0	0	0	0	0	0	0	0	0	0	0	0	0	33	0	0	0	0	0	0	0	0	0	0	97	0	0	0	56	0	0	8	0	0	0	0	0	0	0	0	18
assemblage-672-668	0	0	0	24	0	0	0	0	0	0	0	0	0	0	0	0	0	0	0	29	0	0	0	30	0	0	0	0	0	0	31	0	15	0	8	0	0	0	0	0	0	0	0	0	0	0	0	0	0	0	0	0	0	0	0	0	0	0	0	0	0	0	0	0	0	0	0	0	0	0	0	0	188	0	0	0	0	0	0	0	0	0	0	83	0	0	0	19	0	0	63	0	0	0	0	0	0	0	0	10
assemblage-508-722	0	0	0	0	0	0	0	0	0	0	0	0	0	0	0	0	0	12	18	239	24	0	47	18	0	0	7	0	0	0	0	0	0	0	56	0	0	0	0	0	0	0	0	0	0	0	0	0	0	0	0	0	0	0	0	0	0	0	0	0	0	0	0	0	0	0	0	0	0	33	0	0	0	0	10	0	0	0	0	0	0	0	0	19	0	0	0	0	0	0	0	0	0	0	0	0	0	0	0	17
assemblage-107-971	0	0	0	0	0	0	0	0	4	0	0	0	0	0	0	0	0	0	0	14	0	0	244	0	44	0	29	0	0	0	0	0	0	0	0	0	0	0	0	71	0	0	0	0	0	0	0	0	0	15	5	0	0	0	0	0	0	0	0	0	0	0	0	0	0	0	0	0	0	0	0	0	0	0	0	0	0	54	0	0	0	0	0	0	0	0	0	0	0	0	0	0	0	0	0	0	0	0	0	20
assemblage-803-761	0	0	0	0	0	0	0	0	0	0	0	0	0	9	0	0	0	0	0	30	0	0	0	62	0	0	0	0	0	0	0	0	0	0	0	0	0	0	12	0	0	0	0	0	0	0	0	0	0	0	0	0	0	0	0	0	0	0	0	0	0	0	0	0	0	0	0	0	0	0	0	0	67	0	0	0	0	0	0	5	0	0	0	303	0	0	0	0	0	0	0	0	0	0	0	0	0	0	0	12
assemblage-706-260	0	0	0	0	60	0	0	0	0	0	0	0	0	0	0	0	0	0	0	107	0	0	121	0	0	0	0	0	0	0	0	0	0	27	13	0	0	0	0	91	0	0	0	0	0	0	0	0	0	17	31	0	0	9	0	0	0	0	0	0	0	0	0	2	0	0	0	0	0	0	0	0	0	0	0	0	0	4	0	0	0	0	0	0	0	0	0	0	0	0	0	0	0	0	0	0	0	0	0	18
assemblage-152-385	0	0	0	0	0	0	0	0	0	0	0	0	0	0	0	0	0	0	0	33	7	0	60	0	0	0	0	0	0	0	0	29	0	0	96	0	0	0	0	12	0	0	0	0	0	0	0	0	0	0	50	0	0	0	0	0	0	0	0	0	8	0	0	0	0	0	0	0	0	0	0	0	66	0	0	0	0	43	0	0	0	0	0	0	0	0	0	0	0	0	0	0	83	0	0	0	0	0	0	13
assemblage-495-501	0	0	0	0	0	0	0	0	24	0	0	0	0	0	0	0	0	0	0	30	13	0	77	0	0	0	56	0	0	0	0	0	0	0	85	0	0	0	0	107	0	0	0	0	0	0	0	0	0	0	0	0	0	0	0	0	0	0	0	0	0	0	0	0	0	0	0	23	0	0	0	0	0	0	0	0	0	54	0	0	0	0	0	0	0	0	0	0	0	0	0	0	0	0	6	0	0	0	0	25
assemblage-546-680	0	0	0	0	0	0	0	0	54	0	0	0	0	0	0	0	0	0	0	9	5	0	88	0	0	0	38	0	0	0	0	0	0	0	24	0	0	0	0	133	0	0	0	0	0	0	0	0	0	0	53	0	0	4	0	0	0	0	0	0	0	5	0	0	0	0	0	0	0	0	0	0	0	0	0	0	0	8	0	0	0	0	0	0	0	0	0	0	0	0	0	0	58	0	0	0	0	0	0	21
assemblage-210-392	0	0	0	0	0	0	0	0	0	0	0	0	0	0	0	0	0	0	9	21	99	0	43	0	0	0	0	0	0	0	0	0	0	0	167	0	0	0	0	0	0	0	0	0	12	0	0	0	0	0	66	0	0	0	0	0	0	0	0	0	0	0	0	0	0	0	0	13	0	0	0	0	5	0	0	0	0	0	0	0	0	0	0	0	0	0	0	0	0	2	0	0	31	0	0	0	0	0	0	32
assemblage-466-364	0	0	0	0	0	0	0	0	0	0	0	0	0	0	0	0	0	0	0	40	0	0	32	108	0	0	0	0	0	0	0	0	0	0	16	0	0	0	0	0	0	0	0	0	0	0	0	0	0	0	0	0	0	0	0	0	0	0	0	0	0	0	0	0	0	0	0	0	0	0	0	0	169	0	0	0	0	0	0	0	0	0	0	76	0	0	0	0	0	0	44	0	0	0	0	0	0	0	0	15
assemblage-382-848	0	0	0	0	0	0	0	0	0	0	0	0	0	0	0	0	0	0	0	32	0	0	0	20	0	0	0	0	0	0	0	0	16	0	15	0	11	0	0	0	0	0	0	0	0	0	0	0	0	0	0	0	0	0	0	0	0	6	0	0	0	0	0	0	0	0	0	0	0	0	0	0	227	0	0	0	0	0	0	0	0	20	0	99	0	0	0	25	0	0	8	0	0	0	0	0	0	0	0	21
assemblage-895-157	0	0	0	0	0	0	0	0	4	0	0	0	0	0	0	0	0	0	0	143	0	0	30	0	0	0	18	0	0	0	0	0	0	0	110	0	0	0	0	4	0	0	0	0	0	0	0	0	0	0	50	0	0	0	0	0	0	0	0	0	0	0	0	0	0	0	0	0	0	28	0	0	42	0	0	0	0	0	0	0	0	0	0	0	0	0	0	0	0	0	0	0	30	0	27	0	0	0	0	14
assemblage-809-445	0	0	0	0	0	0	0	0	0	0	0	0	0	0	0	0	0	0	0	27	0	0	33	122	0	0	0	0	0	0	0	0	0	0	10	0	0	0	0	0	0	0	0	0	0	0	0	0	0	0	0	0	0	0	0	0	0	0	0	0	0	0	0	0	6	0	0	0	0	0	0	0	147	0	0	0	0	0	0	0	0	0	0	105	0	0	0	0	0	0	38	0	0	0	0	0	0	0	0	12
assemblage-103-549	0	0	0	8	0	0	0	0	0	0	0	0	0	0	0	0	0	0	0	48	0	0	0	35	0	0	0	0	0	0	10	0	29	0	52	0	0	0	0	0	0	0	0	0	0	0	0	0	0	0	0	0	0	0	0	0	0	0	0	0	0	0	0	0	0	0	0	0	0	0	0	0	110	0	0	0	0	0	0	0	0	0	0	154	0	0	0	13	0	0	15	0	0	0	0	0	0	0	0	26
assemblage-526-377	0	0	0	0	0	0	0	0	51	0	0	0	0	0	0	0	0	0	0	14	4	0	89	0	0	0	51	0	0	0	0	0	0	0	21	0	0	0	0	146	0	0	0	0	0	0	0	0	0	0	45	0	0	0	0	0	0	0	0	0	0	0	0	3	0	0	0	0	0	0	0	0	0	0	0	0	0	5	0	0	0	0	0	0	0	0	0	0	0	0	0	0	46	0	0	0	0	0	0	25
assemblage-98-546	0	0	0	0	0	0	0	0	0	0	0	0	0	0	0	0	0	0	0	67	0	0	0	17	0	0	0	0	0	0	0	0	23	0	116	0	6	0	0	0	0	0	0	0	0	0	0	3	0	0	0	0	0	0	0	0	0	0	0	0	0	0	0	0	0	0	0	0	0	0	0	0	111	0	0	0	0	0	0	0	0	0	0	123	0	0	0	26	0	0	5	0	0	0	0	0	0	0	0	3
assemblage-98-541	0	0	0	0	0	0	0	0	0	0	0	0	0	0	0	0	0	0	0	110	0	0	0	0	0	0	0	0	0	0	0	0	72	0	114	0	0	0	0	0	0	0	0	0	0	0	0	0	7	0	0	0	0	0	0	0	0	0	0	0	0	0	0	0	0	0	0	0	0	0	0	0	25	0	0	0	0	0	0	0	0	0	0	100	0	0	0	37	0	0	20	0	0	0	0	0	0	0	0	15
assemblage-1006-705	0	0	0	0	0	0	0	0	0	0	0	16	0	0	0	0	0	0	0	76	40	0	47	44	0	0	0	0	0	0	0	0	0	0	24	12	0	0	0	0	0	0	0	0	0	0	0	0	0	0	0	0	0	0	0	0	0	0	0	0	0	0	0	0	0	0	0	0	0	15	0	0	130	0	0	0	0	0	0	0	0	0	0	57	0	14	0	0	0	0	14	0	0	0	0	0	0	0	0	11
assemblage-249-264	0	0	0	0	0	0	0	0	0	0	0	0	0	0	0	0	0	0	0	81	0	0	0	0	0	0	0	0	0	0	0	0	27	0	46	0	0	0	0	0	0	0	0	0	0	0	0	0	0	0	0	22	0	0	0	0	0	14	0	0	0	0	0	0	0	0	12	0	0	4	0	0	88	0	0	0	0	0	0	0	0	6	0	144	0	0	0	0	0	0	38	0	0	0	0	0	0	0	0	18
assemblage-105-958	0	0	0	0	0	0	0	0	0	0	0	0	0	0	0	0	0	0	0	22	0	0	267	0	44	0	30	0	0	0	0	0	0	0	0	0	0	0	0	61	0	0	0	0	0	0	0	0	0	20	0	0	0	0	0	0	0	0	0	0	0	0	0	0	0	0	0	0	0	0	0	0	0	0	0	0	0	39	0	0	0	0	0	0	0	0	0	0	0	0	0	0	0	0	0	0	0	0	0	17
assemblage-469-877	0	0	0	0	0	0	0	0	65	0	0	0	0	0	0	0	0	0	17	68	0	0	179	0	0	0	0	0	0	0	0	0	0	0	49	0	0	0	0	16	0	0	0	0	0	0	0	0	0	0	24	0	0	0	0	0	0	0	0	0	0	0	0	0	0	0	0	0	0	0	0	0	66	0	0	0	0	5	0	0	0	0	0	0	0	0	0	0	0	0	0	0	8	0	0	0	0	0	0	3
assemblage-752-617	0	0	0	0	0	0	0	0	0	0	0	0	0	0	0	0	0	0	0	0	0	0	0	0	0	0	0	0	0	0	2	0	0	0	50	0	0	0	0	0	0	0	0	0	0	0	0	0	0	0	0	0	0	0	0	0	0	0	0	0	0	0	0	0	0	0	0	0	0	0	0	0	162	0	0	0	0	0	0	0	0	0	0	205	7	0	0	0	0	0	0	0	0	0	0	0	0	53	0	21
assemblage-376-844	0	0	0	0	0	0	0	0	0	0	0	0	0	0	0	0	0	0	0	50	0	0	0	20	0	0	0	2	0	0	0	0	14	0	21	0	11	0	0	0	0	0	0	0	0	0	0	0	0	0	0	0	0	0	0	0	0	0	0	0	0	0	0	0	0	0	0	0	0	0	0	0	222	0	0	0	0	0	0	0	0	31	0	87	0	0	0	20	0	0	7	0	0	0	0	0	0	0	0	15
assemblage-391-891	0	0	0	0	0	0	0	0	22	0	0	0	0	0	0	0	25	0	114	23	25	0	41	0	0	0	68	0	0	0	0	0	0	0	81	0	0	0	0	0	0	0	0	0	25	0	11	0	0	0	29	0	0	0	0	0	0	0	0	0	0	0	0	0	0	0	0	0	0	0	0	0	7	0	0	0	0	0	0	0	0	0	0	0	0	0	0	0	0	0	0	0	16	0	0	0	0	0	0	13
assemblage-371-189	0	0	0	0	0	0	0	0	26	0	0	0	0	0	0	0	0	0	0	34	19	0	74	0	0	0	56	0	0	0	0	0	0	0	89	0	0	0	0	119	0	0	0	0	0	0	0	0	0	0	0	0	0	0	0	0	0	0	0	0	0	0	0	0	0	0	0	11	0	0	0	0	0	0	0	0	0	50	0	0	0	0	0	0	0	0	0	0	0	0	0	0	0	0	6	0	0	0	0	16
assemblage-695-686	0	0	0	0	0	0	0	0	0	0	0	0	0	0	0	0	0	0	0	102	0	0	0	0	0	0	0	0	0	0	0	0	45	0	120	0	0	0	0	0	0	0	0	0	0	0	0	0	10	0	0	0	0	0	0	0	0	0	0	0	0	0	0	0	0	0	0	0	0	0	0	0	21	0	0	0	0	0	0	0	0	0	0	123	0	0	0	48	0	0	10	0	0	0	0	0	0	0	0	21
assemblage-923-801	0	0	0	0	0	0	0	0	0	0	0	0	0	0	0	0	0	0	0	0	0	0	0	0	0	0	0	0	0	0	5	0	0	0	48	0	0	0	0	0	0	0	0	0	0	0	0	0	0	0	0	0	0	0	0	0	0	0	0	0	0	0	0	0	0	0	0	0	0	0	0	0	182	0	0	0	0	0	0	0	0	0	0	191	8	0	0	0	0	0	0	0	0	0	0	0	0	48	0	18
assemblage-795-450	0	0	0	0	0	0	0	0	0	0	0	0	0	0	0	0	0	0	0	81	0	0	0	19	0	0	0	0	0	0	0	0	22	0	116	0	3	0	0	0	0	0	0	0	0	0	0	11	0	0	0	0	0	0	0	0	0	0	0	0	0	0	0	0	0	0	0	0	0	0	0	0	93	0	0	0	0	0	0	0	0	0	0	117	0	0	0	24	0	0	7	0	0	0	0	0	0	0	0	7
assemblage-812-136	0	0	0	0	0	0	0	5	0	0	0	0	0	0	0	0	0	0	0	0	0	0	0	0	0	0	0	0	0	0	0	0	0	0	42	0	0	0	0	0	0	0	0	0	0	0	0	0	0	0	0	0	0	0	0	0	0	0	0	0	0	0	0	0	0	0	0	0	0	0	0	0	172	0	0	0	0	0	0	0	0	0	0	201	10	0	0	0	0	0	0	0	0	0	0	0	0	53	0	17
assemblage-757-617	0	0	0	0	0	0	0	0	0	5	0	0	0	0	0	0	0	0	0	22	0	0	0	0	0	0	0	0	0	0	0	0	0	0	294	0	0	0	0	0	0	0	0	0	0	0	0	0	0	0	0	0	0	0	0	0	0	0	0	0	0	0	0	0	0	0	0	0	0	0	0	0	56	0	0	0	4	0	59	0	0	0	0	41	0	0	0	0	0	0	7	0	0	0	0	0	0	0	0	12
assemblage-891-310	0	0	0	0	0	0	0	0	0	0	0	0	0	0	0	0	0	0	16	47	10	0	181	0	0	0	0	0	0	0	0	0	0	0	0	0	0	0	0	0	0	0	0	0	0	0	0	0	0	0	11	0	0	0	0	0	0	0	0	9	0	0	0	0	0	0	0	0	0	102	0	0	111	0	0	0	0	0	0	0	0	0	0	0	0	0	0	0	0	0	0	0	0	0	0	0	0	0	0	13
assemblage-370-847	0	0	0	9	0	0	0	0	0	0	0	0	0	0	0	0	0	0	0	23	0	0	0	110	0	4	0	0	0	0	0	0	0	0	44	0	0	0	0	0	0	0	0	0	0	8	0	0	0	0	0	0	0	0	0	0	0	5	0	0	0	0	0	0	0	0	0	0	0	0	0	0	155	0	0	0	0	0	0	0	0	14	0	57	0	0	0	33	0	0	29	0	0	0	0	0	0	0	0	9
assemblage-861-791	0	0	0	0	0	0	0	0	0	0	0	0	0	0	0	0	0	0	0	49	13	0	130	0	0	0	0	0	0	0	0	0	0	0	98	0	0	0	0	41	0	0	0	0	0	0	0	0	0	13	0	0	0	0	0	0	0	0	0	0	0	0	0	0	0	0	0	0	0	0	0	0	0	0	0	0	0	130	0	0	0	0	0	0	0	0	0	0	0	0	0	0	6	0	0	0	0	0	0	20
assemblage-147-401	0	0	0	0	0	0	0	0	60	0	0	0	0	0	0	0	0	0	23	67	0	0	172	0	0	0	0	0	0	0	0	0	0	0	45	0	0	0	0	15	0	0	0	0	0	0	0	0	0	0	17	0	0	0	0	0	0	0	0	0	0	0	0	0	0	0	0	0	0	0	0	0	81	0	0	0	0	7	0	0	0	0	0	0	0	0	0	0	0	0	0	0	6	0	0	0	0	0	0	7
assemblage-388-860	0	0	0	21	0	0	0	0	0	0	0	0	0	0	8	0	0	0	0	24	0	0	0	114	0	1	0	0	0	0	0	0	0	0	39	0	0	0	0	0	0	0	0	0	0	8	0	0	0	0	0	0	0	0	0	0	0	7	0	0	0	0	0	0	0	0	0	0	0	0	0	0	139	0	0	0	0	0	0	0	0	6	0	75	0	0	0	22	0	0	26	0	0	0	0	0	0	0	0	10
assemblage-106-951	0	0	8	0	0	0	0	0	0	0	0	0	0	0	0	0	0	0	0	37	8	0	94	0	22	0	9	0	0	0	0	0	0	0	54	0	0	0	0	135	0	0	0	0	0	0	0	0	0	3	0	0	0	13	0	0	0	0	20	0	0	0	0	0	0	0	0	0	0	0	0	0	0	0	0	0	0	17	0	0	0	0	0	0	0	0	6	0	0	0	0	0	20	0	0	0	22	0	0	32
assemblage-267-745	0	0	0	0	0	0	0	0	0	0	0	0	0	0	0	0	0	0	0	25	0	0	26	119	0	0	0	0	0	0	0	0	0	0	8	0	0	0	0	0	0	0	0	0	0	0	0	0	0	0	0	0	0	0	0	0	0	0	0	0	0	0	0	0	11	0	0	0	0	0	0	0	172	0	0	0	0	0	0	0	0	0	0	81	0	0	0	0	0	0	47	0	0	0	0	0	0	0	0	11
assemblage-410-885	0	0	0	0	0	0	0	0	7	0	0	0	0	0	0	0	0	0	0	128	0	0	29	0	0	0	10	0	0	0	0	0	0	0	123	0	0	0	0	3	0	0	0	0	2	0	0	0	0	0	46	0	0	0	0	0	0	0	0	0	0	0	0	0	0	0	0	0	0	36	0	0	39	0	0	0	0	0	0	0	0	0	0	0	0	0	0	0	0	0	0	0	45	0	14	0	0	0	0	18
assemblage-149-384	0	0	0	0	0	0	0	0	0	0	0	0	0	0	0	0	0	0	0	49	11	0	68	0	0	0	0	0	0	0	0	35	0	0	73	0	0	0	0	18	0	0	0	0	0	0	0	0	0	0	61	0	0	0	0	0	0	0	0	0	6	0	0	0	0	0	0	0	0	0	0	0	47	0	0	0	0	31	0	0	0	0	0	0	0	0	0	0	0	0	0	0	85	0	0	0	0	0	0	16
assemblage-490-497	0	0	0	0	0	0	0	0	0	0	0	0	0	0	0	0	0	0	0	50	9	0	70	0	0	0	0	0	0	0	0	32	0	0	88	0	0	0	0	18	0	0	0	0	0	0	0	0	0	0	52	0	0	0	0	0	0	0	0	0	9	0	0	0	0	0	0	0	0	0	0	0	42	0	0	0	0	40	0	0	0	0	0	0	0	0	0	0	0	0	0	0	76	0	0	0	0	0	0	14
assemblage-803-471	0	0	0	0	0	0	0	0	0	0	0	0	0	0	0	0	0	0	0	113	0	0	0	0	0	0	0	0	0	0	0	0	59	0	136	0	0	0	0	0	0	0	0	0	0	0	0	0	11	0	0	0	0	0	0	0	0	0	0	0	0	0	0	0	0	0	0	0	0	0	0	0	23	0	0	0	0	0	0	0	0	0	0	92	0	0	0	40	0	0	13	0	0	0	0	0	0	0	0	13
assemblage-102-526	0	0	0	0	0	0	0	0	0	0	0	0	0	18	0	0	0	0	0	35	0	0	0	64	0	0	0	0	0	0	0	0	0	0	0	0	0	0	10	0	0	0	0	0	0	0	0	0	0	0	0	0	0	0	0	0	0	0	0	0	0	0	0	0	0	0	0	0	0	0	0	0	102	0	0	0	0	0	0	2	0	0	0	258	0	0	0	0	0	0	0	0	0	0	0	0	0	0	0	11
assemblage-262-256	0	0	0	0	0	0	0	0	0	0	0	0	0	0	0	0	0	0	0	0	31	0	58	0	12	0	0	0	0	0	0	0	0	0	5	0	0	0	0	308	0	0	0	0	0	0	0	0	0	0	5	0	0	28	0	0	0	0	10	0	0	0	0	9	0	0	0	0	0	0	0	0	0	18	0	0	0	0	0	0	0	0	0	0	0	0	0	0	0	0	0	9	0	0	0	0	0	0	0	7
assemblage-974-263	0	0	0	0	0	0	0	0	0	0	0	0	0	0	0	0	0	8	0	189	8	0	23	23	0	0	0	0	0	0	0	0	0	0	45	0	0	0	0	0	0	0	0	0	0	0	0	0	0	0	0	0	0	0	0	0	0	0	0	0	0	0	0	0	0	0	13	0	0	0	0	0	0	0	0	0	0	0	0	0	0	0	0	147	0	0	0	0	0	0	24	0	0	0	0	0	0	0	0	20
assemblage-673-671	0	0	0	0	0	0	0	0	0	0	0	0	0	0	0	0	0	0	0	86	0	0	0	0	0	0	0	0	0	0	0	0	47	0	154	0	0	0	0	0	0	0	0	0	0	0	0	0	9	0	0	0	0	0	0	0	0	0	0	0	0	0	0	0	0	0	0	0	0	0	0	0	40	0	0	0	0	0	0	0	0	0	0	92	0	0	0	41	0	0	16	0	0	0	0	0	0	0	0	15
assemblage-423-115	8	0	0	0	0	0	0	0	0	0	0	0	0	0	0	0	0	0	32	102	77	0	72	0	0	0	12	0	0	0	0	0	0	0	48	0	0	0	0	0	0	0	0	0	0	0	0	0	0	0	13	0	0	0	0	0	0	0	0	0	0	0	0	0	0	0	0	0	0	41	0	0	7	0	0	0	0	0	0	0	0	0	0	80	0	0	0	0	0	0	0	0	0	0	0	0	0	0	0	8
assemblage-526-705	0	0	0	0	0	0	0	0	0	0	0	0	0	0	0	0	0	16	21	265	24	0	29	18	0	0	8	0	0	0	0	0	0	0	59	0	0	0	0	0	0	0	0	0	0	0	0	0	0	0	0	0	0	0	0	0	0	0	0	0	0	0	0	0	0	0	0	0	0	13	0	0	0	0	0	0	0	0	0	0	0	0	0	16	0	0	0	0	0	0	0	0	0	0	0	0	0	0	0	31
assemblage-187-516	0	0	0	0	0	0	0	0	0	0	0	0	0	0	0	0	0	0	0	113	0	0	0	0	0	0	0	0	0	0	0	0	0	0	15	0	0	0	0	0	0	0	0	0	0	0	0	0	0	0	0	0	0	0	0	0	0	0	0	0	0	0	0	0	0	0	0	0	0	0	4	0	76	0	0	0	0	0	0	0	0	13	0	265	0	0	0	0	0	0	0	0	0	0	0	0	0	0	0	14
assemblage-457-369	0	0	0	0	0	0	20	0	0	0	0	0	0	0	0	0	0	10	0	211	0	0	0	33	0	0	0	0	0	0	0	0	0	0	41	0	0	0	0	0	3	0	0	0	0	0	0	0	0	0	0	0	0	0	0	0	0	0	0	0	0	0	0	0	0	0	0	0	0	20	0	0	37	0	0	0	0	0	0	0	0	17	0	20	0	0	0	0	0	0	77	0	0	0	0	0	0	0	0	11
assemblage-402-869	0	0	0	0	0	0	0	0	6	0	0	0	0	0	0	0	0	0	0	157	0	0	23	0	0	0	16	0	0	0	0	0	0	0	105	0	0	0	0	0	0	0	0	0	2	0	0	0	0	0	56	0	0	0	0	0	0	0	0	0	0	0	0	0	0	0	0	0	0	24	0	0	53	0	0	0	0	0	0	0	0	0	0	0	0	0	0	0	0	0	0	0	21	0	19	0	0	0	0	18
assemblage-281-720	0	0	0	0	0	0	0	0	0	0	0	0	0	0	0	0	0	0	0	113	0	0	0	18	0	0	0	0	0	0	0	0	0	0	0	0	0	0	0	0	0	0	0	0	0	0	0	0	0	0	0	0	0	0	0	0	0	0	0	0	0	0	0	0	0	0	0	0	0	0	0	0	183	0	0	0	0	0	0	0	0	0	0	174	0	0	0	0	0	0	0	0	0	0	0	0	0	0	0	12
assemblage-786-478	0	0	0	27	0	0	0	0	0	0	0	0	0	0	0	0	0	0	0	25	0	0	0	33	0	0	0	0	0	0	24	0	32	0	10	0	0	0	0	0	0	0	0	0	0	0	0	0	0	0	0	0	0	0	0	0	0	0	0	0	0	0	0	0	0	0	0	0	0	0	0	0	197	0	0	0	0	0	0	0	0	0	0	74	0	0	0	13	0	0	45	0	0	0	0	0	0	10	0	10
assemblage-272-732	0	0	0	0	0	0	0	0	0	0	0	0	0	0	0	0	0	20	0	192	8	0	24	13	0	0	0	0	0	0	0	0	0	0	36	0	0	0	0	0	0	0	0	0	0	0	0	0	0	0	0	0	0	0	0	0	0	0	0	0	0	0	0	0	0	0	9	0	0	0	0	0	4	0	0	0	0	0	0	0	0	0	0	156	0	0	0	0	0	0	21	0	0	0	0	0	0	0	0	17
assemblage-254-263	0	0	0	0	0	0	0	0	0	0	0	0	0	0	0	0	0	0	0	0	42	0	67	0	11	0	0	0	0	0	0	0	0	0	9	0	0	0	0	278	0	0	0	0	0	0	0	0	0	0	0	0	0	33	0	0	0	0	19	0	0	0	0	9	0	0	0	0	0	0	0	0	0	12	0	0	0	0	0	0	0	0	0	0	0	0	0	0	0	0	0	8	0	0	0	0	0	0	0	12
assemblage-517-700	0	0	0	0	0	0	0	0	0	0	0	15	0	0	0	0	0	0	0	99	37	0	51	51	0	0	0	0	0	0	0	0	0	0	6	0	0	0	0	0	0	0	0	0	0	0	0	0	0	0	0	0	0	0	0	0	0	0	0	0	0	0	0	0	0	0	0	0	0	26	0	0	114	0	0	0	0	0	0	0	0	0	0	55	0	22	0	0	0	0	12	0	0	0	0	0	0	0	0	12
assemblage-670-582	0	0	0	0	0	0	0	0	0	0	0	0	0	0	0	0	0	0	94	18	16	5	192	0	0	0	28	0	0	0	0	0	0	0	22	0	0	0	0	0	0	0	0	0	0	0	0	0	0	0	43	0	0	0	0	0	0	0	0	0	0	0	0	0	0	0	0	0	0	0	0	0	39	0	0	0	0	0	0	0	0	0	0	0	0	0	0	0	0	0	0	0	14	0	0	0	0	0	0	29
assemblage-896-310	0	0	0	0	0	0	0	0	0	0	0	0	0	0	0	0	0	0	144	96	18	0	57	28	0	0	5	0	0	11	0	0	0	0	101	0	0	0	0	0	0	0	0	0	0	0	0	0	0	0	34	0	0	0	0	0	0	0	0	0	0	0	0	0	0	0	0	0	0	0	0	0	0	0	0	0	0	0	0	0	0	0	0	0	0	0	0	0	0	0	0	0	0	0	0	0	0	0	0	6
assemblage-536-381	0	0	13	0	0	0	0	0	0	0	0	0	0	0	0	0	0	0	0	85	0	0	111	0	0	0	0	0	0	0	0	0	0	0	67	0	0	0	0	67	0	0	0	0	0	0	0	0	0	0	37	0	0	0	0	6	0	0	0	0	0	0	0	0	0	0	0	0	12	0	0	30	32	0	0	0	0	14	0	0	0	0	0	0	0	0	0	0	0	0	0	0	17	0	0	0	0	0	0	9
assemblage-380-183	0	0	0	0	0	0	0	0	23	0	0	0	0	0	0	0	0	0	0	25	18	0	82	0	0	0	61	0	0	0	0	0	0	0	82	0	0	0	0	101	0	0	0	0	0	0	0	0	0	0	0	0	0	0	0	0	0	0	0	0	0	0	0	0	0	0	0	11	0	0	0	0	0	0	0	0	0	68	0	0	0	0	0	0	0	0	0	0	0	0	0	0	0	0	4	0	0	0	0	25
assemblage-383-199	0	0	0	0	0	0	0	0	22	0	0	0	0	0	0	0	0	0	0	22	22	0	77	0	0	0	67	0	0	0	0	0	0	0	88	0	0	0	0	110	0	0	0	0	0	0	0	0	0	0	0	0	0	0	0	0	0	0	0	0	0	0	0	0	0	0	0	11	0	0	0	0	0	0	0	0	0	54	0	0	0	0	0	0	0	0	0	0	0	0	0	0	0	0	0	0	0	0	0	27
assemblage-397-865	0	0	0	0	0	0	0	0	9	0	0	0	0	0	0	0	0	0	83	28	31	0	181	0	0	0	29	0	0	0	0	0	0	0	29	0	0	0	0	0	0	0	0	0	0	0	0	0	0	0	43	0	0	0	0	0	0	0	0	0	0	0	0	0	0	0	0	0	0	0	0	0	45	0	0	0	0	0	0	0	0	0	0	0	0	0	0	0	0	0	0	0	11	0	0	0	0	0	0	11
assemblage-121-967	0	0	0	0	0	0	0	0	6	0	0	0	0	0	0	0	0	0	0	15	0	0	249	0	52	0	22	0	0	0	0	0	0	0	0	0	0	0	0	66	0	0	0	0	0	0	0	0	0	19	0	0	0	0	0	0	0	0	0	0	0	0	0	0	0	0	0	0	0	0	0	0	0	0	0	0	0	47	0	0	0	0	0	0	0	0	0	0	0	0	0	0	0	0	0	0	0	0	0	24
assemblage-521-357	0	0	0	0	53	0	0	0	0	0	0	0	0	0	0	0	0	0	0	98	0	0	118	0	0	0	0	0	0	0	0	0	0	25	23	0	0	0	0	83	0	0	0	0	0	0	0	0	0	6	41	0	0	8	0	0	0	0	0	0	0	0	0	0	0	0	0	0	0	0	0	0	0	0	0	0	0	12	0	0	0	0	0	0	0	0	0	0	0	0	0	0	10	0	0	0	0	0	0	23
assemblage-473-354	0	0	0	0	0	0	0	0	0	0	0	0	0	0	0	0	0	11	0	214	4	0	26	15	0	0	0	0	0	0	0	0	0	0	39	0	0	0	0	0	0	0	0	0	0	0	0	0	0	0	0	0	0	0	0	0	0	0	0	0	0	0	0	0	0	0	11	0	0	0	0	0	0	0	0	0	0	0	0	0	0	0	0	144	0	0	0	0	0	0	18	0	0	0	0	0	0	0	0	18
assemblage-409-893	0	0	0	0	0	0	0	0	0	0	0	0	0	0	0	0	0	0	3	27	134	0	45	0	0	0	0	0	0	0	0	0	0	0	130	0	0	0	0	0	0	0	0	0	9	0	0	0	0	0	63	0	0	0	0	0	0	0	0	0	0	0	0	0	0	0	0	8	0	0	0	0	0	0	0	0	0	0	0	0	0	0	0	0	0	0	0	0	0	4	0	0	46	0	0	0	0	0	0	31
assemblage-488-508	0	0	0	0	16	0	0	0	0	0	0	0	0	0	0	0	0	0	0	26	83	0	80	0	0	0	0	0	0	0	0	0	0	0	137	0	0	0	0	25	0	6	0	0	0	0	0	0	0	0	72	0	0	0	0	0	0	0	0	0	0	0	3	0	0	0	0	0	0	0	0	0	16	0	0	0	0	25	0	0	0	0	0	0	0	0	0	0	0	0	0	0	0	0	0	0	0	0	0	11
assemblage-948-296	0	0	0	0	0	0	0	0	0	0	0	0	0	0	0	0	0	0	0	117	0	0	13	0	0	0	0	0	0	0	0	0	0	0	226	0	0	0	0	124	0	0	0	0	0	0	0	0	0	0	0	0	0	0	0	0	0	0	0	0	0	0	0	0	0	0	0	0	7	0	0	0	0	0	0	0	0	0	0	0	0	0	0	0	0	0	0	0	0	0	0	0	0	0	0	0	1	0	0	12
assemblage-475-384	0	0	0	0	0	0	0	0	0	0	0	0	0	0	0	0	0	8	0	198	0	0	22	19	0	0	0	0	0	0	0	0	0	0	44	0	0	0	0	0	0	0	0	0	0	0	0	0	0	0	0	0	0	0	0	0	0	0	0	0	0	0	0	0	0	0	2	0	0	12	0	0	8	0	0	0	0	0	0	0	0	0	0	154	0	0	0	0	0	0	21	0	0	0	0	0	0	0	0	12
assemblage-488-504	0	0	0	0	0	0	0	0	41	0	0	0	0	0	0	0	0	0	22	72	0	0	149	0	0	0	0	0	0	0	0	0	0	0	59	0	0	0	0	20	0	0	0	0	0	0	0	0	0	0	17	0	0	0	0	0	0	0	0	0	0	0	0	0	0	0	0	0	0	0	0	0	89	0	0	0	0	15	0	0	0	0	0	0	0	0	0	0	0	0	0	0	9	0	0	0	0	0	0	7
assemblage-522-357	0	0	9	0	0	0	0	0	0	0	0	0	0	0	0	0	0	0	0	97	0	0	108	0	0	0	0	0	0	0	0	0	0	0	85	0	0	0	0	55	0	0	0	0	0	0	0	0	0	0	41	0	0	0	0	8	0	0	0	0	0	0	0	0	0	0	0	0	7	0	0	25	29	0	0	0	0	8	0	0	0	0	0	0	0	0	0	0	0	0	0	0	15	0	0	0	0	0	0	13
assemblage-176-500	0	0	0	0	0	0	0	0	0	0	0	0	0	0	0	0	0	0	0	45	0	0	0	14	0	0	0	8	0	0	0	0	14	0	32	0	9	0	0	0	0	0	0	0	0	0	0	0	0	0	0	0	0	0	0	0	0	8	0	0	0	0	0	0	0	0	0	0	0	0	0	0	210	0	0	0	0	0	0	0	0	16	0	98	0	0	0	25	0	0	6	0	0	0	0	0	0	0	0	15
