Assemblage_Name	1428712-1-4	1256663-2179619-4	3-4-1045374	2-380218-0	3-4-8740220	6275435-0-3	1256663-1-8269240	6525693-4103266-3	6525693-9448401-3	5218189-1-4	9064318-0-3	0-4-0	1256663-1976509-4	1256663-9052811-4	1256663-1-9563811	8947749-0-3	4665141-0-3	1256663-1-4144043	1256663-1-9041386	1256663-1-4	4-0-3	3-1-4	6765393-0-3	7490770-4385186-4	1256663-8851743-4	1256663-1-4470410	1256663-1-4928766	7177055-0-3	1256663-1-560977	1256663-1-3373450	3-1-4680163	8432787-0-3	1256663-4385186-4	1579660-0-3	6765393-0-3152721	5800834-1-4	2-0-0	6525693-0-3	2720720-4-8740220	1256663-1-1194051	1256663-9066985-4	1256663-3967644-4	8784815-1-0	139648-0-3	1256663-4385186-4999055	685371-0-3	1256663-1-46044	2-1-0	2-681910-0	1256663-7379256-4	4-0-8641579	1256663-1-6514204	3942109-1-4	9807494-1-4	2-1-4146108	1256663-5028506-4	1256663-65857-4	1256663-4385186-1165191
assemblage-207-392	0	0	0	0	0	0	0	0	0	0	0	0	0	0	0	0	0	0	0	86	219	61	0	0	0	0	0	0	0	0	0	0	36	0	0	0	0	0	0	0	0	0	0	0	0	0	0	91	0	0	0	0	0	0	0	0	0	7
assemblage-729-265	27	0	0	0	12	0	0	8	0	0	0	0	0	0	0	0	0	0	0	90	120	71	0	0	0	0	0	0	0	0	0	0	0	0	0	0	40	15	11	0	0	0	0	0	0	0	0	93	0	0	0	0	0	0	0	0	0	13
assemblage-203-402	0	0	0	0	0	0	0	0	0	0	0	0	0	0	0	0	0	0	0	15	176	24	0	0	0	0	0	0	0	0	0	0	70	0	0	0	0	0	0	66	0	0	0	5	0	0	0	144	0	0	0	0	0	0	0	0	0	0
assemblage-993-720	0	0	0	0	0	154	0	0	0	0	0	0	0	0	0	0	0	0	34	154	107	0	22	0	0	0	0	0	0	0	0	0	14	0	0	0	0	0	0	0	0	0	0	0	0	0	0	10	0	0	0	0	0	0	0	0	0	5
assemblage-714-272	69	0	0	0	19	0	0	0	0	0	0	6	0	0	0	0	0	0	0	77	115	15	0	0	0	0	0	0	0	0	0	0	0	0	0	0	7	0	17	0	0	0	0	0	0	0	0	169	0	0	0	0	0	0	0	0	0	6
assemblage-400-899	0	0	0	0	0	0	0	0	0	0	0	0	0	0	0	0	0	0	0	108	200	109	0	0	0	0	0	0	0	0	0	0	0	0	0	0	0	0	0	30	0	0	0	0	0	0	0	38	0	0	0	11	0	0	0	0	0	4
assemblage-520-365	7	0	0	0	0	0	0	9	0	0	0	6	0	0	0	0	0	0	0	86	71	165	0	0	0	0	0	0	0	0	8	0	0	0	0	0	72	58	0	0	0	0	0	0	0	0	0	11	0	0	0	0	0	0	0	0	0	7
assemblage-244-910	0	0	0	0	0	0	0	0	0	0	0	0	0	0	0	0	0	0	0	87	136	38	56	8	0	0	0	0	0	0	0	0	21	0	0	0	0	0	0	20	0	0	0	0	6	0	0	126	0	0	0	0	0	0	0	0	0	2
assemblage-433-120	0	0	0	0	0	0	0	0	0	0	0	0	0	0	0	0	0	0	0	81	170	47	116	0	0	0	0	0	0	0	0	0	57	0	0	0	0	0	0	0	0	0	0	0	0	0	0	24	0	0	0	0	0	0	0	0	0	5
assemblage-664-667	0	0	0	0	0	0	0	0	0	0	0	0	0	0	0	0	0	0	0	344	22	0	0	0	0	0	0	0	0	0	0	0	132	0	0	0	0	0	0	0	0	0	0	0	0	0	0	0	0	0	0	0	0	0	0	0	0	2
assemblage-264-747	0	0	0	0	0	0	0	0	0	0	0	0	0	0	0	0	0	0	0	133	105	0	13	0	0	0	0	0	0	0	0	0	208	0	0	0	0	0	0	0	0	0	0	0	0	0	0	21	0	0	0	0	0	0	0	0	0	20
assemblage-797-749	0	0	0	0	0	0	0	0	0	0	13	0	11	0	0	0	0	0	0	337	39	0	14	0	0	0	0	0	0	0	0	0	76	0	0	0	0	0	0	0	0	0	0	0	0	0	0	0	0	0	0	0	0	0	0	0	0	10
assemblage-716-247	0	0	0	0	24	0	0	0	0	0	0	0	0	0	0	0	0	0	0	207	59	23	0	0	0	0	0	0	0	0	0	0	0	0	0	0	43	0	24	0	0	0	0	0	0	0	0	114	0	0	0	0	0	0	0	0	0	6
assemblage-97-538	0	0	0	0	0	0	0	0	0	0	0	0	0	0	0	0	0	0	0	358	27	0	0	0	0	0	0	0	0	0	0	0	110	0	0	0	0	0	0	0	0	0	0	0	0	0	0	0	0	0	0	0	0	0	0	0	0	5
assemblage-140-383	0	0	0	0	0	0	0	0	0	0	0	0	0	0	0	0	0	0	0	175	193	85	0	0	0	0	0	0	0	0	0	0	0	0	0	0	0	19	0	0	0	0	0	0	0	0	0	27	0	0	0	0	0	0	0	0	0	1
assemblage-684-671	0	0	0	0	0	0	0	0	0	7	19	0	15	0	0	0	0	0	0	348	40	0	21	0	0	0	0	0	0	0	0	0	48	0	0	0	0	0	0	0	0	0	0	0	0	0	0	0	0	0	0	0	0	0	0	0	0	2
assemblage-262-911	0	0	0	0	0	0	0	0	0	0	0	0	0	0	0	0	0	0	0	77	125	60	127	0	0	0	0	0	0	0	0	11	75	0	0	0	0	0	0	0	0	0	0	0	0	0	0	16	0	0	0	0	0	0	0	0	0	9
assemblage-437-101	0	0	0	0	0	0	0	0	0	0	0	0	0	0	0	0	0	0	0	73	116	56	67	0	0	0	0	0	0	0	0	0	20	0	0	0	0	0	0	19	0	0	0	0	0	0	0	138	0	0	0	0	0	0	0	0	0	11
assemblage-802-123	0	0	0	0	0	0	0	0	0	0	0	0	0	0	0	0	0	0	0	194	0	0	128	0	0	0	0	0	0	0	0	0	173	0	0	0	0	0	0	0	0	0	0	0	0	0	0	0	0	0	0	0	0	0	0	0	0	5
assemblage-592-295	0	0	0	0	0	0	0	0	0	0	0	0	0	0	0	0	0	0	0	288	23	0	106	0	0	0	0	0	0	0	0	0	83	0	0	0	0	0	0	0	0	0	0	0	0	0	0	0	0	0	0	0	0	0	0	0	0	0
assemblage-420-685	0	0	0	0	0	0	0	0	0	0	0	0	0	0	0	0	0	0	0	192	0	0	146	0	0	0	0	0	0	0	0	0	155	0	0	0	0	0	0	0	0	0	0	0	0	0	0	0	0	0	0	0	0	0	0	0	0	7
assemblage-950-291	28	0	0	0	0	0	0	60	0	0	0	0	0	0	0	0	0	0	0	0	0	207	0	0	0	0	0	0	0	0	0	0	0	0	0	0	196	0	0	0	0	0	0	0	0	0	0	0	0	0	0	0	0	0	0	0	0	9
assemblage-867-301	0	0	0	0	0	0	0	0	0	0	0	0	0	0	0	0	0	0	0	114	106	60	66	0	0	0	0	0	0	0	0	0	22	0	0	0	0	0	0	14	0	0	0	0	11	0	0	104	0	0	0	0	0	0	0	0	0	3
assemblage-243-260	0	0	0	0	0	0	0	0	0	0	0	0	0	0	0	0	0	7	0	325	93	0	9	0	0	0	0	0	0	0	0	0	52	0	0	0	0	0	0	0	0	0	0	0	0	0	0	0	0	0	0	0	0	0	0	0	0	14
assemblage-667-580	0	0	0	0	0	0	0	0	0	0	0	0	0	0	0	0	0	0	0	73	257	33	5	0	0	0	0	0	0	0	0	0	0	0	0	0	0	0	0	27	0	0	0	0	0	0	0	99	0	0	0	0	0	0	0	0	0	6
assemblage-797-476	0	0	0	0	0	0	0	0	0	0	0	0	0	0	0	0	0	0	0	364	23	0	0	0	0	0	7	0	0	0	0	0	104	0	0	0	0	0	0	0	0	0	0	0	0	0	0	0	0	0	0	0	0	0	0	0	0	2
assemblage-503-522	0	0	0	0	0	0	0	0	0	0	0	0	0	0	0	0	0	0	0	108	75	154	0	0	0	0	0	0	0	0	0	0	0	0	0	0	0	8	0	0	0	0	0	0	0	0	0	142	0	0	0	0	0	0	0	0	6	7
assemblage-429-117	0	0	0	0	0	0	0	0	0	0	0	0	0	0	0	0	0	0	28	253	90	32	61	0	0	0	0	0	0	0	0	0	8	0	0	0	0	0	0	0	0	0	0	0	0	0	0	21	0	0	0	0	0	0	0	0	0	7
assemblage-794-418	0	0	0	0	0	14	0	0	0	0	0	0	0	0	0	0	0	0	0	192	81	0	14	0	0	0	0	0	0	0	0	0	145	0	0	0	0	0	0	0	0	0	0	0	0	0	0	0	0	0	43	0	0	0	0	0	0	11
assemblage-511-700	0	0	0	0	0	162	0	0	0	0	0	0	0	0	0	0	0	0	17	172	94	0	22	0	0	0	0	0	0	0	0	0	16	0	0	0	0	0	0	0	0	0	0	0	0	0	0	0	0	0	0	0	0	0	0	0	0	17
assemblage-396-413	0	0	0	0	0	0	0	0	0	0	0	0	0	0	0	0	0	0	0	97	132	48	60	0	0	0	0	0	0	0	0	0	13	0	0	0	0	0	0	20	0	0	0	0	0	0	0	117	0	0	0	0	0	0	0	0	0	13
assemblage-674-596	0	0	0	0	0	0	0	0	0	0	0	0	0	0	0	0	0	0	0	97	190	119	0	0	0	0	0	0	0	0	0	0	0	0	0	0	0	0	0	36	0	0	0	0	0	0	0	29	0	0	0	22	0	0	0	0	0	7
assemblage-931-801	0	0	0	0	0	0	0	0	0	0	12	0	0	0	0	0	0	0	0	297	0	0	81	0	0	0	0	0	0	0	0	0	100	0	0	0	0	0	0	0	0	0	0	0	0	0	0	0	0	0	0	0	0	0	0	0	0	10
assemblage-586-303	0	0	0	0	0	0	0	0	0	0	0	0	0	0	0	0	0	0	0	372	4	0	22	0	0	0	0	0	0	0	0	0	80	0	0	0	0	0	0	0	0	0	0	0	0	0	0	8	0	7	0	0	0	0	0	0	0	7
assemblage-688-589	0	0	0	0	0	0	0	0	0	0	0	0	0	0	0	0	0	0	0	131	187	103	0	0	0	0	0	0	0	0	0	0	0	0	0	0	0	0	0	21	0	0	0	0	0	0	0	35	0	0	0	17	0	0	0	0	0	6
assemblage-754-613	0	0	0	0	0	0	0	0	0	0	0	0	0	0	0	0	0	0	0	298	0	0	34	0	0	0	0	0	0	0	0	0	163	0	0	0	0	0	0	0	0	0	0	0	0	0	0	0	0	0	0	0	0	0	0	0	0	5
assemblage-254-885	0	0	0	0	0	0	0	0	0	0	0	0	0	0	0	0	0	0	1	87	143	60	117	0	0	0	0	0	0	0	0	12	44	0	0	0	0	0	0	0	0	0	0	0	0	0	0	28	0	0	0	0	0	0	0	0	0	8
assemblage-271-278	0	36	33	0	0	0	0	0	0	0	0	0	0	0	0	0	0	0	0	6	353	45	0	0	0	0	0	12	0	0	0	0	0	0	0	0	11	0	0	0	0	0	0	0	0	0	0	0	0	0	0	0	0	0	0	0	0	4
assemblage-748-637	0	0	0	0	0	0	0	0	0	0	0	0	0	0	0	0	0	0	0	279	0	0	49	0	0	0	0	0	0	0	0	0	166	0	0	0	0	0	0	0	0	0	0	0	0	0	0	0	0	0	0	0	0	0	0	0	0	6
assemblage-122-945	0	0	98	0	128	0	0	0	0	0	0	0	0	0	0	0	0	0	0	0	53	0	0	0	0	0	0	0	0	0	0	0	0	0	0	0	35	0	41	0	0	0	0	0	0	0	0	141	0	0	0	0	0	0	0	0	0	4
assemblage-424-664	0	0	0	0	0	0	0	0	0	0	12	0	0	0	0	0	0	0	0	312	0	0	56	0	0	0	0	0	0	0	0	0	111	0	0	0	0	0	0	0	0	0	0	0	0	0	0	0	0	0	0	0	0	0	0	0	0	9
assemblage-923-806	0	0	0	0	0	0	0	0	0	0	0	0	0	0	0	0	0	0	0	177	0	0	160	0	0	0	0	0	0	0	0	0	157	0	0	0	0	0	0	0	0	0	0	0	0	0	0	0	0	0	0	0	0	0	0	0	0	6
assemblage-795-100	0	0	0	0	0	0	0	0	0	0	11	0	0	0	16	0	0	0	0	286	0	0	49	0	0	0	0	0	0	0	0	0	123	0	0	0	0	0	0	0	0	10	0	0	0	0	0	0	0	0	0	0	0	0	0	0	0	5
assemblage-796-465	0	0	0	0	0	0	0	0	0	15	16	0	5	0	0	0	0	0	0	362	38	0	11	0	0	0	0	0	0	0	0	0	50	0	0	0	0	0	0	0	0	0	0	0	0	0	0	0	0	0	0	0	0	0	0	0	0	3
assemblage-825-948	0	0	27	0	0	0	0	0	10	0	0	160	0	0	0	0	0	0	0	141	15	30	0	0	0	0	0	0	0	0	0	0	0	0	0	0	0	22	4	0	0	0	0	0	0	0	0	87	0	0	0	0	0	0	0	0	0	4
assemblage-262-737	0	0	0	0	0	14	0	0	0	0	0	0	0	0	0	0	0	0	0	245	54	0	22	0	0	0	0	0	0	0	0	0	136	0	0	0	0	0	0	0	0	0	0	0	0	0	0	12	0	0	6	0	0	0	0	0	0	11
assemblage-428-665	0	0	0	0	0	0	0	0	0	0	0	0	0	0	0	0	0	0	0	282	0	0	30	0	0	0	0	0	0	0	0	0	186	0	0	0	0	0	0	0	0	0	0	0	0	0	0	0	0	0	0	0	0	0	0	0	0	2
assemblage-901-168	0	0	0	0	0	0	0	0	0	0	0	0	0	0	0	0	0	0	0	77	180	92	0	0	0	0	0	0	0	0	0	0	44	0	0	0	0	0	0	0	0	0	0	0	0	0	0	99	0	0	0	0	0	0	0	0	0	8
assemblage-432-143	0	0	0	0	0	17	0	0	0	0	0	0	0	0	0	0	0	0	0	57	189	8	10	0	0	0	0	0	0	0	0	0	117	0	0	6	0	0	0	33	0	0	0	0	0	0	0	59	0	0	0	0	0	0	0	0	0	4
assemblage-677-600	0	0	0	0	0	0	0	0	0	0	0	0	0	0	0	0	0	0	0	94	196	73	0	0	0	0	0	0	0	0	0	0	34	0	0	0	0	0	0	0	0	0	0	0	0	0	0	93	0	0	0	0	0	0	0	0	0	10
assemblage-406-405	0	0	0	0	0	0	0	0	0	0	0	0	0	0	0	0	0	0	0	81	137	35	82	3	0	0	0	0	0	0	0	0	14	0	0	0	0	0	0	13	0	0	0	0	0	0	0	125	0	0	0	0	0	0	0	0	0	10
assemblage-588-284	0	0	0	0	0	0	0	0	0	0	0	0	0	0	0	0	0	12	0	336	90	0	0	0	0	0	0	0	0	0	0	0	54	0	0	0	0	0	0	0	0	0	0	0	0	0	0	0	0	0	0	0	0	0	0	0	0	8
assemblage-224-414	0	0	0	0	0	0	0	0	0	0	0	0	0	0	0	0	0	0	0	103	218	95	0	0	0	0	0	0	0	0	0	0	0	0	0	0	0	0	0	22	0	0	0	0	0	0	0	32	0	0	0	24	0	0	0	0	0	6
assemblage-788-470	0	0	0	0	0	0	0	0	0	0	0	0	0	0	0	0	0	0	0	369	28	0	0	0	0	0	9	0	0	0	0	0	93	0	0	0	0	0	0	0	0	0	0	0	0	0	0	0	0	0	0	0	0	0	0	0	0	1
assemblage-431-760	0	0	0	0	0	32	0	0	0	0	0	0	0	0	0	0	0	0	0	24	120	0	26	0	0	0	0	0	0	0	0	0	242	9	0	0	0	0	0	0	0	0	0	0	0	0	0	9	0	0	31	0	0	0	0	0	0	7
assemblage-802-759	0	0	0	0	0	0	0	0	0	0	0	0	0	0	0	0	0	0	0	348	27	0	0	0	0	0	0	0	0	0	0	0	118	0	0	0	0	0	0	0	0	0	0	0	0	0	0	0	0	0	0	0	0	0	0	0	0	7
assemblage-278-731	0	0	0	0	0	15	0	0	0	0	0	0	0	0	0	0	0	0	6	382	0	0	10	0	0	0	0	0	0	0	0	0	66	0	0	0	0	0	0	0	0	0	0	0	0	0	0	15	0	0	0	0	0	0	0	0	0	6
assemblage-797-468	0	0	0	0	0	0	0	0	0	0	0	0	0	0	0	0	0	0	0	369	18	0	0	0	0	0	0	0	0	0	0	0	107	0	0	0	0	0	0	0	0	0	0	0	0	0	0	0	0	0	0	0	0	0	0	0	0	6
assemblage-389-888	0	0	0	0	0	0	0	0	0	0	0	0	0	0	0	9	0	0	0	70	263	35	0	0	0	0	0	0	0	0	0	0	0	0	0	0	0	0	0	23	0	0	0	0	0	0	0	88	0	0	0	0	0	0	0	0	0	12
assemblage-436-686	0	0	0	0	0	0	0	0	0	0	0	0	0	0	0	0	0	0	0	317	0	0	28	0	0	0	0	0	0	0	0	0	145	0	0	0	0	0	0	0	0	0	0	0	0	0	0	0	0	0	0	0	0	0	0	0	0	10
assemblage-515-704	0	0	0	0	0	0	0	0	0	0	0	0	0	0	0	0	0	0	0	25	114	3	156	0	0	0	0	0	0	0	0	0	38	0	0	0	0	0	0	0	0	0	0	0	0	5	0	155	0	0	0	0	0	0	0	0	0	4
assemblage-909-174	0	0	0	0	0	0	0	0	0	0	0	0	0	0	0	0	0	0	0	96	242	85	0	0	0	0	0	0	0	0	0	0	11	0	0	0	0	0	0	22	0	0	0	0	0	0	0	30	0	0	0	10	0	0	0	0	0	4
assemblage-959-327	24	0	0	0	0	0	0	46	0	0	0	0	0	0	0	0	0	0	0	0	0	226	0	0	0	0	0	0	0	0	0	0	0	0	0	0	183	0	0	0	0	0	0	0	0	0	0	0	0	0	0	0	0	0	0	0	0	21
assemblage-246-243	0	0	0	0	0	0	2	0	0	0	0	0	0	7	0	0	0	0	0	144	87	0	9	0	0	0	0	0	0	0	0	0	210	0	0	0	0	0	0	0	0	0	0	0	0	0	0	0	0	0	38	0	0	0	0	0	0	3
assemblage-516-349	60	0	0	0	6	0	0	0	0	0	0	11	0	0	0	0	0	0	0	62	102	14	0	0	0	0	0	0	0	0	0	0	0	0	0	0	18	0	6	0	0	0	0	0	0	0	0	213	0	0	0	0	0	0	0	0	0	8
assemblage-827-761	0	0	0	0	0	0	0	0	0	1	18	0	7	0	0	0	0	0	0	365	36	0	14	0	0	0	0	0	0	0	0	0	54	0	0	0	0	0	0	0	0	0	0	0	0	0	0	0	0	0	0	0	0	0	0	0	0	5
assemblage-963-273	0	0	0	0	0	10	0	0	0	0	0	0	0	0	0	0	0	0	0	403	0	0	11	0	0	0	0	0	0	0	0	0	50	0	0	0	0	0	0	0	0	0	0	0	0	0	0	19	0	0	0	0	0	0	0	0	0	7
assemblage-207-404	0	0	0	0	0	0	0	0	0	0	0	0	0	0	0	4	0	0	0	58	269	36	0	0	0	0	0	0	0	0	0	0	7	0	0	0	0	0	0	28	0	0	0	0	0	0	0	92	0	0	0	0	0	0	0	0	0	6
assemblage-483-866	10	0	0	0	0	0	0	0	0	0	0	0	0	0	0	0	0	0	0	134	72	124	0	0	0	0	0	0	0	0	0	0	0	0	0	0	0	0	0	0	0	0	0	0	0	0	0	144	0	0	0	0	0	0	0	0	0	16
assemblage-917-808	0	0	0	0	0	0	0	0	0	0	13	0	0	0	0	0	0	0	0	275	0	0	84	0	0	0	0	0	0	0	0	0	121	0	0	0	0	0	0	0	0	0	0	0	0	0	0	0	0	0	0	0	0	0	0	0	0	7
assemblage-106-537	0	0	0	0	0	0	0	0	0	0	0	0	0	0	0	0	0	0	0	245	20	0	94	0	0	0	0	0	0	0	0	0	131	0	0	0	0	0	0	0	0	0	0	0	0	0	0	0	0	0	0	0	0	0	0	0	0	10
assemblage-463-898	0	0	0	42	0	0	0	0	0	0	0	0	0	0	0	0	0	0	0	87	22	5	0	0	0	0	0	0	0	0	0	0	35	0	0	0	0	0	0	0	0	0	0	0	0	0	0	304	0	0	0	0	0	0	0	0	0	5
assemblage-390-425	0	0	0	0	0	0	0	0	0	0	0	0	0	0	0	0	0	0	38	207	127	38	58	0	0	0	0	0	0	0	0	0	4	0	0	0	0	0	0	0	0	0	0	0	0	0	0	25	0	0	0	0	0	0	0	0	0	3
assemblage-962-300	0	0	0	0	0	21	0	0	0	0	0	0	0	0	0	0	0	0	0	195	19	0	80	0	0	0	0	0	0	11	0	0	136	0	0	0	0	0	0	0	0	0	0	0	0	0	0	12	0	0	0	0	0	10	0	0	0	16
assemblage-536-360	30	0	0	0	9	0	0	30	0	0	0	0	0	0	0	0	0	0	0	8	247	136	0	0	0	0	0	0	0	0	0	0	0	0	0	0	22	0	0	0	0	0	0	0	0	0	0	12	0	0	0	0	0	0	0	0	0	6
assemblage-379-824	0	0	0	0	0	0	0	0	0	0	0	0	0	0	0	0	0	0	0	291	21	0	120	0	0	0	0	0	0	0	0	0	68	0	0	0	0	0	0	0	0	0	0	0	0	0	0	0	0	0	0	0	0	0	0	0	0	0
assemblage-865-797	0	0	0	0	27	0	0	0	0	0	0	0	0	0	0	0	0	0	0	209	61	17	0	0	0	0	0	0	0	0	0	0	0	0	0	0	47	0	12	0	0	0	0	0	0	0	0	113	0	0	0	0	0	0	0	0	0	14
assemblage-451-195	0	0	0	0	0	140	0	0	0	0	0	0	0	0	0	0	0	0	28	158	111	0	28	0	0	0	0	0	0	0	0	0	22	0	0	0	0	0	0	0	0	0	0	0	0	0	0	9	0	0	0	0	0	0	0	0	0	4
assemblage-275-260	0	35	42	0	0	0	0	0	0	0	0	0	0	0	0	0	0	0	0	12	326	52	0	0	0	0	0	11	0	0	0	0	0	0	0	0	12	0	0	0	0	0	0	0	0	0	0	0	0	0	0	0	0	0	0	0	0	10
assemblage-261-263	0	31	41	0	0	0	0	0	0	0	0	0	0	0	0	0	0	0	0	15	313	52	0	0	0	0	0	15	0	0	0	0	0	0	0	0	12	0	0	0	0	0	0	0	0	0	0	12	0	0	0	0	0	0	0	0	0	9
assemblage-837-802	72	0	0	0	11	0	0	0	0	0	0	5	0	0	0	0	0	0	0	68	110	14	0	0	0	0	0	0	0	0	0	0	0	0	0	0	10	0	8	0	0	0	0	0	0	0	0	194	0	0	0	0	0	0	0	0	0	8
assemblage-863-789	18	0	0	0	0	0	0	4	0	0	0	0	0	0	0	0	0	0	0	61	94	149	0	0	0	0	0	0	0	0	7	0	0	0	0	0	75	60	0	0	0	0	0	0	0	0	0	21	0	0	0	0	0	0	0	0	0	11
assemblage-832-957	0	0	16	0	0	0	0	0	22	0	0	134	0	0	0	0	0	0	0	124	26	43	0	0	0	0	0	0	0	0	0	0	0	0	0	0	0	40	7	0	0	0	0	0	0	0	0	83	0	0	0	0	0	0	0	0	0	5
assemblage-955-304	22	0	0	0	0	0	0	43	0	0	0	0	0	0	0	0	0	0	0	0	0	209	0	0	0	0	0	0	0	0	0	0	0	0	0	0	211	0	0	0	0	0	0	0	0	0	0	0	0	0	0	0	0	0	0	0	0	15
assemblage-527-662	8	0	0	0	9	0	0	38	0	0	0	0	0	0	0	0	0	0	0	11	215	155	0	0	0	0	0	0	0	0	0	0	0	0	0	0	19	0	7	0	0	0	0	0	0	0	0	35	0	0	0	0	0	0	0	0	0	3
assemblage-262-886	0	0	0	0	0	0	0	0	0	0	0	0	0	0	0	0	0	0	38	228	101	40	64	0	0	0	0	0	0	0	0	0	3	0	0	0	0	0	0	0	0	0	0	0	0	0	0	18	0	0	0	0	0	0	0	0	0	8
assemblage-430-192	0	0	0	0	0	0	0	0	0	0	0	0	0	0	0	0	0	0	0	18	143	0	145	0	0	0	0	0	0	0	0	0	34	0	0	0	0	0	0	0	0	0	0	0	0	0	0	147	0	0	0	0	0	0	0	0	0	13
assemblage-825-957	0	0	21	0	0	0	0	0	4	0	0	174	0	0	0	0	0	0	0	118	28	40	0	0	0	0	0	0	0	0	0	0	0	0	0	0	0	27	11	0	0	0	0	0	0	0	0	71	0	0	0	0	0	0	0	0	0	6
assemblage-363-861	0	0	0	0	0	0	0	0	0	0	0	0	0	0	0	0	0	0	0	339	2	0	29	0	0	0	0	0	0	0	0	0	111	0	0	0	0	0	0	0	0	0	0	0	0	0	0	8	0	0	0	0	0	0	0	0	0	11
assemblage-162-502	0	0	0	0	0	0	0	0	0	0	0	0	0	0	0	0	0	0	0	367	5	0	27	0	0	0	0	0	0	0	0	0	85	0	0	0	0	0	0	0	0	0	0	0	0	0	0	6	0	0	0	0	0	0	0	0	0	10
assemblage-794-401	0	0	0	0	0	10	0	0	0	0	0	0	0	0	0	0	0	0	0	183	69	0	16	0	0	0	0	0	0	0	0	0	174	0	0	0	0	0	0	0	0	0	0	0	0	0	0	0	0	0	33	0	0	0	0	0	0	15
assemblage-111-935	0	0	84	0	114	0	0	0	0	0	0	0	0	0	0	0	0	0	0	0	62	9	0	0	0	0	0	0	0	0	0	0	0	0	0	0	49	0	45	0	0	0	0	0	0	0	0	133	0	0	0	0	0	0	0	0	0	4
assemblage-435-763	0	0	0	0	0	34	0	0	0	0	0	0	0	0	0	0	10	0	33	197	23	0	55	0	0	0	0	0	0	0	0	0	63	0	27	0	0	0	0	0	0	0	0	0	0	0	9	43	0	0	0	0	0	0	0	0	0	6
assemblage-413-864	0	0	0	0	0	0	0	0	0	0	0	0	0	0	0	0	0	0	0	88	213	99	0	0	0	0	0	0	0	0	0	0	0	0	0	0	0	0	0	31	0	0	0	0	0	0	0	48	0	0	0	14	0	0	0	0	0	7
assemblage-599-278	0	0	0	0	0	0	0	0	0	0	0	0	0	0	0	0	0	0	0	356	0	0	17	0	0	0	0	0	0	0	0	0	103	0	0	0	0	0	0	0	0	0	0	0	0	0	0	4	0	0	0	0	0	0	0	0	0	20
assemblage-475-889	0	0	0	0	0	0	0	0	0	0	0	0	0	0	0	0	0	0	0	105	98	155	0	0	0	0	0	0	0	0	0	0	0	0	0	0	0	0	0	0	0	0	0	0	0	0	0	132	0	0	0	0	0	0	0	0	0	10
assemblage-958-295	0	0	0	0	0	19	0	0	0	0	0	0	0	0	0	0	0	0	0	226	31	0	65	0	0	0	0	0	0	0	0	0	121	0	0	0	0	0	0	0	0	0	0	0	0	0	0	16	0	0	0	0	0	0	0	0	0	22
assemblage-373-179	0	0	0	0	0	0	0	0	0	0	0	0	0	0	0	0	0	0	0	102	76	160	0	0	0	0	0	0	0	0	0	0	0	0	0	0	0	17	0	0	0	0	0	0	0	0	0	133	0	0	0	0	0	0	0	0	9	3
assemblage-802-744	0	0	0	0	0	0	0	0	0	0	22	0	12	10	0	0	0	0	0	343	44	0	21	0	0	0	0	0	0	0	0	0	44	0	0	0	0	0	0	0	0	0	0	0	0	0	0	0	0	0	0	0	0	0	0	0	0	4
assemblage-488-381	0	0	0	0	0	11	0	0	0	0	0	0	0	0	0	0	0	0	0	377	0	0	10	0	0	0	0	0	0	0	0	0	72	0	0	0	0	0	0	0	0	0	0	0	0	0	0	18	0	0	0	0	0	0	0	0	0	12
assemblage-132-399	0	0	0	0	0	0	0	0	0	0	0	0	0	0	0	0	0	0	0	99	90	138	0	0	0	0	0	0	0	0	0	0	0	0	0	0	0	7	0	4	0	0	0	0	0	0	0	144	0	0	0	0	0	0	0	0	8	10
assemblage-421-768	0	0	0	0	0	47	0	0	0	0	0	0	0	0	0	0	0	0	0	27	98	0	48	0	0	0	0	0	0	0	0	0	248	0	0	0	0	0	0	0	0	0	0	0	0	0	0	13	0	0	11	0	0	0	0	0	0	8
assemblage-800-130	0	0	0	0	0	0	0	0	0	0	0	0	0	0	0	0	0	0	0	187	0	0	150	0	0	0	0	0	0	0	0	0	161	0	0	0	0	0	0	0	0	0	0	0	0	0	0	0	0	0	0	0	0	0	0	0	0	2
assemblage-826-970	0	0	21	0	0	0	0	0	5	0	0	143	0	0	0	0	0	0	0	106	27	35	0	0	0	0	0	0	0	0	0	0	0	0	0	0	0	47	0	0	0	0	0	0	0	0	0	99	0	0	0	0	0	0	0	0	0	17
assemblage-972-268	0	0	0	0	0	29	0	0	0	0	0	0	0	0	0	0	0	0	0	216	33	0	79	0	6	0	0	0	0	0	0	0	97	0	0	0	0	0	0	0	0	0	0	0	0	0	0	16	0	0	0	0	0	8	0	0	0	16
assemblage-479-511	0	0	0	0	0	0	0	9	0	0	0	0	0	0	0	0	0	0	0	9	174	104	0	0	0	0	0	0	0	0	0	0	0	0	0	0	0	48	0	0	0	0	0	0	0	0	0	148	0	0	0	0	0	0	0	0	0	8
assemblage-275-727	0	0	0	0	0	17	0	0	0	0	0	0	0	0	0	0	0	0	0	213	60	0	12	0	0	0	0	0	5	0	0	0	138	0	0	0	0	0	0	0	0	0	0	0	0	0	0	7	0	0	43	0	0	0	0	0	0	5
assemblage-804-125	0	0	0	0	0	0	0	0	0	0	0	0	0	0	0	0	0	0	0	301	0	0	42	0	0	0	0	0	0	0	0	0	154	0	0	0	0	0	0	0	0	0	0	0	0	0	0	0	0	0	0	0	0	0	0	0	0	3
assemblage-919-801	0	0	0	0	0	0	0	0	0	0	28	0	0	0	0	0	0	0	0	311	0	0	58	0	0	0	0	0	0	0	0	0	102	0	0	0	0	0	0	0	0	0	0	0	0	0	0	0	0	0	0	0	0	0	0	0	0	1
assemblage-160-519	0	0	0	0	0	0	0	0	0	0	0	0	0	0	0	0	0	0	0	355	8	0	30	0	0	0	0	0	0	0	0	0	97	0	0	0	0	0	0	0	0	0	0	0	0	0	0	0	0	0	0	0	0	0	0	0	0	10
assemblage-436-224	0	0	0	0	0	159	0	0	0	0	0	0	0	0	0	0	0	0	32	154	107	0	20	0	0	0	0	0	0	0	0	0	11	0	0	0	0	0	0	0	0	0	0	0	0	0	0	10	0	0	0	0	0	0	0	0	0	7
assemblage-949-300	31	0	0	0	0	0	0	57	0	0	0	0	0	0	0	0	0	0	0	0	5	221	0	0	0	0	0	0	0	0	0	0	0	0	0	0	179	0	0	0	0	0	0	0	0	0	0	0	0	0	0	0	0	0	0	0	0	7
assemblage-376-184	12	0	0	39	0	0	0	0	0	0	0	0	0	0	0	0	0	0	0	116	21	5	0	0	0	0	0	0	0	0	0	0	35	0	0	0	0	0	0	0	0	0	0	0	0	0	0	271	0	0	0	0	0	0	0	0	0	1
assemblage-489-515	0	0	0	0	0	0	0	0	0	0	0	0	0	0	0	0	0	0	0	121	92	157	0	0	0	0	0	0	0	0	0	0	0	0	0	0	0	1	0	0	0	0	0	0	0	0	0	111	0	0	0	0	0	0	0	0	5	13
assemblage-858-776	29	0	0	0	5	0	0	8	0	0	0	0	0	0	0	0	0	0	0	57	92	132	0	0	0	0	0	0	0	0	12	0	0	0	0	0	64	71	0	0	0	0	0	0	0	0	0	20	0	0	0	0	0	0	0	0	0	10
assemblage-895-169	0	0	0	0	0	0	0	0	0	0	0	0	0	0	0	0	0	0	0	9	182	16	0	0	0	0	0	0	0	0	0	0	67	0	0	0	0	0	0	65	0	0	0	0	0	0	0	147	0	0	0	0	0	0	3	0	0	11
assemblage-424-663	0	0	0	0	0	0	0	0	0	0	17	0	0	0	52	0	0	0	0	371	0	0	0	0	0	0	0	0	0	0	0	0	32	0	0	0	0	0	0	0	0	23	0	0	0	0	0	0	0	0	0	0	0	0	0	0	0	5
assemblage-483-894	0	0	0	0	0	0	0	0	0	0	0	0	0	0	0	0	0	0	0	101	87	163	0	0	0	0	0	0	0	0	0	0	0	0	0	0	0	14	0	6	0	0	0	0	0	0	0	118	0	0	0	0	0	0	0	0	5	6
assemblage-601-285	0	0	0	0	0	0	0	0	0	0	0	0	0	12	0	0	0	0	0	189	49	0	10	0	0	0	0	0	0	0	0	0	188	0	0	0	0	0	0	0	0	0	0	0	0	0	0	0	0	0	36	0	0	0	0	0	0	16
assemblage-460-382	0	0	0	0	0	15	0	0	0	0	0	0	0	0	0	0	0	0	0	368	0	0	14	0	0	0	0	0	0	0	0	0	59	0	0	0	0	0	0	0	0	0	0	0	0	0	0	28	0	0	0	0	0	0	0	0	0	16
assemblage-273-900	0	0	0	0	0	0	0	0	0	0	0	0	0	0	0	0	0	0	0	97	117	32	66	0	0	0	0	0	0	0	0	0	17	0	0	0	0	0	0	19	0	0	0	0	0	0	0	146	0	0	0	0	0	0	0	0	0	6
assemblage-800-398	0	0	0	0	0	0	0	0	0	0	0	0	0	0	0	0	0	0	0	106	121	0	12	0	0	0	0	0	0	0	0	0	215	0	0	0	0	0	0	0	0	0	0	0	0	0	0	30	0	0	0	0	0	0	0	0	0	16
assemblage-429-781	0	0	0	0	0	55	0	0	0	0	0	0	0	0	0	0	0	0	0	26	119	0	22	0	0	0	0	0	0	0	0	0	248	0	0	0	0	0	0	0	0	0	0	0	0	0	0	6	0	0	20	0	0	0	0	0	0	4
assemblage-410-115	0	0	0	0	0	0	0	0	0	0	0	0	0	0	0	0	0	0	29	250	95	51	46	0	0	0	0	0	0	0	0	0	10	0	0	0	0	0	0	0	0	0	0	0	0	0	0	16	0	0	0	0	0	0	0	0	0	3
assemblage-427-192	0	0	0	0	0	0	0	0	0	0	0	0	0	0	0	0	0	0	0	7	132	0	179	0	0	0	0	0	0	0	0	0	36	0	0	0	0	0	0	0	0	0	0	0	0	0	0	127	0	0	0	0	0	0	0	0	0	19
assemblage-227-401	0	0	0	0	0	0	0	0	0	0	0	0	0	0	0	5	0	0	0	76	245	38	14	0	0	0	0	0	0	0	0	0	0	0	0	0	0	0	0	23	0	0	0	0	0	0	0	88	0	0	0	0	0	0	0	0	0	11
assemblage-1008-722	0	0	0	0	0	0	0	0	0	0	0	0	0	0	0	0	0	0	0	28	103	0	185	0	0	0	0	0	0	0	0	0	38	0	0	0	0	0	0	0	0	0	0	0	0	0	0	128	0	0	0	0	0	0	0	0	0	18
assemblage-667-575	0	0	0	0	0	0	0	0	0	0	0	0	0	0	0	0	0	0	0	8	178	23	0	0	0	0	0	0	0	0	0	0	65	0	0	0	0	0	0	84	0	0	0	0	0	0	0	136	0	0	0	0	0	0	0	0	0	6
assemblage-917-785	0	0	0	0	0	0	0	0	0	0	17	0	0	0	68	0	0	0	0	364	0	0	0	0	0	0	0	0	0	0	0	0	25	0	0	0	0	0	0	0	0	23	0	0	0	0	0	0	0	0	0	0	0	0	0	0	0	3
assemblage-276-265	0	37	58	0	0	0	0	0	0	0	0	0	0	0	0	0	0	0	0	11	313	42	0	0	0	0	0	6	0	0	0	0	0	0	0	0	15	0	0	0	0	0	0	0	0	0	0	0	0	0	0	0	0	0	0	0	0	18
assemblage-787-755	0	0	0	0	0	0	0	0	0	0	0	0	0	0	0	0	0	0	0	227	19	0	98	0	0	0	0	0	0	0	0	0	148	0	0	0	0	0	0	0	0	0	0	0	0	0	0	0	0	0	0	0	0	0	0	0	0	8
assemblage-261-874	0	0	0	0	0	0	0	0	0	0	0	0	0	0	0	0	0	0	0	89	169	50	100	0	0	0	0	0	0	0	0	1	51	0	0	0	0	0	0	0	0	0	0	0	0	0	0	29	0	0	0	0	0	0	0	0	0	11
assemblage-172-503	0	0	0	0	0	0	0	0	0	0	0	0	0	0	0	0	0	0	0	304	27	0	93	0	0	0	0	0	0	0	0	0	71	0	0	0	0	0	0	0	0	0	0	0	0	0	0	0	0	0	0	0	0	0	0	0	0	5
assemblage-461-365	0	0	0	0	0	0	0	0	0	0	0	0	0	0	0	0	0	0	0	128	94	0	15	0	0	0	0	0	0	0	0	0	219	0	0	0	0	0	0	0	5	0	0	0	0	0	0	25	0	0	0	0	0	0	0	0	0	14
assemblage-801-129	0	0	0	0	0	0	0	0	0	0	0	0	0	0	0	0	0	0	0	306	0	0	31	0	0	0	0	0	0	0	0	0	157	0	0	0	0	0	0	0	0	0	0	0	0	0	0	0	0	0	0	0	0	0	0	0	0	6
assemblage-914-787	0	0	0	0	0	0	0	0	0	0	0	0	0	0	0	0	0	0	0	172	0	0	143	0	0	0	0	0	0	0	0	0	175	0	0	0	0	0	0	0	0	0	0	0	0	0	0	0	0	0	0	0	0	0	0	0	0	10
assemblage-824-965	0	0	11	0	0	0	0	0	7	0	0	150	0	0	0	0	0	0	0	132	23	41	0	0	0	0	0	0	0	0	0	0	0	0	0	0	0	37	8	0	0	0	0	0	0	0	0	85	0	0	0	0	0	0	0	0	0	6
assemblage-277-258	0	25	39	0	0	0	0	0	0	0	0	0	0	0	0	0	0	0	0	6	322	74	0	0	0	0	0	10	0	0	0	0	0	0	0	0	9	0	0	0	0	0	0	0	0	0	0	0	0	0	0	0	0	0	0	0	0	15
assemblage-994-710	0	0	0	0	0	19	0	0	0	0	0	0	0	0	0	0	9	0	42	188	38	0	80	0	0	0	0	0	0	0	0	0	50	0	20	0	0	0	0	0	0	0	0	0	0	0	16	35	0	0	0	0	0	0	0	0	0	3
assemblage-730-265	7	0	0	0	0	0	0	0	0	0	0	0	0	0	0	0	0	0	0	71	89	148	0	0	0	0	0	0	0	0	16	0	0	0	0	0	80	53	0	0	0	0	0	0	0	0	0	25	0	0	0	0	0	0	0	0	0	11
assemblage-990-744	0	0	0	0	0	41	0	0	0	0	0	0	0	0	0	0	0	0	0	54	134	0	29	0	0	0	0	0	0	0	0	0	213	0	0	0	0	0	0	0	0	0	0	0	0	0	0	11	0	0	7	0	0	0	0	0	0	11
assemblage-375-188	0	0	0	17	0	0	0	0	0	0	0	0	0	0	0	0	0	0	0	93	108	96	0	0	0	0	0	0	0	0	0	0	8	0	0	0	0	11	0	0	0	0	0	0	0	0	0	150	0	0	0	0	0	0	0	0	0	17
assemblage-893-167	0	0	0	0	0	0	0	0	0	0	0	0	0	0	0	0	0	0	0	115	197	83	0	0	0	0	0	0	0	0	0	0	29	0	0	0	0	0	0	0	0	0	0	0	0	0	0	70	0	0	0	0	0	0	0	0	0	6
assemblage-779-409	0	0	0	0	0	6	0	0	0	0	0	0	0	0	0	0	0	0	0	196	89	0	11	0	0	0	0	0	8	0	0	0	155	0	0	0	0	0	0	0	0	0	0	0	0	0	0	0	0	0	28	0	0	0	0	0	0	7
assemblage-389-408	0	0	0	0	0	14	0	0	0	0	0	0	0	0	0	0	0	0	0	60	179	17	11	0	0	0	0	0	0	0	0	0	116	0	0	17	0	0	0	21	0	0	0	0	0	0	0	54	0	0	0	0	0	0	0	0	0	11
assemblage-961-281	0	0	0	0	0	12	0	0	0	0	0	0	0	0	0	0	0	0	0	374	0	0	9	0	0	0	0	0	0	0	0	0	70	0	0	0	0	0	0	0	0	0	0	0	0	0	0	29	0	0	0	0	0	0	0	0	0	6
assemblage-521-677	10	0	0	0	5	0	0	26	0	0	0	0	0	0	0	0	0	0	0	19	214	155	0	0	0	0	0	0	0	0	0	0	0	0	0	0	24	0	0	0	0	0	0	0	0	0	0	35	0	0	0	0	0	0	0	0	0	12
assemblage-701-261	0	0	0	0	31	0	0	0	0	0	0	0	0	0	0	0	0	0	0	208	60	24	0	0	0	0	0	0	0	0	0	0	0	0	0	0	45	0	21	0	0	0	0	0	0	0	0	95	0	0	0	0	0	0	0	0	0	16
assemblage-513-707	0	0	0	0	0	0	0	0	0	0	0	0	0	0	0	0	0	0	0	13	132	0	165	0	0	0	0	0	0	0	0	0	29	0	0	0	0	0	0	0	0	0	0	0	0	0	0	150	0	0	0	0	0	0	0	0	0	11
assemblage-755-622	0	0	0	0	0	0	0	0	0	0	0	0	0	0	0	0	0	0	0	181	0	0	142	0	0	0	0	0	0	0	0	0	175	0	0	0	0	0	0	0	0	0	0	0	0	0	0	0	0	0	0	0	0	0	0	0	0	2
assemblage-835-941	0	0	11	0	0	0	0	0	16	0	0	131	0	0	0	0	0	0	0	152	24	29	0	0	0	0	0	0	0	0	0	0	0	0	0	0	0	37	0	0	0	0	0	0	0	0	0	84	0	0	0	0	0	0	0	0	0	16
assemblage-751-631	0	0	0	0	0	0	0	0	0	0	14	0	0	0	0	0	0	0	0	320	0	0	67	0	0	0	0	0	0	0	0	0	93	0	0	0	0	0	0	0	0	0	0	0	0	0	0	0	0	0	0	0	0	0	0	0	0	6
assemblage-443-195	0	0	0	0	0	146	0	0	0	0	0	0	0	0	0	0	0	0	22	172	89	0	40	0	0	0	0	0	0	0	0	0	14	0	0	0	0	0	0	0	0	0	0	0	0	0	0	12	0	0	0	0	0	0	0	0	0	5
assemblage-496-703	0	0	0	0	0	123	0	0	0	0	0	0	0	0	0	0	0	0	13	191	102	0	31	0	0	0	0	0	0	0	0	0	15	0	0	0	0	0	0	0	0	0	0	0	0	0	0	15	0	0	0	0	0	0	0	0	0	10
assemblage-391-432	0	0	0	0	0	14	0	0	0	0	0	0	0	0	0	0	0	0	0	36	201	6	7	0	0	0	0	0	0	0	0	0	113	0	0	9	0	0	0	32	0	0	0	0	0	0	0	70	0	0	0	0	0	0	0	0	0	12
assemblage-379-174	0	0	0	0	0	0	0	27	0	0	0	0	0	0	0	0	0	0	0	16	154	114	0	0	0	0	0	0	0	0	0	0	0	0	0	0	0	38	0	0	0	0	0	0	0	0	0	138	0	0	0	0	0	0	0	0	0	13
assemblage-113-959	0	0	105	0	152	0	0	0	0	0	0	0	0	0	0	0	0	0	0	0	51	0	0	0	0	0	0	0	0	0	0	0	0	0	0	0	35	0	37	0	0	0	0	0	0	0	0	114	0	0	0	0	0	0	0	0	0	6
assemblage-534-685	17	0	0	0	0	0	0	6	0	0	0	0	0	0	0	0	0	0	0	77	108	130	0	0	0	0	0	0	0	0	5	0	0	0	0	0	85	49	0	0	0	0	0	0	0	0	0	12	0	0	0	0	0	0	0	0	0	11
assemblage-432-775	0	0	0	0	0	0	0	0	0	0	0	0	0	0	0	0	0	0	0	13	130	0	147	0	0	0	0	0	0	0	0	0	35	0	0	0	0	0	0	0	0	0	0	0	0	0	0	163	0	0	0	0	0	0	0	0	0	12
assemblage-169-400	0	0	0	0	0	0	0	0	0	0	0	0	0	0	0	0	0	0	0	157	174	105	0	0	0	0	0	0	0	0	0	0	0	0	0	0	0	7	0	0	0	0	0	0	0	0	0	42	0	0	0	0	0	0	0	0	0	15
assemblage-991-720	0	0	0	0	0	44	0	0	0	0	0	0	0	0	0	0	0	0	0	28	138	0	37	0	0	0	0	0	0	0	0	0	216	0	0	0	0	0	0	0	0	0	0	0	0	0	0	13	7	0	17	0	0	0	0	0	0	0
assemblage-212-405	0	0	0	0	0	0	0	0	0	0	0	0	0	0	0	0	0	0	0	73	268	34	5	0	0	0	0	0	0	0	0	0	0	0	0	0	0	0	0	31	0	0	0	0	0	0	0	73	0	0	0	0	0	0	0	0	0	16
assemblage-430-681	0	0	0	0	0	0	0	0	0	0	0	0	0	0	0	0	0	0	0	290	0	0	39	0	0	0	0	0	0	0	0	0	168	0	0	0	0	0	0	0	0	0	0	0	0	0	0	0	0	0	0	0	0	0	0	0	0	3
assemblage-849-805	10	0	0	0	12	0	0	26	0	0	0	0	0	0	0	0	0	0	0	9	211	168	0	0	0	0	0	0	0	0	0	0	0	0	0	0	17	0	0	0	0	0	0	0	0	0	0	36	0	0	0	0	0	0	0	0	0	11
assemblage-530-672	75	0	0	0	5	0	0	0	0	0	0	6	0	0	0	0	0	0	0	59	88	17	0	0	0	0	0	0	0	0	0	0	0	0	0	0	18	0	20	0	0	0	0	0	0	0	0	209	0	0	0	0	0	0	0	0	0	3
assemblage-533-383	51	0	0	0	9	0	0	0	0	0	0	6	0	0	0	0	0	0	0	59	95	17	0	0	0	0	0	0	0	0	0	0	0	0	0	0	21	0	10	0	0	0	0	0	0	0	0	225	0	0	0	0	0	0	0	0	0	7
assemblage-506-671	13	0	0	0	9	0	0	12	0	0	0	0	0	0	0	0	0	0	0	59	95	144	0	0	0	0	0	0	0	0	6	0	0	0	0	0	84	58	0	0	0	0	0	0	0	0	0	14	0	0	0	0	0	0	0	0	0	6
assemblage-355-837	0	0	0	0	0	0	0	0	0	0	0	0	0	0	0	0	0	17	0	350	74	0	0	0	0	0	0	0	0	0	0	0	50	0	0	0	0	0	0	0	0	0	0	0	0	0	0	0	0	0	0	0	0	0	0	0	0	9
assemblage-443-762	0	0	0	0	0	53	0	0	0	0	0	0	0	0	0	0	0	0	14	99	94	0	77	0	0	0	0	0	0	0	0	0	94	0	0	0	0	0	0	0	0	0	0	0	0	0	0	53	0	0	0	0	0	0	0	0	0	16
assemblage-490-502	0	0	0	0	0	0	0	10	0	0	0	0	0	0	0	0	0	0	0	4	164	111	0	0	0	0	0	0	0	0	0	0	0	0	0	0	0	36	0	0	0	0	0	0	0	0	0	162	0	0	0	0	0	0	0	0	0	13
assemblage-421-662	0	0	0	0	0	0	0	0	0	0	15	0	0	0	77	0	0	0	0	360	0	0	0	0	0	0	0	0	0	0	0	0	26	0	0	0	0	0	0	0	0	17	0	0	0	0	0	0	0	0	0	0	0	0	0	0	0	5
assemblage-893-305	0	0	0	0	0	0	0	0	0	0	0	0	0	0	0	0	0	0	32	207	120	35	74	0	0	0	0	0	0	0	0	0	9	0	0	0	0	0	0	0	0	0	0	0	0	0	0	13	0	0	0	0	0	0	0	0	0	10
assemblage-787-428	0	0	0	0	0	0	0	0	0	0	0	0	0	0	0	0	0	0	0	119	76	0	10	0	0	0	0	0	0	0	0	0	262	0	0	0	0	0	0	0	0	0	0	0	0	0	0	17	0	0	0	0	0	0	0	0	0	16
assemblage-478-884	0	0	0	0	0	0	0	7	0	0	0	0	0	0	0	0	0	0	0	6	155	140	0	0	0	0	0	0	0	0	0	0	0	0	0	0	0	35	0	0	0	0	0	0	0	0	0	142	0	0	0	0	0	0	0	0	0	15
assemblage-167-498	0	0	0	0	0	0	0	0	0	0	0	0	0	0	0	0	0	0	0	255	46	0	109	0	0	0	0	0	0	0	0	0	83	0	0	0	0	0	0	0	0	0	0	0	0	0	0	0	0	0	0	0	0	0	0	0	0	7
assemblage-770-637	0	0	0	0	0	0	0	0	0	0	15	0	0	0	0	0	0	0	0	298	0	0	69	0	0	0	0	0	0	0	0	0	107	0	0	0	0	0	0	0	0	0	0	0	0	0	0	0	0	0	0	0	0	0	0	0	0	11
assemblage-527-667	0	0	0	0	26	0	0	0	0	0	0	0	0	0	0	0	0	0	0	204	67	23	0	0	0	0	0	0	0	0	0	0	0	0	0	0	34	0	38	0	0	0	0	0	0	0	0	100	0	0	0	0	0	0	0	0	0	8
assemblage-722-263	21	0	0	0	27	0	0	25	0	0	0	0	0	0	0	0	0	0	0	8	188	155	0	0	0	0	0	0	0	0	0	0	0	0	0	0	23	0	10	0	0	0	0	0	0	0	0	41	0	0	0	0	0	0	0	0	0	2
assemblage-956-316	41	0	0	0	0	0	0	61	0	0	0	0	0	0	0	0	0	0	0	0	0	215	0	0	0	0	0	0	0	0	0	0	0	0	0	0	173	0	0	0	0	0	0	0	0	0	0	0	0	0	0	0	0	0	0	0	0	10
assemblage-443-206	0	0	0	0	0	32	0	0	0	0	0	0	0	0	0	0	8	0	29	173	47	0	57	0	0	0	0	0	0	0	0	0	59	0	18	0	0	0	0	0	0	0	0	0	0	0	24	53	0	0	0	0	0	0	0	0	0	0
assemblage-900-315	0	0	0	0	0	0	0	0	0	0	0	0	0	0	0	0	0	0	0	96	133	36	49	5	0	0	0	0	0	0	0	0	21	0	0	0	0	0	0	21	0	0	0	0	5	0	0	125	0	0	0	0	0	0	0	0	0	9
assemblage-952-290	36	0	0	0	0	0	0	46	0	0	0	0	0	0	0	0	0	0	0	0	13	189	0	0	0	0	0	0	0	0	0	0	0	0	0	0	204	0	0	0	0	0	0	0	0	0	0	0	0	0	0	0	0	0	0	0	0	12
assemblage-250-249	0	0	0	0	0	0	0	0	0	0	0	0	0	0	0	0	0	7	0	305	121	0	13	0	0	0	0	0	0	0	0	0	44	0	0	0	0	0	0	0	0	0	0	0	0	0	0	0	0	0	0	0	0	0	0	0	0	10
assemblage-166-517	0	0	0	0	0	0	6	0	0	0	0	0	0	7	0	0	0	0	0	203	53	0	17	0	0	0	0	0	0	0	0	0	180	0	0	0	0	0	0	0	0	0	0	0	0	0	0	0	0	0	22	0	0	0	0	0	0	12
assemblage-100-530	0	0	0	0	0	0	0	0	0	0	0	0	0	0	0	0	0	0	0	229	31	0	105	0	0	0	0	0	0	0	0	0	129	0	0	0	0	0	0	0	0	0	0	0	0	0	0	0	0	0	0	0	0	0	0	0	0	6
assemblage-420-124	0	0	0	0	0	0	0	0	0	0	0	0	0	0	0	0	0	0	0	90	146	47	120	0	0	0	0	0	0	0	0	0	69	0	0	0	0	0	0	0	0	0	0	0	0	0	0	22	0	0	0	0	0	0	0	0	0	6
assemblage-468-361	0	0	0	0	0	10	0	0	0	0	0	0	0	0	0	0	0	0	0	356	0	0	7	0	0	0	0	0	0	0	0	0	91	0	0	0	0	0	0	0	0	0	0	0	0	0	0	27	0	0	0	0	0	0	0	0	0	9
assemblage-836-963	0	0	31	0	0	0	0	0	6	0	0	130	0	0	0	0	0	0	0	144	14	50	0	0	0	0	0	0	0	0	0	0	0	0	0	0	0	40	11	0	0	0	0	0	0	0	0	61	0	0	0	0	0	0	0	0	0	13
assemblage-237-898	0	0	0	0	0	0	0	0	0	0	0	0	0	0	0	0	0	0	42	209	101	42	66	0	0	0	0	0	0	0	0	0	17	0	0	0	0	0	0	0	0	0	0	0	0	0	0	14	0	0	0	0	0	0	0	0	0	9
assemblage-903-174	0	0	0	0	0	0	0	0	0	0	0	0	0	0	0	5	0	0	0	63	254	51	8	0	0	0	0	0	0	0	0	0	7	0	0	0	0	0	0	19	0	0	0	0	0	0	0	90	0	0	0	0	0	0	0	0	0	3
assemblage-818-106	0	0	0	0	0	0	0	0	0	0	0	0	0	0	0	0	0	0	0	169	0	0	135	0	0	0	0	0	0	0	0	0	191	0	0	0	0	0	0	0	0	0	0	0	0	0	0	0	0	0	0	0	0	0	0	0	0	5
assemblage-370-178	0	0	0	51	0	0	0	0	0	0	0	0	0	0	0	0	0	0	0	74	13	9	0	0	0	0	0	0	0	0	0	0	30	0	0	0	0	0	0	0	0	0	0	0	0	0	0	319	0	0	0	0	0	0	0	0	0	4
assemblage-235-258	0	0	0	0	0	0	0	0	0	0	0	0	0	0	0	0	0	0	0	359	12	0	22	0	0	0	0	0	0	0	0	0	84	0	0	0	0	0	0	0	0	0	0	0	0	0	0	10	0	0	0	0	0	0	0	0	0	13
assemblage-860-803	0	0	0	0	21	0	0	0	0	0	0	0	0	0	0	0	0	0	0	198	83	19	0	0	0	0	0	0	0	0	0	0	0	0	0	0	24	0	20	0	0	0	0	0	0	0	0	124	0	0	0	0	0	0	0	0	0	11
assemblage-252-252	0	0	0	0	0	0	7	0	0	0	0	0	0	13	0	0	0	0	0	198	64	0	10	0	0	0	0	0	0	0	0	0	178	0	0	0	0	0	0	0	0	0	0	0	0	0	0	0	0	0	23	0	0	0	0	0	0	7
assemblage-951-307	34	0	0	0	0	0	0	58	0	0	0	0	0	0	0	0	0	0	0	0	0	209	0	0	0	0	0	0	0	0	0	0	0	0	0	0	193	0	0	0	0	0	0	0	0	0	0	0	0	0	0	0	0	0	0	0	0	6
assemblage-876-300	0	0	0	0	0	0	0	0	0	0	0	0	0	0	0	0	0	0	0	86	160	48	117	0	0	0	0	0	0	0	0	0	67	0	0	0	0	0	0	0	0	0	0	0	0	0	0	13	0	0	0	0	0	0	0	0	0	9
assemblage-884-180	0	0	0	0	0	0	0	0	0	0	0	0	0	0	0	0	0	0	0	74	219	71	0	0	0	0	0	0	0	0	0	0	14	0	0	0	0	0	0	30	0	0	0	0	0	0	0	78	0	0	0	0	0	0	0	0	0	14
assemblage-238-250	0	0	0	0	0	0	0	0	0	0	0	0	0	0	0	0	0	0	0	362	0	0	13	0	0	0	0	0	0	0	0	0	104	0	0	0	0	0	0	0	0	0	0	0	0	0	0	11	0	0	0	0	0	0	0	0	0	10
assemblage-164-524	0	0	0	0	0	0	0	0	0	0	0	0	0	0	0	0	0	0	0	283	18	0	105	0	0	0	0	0	0	0	0	0	90	0	0	0	0	0	0	0	0	0	0	0	0	0	0	0	0	0	0	0	0	0	0	0	0	4
assemblage-447-675	0	0	0	0	0	0	0	0	0	0	11	0	0	0	0	0	0	0	0	289	0	0	70	0	0	10	0	0	0	0	0	0	116	0	0	0	0	0	0	0	0	0	0	0	0	0	0	0	0	0	0	0	0	0	0	0	0	4
assemblage-784-763	0	0	0	0	0	0	0	0	0	0	0	0	0	0	0	0	0	0	0	343	33	0	0	0	0	0	0	0	0	0	0	0	121	0	0	0	0	0	0	0	0	0	0	0	0	0	0	0	0	0	0	0	0	0	0	0	0	3
assemblage-891-302	0	0	0	0	0	0	0	0	0	0	0	0	0	0	0	0	0	0	32	222	116	50	56	0	0	0	0	0	0	0	0	0	5	0	0	0	0	0	0	0	0	0	0	0	0	0	0	12	0	0	0	0	0	0	0	0	0	7
assemblage-805-423	0	0	0	0	0	0	0	0	0	0	0	0	0	0	0	0	0	0	0	134	93	0	7	0	0	0	0	0	0	0	0	0	223	0	0	0	0	0	0	0	5	0	0	0	0	0	0	23	0	0	0	0	2	0	0	0	0	13
assemblage-427-762	0	0	0	0	0	39	0	0	0	0	0	0	0	0	0	0	0	0	43	177	31	0	81	0	0	0	0	0	0	0	0	0	52	0	16	0	0	0	0	0	0	0	0	0	0	0	20	35	0	0	0	0	0	0	0	0	0	6
assemblage-590-275	0	0	0	0	0	0	0	0	0	0	0	0	0	0	0	0	0	0	0	300	34	0	80	0	0	0	0	0	0	0	0	0	81	0	0	0	0	0	0	0	0	0	0	0	0	0	0	0	0	0	0	0	0	0	0	0	0	5
assemblage-876-781	0	0	0	0	22	0	0	0	0	0	0	0	0	0	0	0	0	0	0	204	72	16	0	0	0	0	0	0	0	0	0	0	0	0	0	0	46	0	27	0	0	0	0	0	0	0	0	106	0	0	0	0	0	0	0	0	0	7
assemblage-386-420	0	0	0	0	0	0	0	0	0	0	0	0	0	0	0	0	0	0	7	126	144	36	62	0	0	0	0	0	0	0	0	0	45	0	0	0	0	0	0	6	0	0	0	0	0	0	0	61	0	0	0	0	0	0	0	0	0	13
assemblage-821-743	0	0	0	0	0	0	0	0	0	0	0	0	0	0	0	0	0	0	0	380	29	0	0	0	0	0	0	0	0	0	0	0	85	0	0	0	0	0	0	0	0	0	0	0	0	0	0	0	0	0	0	0	0	0	0	0	0	6
assemblage-715-242	48	0	0	0	12	0	0	0	0	0	0	13	0	0	0	0	0	0	0	91	94	9	0	0	0	0	0	0	0	0	0	0	0	0	0	0	8	0	19	0	0	0	0	0	0	0	0	203	0	0	0	0	0	0	0	0	0	3
assemblage-598-280	0	0	0	0	0	0	14	0	0	0	0	0	0	17	0	0	0	0	0	179	69	0	22	0	0	0	0	0	0	0	0	0	170	0	0	0	0	0	0	0	0	0	0	0	0	0	0	0	0	0	23	0	0	0	0	0	0	6
assemblage-502-692	0	0	0	0	0	47	0	0	0	0	0	0	0	0	0	0	0	0	0	32	121	0	36	0	0	0	0	0	0	0	0	0	224	0	0	0	0	0	0	0	0	0	0	0	0	0	0	5	0	0	21	0	0	0	0	0	0	14
assemblage-950-266	0	0	0	0	0	0	0	0	0	0	0	0	0	0	0	0	0	0	0	134	86	0	15	0	0	0	0	0	0	0	0	0	235	0	0	0	0	0	0	0	0	0	0	0	0	0	0	22	0	0	0	0	0	0	0	0	0	8
assemblage-100-545	0	0	0	0	0	0	0	0	0	0	0	0	0	0	0	0	0	0	0	344	36	0	0	0	0	0	0	0	0	0	0	0	114	0	0	0	0	0	0	0	0	0	0	0	0	0	0	0	0	0	0	0	0	0	0	0	0	6
assemblage-907-307	0	0	0	0	0	0	0	0	0	0	0	0	0	0	0	0	0	0	0	92	130	44	135	0	0	0	0	0	0	0	0	0	67	0	0	0	0	0	0	0	0	0	0	0	0	0	0	20	0	0	0	0	0	0	0	0	0	12
assemblage-762-622	0	0	0	0	0	0	0	0	0	0	0	0	0	0	0	0	0	0	0	185	0	0	141	0	0	0	0	0	0	0	0	0	169	0	0	0	0	0	0	0	0	0	0	0	0	0	0	0	0	0	0	0	0	0	0	0	0	5
assemblage-593-283	0	0	0	0	0	0	0	0	0	0	0	0	0	0	0	0	0	9	0	330	101	0	3	0	0	0	0	0	0	0	0	0	46	0	0	0	0	0	0	0	0	0	0	0	0	0	0	0	0	0	0	0	0	0	0	0	0	11
assemblage-420-142	0	0	0	0	0	15	0	0	0	0	0	0	0	0	0	0	0	0	0	68	171	9	0	0	0	0	0	0	0	0	0	0	107	0	0	8	0	0	0	33	0	0	0	0	0	0	0	75	0	0	0	0	0	0	0	0	0	14
assemblage-260-895	0	0	0	0	0	14	0	0	0	0	0	0	0	0	0	0	0	0	0	39	185	0	12	0	0	0	0	0	0	0	0	0	124	0	0	9	0	0	0	32	0	0	0	0	0	0	0	82	0	0	0	0	0	0	0	0	0	3
assemblage-279-744	0	0	0	0	0	0	0	0	0	0	0	0	0	0	0	0	0	0	0	134	111	0	3	0	0	0	0	0	0	0	0	0	202	0	0	0	0	0	0	0	0	0	0	0	0	0	0	28	0	0	6	0	0	0	0	0	0	16
assemblage-236-225	0	0	0	0	0	0	0	0	0	0	0	0	0	0	0	0	0	0	0	282	44	0	44	0	0	0	0	0	0	0	0	0	106	0	0	0	0	0	0	0	0	0	0	0	0	0	0	0	0	0	8	0	0	0	0	0	0	16
assemblage-670-680	0	0	0	0	0	0	0	0	0	3	21	0	16	0	0	0	0	0	0	319	56	0	33	0	0	0	0	0	0	0	0	0	47	0	0	0	0	0	0	0	0	0	0	0	0	0	0	0	0	0	0	0	0	0	0	0	0	5
assemblage-687-581	0	0	0	0	0	0	0	0	0	0	0	0	0	0	0	0	0	0	0	10	162	17	0	0	0	0	0	0	0	0	0	0	63	0	0	0	0	0	0	85	0	0	0	0	0	0	0	159	0	0	0	0	0	0	0	0	0	4
assemblage-375-849	0	0	0	0	0	0	0	0	0	0	0	0	0	12	0	0	0	0	0	190	67	0	14	0	0	0	0	0	0	0	0	0	173	0	0	0	0	0	0	0	0	0	0	0	0	0	0	0	0	0	32	0	0	0	0	8	0	4
assemblage-791-421	0	0	0	0	0	15	0	0	0	0	0	0	0	0	0	0	0	0	0	384	8	0	18	0	0	0	0	0	0	0	0	0	59	0	0	0	0	0	0	0	0	0	0	0	0	0	0	12	0	0	0	0	0	0	0	0	0	4
assemblage-478-871	0	0	0	0	0	0	0	0	0	0	0	0	0	0	0	0	0	0	0	165	189	95	0	0	0	0	0	0	0	0	0	0	0	0	0	0	0	12	0	0	0	0	0	0	0	0	0	32	0	0	0	0	0	0	0	0	0	7
assemblage-912-154	0	0	0	0	0	0	0	0	0	0	0	0	0	0	0	0	0	0	0	11	158	28	0	0	0	0	0	0	0	0	0	0	95	0	0	0	0	0	0	58	0	0	0	0	0	0	0	141	0	0	0	0	0	0	0	0	0	9
assemblage-1005-716	0	0	0	0	0	29	0	0	0	0	0	0	0	0	0	0	0	0	57	167	41	0	73	0	0	0	0	0	0	0	0	0	64	0	16	0	0	0	0	0	0	0	0	0	0	0	6	39	0	0	0	0	0	0	0	0	0	8
assemblage-256-256	0	35	42	0	0	0	0	0	0	0	0	0	0	0	0	0	0	0	0	12	334	43	0	0	0	0	0	9	0	0	0	0	0	0	0	0	14	0	0	0	0	0	0	0	0	0	0	0	0	0	0	0	0	0	0	0	0	11
assemblage-513-685	12	0	0	0	9	0	0	25	0	0	0	0	0	0	0	0	0	0	0	13	254	134	0	0	0	0	0	0	0	0	0	0	0	0	0	0	13	0	3	0	0	0	0	0	0	0	0	31	0	0	0	0	0	0	0	0	0	6
assemblage-476-875	0	0	0	0	0	0	0	6	0	0	0	0	0	0	0	0	0	0	0	13	185	103	0	0	0	0	0	0	0	0	0	0	0	0	0	0	0	49	0	0	0	0	5	0	0	0	0	135	0	0	0	0	0	0	0	0	0	4
assemblage-156-401	0	0	0	41	0	0	0	0	0	0	0	0	0	0	0	0	0	0	0	87	19	7	0	0	0	0	0	0	0	0	0	0	35	0	0	0	0	0	0	0	0	0	0	0	0	0	0	300	0	0	0	0	0	0	0	0	0	11
assemblage-661-568	0	0	0	0	0	0	0	0	0	0	0	0	0	0	0	0	0	0	0	84	224	114	0	0	0	0	0	0	0	0	0	0	0	0	0	0	0	0	0	28	0	0	0	0	0	0	0	29	0	0	0	15	0	0	0	0	0	6
assemblage-402-413	0	0	0	0	0	19	0	0	0	0	0	0	0	0	0	0	0	0	0	80	159	8	7	0	0	0	0	0	0	0	0	0	123	0	0	6	0	0	0	25	0	0	0	0	0	0	0	65	0	0	0	0	0	0	0	0	0	8
assemblage-213-390	0	0	0	0	0	0	0	0	0	0	0	0	0	0	0	0	0	0	0	3	185	30	0	0	0	0	0	0	0	0	0	0	56	0	0	0	0	0	0	83	0	0	0	0	0	0	0	130	0	0	0	0	0	0	0	0	0	13
assemblage-908-785	0	0	0	0	0	0	0	0	0	0	18	0	0	0	0	0	0	0	0	298	0	0	71	0	0	0	0	0	0	0	0	0	107	0	0	0	0	0	0	0	0	0	0	0	0	0	0	0	0	0	0	0	0	0	0	0	0	6
assemblage-693-664	0	0	0	0	0	0	0	0	0	0	0	0	0	0	0	0	0	0	0	345	40	0	0	0	0	0	0	0	0	0	0	0	112	0	0	0	0	0	0	0	0	0	0	0	0	0	0	0	0	0	0	0	0	0	0	0	0	3
assemblage-813-103	0	0	0	0	0	0	0	0	0	0	14	0	0	0	58	0	0	0	0	376	0	0	0	0	0	0	0	0	0	0	0	0	36	0	0	0	0	0	0	0	0	15	0	0	0	0	0	0	0	0	0	0	0	0	0	0	0	1
assemblage-427-778	0	0	0	0	0	176	0	0	0	0	0	0	0	0	0	0	0	0	31	147	100	0	20	0	0	0	0	0	0	0	0	0	17	0	0	0	0	0	0	0	0	0	0	0	0	0	0	4	0	0	0	0	0	0	0	0	0	5
assemblage-121-962	0	0	97	0	146	0	0	0	0	0	0	0	0	0	0	0	0	0	0	0	33	9	0	0	0	0	0	0	0	0	0	0	0	0	0	0	45	0	56	0	0	0	0	0	0	0	0	111	0	0	0	0	0	0	0	0	0	3
assemblage-438-205	0	0	0	0	0	0	0	0	0	0	0	0	0	0	0	0	0	0	0	16	128	0	167	0	0	0	0	0	0	0	0	0	44	0	0	0	0	0	0	0	0	0	0	0	0	0	0	136	0	0	0	0	0	0	0	0	0	9
assemblage-792-473	0	0	0	0	0	0	0	0	0	0	0	0	0	0	0	0	0	0	0	358	36	0	0	0	0	0	0	0	0	0	0	0	101	0	0	0	0	0	0	0	0	0	0	0	0	0	0	0	0	0	0	0	0	0	0	0	0	5
assemblage-823-950	0	0	23	0	0	0	0	0	11	0	0	134	0	0	0	0	0	0	0	128	23	41	0	0	0	0	0	0	0	0	0	0	0	0	0	0	0	45	8	0	0	0	0	0	0	0	0	84	0	0	0	0	0	0	0	0	0	3
assemblage-959-273	0	0	0	0	0	5	0	0	0	0	0	0	0	0	0	0	0	0	0	192	82	0	9	0	0	0	0	0	6	0	0	0	158	0	0	0	0	0	0	0	0	0	0	0	0	0	0	3	0	0	32	0	0	0	0	0	0	13
assemblage-149-396	0	0	0	0	0	0	0	0	0	0	0	0	0	0	0	0	0	0	0	161	188	105	0	0	0	0	0	0	0	0	0	0	0	0	0	0	0	6	0	0	0	0	0	0	0	0	0	25	0	0	0	0	0	0	0	0	0	15
assemblage-990-711	0	0	0	0	0	6	0	0	0	0	0	0	0	0	0	0	0	0	0	19	116	0	158	0	0	0	0	0	0	0	0	0	40	0	0	0	0	0	0	0	0	0	0	0	0	0	0	150	0	0	0	0	0	0	0	0	0	11
assemblage-412-413	0	0	0	0	0	22	0	0	0	0	0	0	0	0	0	0	0	0	0	43	178	6	7	0	0	0	0	0	0	0	0	0	111	0	0	10	0	0	0	43	0	0	0	0	0	0	0	77	0	0	0	0	0	0	0	0	0	3
assemblage-425-184	0	0	0	0	0	17	0	0	0	0	0	0	0	0	0	0	8	0	33	206	33	0	58	0	0	0	0	0	0	0	0	0	60	0	17	0	0	0	0	0	0	0	0	0	0	0	20	38	0	0	0	0	0	0	0	0	0	10
assemblage-672-669	0	0	0	0	0	0	0	0	0	0	0	0	0	0	0	0	0	0	0	208	17	0	120	0	0	0	0	0	0	0	0	0	146	0	0	0	0	0	0	0	0	0	0	0	0	0	0	0	0	0	0	0	0	0	0	0	0	9
assemblage-672-668	0	0	0	0	0	0	0	0	0	10	15	0	7	0	0	0	0	0	0	363	41	0	15	0	0	0	0	0	0	0	0	0	40	0	0	0	0	0	0	0	0	0	0	0	0	0	0	0	0	0	0	0	0	0	0	0	0	9
assemblage-508-722	0	0	0	0	0	22	0	0	0	0	0	0	0	0	0	0	6	0	40	190	33	0	69	0	0	0	0	0	0	0	0	0	70	0	15	0	0	0	0	0	0	0	0	0	0	0	8	35	0	0	0	0	0	0	0	0	0	12
assemblage-107-971	0	0	93	0	156	0	0	0	0	0	0	0	0	0	0	0	0	0	0	0	37	0	0	0	0	0	0	0	0	0	0	0	0	0	0	0	43	0	46	0	0	0	0	0	0	0	0	119	0	0	0	0	0	0	0	0	0	6
assemblage-803-761	0	0	0	0	0	0	0	0	0	0	0	0	0	0	0	0	0	0	0	343	31	0	0	0	0	0	0	0	0	0	0	0	123	0	0	0	0	0	0	0	0	0	0	0	0	0	0	0	0	0	0	0	0	0	0	0	0	3
assemblage-706-260	8	0	0	0	28	0	0	0	0	0	0	0	0	0	0	0	0	0	0	171	85	22	0	0	0	0	0	0	0	0	0	0	0	0	0	0	43	0	28	0	0	0	0	0	0	0	0	101	0	0	0	0	0	0	0	0	0	14
assemblage-152-385	0	0	0	0	0	0	0	10	0	0	0	0	0	0	0	0	0	0	0	14	158	99	0	0	0	0	0	0	0	0	0	0	0	0	0	0	0	32	0	0	0	0	13	0	0	0	0	165	0	0	0	0	0	0	0	0	0	9
assemblage-495-501	0	0	0	37	0	0	0	0	0	0	0	0	0	0	0	0	0	0	0	70	21	3	0	0	0	0	0	0	0	0	0	0	30	0	0	0	0	0	0	0	0	0	0	0	0	0	0	336	0	0	0	0	0	0	0	0	0	3
assemblage-546-680	13	0	0	0	17	0	0	32	0	0	0	0	0	0	0	0	0	0	0	12	220	151	0	0	0	0	0	6	0	0	0	0	0	0	0	0	16	0	0	0	0	0	0	0	0	0	0	24	0	0	0	0	0	0	0	0	0	9
assemblage-210-392	0	0	0	0	0	0	0	0	0	0	0	0	0	0	0	6	0	0	0	77	257	55	8	0	0	0	0	0	0	0	0	0	6	0	0	0	0	0	0	21	0	0	0	0	0	0	0	66	0	0	0	0	0	0	0	0	0	4
assemblage-466-364	0	0	0	0	0	11	0	0	0	0	0	0	0	0	0	0	0	0	0	162	106	0	19	0	0	0	0	0	0	0	0	0	151	0	0	0	0	0	0	0	0	0	0	0	0	0	0	0	0	0	46	0	0	0	0	0	0	5
assemblage-382-848	0	0	0	0	0	0	0	0	0	0	0	0	0	0	0	0	0	8	0	327	97	0	0	0	0	0	0	0	0	0	0	0	58	0	0	0	0	0	0	0	0	0	0	0	0	0	0	0	0	0	0	0	0	0	0	0	0	10
assemblage-895-157	0	0	0	0	0	0	0	0	0	0	0	0	0	0	0	0	0	0	0	121	193	86	0	0	0	0	0	0	0	0	0	0	31	0	0	0	0	0	0	0	0	0	0	0	0	0	0	59	0	0	0	0	0	0	0	0	0	10
assemblage-809-445	0	0	0	0	0	18	0	0	0	0	0	0	0	0	0	0	0	0	0	184	85	0	9	0	0	0	0	0	7	0	0	0	163	0	0	0	0	0	0	0	0	0	0	0	0	0	0	0	0	0	24	0	0	0	0	0	0	10
assemblage-103-549	0	0	0	0	0	0	0	0	0	0	0	0	0	0	0	0	0	0	0	343	20	0	29	0	0	0	0	0	0	0	0	0	94	0	0	0	0	0	0	0	0	0	0	0	0	0	0	0	0	0	0	0	0	0	0	0	0	14
assemblage-526-377	12	0	0	0	16	0	0	26	0	0	0	0	0	0	0	0	0	0	0	17	211	159	0	0	0	0	0	0	0	0	0	0	0	0	0	0	15	0	0	0	0	0	0	0	0	0	0	32	0	0	0	0	0	0	0	0	0	12
assemblage-98-546	0	0	0	0	0	0	0	0	0	0	0	0	0	0	0	0	0	0	0	357	23	0	0	0	0	0	0	0	0	0	0	0	110	0	0	0	0	0	0	0	0	0	0	0	0	0	0	0	0	0	0	0	0	0	0	0	0	10
assemblage-98-541	0	0	0	0	0	0	0	0	0	0	0	0	0	0	0	0	0	0	0	220	13	0	103	0	0	0	0	0	0	0	0	0	152	0	0	0	0	0	0	0	0	0	0	0	0	0	0	0	0	0	0	0	0	0	0	0	0	12
assemblage-1006-705	0	0	0	0	0	40	0	0	0	0	0	0	0	0	0	0	0	0	0	33	114	0	22	0	0	0	0	0	0	0	0	0	253	0	0	0	0	0	0	0	0	0	0	0	0	0	0	11	0	0	17	0	0	0	0	0	0	10
assemblage-249-264	0	0	0	0	0	0	0	0	0	0	0	0	0	0	0	0	0	0	0	292	25	0	112	0	0	0	0	0	0	0	0	0	70	0	0	0	0	0	0	0	0	0	0	0	0	0	0	0	0	0	0	0	0	0	0	0	0	1
assemblage-105-958	0	0	126	0	123	0	0	0	0	0	0	0	0	0	0	0	0	0	0	0	40	13	0	0	0	0	0	0	0	0	0	0	0	0	0	0	33	0	59	0	0	0	0	0	0	0	0	106	0	0	0	0	0	0	0	0	0	0
assemblage-469-877	0	0	0	0	0	0	0	0	0	0	0	0	0	0	0	0	0	0	0	143	203	113	0	0	0	0	0	0	0	0	0	0	0	0	0	0	0	12	0	0	0	0	0	0	0	0	0	20	0	0	0	0	0	0	0	0	0	9
assemblage-752-617	0	0	0	0	0	0	0	0	0	0	19	0	0	0	76	0	0	0	0	357	0	0	0	0	0	0	0	0	0	0	0	0	27	0	0	0	0	0	0	0	0	18	0	0	0	0	0	0	0	0	0	0	0	0	0	0	0	3
assemblage-376-844	0	0	0	0	0	0	0	0	0	0	0	0	0	0	0	0	0	7	0	352	86	0	7	0	0	0	0	0	0	0	0	0	39	0	0	0	0	0	0	0	0	0	0	0	0	0	0	0	0	0	0	0	0	0	0	0	0	9
assemblage-391-891	0	0	0	0	0	0	0	0	0	0	0	0	0	0	0	0	0	0	0	88	205	99	0	0	0	0	0	0	0	0	0	0	10	0	0	0	0	0	0	43	0	0	0	0	0	0	0	33	0	0	0	16	0	0	0	0	0	6
assemblage-371-189	0	0	0	49	0	0	0	0	0	0	0	0	0	0	0	0	0	0	0	78	19	15	0	0	0	0	0	0	0	0	0	0	44	0	0	0	0	0	0	0	0	0	0	0	0	0	0	286	0	0	0	0	0	0	0	0	0	9
assemblage-695-686	0	0	0	0	0	0	0	0	0	0	0	0	0	0	0	0	0	0	0	217	18	0	134	0	0	0	0	0	0	0	0	0	127	0	0	0	0	0	0	0	0	0	0	0	0	0	0	0	0	0	0	0	0	0	0	0	0	4
assemblage-923-801	0	0	0	0	0	0	0	0	0	0	10	0	0	0	53	0	0	0	0	367	0	0	0	0	0	0	0	0	0	0	0	0	42	0	0	0	0	0	0	0	0	21	0	0	0	0	0	0	0	0	0	0	0	0	0	0	0	7
assemblage-795-450	0	0	0	0	0	0	0	0	0	0	0	0	0	0	0	0	0	0	0	380	14	0	0	0	0	0	0	0	0	0	0	0	102	0	0	0	0	0	0	0	0	0	0	0	0	0	0	0	0	0	0	0	0	0	0	0	0	4
assemblage-812-136	0	0	0	0	0	0	0	0	0	0	12	0	0	0	77	0	0	0	0	358	0	0	0	0	0	0	0	0	0	0	0	0	20	0	0	0	0	0	0	0	0	27	0	0	0	0	0	0	0	0	0	0	0	0	0	0	0	6
assemblage-757-617	0	0	0	0	0	0	0	0	0	0	0	0	0	0	0	0	0	0	0	320	0	0	37	0	0	0	0	0	0	0	0	0	138	0	0	0	0	0	0	0	0	0	0	0	0	0	0	0	0	0	0	0	0	0	0	0	0	5
assemblage-891-310	0	0	0	0	0	21	0	0	0	0	0	0	0	0	0	0	0	0	0	45	202	9	0	0	0	0	0	0	0	0	0	0	114	0	0	16	0	0	0	21	0	0	0	0	0	0	0	66	0	0	0	0	0	0	0	0	0	6
assemblage-370-847	0	0	0	0	0	0	0	0	0	0	0	0	0	14	0	0	0	0	0	186	67	0	9	0	0	0	0	0	0	0	0	0	177	0	0	0	0	0	0	0	0	0	0	0	0	0	0	0	0	0	35	0	0	0	0	0	0	12
assemblage-861-791	85	0	0	0	4	0	0	0	0	0	0	9	0	0	0	0	0	0	0	78	91	15	0	0	0	0	0	0	0	0	0	0	0	0	0	0	6	0	13	0	0	0	0	0	0	0	0	197	0	0	0	0	0	0	0	0	0	2
assemblage-147-401	0	0	0	0	0	0	0	0	0	0	0	0	0	0	0	0	0	0	0	168	205	79	0	0	0	0	0	0	0	0	0	0	0	0	0	0	0	7	0	0	0	0	0	0	0	0	0	35	0	0	0	0	0	0	0	0	0	6
assemblage-388-860	0	0	0	0	0	0	0	0	0	0	0	0	0	13	0	0	0	0	0	202	65	0	10	0	0	0	0	0	0	0	0	0	152	0	0	0	0	0	0	0	0	0	0	0	0	0	0	0	0	0	42	0	0	0	0	9	0	7
assemblage-106-951	9	8	50	0	39	0	0	12	0	0	0	33	0	0	0	0	0	0	0	34	93	90	0	0	0	0	0	0	0	0	0	0	0	0	0	0	55	9	14	0	0	0	0	0	0	0	0	46	0	0	0	0	0	0	0	0	0	8
assemblage-267-745	0	0	0	0	0	8	0	0	0	0	0	0	0	0	0	0	0	0	0	204	77	0	16	0	0	0	0	0	0	0	0	0	148	0	0	0	0	0	0	0	0	0	0	0	0	0	0	0	0	0	41	0	0	0	0	0	0	6
assemblage-410-885	0	0	0	0	0	0	0	0	0	0	0	0	0	0	0	0	0	0	0	87	232	76	0	0	0	0	0	0	0	0	0	0	23	0	0	0	0	0	0	0	0	0	0	0	0	0	0	73	0	0	0	0	0	0	0	0	0	9
assemblage-149-384	0	0	0	0	0	0	0	6	0	0	0	0	0	0	0	0	0	0	0	3	164	127	0	0	0	0	0	0	0	0	0	0	0	0	0	0	0	49	0	0	0	0	0	0	0	0	0	147	0	0	0	0	0	0	0	0	0	4
assemblage-490-497	0	0	0	0	0	0	0	11	0	0	0	0	0	0	0	0	0	0	0	5	168	128	0	0	0	0	0	0	0	0	0	0	0	0	0	0	0	40	0	0	0	0	0	0	0	0	0	143	0	0	0	0	0	0	0	0	0	5
assemblage-803-471	0	0	0	0	0	0	0	0	0	0	0	0	0	0	0	0	0	0	0	225	21	0	109	0	0	0	0	0	0	0	0	0	139	0	0	0	0	0	0	0	0	0	0	0	0	0	0	0	0	0	0	0	0	0	0	0	0	6
assemblage-102-526	0	0	0	0	0	0	0	0	0	0	0	0	0	0	0	0	0	0	0	338	39	0	0	0	0	0	0	0	0	0	0	0	123	0	0	0	0	0	0	0	0	0	0	0	0	0	0	0	0	0	0	0	0	0	0	0	0	0
assemblage-262-256	0	20	67	0	0	0	0	0	0	0	0	0	0	0	0	0	0	0	0	6	317	63	0	0	0	0	0	10	0	0	0	0	0	0	0	0	9	0	0	0	0	0	0	0	0	0	0	0	0	0	0	0	0	0	0	0	0	8
assemblage-974-263	0	0	0	0	0	27	0	0	0	0	0	0	0	0	0	0	0	0	0	233	30	0	77	0	0	0	0	0	0	5	0	0	106	0	0	0	0	0	0	0	0	0	0	0	0	0	0	6	0	0	0	0	0	9	0	0	0	7
assemblage-673-671	0	0	0	0	0	0	0	0	0	0	0	0	0	0	0	0	0	0	0	223	30	0	102	0	0	0	0	0	0	0	0	0	138	0	0	0	0	0	0	0	0	0	0	0	0	0	0	0	0	0	0	0	0	0	0	0	0	7
assemblage-423-115	0	0	0	0	0	0	0	0	0	0	0	0	0	0	0	0	0	0	0	78	138	43	124	0	0	0	0	0	0	0	0	10	61	0	0	0	0	0	0	0	0	0	0	0	0	0	0	39	0	0	0	0	0	0	0	0	0	7
assemblage-526-705	0	0	0	0	0	19	0	0	0	0	0	0	0	0	0	0	9	0	33	190	29	0	73	0	0	0	0	0	0	0	0	0	63	0	10	0	0	0	0	0	0	0	0	0	0	0	15	53	0	0	0	0	0	0	0	0	0	6
assemblage-187-516	0	0	0	0	0	0	0	0	0	0	0	0	0	0	0	0	0	0	0	386	0	0	19	0	0	0	0	0	0	0	0	0	79	0	0	0	0	0	0	0	0	0	0	0	0	0	0	3	0	0	0	0	0	0	0	0	0	13
assemblage-457-369	0	0	0	0	0	16	0	0	0	0	0	0	0	0	0	0	0	0	0	376	0	0	19	0	0	0	0	0	0	0	0	0	70	0	0	0	0	0	0	0	0	0	0	0	0	0	0	12	0	0	0	0	0	0	0	0	0	7
assemblage-402-869	0	0	0	0	0	0	0	0	0	0	0	0	0	0	0	0	0	0	0	105	198	71	0	0	0	0	0	0	0	0	0	0	32	0	0	0	0	0	0	0	0	0	0	0	0	0	0	84	0	0	0	0	0	0	0	0	0	10
assemblage-281-720	0	0	0	0	0	0	0	0	0	0	0	0	0	0	0	0	0	0	0	130	104	0	5	0	0	0	0	0	0	0	0	0	233	0	0	0	0	0	0	0	0	0	0	0	0	0	0	18	0	0	0	0	0	0	0	0	0	10
assemblage-786-478	0	0	0	0	0	0	0	0	0	9	21	0	13	0	0	0	0	0	0	336	51	0	16	0	0	0	0	0	0	0	0	0	50	0	0	0	0	0	0	0	0	0	0	0	0	0	0	0	0	0	0	0	0	0	0	0	0	4
assemblage-272-732	0	0	0	0	0	22	0	0	0	0	0	0	0	0	0	0	0	0	0	208	31	0	81	0	8	0	0	0	0	0	0	0	121	0	0	0	0	0	0	0	0	0	0	0	0	0	0	10	0	0	0	0	0	5	0	0	0	14
assemblage-254-263	0	41	46	0	0	0	0	0	0	0	0	0	0	0	0	0	0	0	0	9	325	52	0	0	0	0	0	9	0	0	0	0	0	0	0	0	7	0	0	0	0	0	0	0	0	0	0	0	0	0	0	0	0	0	0	0	0	11
assemblage-517-700	0	0	0	0	0	41	0	0	0	0	0	0	0	0	0	0	0	0	0	37	153	0	22	0	0	0	0	0	0	0	0	0	215	0	0	0	0	0	0	0	0	0	0	0	0	0	0	7	0	0	13	0	0	0	0	0	0	12
assemblage-670-582	0	0	0	0	0	0	0	0	0	0	0	0	0	0	0	0	0	0	0	4	162	21	0	0	0	0	0	0	0	0	0	0	70	0	0	0	0	0	0	86	0	0	0	0	0	0	0	149	0	0	0	0	0	0	0	0	0	8
assemblage-896-310	0	0	0	0	0	0	0	0	0	0	0	0	0	0	0	0	0	0	0	84	134	43	74	0	0	0	0	0	0	0	0	0	26	0	0	0	0	0	0	16	0	0	0	0	0	0	0	111	0	0	0	0	0	0	0	0	0	12
assemblage-536-381	19	0	0	0	0	0	0	18	0	0	0	0	0	0	0	0	0	0	0	55	90	158	0	0	0	0	0	0	0	0	7	0	0	0	0	0	81	53	0	0	0	0	0	0	0	0	0	8	0	0	0	0	0	0	0	0	0	11
assemblage-380-183	5	0	0	48	0	0	0	0	0	0	0	0	0	0	0	0	0	0	0	77	17	8	0	0	0	0	0	0	0	0	0	0	43	0	0	0	0	0	0	0	0	0	0	0	0	0	0	292	0	0	0	0	0	0	0	0	0	10
assemblage-383-199	0	0	0	48	0	0	0	0	0	0	0	0	0	0	0	0	0	0	0	72	20	8	0	0	0	0	0	0	0	0	0	0	46	0	0	0	0	0	0	0	0	0	0	0	0	0	0	298	0	0	0	0	0	0	0	0	0	8
assemblage-397-865	0	0	0	0	0	0	0	0	0	0	0	0	0	0	0	0	0	0	0	20	196	21	0	0	0	0	0	0	0	0	0	0	56	0	0	0	0	0	0	78	0	0	0	0	0	0	0	112	0	0	0	0	0	0	0	0	0	17
assemblage-121-967	0	0	91	0	129	0	0	0	0	0	0	0	0	0	0	0	0	0	0	0	46	8	0	0	0	0	0	0	0	0	0	0	0	0	0	0	37	0	47	0	0	0	0	0	0	0	0	141	0	0	0	0	0	0	0	0	0	1
assemblage-521-357	0	0	0	0	22	0	0	0	0	0	0	0	0	0	0	0	0	0	0	215	77	16	0	0	0	0	0	0	0	0	0	0	0	0	0	0	36	0	22	0	0	0	0	0	0	0	0	104	0	0	0	0	0	0	0	0	0	8
assemblage-473-354	0	0	0	0	0	22	0	0	0	0	0	0	0	0	0	0	0	0	0	233	30	0	81	0	0	0	0	0	0	0	0	0	111	0	0	0	0	0	0	0	0	0	0	0	0	0	0	4	0	0	0	0	0	0	0	0	0	19
assemblage-409-893	0	0	0	0	0	0	0	0	0	0	0	0	0	0	0	1	0	0	0	67	253	49	0	0	0	0	0	0	0	0	0	0	0	0	0	0	0	0	0	35	0	0	0	0	0	0	0	91	0	0	0	0	0	0	0	0	0	4
assemblage-488-508	0	0	0	0	0	0	0	0	0	0	0	0	0	0	0	0	0	0	0	110	81	165	0	0	0	0	0	0	0	0	0	0	0	0	0	0	0	12	0	0	0	0	0	0	0	0	0	115	0	0	0	0	0	0	0	0	0	17
assemblage-948-296	36	0	0	0	0	0	0	64	0	0	0	0	0	0	0	0	0	0	0	0	0	188	0	0	0	0	0	0	0	0	0	0	0	0	0	0	204	0	0	0	0	0	0	0	0	0	0	0	0	0	0	0	0	0	0	0	0	8
assemblage-475-384	0	0	0	0	0	26	0	0	0	0	0	0	0	0	0	0	0	0	0	239	24	0	87	0	0	0	0	0	0	6	0	0	107	0	0	0	0	0	0	0	0	0	0	0	0	0	0	0	0	0	0	0	0	0	0	0	0	11
assemblage-488-504	0	0	0	4	0	0	0	0	0	0	0	0	0	0	0	0	0	0	0	159	198	91	0	0	0	0	0	0	0	0	0	0	0	0	0	0	0	11	0	0	0	0	0	0	0	0	0	24	0	0	0	0	0	0	0	0	0	13
assemblage-522-357	12	0	0	0	0	0	0	8	0	0	0	0	0	0	0	0	0	0	0	61	89	149	0	0	0	0	0	0	0	0	7	0	0	0	0	0	83	63	0	0	0	0	0	0	0	0	0	14	0	0	0	0	0	0	0	0	0	14
assemblage-176-500	0	0	0	0	0	0	0	0	0	0	0	0	0	0	0	0	0	12	0	307	121	0	16	0	0	0	0	0	0	0	0	0	35	0	0	0	0	0	0	0	0	0	0	0	0	0	0	0	0	0	0	0	0	0	0	0	0	9
