Assemblage_Name	1701817-2-4809260	1701817-7735444-2195155	0-4382597-3180685	0-4-5895179	0-6967358-5818276	0-4-4702805	1701817-2885540-2195155	9702387-2-0	5081493-4-4	4-6636885-9108746	1701817-2-4895434	0-2994939-4	0-2-8476102	4-3308890-0	6370851-2-2195155	1701817-2-7523512	1701817-1626068-2195155	4-5521560-0	5324859-4209197-3	1701817-2-7466057	3601999-2-2195155	0-6967358-3180685	0-2-4910890	0-2-305323	0-4-4	0-1982331-3	1701817-806390-2195155	4-2-6769588	1701817-2-4224566	0-5427191-4	1004171-4-6052561	4-6636885-0	1701817-2-2195155	1701817-2-1366101	0-3-3	8920719-4-281727	7466984-2-2195155	1701817-6075754-2195155	5324859-2-3	0-4-7319855	9702387-2-7676615	0-2-2195155	4-4874426-0	1701817-2-8162717	9711215-2-2195155	5356669-2-0	0-6967358-7588964	1701817-5615312-2195155	0-4-6865126	0-7429450-4	1701817-5216173-2195155	0-6967358-4	4-7791627-0	2-2-4	5914435-9271780-4	5513090-2-2195155	0-4-6052561	0-7805041-4	0-128911-4	0-2-3	7636494-2-2195155	0-3706503-4	8201549-2-2195155	4-2-0	9702387-1486852-0	0-2-2901942	1701817-2-6415039	0-8413308-4	299058-2-2195155	2311478-4-4	6686113-7892677-4	4817235-6967358-4	4-9515383-0	0-7996445-4	6686113-4-4	370342-2-0	8920719-4-4	0-8089110-3	0-6967358-7182496	0-2-1014975	2767125-2-0	0-4-7162708	8220102-6967358-4	6765267-2-0	9673947-4-4	5528544-2-2195155	0-4101746-4	1701817-2-6590567	9702387-2-6996550	3306253-4-4	0-4-4076184	9742913-2-2195155	0-2944741-2195155	0-4-6881030	0-6967358-5473999
assemblage-207-392	0	0	0	0	0	0	0	0	26	0	0	0	0	0	0	0	0	0	0	0	0	0	0	0	194	0	0	0	0	0	0	0	20	0	0	0	0	0	0	0	0	48	0	0	0	0	0	0	0	0	0	51	0	0	0	0	0	0	0	0	0	0	0	145	0	0	0	0	0	0	0	0	0	0	0	0	0	0	0	0	0	0	0	0	0	0	0	0	0	0	0	0	0	0	16
assemblage-729-265	0	0	0	0	0	0	0	0	0	0	0	0	0	0	0	0	0	0	0	0	0	0	0	0	67	0	0	0	0	0	0	0	18	0	0	0	0	0	0	0	0	148	0	0	0	0	0	0	0	0	0	81	0	0	0	0	0	0	0	49	0	0	0	47	0	0	0	0	0	0	0	0	0	0	0	0	20	0	0	12	0	0	0	0	0	0	0	0	0	13	0	0	20	0	25
assemblage-203-402	0	0	0	0	0	0	0	0	0	0	0	0	0	0	0	0	0	0	0	0	0	0	13	0	170	0	0	0	0	0	0	0	104	0	0	0	0	0	0	0	0	20	0	0	0	0	0	0	0	0	0	73	0	0	0	0	0	0	0	0	0	0	0	104	0	0	0	0	0	0	0	0	0	0	0	0	0	0	0	0	0	0	0	0	0	0	0	0	0	0	0	0	0	0	16
assemblage-993-720	0	0	0	0	0	0	0	10	0	0	0	0	0	0	0	0	0	0	0	0	0	0	0	0	71	0	0	0	0	0	0	0	158	0	0	0	0	0	0	0	0	5	0	0	0	0	0	0	0	0	0	88	0	0	0	0	0	0	0	0	0	0	8	67	0	0	0	0	0	0	0	0	0	14	0	11	0	0	0	0	8	40	0	0	0	0	0	0	0	0	0	0	0	0	20
assemblage-714-272	0	0	0	0	0	0	0	0	0	0	0	0	0	0	0	0	0	0	0	0	0	0	0	0	20	0	0	0	0	0	0	0	97	0	0	0	0	0	0	0	0	129	0	0	0	0	0	0	0	0	0	139	0	0	0	0	0	0	0	18	0	0	0	35	0	0	0	0	0	0	0	0	0	0	0	0	6	0	0	0	0	0	0	0	0	0	0	0	0	27	0	0	18	0	11
assemblage-400-899	0	0	0	0	0	0	0	0	0	0	0	0	0	0	0	0	0	0	30	0	0	0	0	0	186	0	0	0	0	0	0	0	44	0	0	0	0	0	11	0	0	11	0	0	0	0	0	0	0	0	0	167	0	0	0	0	0	0	0	0	0	0	11	22	0	0	0	0	0	0	0	0	0	0	0	0	0	0	0	0	0	0	0	0	0	0	0	0	0	0	0	0	0	0	18
assemblage-520-365	0	0	0	0	0	0	0	0	0	0	0	0	0	0	0	0	0	0	0	0	0	0	0	0	57	10	0	0	0	0	0	0	0	0	0	0	0	0	0	0	0	183	0	0	0	0	0	0	0	0	0	46	0	0	0	0	0	0	0	30	0	0	0	113	0	0	0	0	0	0	0	0	0	0	0	0	14	7	0	16	0	0	0	0	0	0	0	0	0	0	7	0	5	0	12
assemblage-244-910	0	0	0	0	0	0	0	0	0	0	0	0	0	0	0	0	0	0	0	0	0	0	0	0	96	0	0	0	0	40	0	0	19	0	0	0	25	0	0	0	0	0	0	0	0	0	0	0	0	0	0	157	3	0	0	0	0	0	0	0	0	0	96	33	0	0	0	0	0	0	0	0	0	0	0	0	0	0	0	0	0	0	0	0	0	0	0	0	0	0	0	0	0	0	31
assemblage-433-120	0	0	0	0	0	0	0	0	0	0	0	0	0	0	0	0	0	0	0	0	0	7	0	0	64	0	0	0	0	0	0	0	28	0	0	0	0	0	0	0	0	62	0	0	0	0	0	0	0	0	0	57	0	0	0	0	0	0	0	0	0	0	81	173	0	0	0	0	0	0	0	0	0	0	0	0	0	0	6	0	0	0	0	0	0	0	0	0	0	0	0	0	0	0	22
assemblage-664-667	0	0	0	0	0	0	0	0	0	4	0	0	0	0	0	0	0	0	0	0	0	0	0	0	0	0	0	0	0	0	0	0	320	0	0	0	0	0	0	0	0	0	0	0	0	0	0	21	0	0	0	0	0	0	0	0	0	0	0	0	0	0	0	107	0	0	0	0	0	0	0	0	0	0	9	0	0	0	0	0	0	0	0	0	0	5	0	0	0	0	0	0	0	0	34
assemblage-264-747	0	0	0	0	0	0	0	54	0	58	0	0	0	0	0	0	0	0	0	0	0	0	0	0	0	0	0	0	0	0	0	28	252	0	0	0	0	0	0	0	0	27	0	0	0	0	0	0	0	0	0	0	0	0	0	0	46	0	0	0	0	0	0	0	0	0	0	0	0	0	0	0	0	0	0	0	0	0	0	0	0	0	0	0	0	0	0	0	0	0	0	0	0	0	35
assemblage-797-749	0	0	0	0	0	0	0	28	0	0	0	0	0	0	0	0	0	0	0	0	0	0	0	0	0	0	0	9	0	0	0	0	174	0	0	0	0	0	0	0	0	0	0	0	0	0	0	0	0	0	23	73	0	0	0	0	46	0	0	0	0	0	0	32	0	0	23	0	0	0	0	0	0	0	80	0	0	0	0	0	0	0	0	0	0	0	0	0	0	0	0	0	0	0	12
assemblage-716-247	0	0	0	0	0	0	0	0	0	0	0	0	0	0	0	0	0	0	0	0	0	0	0	0	66	0	0	0	0	0	0	0	0	0	0	0	0	0	0	0	0	200	0	0	0	0	0	0	0	0	0	93	0	0	0	0	0	0	0	75	0	0	0	24	0	0	0	0	0	0	0	0	0	0	0	0	14	0	0	0	0	0	0	0	0	0	0	0	0	19	0	0	0	0	9
assemblage-97-538	0	0	0	0	0	0	0	81	0	0	0	0	0	0	0	0	0	0	0	0	0	0	0	0	0	0	0	0	0	0	0	0	122	0	0	0	0	0	0	0	0	0	0	0	0	0	0	0	0	0	15	37	0	0	0	0	103	0	0	0	0	0	0	47	17	0	10	0	0	0	0	0	0	0	41	0	0	0	0	0	0	0	0	0	0	0	0	0	0	0	0	0	0	0	27
assemblage-140-383	0	0	0	4	0	0	0	0	0	0	0	0	0	0	0	0	0	0	0	0	0	0	0	0	27	0	0	0	0	0	0	0	18	0	0	0	0	0	6	0	0	92	0	0	0	0	0	0	0	0	0	196	0	0	0	0	0	0	0	0	0	0	0	83	0	0	0	0	0	0	0	0	0	0	0	0	0	17	0	18	0	0	0	0	0	0	0	0	0	0	0	0	31	0	8
assemblage-684-671	0	0	0	0	0	0	0	26	0	0	0	0	0	0	0	0	0	0	0	0	0	0	0	0	0	0	0	0	0	0	0	0	187	0	0	0	0	0	0	0	0	0	0	0	0	0	0	0	0	0	20	78	0	0	0	0	33	0	0	0	0	0	0	34	0	0	26	0	0	0	0	0	0	0	79	0	0	0	0	0	0	0	0	0	0	0	0	0	0	0	0	0	0	0	17
assemblage-262-911	0	0	6	0	0	0	0	0	0	0	0	0	0	0	0	0	0	0	0	0	0	9	0	0	96	0	0	0	0	0	0	0	22	0	0	0	0	0	0	0	0	63	0	0	0	0	0	0	0	0	0	46	0	0	0	0	0	0	0	0	0	0	72	175	0	0	0	0	0	0	0	3	0	0	0	0	0	0	2	0	0	0	0	0	0	0	0	0	0	0	0	0	0	0	6
assemblage-437-101	0	0	0	0	0	0	0	6	0	0	0	0	0	0	0	0	0	0	0	0	0	0	0	0	73	0	0	0	0	41	0	0	30	0	0	0	22	0	0	0	0	0	0	0	0	0	0	0	0	0	0	154	7	0	0	0	0	0	0	0	0	0	123	29	0	0	0	0	0	0	0	0	0	0	0	0	0	0	0	0	0	0	0	0	0	0	0	0	0	0	0	0	0	0	15
assemblage-802-123	0	0	0	0	0	0	0	0	0	0	0	0	0	0	0	0	0	0	0	0	0	0	0	0	0	0	37	0	0	0	0	0	154	0	0	0	0	0	0	7	0	0	0	7	0	0	0	0	0	0	0	30	0	0	0	0	71	0	0	0	0	0	0	85	0	0	0	62	0	0	0	0	17	0	16	0	0	0	0	0	0	0	0	0	0	0	0	0	0	0	0	0	0	0	14
assemblage-592-295	0	0	0	0	0	0	0	0	0	10	6	0	0	0	0	0	11	0	0	0	0	0	0	0	5	0	0	0	0	0	0	0	179	0	0	0	0	0	0	0	0	54	0	0	0	0	0	0	0	0	54	39	0	0	0	0	60	0	5	0	0	0	0	5	0	0	40	0	0	0	0	0	0	0	4	0	0	0	0	0	0	0	0	0	0	0	0	0	0	0	0	0	0	0	28
assemblage-420-685	0	5	0	0	0	0	0	0	0	0	0	0	0	0	0	0	0	0	0	0	0	0	0	0	0	0	51	0	0	0	0	0	130	0	0	0	0	0	0	5	0	0	0	9	0	0	0	0	0	5	0	23	0	0	0	0	53	0	0	0	0	0	0	111	0	0	0	55	0	0	0	0	26	0	11	0	0	0	0	0	0	0	0	0	0	0	0	0	0	0	0	0	0	0	16
assemblage-950-291	0	0	0	0	0	0	0	0	0	0	0	0	0	0	0	0	0	0	0	0	0	0	0	16	82	0	0	0	0	0	0	0	0	0	0	17	0	0	0	0	0	258	0	0	0	0	0	0	0	0	0	0	0	12	0	0	0	0	0	0	0	0	0	3	0	9	0	0	0	6	0	0	0	0	0	0	73	0	0	0	0	0	0	0	0	0	0	0	0	0	0	0	7	0	17
assemblage-867-301	0	0	0	0	0	0	0	0	0	0	0	0	0	0	0	0	0	0	0	0	0	6	0	0	72	0	0	0	0	29	0	0	20	0	0	0	28	0	0	0	0	0	0	0	0	0	0	0	0	0	0	165	8	0	0	0	0	0	0	0	0	0	114	40	0	0	0	0	0	0	0	0	0	0	0	0	0	0	0	0	0	0	0	0	0	0	0	0	0	0	0	0	0	0	18
assemblage-243-260	0	0	0	0	0	0	0	0	0	0	0	0	0	0	0	0	0	0	0	0	0	0	0	0	0	0	0	0	0	0	0	0	265	0	0	0	0	0	0	0	0	18	0	0	0	0	0	0	0	0	0	41	0	0	0	0	0	0	0	0	0	0	0	84	0	0	12	0	5	0	0	0	0	0	57	0	0	0	0	0	0	0	0	0	0	0	0	0	0	0	0	0	0	0	18
assemblage-667-580	12	0	0	0	0	0	0	0	0	0	0	0	0	0	0	0	0	0	0	0	0	0	0	0	126	0	0	0	0	0	0	0	74	0	0	0	0	0	0	0	0	57	0	0	0	0	0	0	0	0	0	74	0	0	0	0	0	26	0	0	0	0	0	107	0	0	0	0	0	0	0	0	0	0	0	0	0	0	0	7	0	0	0	0	0	0	0	0	0	0	0	0	0	0	17
assemblage-797-476	0	0	0	0	0	0	0	73	0	0	0	0	0	0	0	0	0	0	0	0	0	0	0	0	0	0	0	0	0	0	0	0	131	0	0	0	0	0	0	0	0	0	0	0	0	0	0	0	0	0	20	36	0	0	0	0	114	0	0	0	0	0	0	46	11	0	9	0	0	0	0	0	0	0	44	0	0	0	0	0	0	0	0	0	0	0	0	0	0	0	0	0	0	0	16
assemblage-503-522	0	0	0	0	0	0	0	0	0	0	0	0	0	0	0	0	0	0	0	0	0	0	0	0	133	0	0	0	0	0	0	0	130	0	0	0	0	0	0	0	0	44	0	0	0	0	0	0	0	0	0	116	0	0	0	0	0	0	0	0	0	0	0	58	0	0	0	0	0	0	0	0	0	0	0	0	0	0	0	0	0	0	0	0	7	0	0	0	0	0	0	0	0	0	12
assemblage-429-117	0	0	0	0	0	0	0	0	0	0	0	0	0	18	0	0	0	0	0	0	0	0	0	0	120	0	0	0	0	0	0	0	159	0	0	0	0	0	0	0	0	15	0	0	0	0	0	0	0	0	0	94	0	0	0	0	0	0	0	0	0	0	22	24	0	0	0	0	0	0	0	0	0	0	0	0	0	0	0	0	0	40	0	0	0	0	0	0	0	0	0	0	0	0	8
assemblage-794-418	0	0	0	0	0	0	0	22	0	0	0	0	0	0	0	0	0	0	0	0	0	0	0	0	0	0	0	0	0	0	10	119	276	0	0	0	0	0	0	0	0	25	0	0	0	0	0	0	0	0	0	9	0	0	0	0	0	0	0	0	0	0	0	22	0	0	0	0	0	0	0	0	0	0	0	0	0	0	0	0	0	0	0	0	0	0	0	0	0	0	0	0	0	0	17
assemblage-511-700	0	0	0	0	0	0	0	13	0	0	0	0	0	0	0	0	0	0	0	0	0	0	0	0	82	0	0	0	0	0	0	0	145	0	0	0	0	0	0	0	0	0	0	0	0	0	0	0	0	0	0	81	0	0	0	0	0	0	0	0	0	0	14	80	0	0	0	0	0	0	0	0	0	18	0	15	0	0	0	0	10	27	0	0	0	0	0	0	0	0	0	0	0	0	15
assemblage-396-413	0	0	0	0	0	0	0	3	0	0	0	0	0	0	0	0	0	0	0	0	0	0	0	0	64	0	0	0	0	39	0	0	22	0	0	0	23	0	0	0	0	0	0	0	0	0	6	0	0	0	0	170	26	0	0	0	0	0	0	0	0	0	96	39	0	0	0	0	0	0	0	0	0	0	0	0	0	0	0	0	0	0	0	0	0	0	0	0	0	0	0	0	0	0	12
assemblage-674-596	0	0	0	0	0	0	0	0	0	0	0	0	0	0	0	0	0	0	12	0	0	0	0	0	170	0	0	0	0	0	0	0	75	0	0	0	0	0	7	0	0	13	0	0	0	0	0	0	0	0	0	173	0	0	0	0	0	0	0	0	0	0	8	25	0	0	0	0	0	0	0	0	0	0	0	0	0	0	0	0	0	0	0	0	0	0	0	0	0	0	0	0	0	0	17
assemblage-931-801	0	0	0	0	0	0	0	0	0	0	0	0	0	0	0	0	0	0	0	0	0	0	0	0	0	0	0	0	0	0	0	0	238	0	0	0	0	0	0	0	0	0	0	0	0	0	0	0	0	0	0	61	0	0	0	0	97	0	0	0	0	0	0	70	0	0	0	12	0	0	0	0	0	0	10	0	0	0	0	0	0	0	0	0	0	0	0	0	0	0	0	0	0	0	12
assemblage-586-303	0	0	0	0	0	0	0	8	0	37	0	34	0	0	0	0	0	0	0	0	0	0	0	0	25	0	0	0	0	0	0	0	223	0	0	0	0	0	0	0	0	14	0	0	0	0	0	0	0	0	0	10	0	0	0	0	0	0	0	0	0	0	0	75	0	0	0	0	0	0	0	0	0	0	53	0	0	0	0	0	0	0	0	0	0	0	0	0	0	0	0	0	0	7	14
assemblage-688-589	0	0	0	0	0	0	0	0	0	0	0	0	0	0	0	0	0	0	31	0	0	0	0	0	162	0	0	0	0	0	0	0	53	0	0	0	0	0	8	0	0	11	0	0	0	0	0	0	0	0	0	191	0	0	0	0	0	0	0	0	0	0	6	23	0	0	0	0	0	0	0	0	0	0	0	0	0	0	0	0	0	0	0	0	0	0	0	0	0	0	0	0	0	0	15
assemblage-754-613	0	0	0	0	0	0	0	75	0	0	0	0	0	0	0	0	0	0	0	0	0	0	0	0	0	0	4	0	0	0	0	0	153	0	0	0	0	0	0	20	4	0	0	0	0	0	0	0	0	0	0	21	0	0	0	0	92	0	0	0	0	0	0	0	0	0	67	4	0	0	0	0	37	0	0	0	0	0	0	0	0	0	0	0	0	0	0	0	0	0	0	0	0	0	23
assemblage-254-885	0	0	0	0	0	0	0	0	0	0	0	0	0	0	0	0	0	0	0	0	0	0	0	0	94	0	0	0	0	0	0	0	29	0	0	0	0	0	0	0	0	59	0	0	0	0	0	0	0	0	0	51	0	0	0	0	0	0	0	0	0	0	59	169	0	0	0	0	0	0	0	0	0	0	0	0	0	0	10	0	0	0	0	0	0	0	0	0	0	0	0	0	0	0	29
assemblage-271-278	0	0	0	0	0	0	0	0	0	0	0	0	0	0	0	0	0	0	0	0	0	0	0	0	216	0	0	0	0	0	0	0	0	0	0	0	0	0	0	0	0	106	4	0	0	0	0	0	3	0	0	15	0	79	9	0	0	0	0	0	0	0	0	33	0	0	0	0	0	0	0	0	0	0	0	0	23	0	0	0	0	0	0	0	0	0	0	0	0	0	0	0	0	0	12
assemblage-748-637	0	0	0	0	0	0	0	49	0	0	0	0	0	0	0	0	0	0	0	0	0	0	0	0	0	0	10	0	0	0	0	0	149	0	0	0	0	0	0	33	7	0	0	0	0	0	0	0	0	0	0	22	0	0	0	0	99	0	0	0	0	0	0	7	0	0	46	9	0	0	0	0	46	0	0	0	0	0	0	0	0	0	0	0	0	0	0	0	0	0	0	0	0	0	23
assemblage-122-945	0	0	0	0	0	0	0	0	0	0	0	0	0	0	0	0	0	0	0	0	0	0	0	0	0	0	0	0	0	0	0	0	0	0	0	0	0	0	0	0	0	5	0	0	0	0	0	0	44	0	0	7	0	38	0	0	0	0	0	199	0	0	0	87	0	0	0	0	0	0	0	0	0	0	0	0	19	0	0	0	0	0	0	0	0	0	0	0	0	43	41	0	0	0	17
assemblage-424-664	0	0	0	0	0	0	0	0	0	0	0	0	0	0	0	0	0	0	0	0	0	0	0	0	0	0	0	0	0	0	0	0	264	0	0	0	0	0	0	0	0	0	0	0	0	0	0	0	0	0	0	46	0	0	0	0	103	0	0	0	0	0	0	55	0	0	0	9	0	0	0	0	0	0	7	0	0	0	0	0	0	0	0	0	0	0	0	0	0	0	0	0	0	0	16
assemblage-923-806	0	6	0	0	0	0	0	0	0	0	0	0	0	0	0	0	0	0	0	0	0	0	0	0	0	0	38	0	0	0	0	0	137	0	0	0	0	0	0	8	0	0	0	4	0	0	0	0	0	0	0	28	0	0	0	0	66	0	0	0	0	0	0	100	0	0	0	61	0	0	0	0	18	0	8	0	0	0	0	0	0	0	0	0	0	0	0	0	0	0	0	0	0	0	26
assemblage-795-100	0	0	0	0	0	0	0	12	0	0	0	0	0	0	0	0	0	0	0	0	0	0	0	0	0	0	10	0	0	0	0	0	176	0	0	0	0	0	0	8	0	0	0	0	0	0	0	0	0	0	9	78	0	0	0	0	85	0	0	0	0	0	0	39	0	0	14	19	0	0	0	0	16	0	15	0	0	0	0	0	0	0	0	0	0	0	0	0	0	0	0	0	0	0	19
assemblage-796-465	0	0	0	0	0	0	0	30	0	0	0	0	0	0	0	0	0	0	0	0	0	0	0	0	0	0	0	5	0	0	0	0	180	0	0	0	0	0	0	0	0	0	0	0	0	0	0	0	0	0	14	67	0	0	0	0	45	0	0	0	0	0	0	23	0	0	24	0	0	0	0	0	0	0	87	0	0	0	0	0	0	0	0	0	0	0	0	0	0	0	0	0	0	0	25
assemblage-825-948	0	0	0	0	0	0	0	0	0	0	0	0	0	0	0	0	0	0	0	0	0	0	0	0	8	0	0	0	0	0	0	0	0	0	63	0	0	0	0	0	0	20	20	0	0	0	0	0	16	0	0	300	0	22	0	0	0	0	0	0	0	0	0	29	0	0	0	0	0	0	0	0	0	0	0	0	10	0	0	0	0	0	0	0	0	0	0	0	0	0	0	0	0	0	12
assemblage-262-737	0	0	0	0	0	0	0	31	0	14	0	0	0	0	0	0	0	0	0	0	0	0	0	0	12	0	0	0	0	0	7	46	217	0	0	0	0	0	0	0	0	37	0	0	0	0	0	0	0	0	0	12	0	0	0	0	22	0	0	0	0	0	0	46	0	0	7	0	0	0	0	0	0	0	31	0	0	0	0	0	0	0	0	0	0	0	0	0	0	0	0	0	0	0	18
assemblage-428-665	0	0	0	0	0	0	0	56	0	0	0	0	0	0	0	0	0	0	0	0	0	0	0	0	0	0	8	0	0	0	0	0	133	0	0	0	0	0	0	28	5	0	0	0	0	0	0	0	0	0	0	28	0	0	0	0	104	0	0	0	0	0	0	6	0	0	64	10	0	0	0	0	41	0	0	0	0	0	0	0	0	0	0	0	0	0	0	0	0	0	0	0	0	0	17
assemblage-901-168	0	0	0	0	0	0	0	0	28	0	0	0	0	0	0	0	0	0	0	0	0	0	0	0	182	0	0	0	0	0	0	0	19	0	0	0	0	0	0	0	0	41	0	0	0	0	0	0	0	0	0	52	0	0	0	0	0	0	0	0	0	0	0	161	0	0	0	0	0	0	0	0	0	0	0	0	0	0	0	2	0	0	0	0	0	0	0	0	0	0	0	0	0	0	15
assemblage-432-143	0	0	0	0	0	32	0	139	0	0	0	0	0	12	0	0	0	0	0	0	0	0	0	0	116	0	0	0	0	0	0	0	0	0	0	0	0	0	0	0	0	0	0	0	0	0	0	0	0	0	0	80	0	0	0	0	0	0	0	0	0	0	0	71	0	0	0	0	0	0	0	0	0	0	0	31	0	0	0	0	0	4	0	0	0	0	0	0	0	0	0	0	0	0	15
assemblage-677-600	0	0	0	0	0	0	0	0	17	0	0	0	0	0	0	0	0	0	0	0	0	0	0	0	197	0	0	0	0	0	0	0	35	0	0	0	0	0	0	0	0	33	0	0	0	0	0	0	0	0	0	73	0	0	0	0	0	0	0	0	0	0	0	123	0	0	0	0	0	0	0	0	0	0	0	0	0	0	0	4	0	0	0	0	0	0	0	0	0	0	0	0	0	0	18
assemblage-406-405	0	0	0	0	0	0	0	3	0	0	0	0	0	0	0	0	0	0	0	0	0	0	0	0	71	0	0	0	0	38	0	0	38	0	0	0	28	0	0	0	0	0	0	0	0	0	0	0	0	0	0	160	16	0	0	0	0	0	0	0	0	0	102	29	0	0	0	0	0	0	0	0	0	0	0	0	0	0	0	0	0	0	0	0	0	0	0	0	0	0	0	0	0	0	15
assemblage-588-284	0	0	0	0	0	0	0	9	0	9	0	0	0	0	0	0	0	0	0	0	0	0	0	0	0	0	0	0	0	0	0	0	264	0	0	0	0	0	0	0	0	6	0	0	0	0	0	0	0	0	0	39	0	0	0	0	0	0	0	0	0	0	0	56	0	0	14	0	7	0	0	0	0	0	84	0	0	0	0	0	0	0	0	0	0	0	0	0	0	0	0	0	0	0	12
assemblage-224-414	0	0	0	0	0	0	0	0	0	0	0	0	0	0	0	0	0	0	15	0	0	4	0	0	173	0	0	0	0	0	0	0	68	0	0	0	0	0	10	0	0	7	0	0	0	0	0	0	0	0	0	185	0	0	0	0	0	0	0	0	0	0	11	12	0	0	0	0	0	0	0	0	0	0	0	0	0	0	0	0	0	0	0	0	0	0	0	0	0	0	0	0	0	0	15
assemblage-788-470	0	0	0	0	0	0	0	72	0	0	0	0	0	0	0	0	0	0	0	0	0	0	0	0	0	0	0	0	0	0	0	0	122	0	0	0	0	0	0	0	0	0	0	0	0	0	0	0	0	0	15	28	0	0	0	0	140	0	0	0	0	0	0	60	5	0	14	0	0	0	0	0	0	0	26	0	0	0	0	0	0	0	0	0	0	0	0	0	0	0	0	0	0	0	18
assemblage-431-760	0	0	0	0	0	0	0	59	0	0	0	0	0	0	0	0	0	0	0	0	0	0	0	0	40	0	0	0	0	0	0	34	192	0	0	0	0	0	0	0	0	0	0	0	0	0	0	0	0	0	0	9	0	0	0	0	0	0	0	0	0	0	9	110	0	0	0	0	0	0	0	0	0	0	0	16	0	0	0	0	0	7	0	0	0	0	0	0	0	0	0	0	0	0	24
assemblage-802-759	0	0	0	0	0	0	0	76	0	0	0	0	0	0	0	0	0	0	0	0	0	0	0	0	0	0	0	0	0	0	0	0	132	0	0	0	0	0	0	0	0	0	0	0	0	0	0	0	0	0	19	27	0	0	0	0	102	0	0	0	0	0	0	68	10	0	9	0	0	0	0	0	0	0	37	0	0	0	0	0	0	0	0	0	0	0	0	0	0	0	0	0	0	0	20
assemblage-278-731	0	0	0	0	0	0	6	22	0	0	0	0	0	0	0	0	0	0	0	0	0	0	0	0	0	0	0	0	0	0	0	8	194	0	0	0	0	0	0	0	0	81	0	0	0	0	0	0	0	0	0	33	0	0	0	0	0	0	0	0	0	0	0	133	0	0	15	0	0	0	0	0	0	0	0	0	0	0	0	0	0	0	0	0	0	0	0	0	0	0	0	0	0	0	8
assemblage-797-468	0	0	0	0	0	0	0	76	0	0	0	0	0	0	0	0	0	0	0	0	0	0	0	0	0	0	0	0	0	0	0	0	106	0	0	0	0	0	0	0	0	0	0	0	0	0	0	0	0	0	19	36	0	0	0	0	115	0	0	0	0	0	0	59	16	0	13	0	0	0	0	0	0	0	45	0	0	0	0	0	0	0	0	0	0	0	0	0	0	0	0	0	0	0	15
assemblage-389-888	10	0	0	0	0	0	0	0	0	0	0	0	0	0	0	0	0	0	0	0	0	0	0	0	110	0	0	0	0	0	0	0	82	0	0	0	0	0	0	0	0	41	0	0	0	0	0	0	0	0	0	79	0	0	0	0	0	29	0	0	0	0	0	129	0	0	0	0	0	0	0	0	0	0	0	0	0	0	0	3	0	0	0	0	0	0	0	0	0	0	0	0	0	0	17
assemblage-436-686	0	0	0	0	0	0	0	61	0	0	0	0	0	0	0	0	0	0	0	0	0	0	0	0	0	0	5	0	0	0	0	0	125	0	0	0	0	0	0	24	6	0	0	0	0	0	0	0	0	0	0	24	0	0	0	0	112	0	0	0	0	0	0	0	0	0	48	7	0	0	0	0	62	0	0	0	0	0	0	0	0	0	0	0	0	0	0	0	0	0	0	0	0	0	26
assemblage-515-704	0	0	0	0	0	0	0	0	0	0	0	0	0	0	0	0	0	0	0	0	0	0	0	0	0	0	0	0	0	0	0	0	97	0	0	0	8	0	0	0	0	0	0	0	0	0	0	0	0	0	0	73	0	0	0	0	0	0	0	0	0	0	95	157	0	0	0	0	0	0	0	0	0	0	0	0	0	0	0	0	0	46	0	0	0	0	8	0	0	0	0	0	0	0	16
assemblage-909-174	0	0	0	0	0	0	0	0	0	0	0	0	0	0	0	0	0	0	25	0	0	0	0	0	170	0	0	0	0	0	0	0	68	0	0	0	0	0	10	0	0	15	0	0	0	0	0	0	0	0	0	173	0	0	0	0	0	0	0	0	0	0	4	21	0	0	0	0	0	0	0	0	0	0	0	0	0	0	0	0	0	0	0	0	0	0	0	0	0	0	0	0	0	0	14
assemblage-959-327	0	0	0	0	0	0	0	0	0	0	0	0	0	0	0	0	0	0	0	0	0	0	0	13	82	0	0	0	0	0	0	0	0	0	0	39	0	0	0	0	0	244	0	0	0	0	0	0	0	0	0	5	0	10	0	0	0	0	0	0	0	0	0	0	0	14	0	0	0	8	0	0	0	0	0	0	66	0	0	0	0	0	0	0	0	0	0	0	0	0	0	0	0	0	19
assemblage-246-243	0	0	0	0	0	0	0	201	0	9	0	0	0	0	0	0	0	3	0	0	0	0	0	0	0	0	0	0	0	0	0	17	154	0	0	0	0	0	0	0	0	49	0	0	0	0	0	0	0	0	0	0	0	0	0	0	0	0	0	0	0	0	0	0	0	0	45	0	0	0	0	0	0	0	0	0	0	0	0	0	0	0	0	0	0	0	0	0	0	0	0	0	0	0	22
assemblage-516-349	0	0	0	0	0	0	0	0	0	0	0	0	0	0	0	0	0	0	0	0	0	0	0	0	33	0	0	0	0	0	0	0	82	0	0	0	0	0	0	0	0	159	0	0	0	0	0	0	0	0	0	133	0	0	0	0	0	0	0	19	0	0	0	31	0	0	0	0	0	0	0	0	0	0	0	0	0	0	0	0	0	0	0	0	0	0	0	0	0	13	0	0	7	0	23
assemblage-827-761	0	0	0	0	0	0	0	27	0	0	0	0	0	0	0	0	0	0	0	0	0	0	0	0	0	0	0	2	0	0	0	0	171	0	0	0	0	0	0	0	0	0	0	0	0	0	0	0	0	0	17	83	0	0	0	0	46	0	0	0	0	0	0	30	0	0	31	0	0	0	0	0	0	0	71	0	0	0	0	0	0	0	0	0	0	0	0	0	0	0	0	0	0	0	22
assemblage-963-273	0	0	0	0	0	0	5	22	0	0	0	0	0	0	0	0	0	0	0	0	0	0	0	0	0	0	0	0	0	0	0	10	173	0	0	0	0	0	0	0	0	74	0	0	0	0	0	0	0	0	0	33	0	0	0	0	0	0	0	0	0	0	0	145	0	0	29	0	0	0	0	0	0	0	0	0	0	0	0	0	0	0	0	0	0	0	0	0	0	0	0	0	0	0	9
assemblage-207-404	15	0	0	0	0	0	0	0	0	0	0	0	0	0	0	0	0	0	0	0	0	0	0	0	150	0	0	0	0	0	0	0	64	0	0	0	0	0	0	0	0	47	0	0	0	0	0	0	0	0	0	73	0	0	0	0	0	22	0	0	0	0	0	102	0	0	0	0	0	0	0	0	0	0	0	0	0	0	0	11	0	0	0	0	0	0	0	0	0	0	0	0	0	0	16
assemblage-483-866	0	0	0	0	0	0	0	0	0	0	0	0	0	0	0	0	0	0	0	0	0	0	0	0	122	0	0	0	0	0	0	0	121	0	0	0	0	0	0	0	0	33	0	0	0	0	0	0	0	0	0	121	0	0	0	0	0	0	0	0	0	0	0	73	0	0	0	0	0	0	0	0	0	0	0	0	0	0	0	0	0	0	0	0	16	0	0	0	0	0	0	0	0	0	14
assemblage-917-808	0	0	0	0	0	0	0	0	0	0	0	0	0	0	0	0	0	0	0	0	0	0	0	0	0	0	0	0	0	0	0	0	259	0	0	0	0	0	0	0	0	0	0	0	0	0	0	0	0	0	0	42	0	0	0	0	95	0	0	0	0	0	0	59	0	0	0	4	0	0	0	0	0	0	26	0	0	0	0	0	0	0	0	0	0	0	0	0	0	0	0	0	0	0	15
assemblage-106-537	0	0	0	0	0	0	0	23	0	0	0	0	0	0	6	0	0	0	0	0	0	0	0	0	0	0	0	0	0	0	0	0	250	0	0	0	0	0	0	0	0	0	0	0	0	0	0	8	0	0	7	16	0	0	0	0	16	0	0	0	0	0	0	50	0	0	9	27	0	0	0	0	59	0	5	0	0	0	0	0	0	0	0	0	0	0	0	0	0	0	0	0	0	0	24
assemblage-463-898	0	0	0	0	0	0	0	0	0	0	0	0	0	0	0	17	0	0	0	0	0	0	0	0	32	0	0	0	0	0	0	0	134	0	0	0	0	0	29	0	0	79	0	0	0	0	0	0	0	0	0	156	0	0	0	0	0	0	0	0	0	0	0	0	0	0	0	0	0	0	0	0	0	0	0	0	0	0	0	32	0	0	0	0	0	0	0	0	0	0	0	0	9	0	12
assemblage-390-425	0	0	0	0	0	0	0	0	0	0	0	0	0	13	0	0	0	0	0	0	0	0	0	0	125	0	0	0	0	0	0	0	155	0	0	0	0	0	0	0	0	13	0	0	0	0	0	0	0	0	0	100	0	0	0	0	0	0	0	0	0	0	12	31	0	0	0	0	0	0	0	0	0	0	0	0	0	0	0	0	0	41	0	0	0	0	0	0	0	0	0	0	0	0	10
assemblage-962-300	0	0	0	0	0	0	0	0	0	0	0	0	0	0	0	0	0	0	0	4	0	0	0	0	49	0	0	0	0	0	13	56	176	0	0	0	0	0	0	0	0	27	0	0	8	0	0	0	0	0	0	0	0	0	0	0	28	0	0	0	0	0	0	3	0	0	0	0	0	0	0	0	0	0	121	0	0	0	0	0	0	0	0	0	0	0	0	0	0	0	0	0	0	0	15
assemblage-536-360	0	0	0	0	0	0	0	0	0	0	0	0	0	0	0	0	0	0	0	0	0	0	0	0	92	0	0	0	0	0	0	0	0	0	0	0	0	0	0	0	0	159	0	0	0	0	0	0	0	0	0	35	0	0	9	0	0	0	0	49	0	0	0	21	0	0	0	0	0	0	0	0	0	0	0	0	44	0	0	29	0	0	0	0	0	0	0	0	0	0	0	0	46	0	16
assemblage-379-824	0	0	0	0	0	0	3	9	0	10	6	12	0	0	0	0	7	0	0	0	0	0	0	0	0	0	0	0	0	0	0	0	169	0	0	0	0	0	0	0	0	48	0	0	0	0	0	0	0	0	51	52	0	0	0	0	66	0	7	0	0	0	0	0	0	0	31	0	0	0	0	0	0	0	7	0	0	0	0	0	0	0	0	0	0	0	0	0	0	0	0	0	0	0	22
assemblage-865-797	0	0	0	0	0	0	0	0	0	0	0	0	0	0	0	0	0	0	0	0	0	0	0	0	62	0	0	0	0	0	0	0	0	0	0	0	0	0	0	0	0	161	0	0	0	0	0	0	0	0	0	119	0	0	0	0	0	0	0	103	0	0	0	3	0	0	0	0	0	0	0	0	0	0	0	0	12	0	0	0	0	0	0	0	0	0	0	0	0	21	0	0	0	0	19
assemblage-451-195	0	0	0	0	0	0	0	10	0	0	0	0	0	0	0	0	0	0	0	0	0	0	0	0	83	0	0	0	0	0	0	0	154	0	0	0	0	0	0	0	0	0	0	0	0	0	0	0	0	0	0	109	0	0	0	0	0	0	0	0	0	0	10	47	0	0	0	0	0	0	0	0	0	16	0	10	0	0	0	0	6	44	0	0	0	0	0	0	0	0	0	0	0	0	11
assemblage-275-260	0	0	0	0	0	0	0	0	0	0	0	0	0	0	0	0	0	0	0	0	0	0	0	0	202	0	0	0	0	0	0	0	0	0	0	0	0	0	0	0	0	113	4	0	0	0	0	0	4	0	0	17	0	92	15	0	0	0	0	0	0	0	0	23	0	0	0	0	0	0	0	0	0	0	0	0	18	0	0	0	0	0	0	0	0	0	0	0	0	0	0	0	0	0	12
assemblage-261-263	0	0	0	0	0	0	0	0	0	0	0	0	0	0	0	0	0	0	0	0	0	0	0	0	240	0	0	0	0	0	0	0	0	0	0	0	0	0	0	0	0	109	6	0	0	0	0	0	4	0	0	11	0	87	6	0	0	0	0	0	0	0	0	16	0	0	0	0	0	0	0	0	0	0	0	0	11	0	0	0	0	0	0	0	0	0	0	0	0	0	0	0	0	0	10
assemblage-837-802	0	0	0	0	0	0	0	0	0	0	0	0	0	0	0	0	0	0	0	0	0	0	0	0	19	0	0	0	0	0	0	0	77	0	0	0	0	0	0	0	0	135	0	0	0	0	0	0	0	0	0	167	0	0	0	0	0	0	0	18	0	0	0	35	0	0	0	0	0	0	0	0	0	0	0	0	0	0	0	0	0	0	0	0	0	0	0	0	0	17	0	0	13	0	19
assemblage-863-789	0	0	0	0	0	0	0	0	0	0	0	0	0	0	0	0	0	0	0	0	0	0	0	0	61	17	0	0	0	0	0	0	0	0	0	0	0	0	0	0	0	169	0	0	0	0	0	0	0	0	0	36	0	0	0	0	0	0	0	42	0	0	0	91	0	0	0	0	0	0	0	0	0	0	0	0	9	7	0	34	0	0	0	0	0	0	0	0	0	0	12	0	10	0	12
assemblage-832-957	0	0	0	0	0	0	0	0	0	0	0	0	0	0	0	0	0	0	0	0	0	0	0	0	2	0	0	0	0	0	0	0	0	0	61	0	0	0	0	0	0	6	19	0	0	0	0	0	4	0	0	337	0	9	0	0	0	0	0	0	0	0	0	27	0	0	0	0	0	0	0	0	0	0	0	0	12	0	0	0	0	0	0	0	0	0	0	0	0	0	0	0	0	0	23
assemblage-955-304	0	0	0	0	0	0	0	0	0	0	0	0	0	0	0	0	0	0	0	0	0	0	0	20	71	0	0	0	0	0	0	0	0	0	0	24	0	0	0	0	0	261	0	0	0	0	0	0	0	0	0	0	0	11	0	0	0	0	0	0	0	0	0	14	0	12	0	0	0	10	0	0	0	0	0	0	67	0	0	0	0	0	0	0	0	0	0	0	0	0	0	0	0	0	10
assemblage-527-662	0	0	0	0	0	0	0	0	0	0	0	0	0	0	0	0	0	0	0	0	0	0	0	0	109	0	0	0	0	0	0	0	0	0	0	0	0	0	0	0	0	135	0	0	0	0	0	0	0	0	0	23	0	0	5	0	0	0	0	46	0	8	0	13	0	0	0	0	0	0	0	0	0	0	0	0	40	0	0	41	0	0	0	0	0	0	0	0	0	0	0	0	70	0	10
assemblage-262-886	0	0	7	0	0	0	0	0	0	0	0	0	0	22	0	0	0	0	0	0	0	0	0	0	130	0	0	0	0	0	0	0	125	0	0	0	0	0	0	0	0	7	0	0	0	0	0	0	0	0	0	106	0	0	0	0	0	0	0	0	0	0	26	25	0	0	0	0	0	0	0	0	0	0	0	0	0	0	0	0	0	42	0	0	0	0	0	0	0	0	0	0	0	0	10
assemblage-430-192	0	0	0	0	0	0	0	0	0	0	0	0	0	0	0	0	0	0	0	0	0	0	0	0	0	0	0	0	0	0	0	0	91	0	0	0	10	0	0	0	0	0	0	0	0	0	0	0	0	0	0	88	0	0	0	0	0	0	0	0	0	0	84	174	0	0	0	0	0	0	0	0	0	0	0	3	0	0	0	0	0	40	0	0	0	0	1	0	0	0	0	0	0	0	9
assemblage-825-957	0	0	0	0	0	0	0	0	0	0	0	0	0	0	0	0	0	0	0	0	0	0	0	0	7	0	0	0	0	0	0	0	0	0	73	0	0	0	0	0	0	11	22	0	0	0	0	0	4	0	0	332	0	10	0	0	0	0	0	0	0	0	0	14	0	0	0	0	0	0	0	0	0	0	0	0	10	0	0	0	0	0	0	0	0	0	0	0	0	0	0	0	0	0	17
assemblage-363-861	0	0	0	0	0	0	0	0	0	30	0	24	0	0	0	0	0	0	0	0	0	0	0	0	22	0	0	0	0	0	0	0	248	0	0	0	0	0	0	0	0	11	0	0	0	0	0	0	0	0	0	19	0	0	0	0	0	0	0	0	0	0	0	59	0	0	0	0	0	0	0	0	0	0	46	0	0	0	0	0	0	0	0	0	0	0	0	0	0	0	0	0	0	5	36
assemblage-162-502	0	0	0	0	0	0	0	0	0	37	0	25	0	0	0	0	0	0	0	0	0	0	0	0	24	0	0	0	0	0	0	0	220	0	0	0	0	0	0	0	0	12	0	0	0	0	0	5	0	0	0	26	0	0	0	0	0	0	0	0	0	0	0	75	0	0	0	0	0	0	0	0	0	0	47	0	0	0	0	0	0	0	0	0	0	0	0	0	0	0	0	0	0	8	21
assemblage-794-401	0	0	0	0	0	0	0	19	0	0	0	0	0	0	0	0	0	0	0	0	0	0	0	0	0	0	0	0	0	0	9	120	274	0	0	0	0	0	0	0	0	14	0	0	0	0	0	0	0	0	0	17	0	0	0	0	0	0	0	0	0	0	0	29	0	0	0	0	0	0	0	0	0	0	0	0	0	0	0	0	0	0	0	0	0	0	0	0	0	0	0	0	0	0	18
assemblage-111-935	0	0	0	0	0	0	0	0	0	0	0	0	0	0	0	0	0	0	0	0	0	0	0	0	0	0	0	0	0	0	0	0	0	0	0	0	0	0	0	0	0	25	0	0	0	0	0	0	16	0	0	8	0	64	0	0	0	0	0	191	0	0	0	87	0	0	0	0	0	0	0	0	0	0	0	0	14	0	0	0	0	0	0	0	0	0	0	0	0	37	41	0	0	0	17
assemblage-435-763	0	0	0	0	0	0	0	123	0	0	0	0	0	0	0	0	0	0	0	0	0	0	0	0	3	0	0	0	0	30	0	0	86	0	0	0	0	0	0	0	0	58	0	0	0	0	0	0	0	0	0	33	0	0	0	0	0	0	0	0	0	0	0	116	0	0	0	0	0	0	0	0	0	0	0	32	0	0	0	0	0	4	0	0	0	0	0	0	0	0	0	0	0	0	15
assemblage-413-864	0	0	0	0	0	0	0	0	0	0	0	0	0	0	0	0	0	0	23	0	0	7	0	0	201	0	0	0	0	0	0	0	73	0	0	0	0	0	7	0	0	13	0	0	0	0	0	0	0	0	0	141	0	0	0	0	0	0	0	0	0	0	3	20	0	0	0	0	0	0	0	0	0	0	0	0	0	0	0	0	0	0	0	0	0	0	0	0	0	0	0	0	0	0	12
assemblage-599-278	0	0	0	0	0	0	0	0	0	25	0	20	0	0	0	0	0	0	0	0	0	0	0	0	14	0	0	0	0	0	0	0	263	0	0	0	0	0	0	0	0	10	0	0	0	0	0	0	0	0	0	10	0	0	0	0	0	0	0	0	0	0	0	68	0	0	0	0	0	0	0	0	0	0	49	0	0	0	0	0	0	0	0	0	0	0	0	0	0	0	0	0	0	13	28
assemblage-475-889	0	0	0	0	0	0	0	0	0	0	0	0	0	0	0	0	0	0	0	0	0	0	0	0	112	0	0	0	0	0	0	0	144	0	0	0	0	0	0	0	0	40	0	0	0	0	0	0	0	0	0	95	0	0	0	0	0	0	0	0	0	0	0	75	0	0	0	0	0	0	0	0	0	0	0	0	0	0	0	0	0	0	0	0	16	0	0	0	0	0	0	0	0	0	18
assemblage-958-295	0	0	0	0	0	0	0	0	0	0	0	0	0	0	0	0	0	0	0	6	0	0	0	0	42	0	0	0	0	0	10	41	195	0	0	0	0	0	0	0	0	25	0	0	11	0	0	0	0	0	0	0	0	0	0	0	42	0	0	0	0	0	0	9	0	0	0	0	0	0	0	0	0	0	102	0	0	0	0	0	0	0	0	0	0	0	0	0	0	0	0	0	0	0	17
assemblage-373-179	0	0	0	0	0	0	0	0	0	0	0	0	0	0	0	0	0	0	0	0	0	0	0	0	117	0	0	0	0	0	0	0	126	0	0	0	0	0	0	0	0	38	0	0	0	0	0	0	0	0	0	130	0	0	0	0	0	0	0	0	0	0	0	60	0	0	0	0	0	0	0	0	0	0	0	0	0	0	0	0	0	0	0	0	15	0	0	0	0	0	0	0	0	0	14
assemblage-802-744	0	0	0	0	0	0	0	31	0	0	0	0	0	0	0	0	0	0	0	0	0	0	0	0	0	0	0	0	0	0	0	0	179	0	0	0	0	0	0	0	0	0	0	0	0	0	0	0	0	0	24	82	0	0	0	0	41	0	0	0	0	0	0	31	0	0	23	0	0	0	0	0	0	0	76	0	0	0	0	0	0	0	0	0	0	0	0	0	0	0	0	0	0	0	13
assemblage-488-381	0	0	0	0	0	0	13	26	0	0	0	0	0	0	0	0	0	0	0	0	0	0	0	0	0	0	0	0	0	0	0	2	186	0	0	0	0	0	0	0	0	77	0	0	0	0	0	0	0	0	0	36	0	0	0	0	0	0	0	0	0	0	0	103	0	0	33	0	0	0	0	0	0	0	0	0	0	0	0	0	0	0	0	0	0	0	0	0	0	0	0	0	0	0	24
assemblage-132-399	0	0	0	0	0	0	0	0	0	0	0	0	0	0	0	0	0	0	0	0	0	0	0	0	124	0	0	0	0	0	0	0	135	0	0	0	0	0	0	0	0	39	0	0	0	0	0	0	0	0	0	128	0	0	0	0	0	0	0	0	0	0	0	50	0	0	0	0	0	0	0	0	0	0	0	0	0	0	0	0	0	0	0	0	13	0	0	0	0	0	0	0	0	0	11
assemblage-421-768	0	0	0	0	0	0	0	51	0	0	0	0	0	0	0	0	0	0	0	0	0	0	0	0	34	0	0	0	0	0	0	22	235	0	0	0	0	0	0	0	0	0	0	0	0	0	0	0	0	0	0	8	0	0	0	0	0	0	0	0	6	0	9	91	0	0	0	0	0	0	0	0	0	0	0	20	0	0	0	0	0	0	0	0	0	0	0	0	0	0	0	0	0	0	24
assemblage-800-130	0	11	0	0	0	0	0	0	0	0	0	0	0	0	0	0	0	0	0	0	0	0	0	0	0	0	41	0	0	0	0	0	154	0	0	0	0	0	0	15	0	0	0	4	0	0	0	0	0	4	0	20	0	0	0	0	58	0	0	0	0	0	0	78	0	0	0	55	0	0	0	0	25	0	18	0	0	0	0	0	0	0	0	0	0	0	0	0	0	0	0	0	0	0	17
assemblage-826-970	0	0	0	0	0	0	0	0	0	0	0	0	0	0	0	0	0	0	0	0	0	0	0	0	11	0	0	0	0	0	0	0	0	0	74	0	0	0	0	0	0	19	17	0	0	0	0	0	6	0	0	310	0	9	0	0	0	0	0	0	0	0	0	25	0	0	0	0	0	0	0	0	0	0	0	0	9	0	0	0	0	0	0	0	0	0	0	0	0	0	0	0	0	0	20
assemblage-972-268	0	0	0	0	0	0	0	0	0	0	0	0	0	0	0	0	0	0	0	4	0	0	0	0	55	0	0	0	0	0	9	47	156	0	0	0	0	0	0	0	0	27	0	0	11	0	0	0	0	0	0	0	0	0	0	0	30	0	0	0	0	0	0	9	0	0	0	0	0	0	0	0	0	0	129	0	0	0	0	0	0	0	0	0	0	0	0	0	0	0	0	0	0	0	23
assemblage-479-511	0	0	0	10	0	0	0	0	0	0	0	0	6	0	0	0	0	0	0	0	0	0	0	0	134	0	0	0	0	0	0	0	10	0	0	0	0	0	20	0	0	85	0	0	0	0	0	0	0	0	0	141	0	0	0	0	0	0	0	0	0	0	0	55	0	0	0	0	0	0	0	0	0	0	0	0	0	0	0	5	0	0	0	0	0	0	0	0	0	0	0	0	20	0	14
assemblage-275-727	0	0	0	0	0	0	0	12	0	0	0	0	0	0	0	0	0	0	0	0	0	0	0	0	0	0	0	0	0	0	11	115	262	0	0	0	0	0	0	0	0	38	0	0	0	0	0	0	0	0	0	13	0	0	0	0	0	0	0	0	0	0	0	27	0	0	0	0	0	0	0	0	0	0	0	0	0	0	0	0	0	0	0	0	0	0	0	0	0	0	0	0	0	0	22
assemblage-804-125	0	0	0	0	0	0	0	53	0	0	0	0	0	0	0	0	0	0	0	0	0	0	0	0	0	0	14	0	0	0	0	0	144	0	0	0	0	0	0	17	7	0	0	0	0	0	0	0	0	0	0	11	0	0	0	0	122	0	0	0	0	0	0	0	0	0	50	12	0	0	0	0	47	0	0	0	0	0	0	0	0	0	0	0	0	0	0	0	0	0	0	0	0	0	23
assemblage-919-801	0	0	0	0	0	0	0	0	0	0	0	0	0	0	0	0	0	0	0	0	0	0	0	0	0	0	0	0	0	0	0	0	241	0	0	0	0	0	0	0	0	0	0	0	0	0	0	0	0	0	0	63	0	0	0	0	89	0	0	0	0	0	0	64	0	0	0	13	0	0	0	0	0	0	17	0	0	0	0	0	0	0	0	0	0	0	0	0	0	0	0	0	0	0	13
assemblage-160-519	0	0	0	0	0	0	0	0	0	26	0	28	0	0	0	0	0	0	0	0	0	0	0	0	31	0	0	0	0	0	0	0	234	0	0	0	0	0	0	0	0	12	0	0	0	0	0	0	0	0	0	23	0	0	0	0	0	0	0	0	0	0	0	70	0	0	0	0	0	0	0	0	0	0	39	0	0	0	0	0	0	0	0	0	0	0	0	0	0	0	0	0	0	6	31
assemblage-436-224	0	0	0	0	0	0	0	15	0	0	0	0	0	0	0	0	0	0	0	0	0	0	0	0	86	0	0	0	0	0	0	0	146	0	0	0	0	0	0	0	0	4	0	0	0	0	0	0	0	0	0	104	0	0	0	0	0	0	0	0	0	0	2	67	0	0	0	0	0	0	0	0	0	15	0	6	0	0	0	0	5	38	0	0	0	0	0	0	0	0	0	0	0	0	12
assemblage-949-300	0	0	0	0	0	0	0	0	0	0	0	0	0	0	0	0	0	0	0	0	0	0	0	12	104	0	0	0	0	0	0	0	0	0	0	20	0	0	0	0	0	253	0	0	0	0	0	0	0	0	0	0	0	9	0	0	0	0	0	0	0	0	0	0	0	12	0	0	0	4	0	0	0	0	0	0	74	0	0	0	0	0	0	0	0	0	0	0	0	0	0	0	0	0	12
assemblage-376-184	0	0	0	0	0	0	0	0	0	0	0	0	0	0	0	7	0	0	0	0	0	0	4	0	35	0	0	0	0	0	0	0	129	0	0	0	0	0	21	0	0	71	0	0	0	0	0	0	0	0	0	172	0	0	0	0	0	0	0	0	0	0	0	5	0	0	0	0	0	0	0	0	0	0	0	0	0	0	0	39	0	0	0	0	0	0	0	0	0	0	0	0	14	0	3
assemblage-489-515	0	0	0	0	0	0	0	0	0	0	0	0	0	0	0	0	0	0	0	0	0	0	0	0	125	0	0	0	0	0	0	0	141	0	0	0	0	0	0	0	0	32	0	0	0	0	0	0	0	0	0	109	0	0	0	0	0	0	0	0	0	0	0	59	0	0	0	0	0	0	0	0	0	0	0	0	0	0	0	0	0	0	0	0	19	0	0	0	0	0	0	0	0	0	15
assemblage-858-776	0	0	0	0	0	0	0	0	0	0	0	0	0	0	0	0	0	0	0	0	0	0	0	0	61	18	0	0	0	0	0	0	0	0	0	0	0	0	0	0	0	163	0	0	0	0	0	0	0	0	0	68	0	0	0	0	0	0	0	40	0	0	0	85	0	0	0	0	0	0	0	0	0	0	0	0	17	10	0	15	0	0	0	0	0	0	0	0	0	0	11	0	4	0	8
assemblage-895-169	0	0	0	0	0	0	0	0	0	0	0	0	0	0	0	0	0	0	0	0	0	0	10	0	173	0	0	0	0	0	0	0	110	0	0	0	0	0	0	0	0	18	0	0	0	0	0	0	0	0	0	80	0	0	0	0	0	0	0	0	0	0	0	84	0	0	0	0	0	0	0	0	0	0	0	0	0	0	0	8	0	0	0	0	0	0	0	0	0	0	0	0	0	0	17
assemblage-424-663	0	0	0	0	0	0	0	0	0	0	0	0	0	0	0	0	0	0	0	0	0	0	0	0	0	0	0	0	0	0	0	0	211	0	0	0	0	0	0	0	0	0	0	0	0	0	0	0	0	0	14	145	0	0	0	0	38	0	0	0	0	0	0	24	0	0	0	0	0	0	0	0	0	0	50	0	0	0	0	0	0	0	0	0	0	0	0	0	0	0	0	0	0	0	18
assemblage-483-894	0	0	0	0	0	0	0	0	0	0	0	0	0	0	0	0	0	0	0	0	0	0	0	0	112	0	0	0	0	0	0	0	126	0	0	0	0	0	0	0	0	41	0	0	0	0	0	0	0	0	0	121	0	0	0	0	0	0	0	0	0	0	0	71	0	0	0	0	0	0	0	0	0	0	0	0	0	0	0	0	0	0	0	0	19	0	0	0	0	0	0	0	0	0	10
assemblage-601-285	0	0	0	0	0	0	0	193	0	9	0	0	0	0	0	0	0	9	0	0	0	0	0	0	0	0	0	0	0	0	0	18	138	0	0	0	0	0	0	0	0	34	0	0	0	0	0	0	0	0	0	0	0	0	0	0	0	0	0	0	0	0	0	6	0	0	60	0	0	0	0	0	0	0	0	0	0	0	0	0	0	0	0	0	0	0	0	0	0	0	0	0	0	0	33
assemblage-460-382	0	0	0	0	0	0	13	22	0	0	0	0	0	0	0	0	0	0	0	0	0	0	0	0	0	0	0	0	0	0	0	12	180	0	0	0	0	0	0	0	0	94	0	0	0	0	0	0	0	0	0	35	0	0	0	0	0	0	0	0	0	0	0	104	0	0	18	0	0	0	0	0	0	0	0	0	0	0	0	0	0	0	0	0	0	0	0	0	0	0	0	0	0	0	22
assemblage-273-900	0	0	0	0	0	0	0	0	0	0	0	0	0	0	0	0	0	0	0	0	0	0	0	0	76	0	0	0	0	32	0	0	22	0	0	0	26	0	0	0	0	0	0	0	0	0	0	0	0	0	0	171	10	0	0	0	0	0	0	0	0	0	123	20	0	0	0	0	0	0	0	0	0	0	0	0	0	0	0	0	0	0	0	0	0	0	0	0	0	0	0	0	0	0	20
assemblage-800-398	0	0	0	0	0	0	0	41	0	47	0	0	0	0	0	0	0	0	0	0	0	0	0	0	0	0	0	0	0	0	0	27	249	0	0	0	0	5	0	0	0	37	0	0	0	0	0	0	0	0	0	0	0	0	0	0	62	0	0	0	0	0	0	0	0	0	0	0	0	0	0	0	0	0	0	0	0	0	0	0	0	0	0	0	0	0	0	0	0	0	0	0	0	0	32
assemblage-429-781	0	0	0	0	0	0	0	48	0	0	0	0	0	0	0	0	0	0	0	0	0	0	0	0	39	0	0	0	0	0	0	21	213	0	0	0	0	0	0	0	0	5	0	0	0	0	0	0	0	0	0	14	0	0	0	0	0	0	0	0	0	0	8	107	0	0	0	0	0	0	0	0	0	0	0	14	0	0	0	0	0	8	0	0	0	0	0	0	0	0	0	0	0	0	23
assemblage-410-115	0	0	11	0	0	0	0	0	0	0	0	0	0	24	0	0	0	0	0	0	0	0	0	0	111	0	0	0	0	0	0	0	138	0	0	0	0	0	0	0	0	11	0	0	0	0	0	0	0	0	0	112	0	0	0	0	0	0	0	0	0	0	12	33	0	0	0	0	0	0	0	0	0	0	0	0	0	0	0	0	0	34	0	0	0	0	0	0	0	0	0	0	0	0	14
assemblage-427-192	0	0	0	0	0	0	0	0	0	0	0	0	0	0	0	0	0	0	0	0	0	0	0	0	0	0	0	0	0	0	0	0	85	0	0	0	9	0	0	0	0	0	0	0	0	0	0	0	0	0	0	86	0	0	0	0	0	0	0	0	0	0	101	157	0	0	0	0	0	0	0	0	0	0	0	0	0	0	0	0	0	40	0	0	0	0	7	0	0	0	0	0	0	0	15
assemblage-227-401	7	0	0	0	0	0	0	0	0	0	0	0	0	0	0	0	0	0	0	0	0	0	0	0	137	0	0	0	0	0	0	0	88	0	0	0	0	0	0	0	0	43	0	0	0	0	0	0	0	0	0	81	0	0	0	0	0	30	0	0	0	0	0	96	0	0	0	0	0	0	0	0	0	0	0	0	0	0	0	4	0	0	0	0	0	0	0	0	0	0	0	0	0	0	14
assemblage-1008-722	0	0	0	0	0	0	0	0	0	0	0	0	0	0	0	0	0	0	0	0	0	0	0	0	0	0	0	0	0	0	0	0	102	0	0	0	5	0	0	0	0	0	0	0	0	0	0	0	0	0	0	74	0	0	0	0	0	0	0	0	0	0	94	154	0	0	0	0	0	0	0	0	0	0	0	0	0	0	0	0	0	45	0	0	0	0	0	0	0	0	0	0	0	0	26
assemblage-667-575	0	0	0	0	0	0	0	0	0	0	0	0	0	0	0	0	0	0	0	0	0	0	9	0	168	0	0	0	0	0	0	0	114	0	0	0	0	0	0	0	0	22	0	0	0	0	0	0	0	0	0	86	0	0	0	0	0	0	0	0	0	0	0	78	0	0	0	0	0	0	0	0	0	0	0	0	0	0	0	5	0	0	0	0	0	0	0	0	0	0	0	0	0	0	18
assemblage-917-785	0	0	0	0	0	0	0	0	0	0	0	0	0	0	0	0	0	0	0	0	0	0	0	0	0	0	0	0	0	0	0	0	185	0	0	0	0	0	0	0	0	0	0	0	0	0	0	0	0	0	27	159	0	0	0	0	54	0	0	0	0	0	0	18	0	0	0	0	0	0	5	0	0	0	37	0	0	0	0	0	0	0	5	0	0	0	0	0	0	0	0	0	0	0	10
assemblage-276-265	0	0	0	0	0	0	0	0	0	0	0	0	0	0	0	0	0	0	0	0	0	0	0	0	229	0	0	0	0	0	0	0	0	0	0	0	0	0	0	0	0	100	0	0	0	0	0	0	5	0	0	11	0	93	7	0	0	0	0	0	0	0	0	26	0	0	0	0	0	0	0	0	0	0	0	0	13	0	0	0	0	0	0	0	0	0	0	0	0	0	0	0	0	0	16
assemblage-787-755	0	0	0	0	0	0	0	33	0	0	0	0	0	0	8	0	0	0	0	0	0	0	0	0	0	0	0	0	0	0	0	0	268	0	0	0	0	0	0	0	0	0	0	0	0	0	0	10	0	0	10	10	0	0	0	0	16	0	0	0	0	0	0	35	0	0	6	25	0	0	0	0	55	0	0	0	0	0	0	0	0	0	0	0	0	0	0	0	0	0	0	0	0	0	24
assemblage-261-874	0	0	0	0	0	0	0	0	0	0	0	0	0	0	0	0	0	0	0	0	0	7	0	0	75	0	0	0	0	0	0	0	39	0	0	0	0	0	0	0	0	50	0	0	0	0	0	0	0	0	0	48	0	0	0	0	0	0	0	0	0	0	61	182	0	0	0	0	0	0	0	0	0	0	0	0	0	0	10	0	0	0	0	0	0	0	0	0	0	0	0	0	0	0	28
assemblage-172-503	0	0	0	0	0	0	0	8	0	11	13	8	0	0	0	0	20	0	0	0	0	0	0	0	4	0	0	0	0	0	0	0	165	0	0	0	0	0	0	0	0	55	0	0	0	0	0	0	0	0	44	38	0	0	0	0	59	0	10	0	0	0	0	5	0	0	46	0	0	0	0	0	0	0	3	0	0	0	0	0	0	0	0	0	0	0	0	0	0	0	0	0	0	0	11
assemblage-461-365	0	0	0	0	0	0	0	46	0	61	0	0	0	0	0	0	0	0	0	0	0	0	0	0	0	0	0	0	0	0	0	30	244	0	0	0	0	0	0	0	0	38	0	0	0	0	0	0	0	0	0	0	0	0	0	0	45	0	0	0	0	0	0	0	0	0	0	0	0	0	0	0	0	0	0	0	0	0	0	0	0	0	0	0	0	0	0	0	0	0	0	0	0	0	36
assemblage-801-129	0	0	0	0	0	0	0	69	0	0	0	0	0	0	0	0	0	0	0	0	0	0	0	0	0	0	3	0	0	0	0	0	141	0	0	0	0	0	0	29	2	0	0	0	0	0	0	0	0	0	0	26	0	0	0	0	108	0	0	0	0	0	0	0	0	0	51	8	0	0	0	0	45	0	0	0	0	0	0	0	0	0	0	0	0	0	0	0	0	0	0	0	0	0	18
assemblage-914-787	0	9	0	0	0	0	0	0	0	0	0	0	0	0	0	0	0	0	0	0	0	0	0	0	0	0	42	0	0	0	0	0	149	0	0	0	0	0	0	12	0	0	0	8	0	0	0	0	0	0	0	23	0	0	0	0	58	0	0	0	0	0	0	89	0	0	0	57	0	0	0	0	27	0	12	0	0	0	0	0	0	0	0	0	0	0	0	0	0	0	0	0	0	0	14
assemblage-824-965	0	0	0	0	0	0	0	0	0	0	0	0	0	0	0	0	0	0	0	0	0	0	0	0	10	0	0	0	0	0	0	0	0	0	65	0	0	0	0	0	0	7	31	0	0	0	0	0	0	0	0	324	0	13	0	0	0	0	0	0	0	0	0	16	0	0	0	0	0	0	0	0	0	0	0	0	7	0	0	0	0	0	0	0	0	0	0	0	0	0	0	0	0	0	27
assemblage-277-258	0	0	0	0	0	0	0	0	0	0	0	0	0	0	0	0	0	0	0	0	0	0	0	0	199	0	0	0	0	0	0	0	0	0	0	0	0	0	0	0	0	103	5	0	0	0	0	0	0	0	0	17	0	94	14	0	0	0	0	0	0	0	0	30	0	0	0	0	0	0	0	0	0	0	0	0	20	0	0	0	0	0	0	0	0	0	0	0	0	0	0	0	0	0	18
assemblage-994-710	0	0	0	0	0	0	0	130	0	0	0	0	0	0	0	0	0	0	0	0	0	0	0	0	3	0	0	0	0	20	0	0	81	0	0	0	0	0	0	0	0	70	0	0	0	0	0	0	0	0	0	50	0	0	0	0	0	0	0	0	0	0	6	83	0	0	0	0	0	0	0	0	0	0	0	22	0	0	0	0	0	9	0	0	0	0	0	0	0	0	0	0	0	0	26
assemblage-730-265	0	0	0	0	0	0	0	0	0	0	0	0	0	0	0	0	0	0	0	0	0	0	0	0	63	12	0	0	0	0	0	0	0	0	0	0	0	0	0	0	0	178	0	0	0	0	0	0	0	0	0	44	0	0	0	0	0	0	0	35	0	0	0	82	0	0	0	0	0	0	0	0	0	0	0	0	12	24	0	22	0	0	0	0	0	0	0	0	0	0	9	0	5	0	14
assemblage-990-744	0	0	0	0	0	0	0	52	0	0	0	0	0	0	0	0	0	0	0	0	0	0	0	0	43	0	0	0	0	0	0	39	204	0	0	0	0	0	0	0	0	9	0	0	0	0	0	0	0	0	0	4	0	0	0	0	0	0	0	0	5	0	5	98	0	0	0	0	0	0	0	0	0	0	0	16	0	0	0	0	0	10	0	0	0	0	0	0	0	0	0	0	0	0	15
assemblage-375-188	0	0	0	0	0	0	0	0	0	0	0	0	0	0	0	0	0	0	0	0	0	0	0	0	83	0	0	0	0	0	0	0	67	0	0	0	0	0	13	0	0	85	0	0	0	0	0	0	0	0	0	134	0	0	0	0	0	0	0	0	0	0	0	55	0	0	0	0	0	0	0	0	0	0	0	0	0	0	0	20	0	0	0	0	0	0	0	0	0	0	0	0	21	0	22
assemblage-893-167	0	0	0	0	0	0	0	0	24	0	0	0	0	0	0	0	0	0	0	0	0	0	0	0	197	0	0	0	0	0	0	0	11	0	0	0	0	0	0	0	0	41	0	0	0	0	0	0	0	0	0	71	0	0	0	0	0	0	0	0	0	0	0	145	0	0	0	0	0	0	0	0	0	0	0	0	0	0	0	0	0	0	0	0	0	0	0	0	0	0	0	0	0	0	11
assemblage-779-409	0	0	0	0	0	0	0	19	0	0	0	0	0	0	0	0	0	0	0	0	0	0	0	0	0	0	0	0	0	0	11	115	266	0	0	0	0	0	0	0	0	36	0	0	0	0	0	0	0	0	0	9	0	0	0	0	0	0	0	0	0	0	0	23	0	0	0	0	0	0	0	0	0	0	0	0	0	0	0	0	0	0	0	0	0	0	0	0	0	0	0	0	0	0	21
assemblage-389-408	0	0	0	0	0	36	0	145	0	0	0	0	0	28	0	0	0	0	0	0	0	0	0	0	112	0	0	0	0	0	0	0	0	0	0	0	0	0	0	0	0	0	0	0	0	0	0	0	0	0	0	72	0	0	0	0	0	0	0	0	0	0	0	65	0	0	0	0	0	0	0	0	0	0	0	21	0	0	0	0	0	5	0	0	0	0	0	0	0	0	0	0	0	0	16
assemblage-961-281	0	0	0	0	0	0	15	28	0	0	0	0	0	0	0	0	0	0	0	0	0	0	0	0	0	0	0	0	0	0	0	0	169	0	0	0	0	0	0	0	0	63	0	0	0	0	0	0	0	0	0	37	0	0	0	0	3	0	0	0	0	0	0	147	0	0	23	0	0	0	0	0	0	0	0	0	0	0	0	0	0	0	0	0	0	0	0	0	0	0	0	0	0	0	15
assemblage-521-677	0	0	0	0	0	0	0	0	0	0	0	0	0	0	0	0	0	0	0	0	0	0	0	0	93	0	0	0	0	0	0	0	0	0	0	0	0	0	0	0	0	158	0	0	0	0	0	0	0	0	0	30	0	0	12	0	0	0	0	53	0	9	0	13	0	0	0	0	0	0	0	0	0	0	0	0	43	0	0	35	0	0	0	0	0	0	0	0	0	0	0	0	47	0	7
assemblage-701-261	0	0	0	0	0	0	0	0	0	0	0	0	0	0	0	0	0	0	0	0	0	0	0	0	66	0	0	0	0	0	0	0	0	0	0	0	0	0	0	0	0	188	0	0	0	0	0	0	0	0	0	89	0	0	0	0	0	0	0	68	0	0	0	25	0	0	0	0	0	0	0	0	0	0	0	0	9	0	0	0	0	0	0	0	0	0	0	0	0	28	0	0	0	0	27
assemblage-513-707	0	0	0	0	0	0	0	0	0	0	0	0	0	0	0	0	0	0	0	0	0	0	0	0	0	0	0	0	0	0	0	0	61	0	0	0	0	0	0	0	0	0	0	0	0	0	0	0	0	0	0	104	0	0	0	0	0	0	0	0	0	0	86	183	0	0	0	0	0	0	0	0	0	0	0	0	0	0	0	0	0	28	0	0	0	0	5	0	0	0	0	0	0	0	33
assemblage-755-622	0	7	0	0	0	0	0	0	0	0	0	0	0	0	0	0	0	0	0	0	0	0	0	0	0	0	48	0	0	0	0	0	131	0	0	0	0	0	0	6	0	0	0	9	0	0	0	0	0	0	0	32	0	0	0	0	46	0	0	0	0	0	0	111	0	0	0	59	0	0	0	0	20	0	11	0	0	0	0	0	0	0	0	0	0	0	0	0	0	0	0	0	0	0	20
assemblage-835-941	0	0	0	0	0	0	0	0	0	0	0	0	0	0	0	0	0	0	0	0	0	0	0	0	10	0	0	0	0	0	0	0	0	0	77	0	0	0	0	0	0	22	31	0	0	0	0	0	5	0	0	293	0	12	0	0	0	0	0	0	0	0	0	27	0	0	0	0	0	0	0	0	0	0	0	0	9	0	0	0	0	0	0	0	0	0	0	0	0	0	0	0	0	0	14
assemblage-751-631	0	0	0	0	0	0	0	0	0	0	0	0	0	0	0	0	0	0	0	0	0	0	0	0	0	0	0	0	0	0	0	0	249	0	0	0	0	0	0	0	0	0	0	0	0	0	0	0	0	0	0	56	0	0	0	0	101	0	0	0	0	0	0	59	0	0	0	5	0	0	0	0	0	0	10	0	0	0	0	0	0	0	0	0	0	0	0	0	0	0	0	0	0	0	20
assemblage-443-195	0	0	0	0	0	0	0	12	0	0	0	0	0	0	0	0	0	0	0	0	0	0	0	0	62	0	0	0	0	0	0	0	192	0	0	0	0	0	0	0	0	8	0	0	0	0	0	0	0	0	0	95	0	0	0	0	0	0	0	0	0	0	0	60	0	0	0	0	0	0	0	0	0	11	0	11	0	0	0	0	4	30	0	0	0	0	0	0	0	0	0	0	0	0	15
assemblage-496-703	0	0	0	0	0	0	0	14	0	0	0	0	0	0	0	0	0	0	0	0	0	0	0	0	87	0	0	0	0	0	0	0	161	0	0	0	0	0	0	0	0	0	0	0	3	0	0	0	0	0	0	106	0	0	0	0	0	0	0	0	0	0	5	44	0	0	0	0	0	0	0	0	0	23	0	9	0	0	0	0	9	33	0	0	0	0	0	0	0	0	0	0	0	0	6
assemblage-391-432	0	0	0	0	0	29	0	143	0	0	0	0	0	24	0	0	0	0	0	0	0	0	0	0	118	0	0	0	0	0	0	0	0	0	0	0	0	0	0	0	0	0	0	0	0	0	0	0	0	0	0	61	0	0	0	0	0	0	0	0	0	0	0	64	0	0	0	0	0	0	0	0	0	0	0	39	0	0	0	0	0	6	0	0	0	0	0	0	0	0	0	0	0	0	16
assemblage-379-174	0	0	0	9	0	0	0	0	0	0	0	0	4	0	0	0	0	0	0	0	0	0	0	0	128	0	0	0	0	0	0	0	17	0	0	0	0	0	9	0	0	109	0	0	0	0	0	0	0	0	0	154	0	0	0	0	0	0	0	0	0	0	0	39	0	0	0	0	0	0	0	0	0	0	0	0	0	0	0	0	0	0	0	0	0	0	0	0	0	0	0	0	19	0	12
assemblage-113-959	0	0	0	0	0	0	0	0	0	0	0	0	0	0	0	0	0	0	0	0	0	0	0	0	0	0	0	0	0	0	0	0	0	0	0	0	0	0	0	0	0	9	0	0	0	0	0	0	27	0	0	5	0	44	0	0	0	0	0	197	0	0	0	106	0	0	0	0	0	0	0	0	0	0	0	0	16	0	0	0	0	0	0	0	0	0	0	0	0	30	44	0	0	0	22
assemblage-534-685	0	0	0	0	0	0	0	0	0	0	0	0	0	0	0	0	0	0	0	0	0	0	0	0	57	12	0	0	0	0	0	0	0	0	0	0	0	0	0	0	0	188	0	0	0	0	0	0	0	0	0	37	0	0	0	0	0	0	0	34	0	0	0	111	0	0	0	0	0	0	0	0	0	0	0	0	13	5	0	16	0	0	0	0	0	0	0	0	0	0	8	0	7	0	12
assemblage-432-775	0	0	0	0	0	0	0	0	0	0	0	0	0	0	0	0	0	0	0	0	0	0	0	0	0	0	0	0	0	0	0	0	68	0	0	0	11	0	0	0	0	0	0	0	0	0	0	0	0	0	0	100	0	0	0	0	0	0	0	0	0	0	89	167	0	0	0	0	0	0	0	0	0	0	0	0	0	0	0	0	0	41	0	0	0	0	6	0	0	0	0	0	0	0	18
assemblage-169-400	0	0	0	0	0	0	0	0	0	0	0	0	0	0	0	0	0	0	0	0	0	0	0	0	38	0	0	0	0	0	0	0	16	0	0	0	0	0	7	0	0	84	0	0	0	0	0	0	0	0	0	226	0	0	0	0	0	0	0	0	0	0	0	55	0	0	0	0	0	0	0	0	0	0	0	0	0	15	0	14	0	0	0	0	0	0	0	0	0	0	0	0	33	0	12
assemblage-991-720	0	0	0	0	0	0	0	59	0	0	0	0	0	0	0	0	0	0	0	0	0	0	0	0	33	0	0	0	0	0	0	27	213	0	0	0	0	0	0	0	0	14	0	0	0	0	0	0	0	0	0	6	0	0	0	0	0	0	0	0	0	0	7	96	0	0	0	0	0	0	0	0	0	0	0	17	0	0	0	0	0	10	0	0	0	0	0	0	0	0	0	0	0	0	18
assemblage-212-405	15	0	0	0	0	0	0	0	0	0	0	0	0	0	0	0	0	0	0	0	0	0	0	0	136	0	0	0	0	0	0	0	82	0	0	0	0	0	0	0	0	47	0	0	0	0	0	0	0	0	0	62	0	0	0	0	0	16	0	0	0	0	0	117	0	0	0	0	0	0	0	0	0	0	0	0	0	0	0	7	0	0	0	0	0	0	0	0	0	0	0	0	0	0	18
assemblage-430-681	0	0	0	0	0	0	0	55	0	0	0	0	0	0	0	0	0	0	0	0	0	0	0	0	0	0	5	0	0	0	0	0	156	0	0	0	0	0	0	16	9	0	0	0	0	0	0	0	0	0	0	19	0	0	0	4	110	0	0	0	0	0	0	0	0	0	47	3	0	0	0	0	55	0	0	0	0	0	0	0	0	0	0	0	0	0	0	0	0	0	0	0	0	0	21
assemblage-849-805	0	0	0	0	0	0	0	0	0	0	0	0	0	0	0	0	0	0	0	0	0	0	0	0	105	0	0	0	0	0	0	0	0	0	0	0	0	0	0	0	0	157	0	0	0	0	0	0	0	0	0	31	0	0	7	0	0	0	0	52	0	3	0	12	0	0	0	0	0	0	0	0	0	0	0	0	32	0	0	38	0	0	0	0	0	0	0	0	0	0	0	0	50	0	13
assemblage-530-672	0	0	0	0	0	0	0	0	0	0	0	0	0	0	0	0	0	0	0	0	0	0	0	0	25	0	0	0	0	0	0	0	90	0	0	0	0	0	0	0	0	153	0	0	0	0	0	0	0	0	0	128	0	0	0	0	0	0	0	24	0	0	0	29	0	0	0	0	0	0	0	0	0	0	0	0	0	0	0	0	0	0	0	0	0	0	0	0	0	12	0	0	16	0	23
assemblage-533-383	0	0	0	0	0	0	0	0	0	0	0	0	0	0	0	0	0	0	0	0	0	0	0	0	21	0	0	0	0	0	0	0	78	0	0	0	0	0	0	0	0	159	0	0	0	0	0	0	0	0	0	128	0	0	0	0	0	0	0	18	0	0	0	41	0	0	0	0	0	0	0	0	0	0	0	0	0	0	0	0	0	0	0	0	0	0	0	0	0	18	0	0	18	0	19
assemblage-506-671	0	0	0	0	0	0	0	0	0	0	0	0	0	0	0	0	0	0	0	0	0	0	0	0	56	11	0	0	0	0	0	0	0	0	0	0	0	0	0	0	0	156	0	0	0	0	0	0	0	0	0	46	0	0	0	0	0	0	0	40	0	0	0	104	0	0	0	0	0	0	0	0	0	0	0	0	8	8	0	31	0	0	0	0	0	0	0	0	0	0	10	0	15	0	15
assemblage-355-837	0	0	0	0	0	0	0	6	0	9	0	0	0	0	0	0	0	0	0	0	0	0	0	0	0	0	0	0	0	0	0	0	266	0	0	0	0	0	0	0	0	8	0	0	0	0	0	0	0	0	0	44	0	0	0	0	0	0	0	0	0	0	0	66	0	0	15	0	9	0	0	0	0	0	66	0	0	0	0	0	0	0	0	0	0	0	0	0	0	0	0	0	0	0	11
assemblage-443-762	0	0	0	0	0	0	0	56	0	0	0	0	0	0	0	0	0	0	0	0	0	0	0	0	27	0	0	0	0	4	0	4	151	0	0	0	0	0	0	0	0	20	0	0	0	0	0	0	0	0	0	55	0	0	0	0	0	0	0	0	0	0	27	102	0	0	0	0	0	0	0	0	0	0	0	15	0	0	0	0	0	14	0	0	0	0	0	0	0	0	0	0	0	0	25
assemblage-490-502	0	0	0	0	0	0	0	0	0	0	0	0	0	0	0	0	0	0	0	0	0	0	0	0	137	0	0	0	0	0	0	0	11	0	0	0	0	0	10	0	0	110	0	0	0	0	0	0	0	0	0	137	0	0	0	0	0	0	0	0	0	0	0	47	0	0	0	0	0	0	0	0	0	0	0	0	0	0	0	0	0	0	0	0	0	0	0	0	0	0	0	0	32	0	16
assemblage-421-662	0	0	0	0	0	0	0	0	0	0	0	0	0	0	0	0	0	0	0	0	0	0	0	0	0	0	0	0	0	0	0	0	178	0	0	0	0	0	0	0	0	0	0	0	0	0	0	0	0	0	24	173	0	0	0	0	59	0	0	0	0	0	0	17	0	0	0	0	0	0	0	0	0	0	33	0	0	0	0	0	0	0	0	0	0	0	0	0	0	0	0	0	0	0	16
assemblage-893-305	0	0	0	0	0	0	0	0	0	0	0	0	0	23	0	0	0	0	0	0	0	0	0	0	116	0	0	0	0	0	0	0	143	0	0	0	0	0	0	0	0	19	0	0	0	0	0	0	0	0	0	102	0	0	0	0	0	0	0	0	0	0	13	30	0	0	0	0	0	0	0	0	0	0	0	0	0	0	0	0	0	32	0	0	0	0	0	0	0	0	0	0	0	0	22
assemblage-787-428	0	0	0	0	0	0	0	47	0	48	0	0	0	0	0	0	0	0	0	0	0	0	0	0	0	0	0	0	0	0	0	39	246	0	0	0	0	0	0	0	0	41	0	0	0	0	0	0	0	0	0	0	0	0	0	0	43	0	0	0	0	0	0	0	0	0	0	0	0	0	0	0	0	0	0	0	0	0	0	0	0	0	0	0	0	0	0	0	0	0	0	0	0	0	36
assemblage-478-884	0	0	0	0	0	0	0	0	0	0	0	0	6	0	0	0	0	0	0	0	0	0	0	0	158	0	0	0	0	0	0	0	16	0	0	0	0	0	9	0	0	103	0	0	0	0	0	0	0	0	0	129	0	0	0	0	0	0	0	0	0	0	0	39	0	0	0	0	0	0	0	0	0	0	0	0	0	0	0	0	0	0	0	0	0	0	0	0	0	0	0	0	20	0	20
assemblage-167-498	0	0	0	0	0	0	0	0	0	12	8	4	0	0	0	0	8	0	0	0	0	0	0	0	3	0	0	0	0	0	0	6	166	0	0	0	0	0	0	0	0	60	0	0	0	0	0	0	0	0	52	40	0	0	0	0	76	0	0	0	0	0	0	0	0	0	26	0	0	0	0	0	0	0	6	0	0	0	0	0	0	0	0	0	0	0	0	0	0	0	0	0	0	0	33
assemblage-770-637	0	0	0	0	0	0	0	0	0	0	0	0	0	0	0	0	0	0	0	0	0	0	0	0	0	0	0	0	0	0	0	0	269	0	0	0	0	0	0	0	0	0	0	0	0	0	0	0	0	0	0	49	0	0	0	0	92	0	0	0	0	0	0	61	0	0	0	5	0	0	0	0	0	0	8	0	0	0	0	0	0	0	0	0	0	0	0	0	0	0	0	0	0	0	16
assemblage-527-667	0	0	0	0	0	0	0	0	0	0	0	0	0	0	0	0	0	0	0	0	0	0	0	0	70	0	0	0	0	0	0	0	0	0	0	0	0	0	0	0	0	181	0	0	0	0	0	0	0	0	0	108	0	0	0	0	0	0	0	83	0	0	0	19	0	0	0	0	0	0	0	0	0	0	0	0	9	0	0	0	0	0	0	0	0	0	0	0	0	18	0	0	0	0	12
assemblage-722-263	0	0	0	0	0	0	0	0	0	0	0	0	0	0	0	0	0	0	0	0	0	0	0	0	85	0	0	0	0	0	0	0	0	0	0	0	0	0	9	0	0	138	0	0	0	0	0	0	0	0	0	35	0	0	7	0	0	0	0	60	0	0	0	10	0	0	0	0	0	0	0	0	0	0	0	0	49	0	0	41	0	0	0	0	0	0	0	0	0	0	0	0	53	0	13
assemblage-956-316	0	0	0	0	0	0	0	0	0	0	0	0	0	0	0	0	0	0	0	0	0	0	0	13	81	0	0	0	0	0	0	0	0	0	0	27	0	0	0	0	0	251	0	0	0	0	0	0	0	0	0	0	0	6	0	0	0	0	0	0	0	0	0	10	0	10	0	0	0	17	0	0	0	0	0	0	69	0	0	0	0	0	0	0	0	0	0	0	0	0	0	0	0	0	16
assemblage-443-206	0	0	0	0	0	0	0	132	0	0	0	0	0	0	0	0	0	0	0	0	0	0	0	0	0	0	0	0	0	32	0	0	86	0	0	0	0	0	0	0	0	64	0	0	0	0	0	0	0	0	0	22	0	0	0	0	0	0	0	0	0	0	4	82	0	0	0	0	0	0	0	0	0	0	0	31	0	0	0	0	0	20	0	0	0	0	0	0	0	0	0	0	0	0	27
assemblage-900-315	0	0	0	0	0	0	0	0	0	0	0	0	0	0	0	0	0	0	0	0	0	11	0	0	75	0	0	0	0	41	0	0	22	0	0	0	30	0	0	0	0	0	0	0	0	0	0	0	0	0	0	143	9	0	0	0	0	0	0	0	0	0	121	28	0	0	0	0	0	0	0	0	0	0	0	0	0	0	0	0	0	0	0	0	0	0	0	0	0	0	0	0	0	0	20
assemblage-952-290	0	0	0	0	0	0	0	0	0	0	0	0	0	0	0	0	0	0	0	0	0	0	0	18	90	0	0	0	0	0	0	0	0	0	0	28	0	0	0	0	0	249	0	0	0	0	0	0	0	0	0	0	0	4	0	0	0	0	0	0	0	0	0	0	0	14	0	0	0	8	0	0	0	0	0	0	75	0	0	0	0	0	0	0	0	0	0	0	0	0	0	0	0	0	14
assemblage-250-249	0	0	0	0	0	0	0	0	0	5	0	0	0	0	0	0	0	0	0	0	0	0	0	0	0	0	0	0	0	0	0	0	273	0	0	0	0	0	0	0	0	14	0	0	0	0	0	0	0	0	0	43	0	0	0	0	0	0	0	0	0	0	0	61	0	0	20	0	0	0	0	0	0	0	61	0	0	0	0	0	0	0	0	0	0	0	0	0	0	0	0	0	0	0	23
assemblage-166-517	0	0	0	0	0	0	0	206	0	14	0	0	0	0	0	0	0	10	0	0	0	0	0	0	0	0	0	0	0	0	0	16	158	0	0	0	0	0	0	0	0	26	0	0	0	0	0	0	0	0	0	0	0	0	0	0	0	0	0	0	0	0	0	0	0	0	43	0	0	0	0	0	0	0	0	0	0	0	0	0	0	0	0	0	0	0	0	0	0	0	0	0	0	0	27
assemblage-100-530	0	0	0	0	0	0	0	26	0	0	0	0	0	0	10	0	0	0	0	0	0	0	0	0	0	0	0	0	0	0	0	0	246	0	0	0	0	0	0	0	0	0	0	0	0	0	0	9	0	0	7	9	0	0	0	0	24	0	0	0	0	0	0	41	0	0	0	30	0	0	0	0	67	0	9	0	0	0	0	0	0	0	0	0	0	0	0	0	0	0	0	0	0	0	22
assemblage-420-124	0	0	0	0	0	0	0	0	0	0	0	0	0	0	0	0	0	0	0	0	0	0	0	0	98	0	0	0	0	0	0	0	34	0	0	0	0	0	0	0	0	43	0	0	0	0	0	0	0	0	0	58	0	0	0	0	0	0	0	0	0	0	71	176	0	0	0	0	0	0	0	6	0	0	0	0	0	0	0	0	0	0	0	0	0	0	0	0	0	0	0	0	0	0	14
assemblage-468-361	0	0	0	0	0	0	8	21	0	0	0	0	0	0	0	0	0	0	0	0	0	0	0	0	0	0	0	0	0	0	0	0	174	0	0	0	0	0	0	0	0	86	0	0	0	0	0	0	0	0	0	28	0	0	0	0	0	0	0	0	0	0	0	135	0	0	31	0	0	0	0	0	0	0	0	0	0	0	0	0	0	0	0	0	0	0	0	0	0	0	0	0	0	0	17
assemblage-836-963	0	0	0	0	0	0	0	0	0	0	0	0	0	0	0	0	0	0	0	0	0	0	0	0	7	0	0	0	0	0	0	0	0	0	90	0	0	0	0	0	0	16	23	0	0	0	0	0	5	0	0	303	0	9	0	0	0	0	0	0	0	0	0	14	0	0	0	0	0	0	0	0	0	0	0	0	15	0	0	0	0	0	0	0	0	0	0	0	0	0	0	0	0	0	18
assemblage-237-898	0	0	0	0	0	0	0	0	0	0	0	0	0	21	0	0	0	0	0	0	0	0	0	0	128	0	0	0	0	0	0	0	157	0	0	0	0	0	0	0	0	7	0	0	0	0	0	0	0	0	0	93	0	0	0	0	0	0	0	0	0	0	16	30	0	0	0	0	0	0	0	0	0	0	0	0	0	0	0	0	0	39	0	0	0	0	0	0	0	0	0	0	0	0	9
assemblage-903-174	8	0	0	0	0	0	0	0	0	0	0	0	0	0	0	0	0	0	0	0	0	0	0	0	128	0	0	0	0	0	0	0	83	0	0	0	0	0	0	0	0	42	0	0	0	0	0	0	0	0	0	89	0	0	0	0	0	20	0	0	0	0	0	111	0	0	0	0	0	0	0	0	0	0	0	0	0	0	0	0	0	0	0	0	0	0	0	0	0	0	0	0	0	0	19
assemblage-818-106	0	2	0	0	0	0	0	0	0	0	0	0	0	0	0	0	0	0	0	0	0	0	0	0	0	0	30	0	0	0	0	0	146	0	0	0	0	0	0	11	0	0	0	8	0	0	0	0	0	0	0	20	0	0	0	0	58	0	0	0	0	0	0	104	0	0	0	48	0	0	0	0	33	0	21	0	0	0	0	0	0	0	0	0	0	0	0	0	0	0	0	0	0	0	19
assemblage-370-178	0	0	0	0	0	0	0	0	0	0	0	0	0	0	0	11	0	0	0	0	0	0	4	0	39	0	0	0	0	0	0	0	145	0	0	0	0	0	15	0	0	78	0	0	0	0	0	0	0	0	0	161	0	0	0	0	0	0	0	0	0	0	0	0	0	0	0	0	0	0	0	0	0	0	0	0	0	0	0	34	0	0	0	0	0	0	0	0	0	0	0	0	4	0	9
assemblage-235-258	0	0	0	0	0	0	0	0	0	41	0	22	0	0	0	0	0	0	0	0	0	0	0	0	27	0	0	0	0	0	0	0	242	0	0	0	0	0	0	0	0	11	0	0	0	0	0	0	0	0	0	24	0	0	0	0	0	0	0	0	0	0	0	64	0	0	0	0	0	0	0	0	0	0	38	0	0	0	0	0	0	0	0	0	0	0	0	0	0	0	0	0	0	9	22
assemblage-860-803	0	0	0	0	0	0	0	0	0	0	0	0	0	0	0	0	0	0	0	0	0	0	0	0	74	0	0	0	0	0	0	0	0	0	0	0	0	0	0	0	0	175	0	0	0	0	0	0	0	0	0	106	0	0	0	0	0	0	0	96	0	0	0	9	0	0	0	0	0	0	0	0	0	0	0	0	8	0	0	0	0	0	0	0	0	0	0	0	0	21	0	0	0	0	11
assemblage-252-252	0	0	0	0	0	0	0	188	0	16	0	0	0	0	0	0	0	7	0	0	0	0	0	0	0	0	0	0	0	0	0	16	161	0	0	0	0	0	0	0	0	36	0	0	0	0	0	0	0	0	0	0	0	0	0	0	0	0	0	0	0	0	0	0	0	0	41	0	0	0	0	0	0	0	7	0	0	0	0	0	0	0	0	0	0	0	0	0	0	0	0	0	0	0	28
assemblage-951-307	0	0	0	0	0	0	0	0	0	0	0	0	0	0	0	0	0	0	0	0	0	0	0	11	88	0	0	0	0	0	0	0	0	0	0	23	0	0	0	0	0	253	0	0	0	0	0	0	0	0	0	0	0	5	0	0	0	0	0	0	0	0	0	0	0	14	0	0	0	5	0	0	0	0	0	0	77	0	0	0	0	0	0	0	0	0	0	0	0	0	0	0	0	0	24
assemblage-876-300	0	0	6	0	0	0	0	0	0	0	0	0	0	0	0	0	0	0	0	0	0	0	0	0	75	0	0	0	0	0	0	0	37	0	0	0	0	0	0	0	0	49	0	0	0	0	0	0	0	0	0	72	0	0	0	0	0	0	0	0	0	0	70	166	0	0	0	0	0	0	0	12	0	0	0	0	0	0	0	0	0	0	0	0	0	0	0	0	0	0	0	0	0	0	13
assemblage-884-180	0	0	0	0	0	0	0	0	9	0	0	0	0	0	0	0	0	0	5	0	0	0	0	0	174	0	0	0	0	0	0	0	65	0	0	0	0	0	0	0	0	31	0	0	0	0	0	0	0	0	0	99	0	0	0	0	0	11	0	0	0	0	0	76	0	0	0	0	0	0	0	0	0	0	0	0	0	0	0	0	0	0	0	0	0	0	0	0	0	0	0	0	0	0	30
assemblage-238-250	0	0	0	0	0	0	0	0	0	37	0	29	0	0	0	0	0	0	0	0	0	0	0	0	24	0	0	0	0	0	0	0	258	0	0	0	0	0	0	0	0	12	0	0	0	0	0	0	0	0	0	21	0	0	0	0	0	0	0	0	0	0	0	56	0	0	0	0	0	0	0	0	0	0	33	0	0	0	0	0	0	0	0	0	0	0	0	0	0	0	0	0	0	10	20
assemblage-164-524	0	0	0	0	0	0	0	3	0	5	12	7	0	0	0	0	12	0	0	0	0	0	0	0	11	0	0	0	0	0	0	0	180	0	0	0	0	0	0	0	0	52	0	0	0	0	0	0	0	0	53	50	0	0	0	0	67	0	0	0	0	0	0	2	0	0	25	0	0	0	0	0	0	0	0	0	0	0	0	0	0	0	0	0	0	0	0	0	0	0	0	0	0	0	21
assemblage-447-675	0	0	0	0	0	0	0	0	0	0	0	0	0	0	0	0	0	0	0	0	0	0	0	0	0	0	0	0	0	0	0	0	257	7	0	0	0	0	0	0	0	0	0	0	0	0	0	0	0	0	0	67	0	0	0	0	76	0	0	0	0	0	0	56	0	0	0	10	0	0	0	0	0	0	17	0	0	0	0	0	0	0	0	0	0	0	0	0	0	0	0	0	0	0	10
assemblage-784-763	0	0	0	0	0	0	0	0	0	0	0	0	0	0	0	0	0	0	0	0	0	0	0	0	0	0	0	0	0	0	0	0	336	0	0	0	0	0	0	0	0	0	0	0	0	0	0	19	0	0	0	0	0	0	0	0	0	0	0	0	0	0	0	86	0	0	0	0	0	0	0	0	0	0	12	0	0	0	0	0	0	0	0	0	0	14	0	0	0	0	0	0	0	0	33
assemblage-891-302	0	0	6	0	0	0	0	0	0	0	0	0	0	11	0	0	0	0	0	0	0	0	0	0	101	0	0	0	0	0	0	0	183	0	0	0	0	0	0	0	0	13	0	0	0	0	0	0	0	0	0	101	0	0	0	0	0	0	0	0	0	0	13	24	0	0	0	0	0	0	0	0	0	0	0	0	0	0	0	0	0	35	0	0	0	0	0	0	0	0	0	0	0	0	13
assemblage-805-423	0	0	0	0	0	0	0	52	0	59	0	0	0	0	0	0	0	0	0	0	0	0	0	0	0	0	0	0	0	0	0	31	244	0	0	0	0	0	0	0	0	35	0	0	0	0	0	0	0	0	0	0	0	0	0	0	52	0	0	0	0	0	0	0	0	0	0	0	0	0	0	0	0	0	0	0	0	0	0	0	0	0	0	0	0	0	0	0	0	0	0	0	0	0	27
assemblage-427-762	0	0	0	0	0	0	0	122	0	0	0	0	0	0	0	0	0	0	0	0	0	0	0	0	6	0	0	0	0	23	0	0	82	0	0	0	0	0	0	0	0	58	0	0	0	0	0	0	0	0	0	25	0	0	0	0	0	0	0	0	0	0	2	127	0	0	0	0	0	0	0	0	0	0	0	27	0	0	0	0	0	9	0	9	0	0	0	0	0	0	0	0	0	0	10
assemblage-590-275	0	0	0	0	0	0	8	8	0	12	9	13	0	0	0	0	17	0	0	0	0	0	0	0	5	0	0	0	0	0	0	0	130	0	0	0	0	0	0	0	0	72	0	0	0	0	0	0	0	0	56	53	0	0	0	0	62	0	0	0	0	0	0	10	0	0	27	0	0	0	0	0	0	0	6	0	0	0	0	0	0	0	0	0	0	0	0	0	0	0	0	0	0	0	12
assemblage-876-781	0	0	0	0	0	0	0	0	0	0	0	0	0	0	0	0	0	0	0	0	0	0	0	0	64	0	0	0	0	0	0	0	0	0	0	0	0	0	0	0	0	211	0	0	0	0	0	0	0	0	0	88	0	0	0	0	0	0	0	84	0	0	0	12	0	0	0	0	0	0	0	0	0	0	0	0	10	0	0	0	0	0	0	0	0	0	0	0	0	21	0	0	0	0	10
assemblage-386-420	0	0	0	0	0	4	0	30	0	0	0	0	0	14	0	0	0	0	0	0	0	0	0	0	118	0	0	0	0	7	0	0	46	0	0	0	10	0	0	0	0	17	0	0	0	0	0	0	0	0	0	95	0	0	0	0	0	0	0	0	0	0	47	89	0	0	0	0	0	0	0	0	0	0	0	6	0	0	0	0	0	10	0	0	0	0	0	0	0	0	0	0	0	0	7
assemblage-821-743	0	0	0	0	0	0	0	58	0	0	0	0	0	0	0	0	0	0	0	0	0	0	0	0	0	0	0	0	0	0	0	0	124	0	0	0	0	0	0	0	0	0	0	0	0	0	0	0	0	0	9	31	0	0	0	0	141	0	0	0	0	0	0	48	13	0	12	0	0	0	0	0	0	0	50	0	0	0	0	0	0	0	0	0	0	0	0	0	0	0	0	0	0	0	14
assemblage-715-242	0	0	0	0	0	0	0	0	0	0	0	0	0	0	0	0	0	0	0	0	0	0	0	0	23	0	0	0	0	0	0	0	83	0	0	0	0	0	0	0	0	159	0	0	0	0	0	0	0	0	0	138	0	0	0	0	0	0	0	27	0	0	0	28	0	0	0	0	0	0	0	0	0	0	0	0	0	0	0	0	0	0	0	0	0	0	0	0	0	13	0	0	15	0	14
assemblage-598-280	0	0	0	0	0	0	0	205	0	11	0	0	0	0	0	0	0	7	0	0	0	0	0	0	0	0	0	0	0	0	0	20	144	0	0	0	0	0	0	0	0	40	0	0	0	0	0	0	0	0	0	0	0	0	0	0	0	0	0	0	0	0	0	4	0	0	49	0	0	0	0	0	0	0	5	0	0	0	0	0	0	0	0	0	0	0	0	0	0	0	0	0	0	0	15
assemblage-502-692	0	0	0	0	0	0	0	36	0	0	0	0	0	0	0	0	0	0	0	0	0	0	0	0	36	0	0	0	0	0	0	30	216	0	0	0	0	0	0	0	0	8	0	0	0	0	0	0	0	0	0	17	0	0	0	0	0	0	0	0	0	0	10	96	0	0	0	0	0	0	0	0	0	0	0	19	0	0	0	0	0	0	0	0	0	0	0	0	0	0	0	0	0	0	32
assemblage-950-266	0	0	0	0	0	0	0	40	0	55	0	0	0	0	0	0	0	0	0	0	0	0	0	0	0	0	0	0	0	0	0	60	228	0	0	0	0	0	0	0	0	41	0	0	0	0	0	0	0	0	0	0	0	0	0	0	41	0	0	0	0	0	0	0	0	0	0	0	0	0	0	0	0	0	0	0	0	0	0	0	0	0	0	0	0	0	0	0	0	0	0	0	0	0	35
assemblage-100-545	0	0	0	0	0	0	0	0	0	2	0	0	0	0	0	0	0	0	0	0	0	0	0	0	0	0	0	0	0	0	0	0	316	0	0	0	0	0	0	0	0	0	0	0	0	0	0	26	0	0	0	0	0	0	0	0	0	0	0	0	0	0	0	99	0	0	0	0	0	0	0	0	0	0	14	0	0	0	0	0	0	0	0	0	0	4	0	4	0	0	0	0	0	0	35
assemblage-907-307	0	0	5	0	0	0	0	0	0	0	0	0	0	0	0	0	0	0	0	0	0	0	0	0	83	0	0	0	0	0	0	0	48	0	0	0	0	0	0	0	0	62	0	0	0	0	0	0	0	0	0	49	0	0	0	0	0	0	0	0	0	0	63	169	0	0	0	0	0	0	0	5	0	0	0	0	0	0	0	0	0	0	0	0	0	0	0	0	0	0	0	0	0	0	16
assemblage-762-622	0	2	0	0	0	0	0	0	0	0	0	0	0	0	0	0	0	0	0	0	0	0	0	0	0	0	49	0	0	0	0	0	146	0	0	0	0	0	0	15	0	0	0	10	0	0	0	0	0	0	0	22	0	0	0	0	46	0	0	0	0	0	0	82	0	0	0	64	0	0	0	0	27	0	10	0	0	0	0	0	0	0	0	0	0	0	0	0	0	0	0	0	0	0	27
assemblage-593-283	0	0	0	0	0	0	0	0	0	6	0	0	0	0	0	0	0	0	0	0	0	0	0	0	0	0	0	0	0	0	0	0	263	0	0	0	0	0	0	0	0	14	0	0	0	0	0	0	0	0	0	34	0	0	0	0	0	0	0	0	0	0	0	71	0	0	19	0	0	0	0	0	0	0	76	0	0	0	0	0	0	0	0	0	0	0	0	0	0	0	0	0	0	0	17
assemblage-420-142	0	0	0	0	0	22	0	179	0	0	0	0	0	24	0	0	0	0	0	0	0	0	0	0	91	0	0	0	0	0	0	0	0	0	0	0	0	0	0	0	0	0	0	0	0	0	0	0	0	0	0	54	0	0	0	0	0	0	0	0	0	0	0	77	0	0	0	0	0	0	0	0	0	0	0	31	0	0	0	0	0	6	0	0	0	0	0	0	0	0	0	0	0	0	16
assemblage-260-895	0	0	0	0	0	30	0	137	0	0	0	0	0	22	0	0	0	0	0	0	0	0	0	0	96	0	0	0	0	0	0	0	0	0	0	0	0	0	0	0	0	0	0	0	0	0	0	0	0	0	0	82	0	0	0	0	0	0	0	0	0	0	0	70	0	0	0	0	0	0	0	0	0	0	0	42	0	0	0	0	0	0	0	0	0	0	0	0	0	0	0	0	0	0	21
assemblage-279-744	0	0	0	0	0	0	0	59	0	52	0	0	0	0	0	0	0	0	0	0	0	0	0	0	0	0	0	0	0	0	0	36	239	0	0	0	0	6	0	0	0	30	0	0	0	0	0	0	0	0	0	0	0	0	0	0	47	0	0	0	0	0	0	0	0	0	0	0	0	0	0	0	0	0	0	0	0	0	0	0	0	0	0	0	0	0	0	0	0	0	0	0	0	0	31
assemblage-236-225	0	0	0	0	0	0	0	62	0	13	0	4	0	0	0	0	0	0	0	0	0	0	0	0	8	0	0	0	0	0	0	8	189	0	0	0	0	0	0	0	0	34	0	0	0	0	0	0	0	0	16	24	0	0	0	0	22	0	0	0	0	0	0	27	0	0	22	0	0	0	0	0	0	0	40	0	0	0	0	0	0	0	0	0	0	0	0	0	0	0	0	0	0	0	31
assemblage-670-680	0	0	0	0	0	0	0	23	0	0	0	0	0	0	0	0	0	0	0	0	0	0	0	0	0	0	0	0	0	0	0	0	168	0	0	0	0	0	0	0	0	0	0	0	0	0	0	0	0	0	13	89	0	0	0	0	46	0	0	0	0	0	0	23	0	0	30	0	0	0	0	0	0	0	91	0	0	0	0	0	0	0	0	0	0	0	0	0	0	0	0	0	0	0	17
assemblage-687-581	0	0	0	0	0	0	0	0	0	0	0	0	0	0	0	0	0	0	0	0	0	0	17	0	181	0	0	0	0	0	0	0	111	0	0	0	0	0	0	0	0	20	0	0	0	0	0	0	0	0	0	80	0	0	0	0	0	0	0	0	0	0	0	74	0	0	0	0	0	0	0	0	0	0	0	0	0	0	0	0	0	0	0	0	0	0	0	0	0	0	0	0	0	0	17
assemblage-375-849	0	0	0	0	0	0	0	188	0	16	0	0	0	0	0	0	0	12	0	0	0	0	0	0	0	0	0	0	0	0	0	26	175	0	0	0	0	0	0	0	0	22	0	0	0	0	0	0	0	0	0	0	0	0	0	0	0	0	0	0	0	0	0	0	0	0	36	0	0	0	0	0	0	0	0	0	0	0	0	0	0	0	0	0	0	0	0	0	0	0	0	0	0	0	25
assemblage-791-421	0	0	0	0	0	0	9	20	0	0	0	0	0	0	0	0	0	0	0	0	0	0	0	0	0	0	0	0	0	0	0	0	191	0	0	0	0	0	0	0	0	66	0	0	0	0	0	0	0	0	0	25	0	0	0	0	6	0	0	0	0	0	0	133	0	0	27	0	0	0	0	0	0	0	0	0	0	0	0	0	0	0	0	0	0	0	0	0	0	0	0	0	0	0	23
assemblage-478-871	0	0	0	8	0	0	0	0	0	0	0	0	0	0	0	0	0	0	0	0	0	0	0	0	32	0	0	0	0	0	0	0	14	0	0	0	0	0	8	0	0	112	0	0	0	0	0	0	0	0	0	183	0	0	0	0	0	0	0	0	0	0	0	76	0	0	0	0	0	0	0	0	0	0	0	0	0	18	0	8	0	0	0	0	0	0	0	0	0	0	0	0	35	0	6
assemblage-912-154	0	0	0	0	0	0	0	0	0	0	0	0	0	4	0	0	0	0	0	0	0	0	10	0	198	0	0	0	0	0	0	0	93	0	0	0	0	0	0	0	0	14	0	0	0	0	0	0	0	0	0	76	0	0	0	0	0	0	0	0	0	0	0	88	0	0	0	0	0	0	0	0	0	0	0	0	0	0	0	0	0	0	0	0	0	0	0	0	0	0	0	0	0	0	17
assemblage-1005-716	0	0	0	0	0	0	0	127	0	0	0	0	0	0	0	0	0	0	0	0	0	0	0	0	3	0	0	0	0	27	0	0	112	0	0	0	0	0	0	0	0	57	0	0	0	0	0	0	0	0	0	30	0	0	0	0	0	0	0	0	0	0	0	91	0	0	0	0	0	0	0	0	0	0	0	29	0	0	0	0	0	10	0	0	0	0	0	0	0	0	0	0	0	0	14
assemblage-256-256	0	0	0	0	0	0	0	0	0	0	0	0	0	0	0	0	0	0	0	0	0	0	0	0	202	0	0	0	0	0	0	0	0	0	0	0	0	0	0	0	0	115	8	0	0	0	0	0	8	0	0	12	0	87	10	0	0	0	0	0	0	0	0	29	0	0	0	0	0	0	0	0	0	0	0	0	17	0	0	0	0	0	0	0	0	0	0	0	0	0	0	0	0	0	12
assemblage-513-685	0	0	0	0	0	0	0	0	0	0	0	0	0	0	0	0	0	0	0	0	0	0	0	0	108	0	0	0	0	0	0	0	0	0	0	0	0	0	10	0	0	151	0	0	0	0	0	0	0	0	0	32	0	0	10	0	0	0	0	56	0	0	0	12	0	0	0	0	0	0	0	0	0	0	0	0	24	0	0	35	0	0	0	0	0	0	0	0	0	0	0	0	49	0	13
assemblage-476-875	0	0	0	0	0	0	0	0	0	0	0	0	4	0	0	0	0	0	0	0	0	0	0	0	138	0	0	0	0	0	0	0	17	0	0	0	0	0	11	0	0	95	0	0	0	0	0	0	0	0	0	138	0	0	0	0	0	0	0	0	0	0	0	55	0	0	0	0	0	0	0	0	0	0	0	0	0	0	0	0	0	0	0	0	0	0	0	0	0	0	0	0	21	0	21
assemblage-156-401	0	0	0	0	0	0	0	0	0	0	0	0	0	0	0	11	0	0	0	0	0	0	0	0	27	0	0	0	0	0	0	0	143	0	0	0	0	0	27	0	0	68	0	0	0	0	0	0	0	0	0	166	0	0	0	0	0	0	0	0	0	0	0	0	0	0	0	0	0	0	0	0	0	0	0	0	0	0	0	40	0	0	0	0	0	0	0	0	0	0	0	0	4	0	14
assemblage-661-568	0	0	0	0	0	0	0	0	0	0	0	0	0	0	0	0	0	0	19	0	0	9	0	0	170	0	0	0	0	0	0	0	62	0	0	0	0	0	3	0	0	10	0	0	0	0	0	0	0	0	0	179	0	0	0	0	0	0	0	0	0	0	8	23	0	0	0	0	0	0	0	0	0	0	0	0	0	0	0	0	0	0	0	0	0	0	0	0	0	0	0	0	0	0	17
assemblage-402-413	0	0	0	0	0	20	0	143	0	0	0	0	0	19	0	0	0	0	0	0	0	0	0	0	119	0	0	0	0	0	0	0	0	0	0	0	0	0	0	0	0	0	0	0	0	0	0	0	0	0	0	63	0	0	0	0	0	0	0	0	0	0	0	76	0	0	0	0	0	0	0	0	0	0	0	37	0	0	0	0	0	9	0	0	0	0	0	0	0	0	0	0	0	0	14
assemblage-213-390	0	0	0	0	0	0	0	0	0	0	0	0	0	6	0	0	0	0	0	0	0	0	19	0	178	0	0	0	0	0	0	0	103	0	0	0	0	0	0	0	0	19	0	0	0	0	0	0	0	0	0	78	0	0	0	0	0	0	0	0	0	0	0	77	0	0	0	0	0	0	0	0	0	0	0	0	0	0	0	0	0	0	0	0	0	0	0	0	0	0	0	0	0	0	20
assemblage-908-785	0	0	0	0	0	0	0	0	0	0	0	0	0	0	0	0	0	0	0	0	0	0	0	0	0	0	0	0	0	0	0	0	265	0	0	0	0	0	0	0	0	0	0	0	0	0	0	0	0	0	0	56	0	0	0	0	100	0	0	0	0	0	0	45	0	0	0	9	0	0	0	0	0	0	10	0	0	0	0	0	0	0	0	0	0	0	0	0	0	0	0	0	0	0	15
assemblage-693-664	0	0	0	0	0	0	0	0	0	6	0	0	0	0	0	0	0	0	0	0	0	0	0	0	0	0	0	0	0	0	0	0	342	0	0	0	0	0	0	0	0	0	0	0	0	0	0	23	0	0	0	0	0	0	0	0	0	0	0	0	0	0	0	92	0	0	0	0	0	0	0	0	0	0	7	0	0	0	0	0	0	0	0	0	0	9	0	0	0	0	0	0	0	0	21
assemblage-813-103	0	0	0	0	11	0	0	0	0	0	0	0	0	0	0	0	0	0	0	0	0	0	0	0	0	0	0	0	0	0	0	0	190	0	0	0	0	0	0	0	0	0	0	0	0	0	0	0	0	0	27	152	0	0	0	0	48	0	0	0	0	0	0	15	0	0	0	0	0	0	0	0	0	0	43	0	0	0	0	0	0	0	0	0	0	0	0	0	0	0	0	0	0	0	14
assemblage-427-778	0	0	0	0	0	0	0	22	0	0	0	0	0	0	0	0	0	0	0	0	0	0	0	0	80	0	0	0	0	0	0	0	174	0	0	0	0	0	0	0	0	0	0	0	0	0	0	0	0	0	0	93	0	0	0	0	0	0	0	0	0	0	8	62	0	0	0	0	0	0	0	0	0	13	0	4	0	0	0	0	7	25	0	0	0	0	0	0	0	0	0	0	0	0	12
assemblage-121-962	0	0	0	0	0	0	0	0	0	0	0	0	0	0	0	0	0	0	0	0	0	0	0	0	0	0	0	0	0	0	0	0	0	0	0	0	0	0	0	0	0	19	0	0	0	0	0	0	33	0	0	13	0	31	0	0	0	0	0	176	0	0	0	106	0	0	0	0	0	0	0	0	0	0	0	0	14	0	0	0	0	0	0	0	0	0	0	0	0	33	54	0	0	0	21
assemblage-438-205	0	0	0	0	0	0	0	0	0	0	0	0	0	0	0	0	0	0	0	0	0	0	0	0	0	0	0	0	0	0	0	0	52	0	0	0	7	0	0	0	0	0	0	0	0	0	0	0	0	0	0	89	0	0	0	0	0	0	0	0	0	0	92	194	0	0	0	0	0	0	0	0	0	0	0	10	0	0	0	0	0	39	0	0	0	0	0	0	0	0	0	0	0	0	17
assemblage-792-473	0	0	0	0	0	0	0	0	0	0	0	0	0	0	0	0	0	0	0	0	0	0	0	0	0	0	0	0	0	0	0	0	345	0	0	0	0	0	0	0	0	0	0	0	0	0	0	18	0	0	0	7	0	0	0	0	0	0	0	0	0	0	0	76	0	0	0	0	0	0	0	0	0	0	14	0	0	0	0	0	0	0	0	0	0	13	0	0	0	0	0	0	0	0	27
assemblage-823-950	0	0	0	0	0	0	0	0	0	0	0	0	0	0	0	0	0	0	0	0	0	0	0	0	7	0	0	0	0	0	0	0	0	0	68	0	0	0	0	0	0	13	25	0	0	0	0	0	5	0	0	316	0	10	0	0	0	0	0	0	0	0	0	26	0	0	0	0	0	0	0	0	0	0	0	0	5	0	0	5	0	0	0	0	0	0	0	0	0	0	0	0	0	0	20
assemblage-959-273	0	0	0	0	0	0	0	22	0	0	0	0	0	0	0	0	0	0	0	0	0	0	0	0	0	0	0	0	0	0	19	128	267	0	0	0	0	0	0	0	0	13	0	0	0	0	0	0	0	0	0	12	0	0	0	0	0	0	0	0	0	0	0	23	0	0	0	0	0	0	0	0	0	0	0	0	0	0	0	0	0	0	0	0	0	0	0	0	0	0	0	0	0	0	16
assemblage-149-396	0	0	0	4	0	0	0	0	0	0	0	0	0	0	0	0	0	0	0	0	0	0	0	0	28	0	0	0	0	0	0	0	13	0	0	0	0	0	8	0	0	100	0	0	0	0	0	0	0	0	0	210	0	0	0	0	0	0	0	0	0	0	0	76	0	0	0	0	0	0	0	0	0	0	0	0	0	7	0	15	0	0	0	0	0	0	0	0	0	0	0	0	24	0	15
assemblage-990-711	0	0	0	0	0	0	0	0	0	0	0	0	0	0	0	0	0	0	0	0	0	0	0	0	0	0	0	0	0	0	0	0	68	0	0	0	9	0	0	0	0	0	0	0	0	0	0	0	0	0	0	96	0	0	0	0	0	0	0	0	0	0	96	174	0	0	0	0	0	0	0	0	0	0	0	0	0	0	0	0	0	34	0	0	0	0	12	0	0	0	0	0	0	0	11
assemblage-412-413	0	0	0	0	0	33	0	149	0	0	0	0	0	30	0	0	0	0	0	0	0	0	0	0	107	0	0	0	0	0	0	0	5	0	0	0	0	0	0	0	0	0	0	0	0	0	0	0	0	0	0	56	0	0	0	0	0	0	0	0	0	0	0	64	0	0	0	0	0	0	0	0	0	0	0	42	0	0	0	0	0	0	0	0	0	0	0	0	0	0	0	0	0	0	14
assemblage-425-184	0	0	0	0	0	0	0	134	0	0	0	0	0	0	0	0	0	0	0	0	0	0	0	0	0	0	0	0	0	22	0	0	99	0	0	0	9	0	0	0	0	52	0	0	0	0	0	0	0	0	0	44	0	0	0	0	0	0	0	0	0	0	0	91	0	0	0	0	0	0	0	0	0	0	0	23	0	0	0	0	0	16	0	0	0	0	0	0	0	0	0	0	0	0	10
assemblage-672-669	0	0	0	0	0	0	0	15	0	0	0	0	0	0	18	0	0	0	0	0	0	0	0	0	0	0	0	0	6	0	0	0	264	0	0	0	0	0	0	0	0	0	0	0	0	0	0	9	0	0	12	10	0	0	0	0	20	0	0	0	0	0	0	48	0	0	0	20	0	0	0	0	59	0	0	0	0	0	0	0	0	0	0	0	0	0	0	0	0	0	0	0	0	0	19
assemblage-672-668	0	0	0	0	0	0	0	22	0	0	0	0	0	0	0	0	0	0	0	0	0	0	0	0	0	0	0	0	0	0	0	0	183	0	0	0	0	0	0	0	0	0	0	0	0	0	0	0	0	0	23	62	0	0	0	0	45	0	0	0	0	0	0	29	0	0	23	0	0	0	0	0	0	0	90	0	0	0	0	0	0	0	0	0	0	0	0	0	0	0	0	4	0	0	19
assemblage-508-722	0	0	0	0	0	0	0	116	0	0	0	0	0	0	0	0	0	0	0	0	0	0	0	0	0	0	0	0	0	28	0	0	101	0	0	0	0	0	0	0	0	60	0	0	0	0	0	0	0	0	0	36	0	0	0	0	0	0	0	0	0	0	0	99	0	0	0	0	0	0	0	0	0	0	0	28	0	0	0	0	0	8	0	0	0	0	0	0	0	0	0	0	0	0	24
assemblage-107-971	0	0	0	0	0	0	0	0	0	0	0	0	0	0	0	0	0	0	0	0	0	0	0	0	0	0	0	0	0	0	0	0	0	0	0	0	0	0	0	0	0	5	8	0	0	0	0	0	20	0	0	9	0	47	0	0	0	0	0	193	0	0	0	101	0	0	0	0	0	0	0	0	0	0	0	0	30	0	0	0	0	0	0	0	0	0	0	0	0	37	39	0	0	0	11
assemblage-803-761	0	0	0	0	0	0	0	0	0	8	0	0	0	0	0	0	0	0	0	0	0	0	0	0	0	0	0	0	0	0	0	0	329	0	0	0	0	0	0	0	0	0	0	0	0	0	0	25	0	0	0	0	0	0	0	0	0	0	0	0	0	0	0	70	0	0	0	0	0	0	0	0	0	0	7	0	0	0	0	0	0	0	0	0	0	18	0	1	0	0	0	0	0	0	42
assemblage-706-260	0	0	0	0	0	0	0	0	0	0	0	0	0	0	0	0	0	0	0	0	0	0	0	0	68	0	0	0	0	0	0	0	0	0	0	0	0	0	0	0	0	208	0	0	0	0	0	0	0	0	0	91	0	0	0	0	0	0	0	96	0	0	0	12	0	0	0	0	0	0	0	0	0	0	0	0	5	0	0	0	0	0	0	0	0	0	0	0	0	11	0	0	0	0	9
assemblage-152-385	0	0	0	0	0	0	0	0	0	0	0	0	4	0	0	0	0	0	0	0	0	0	0	0	139	0	0	0	0	0	0	0	13	0	0	0	0	0	10	0	0	106	0	0	0	0	0	0	0	0	0	114	0	0	0	0	0	0	0	0	0	0	0	59	0	0	0	0	0	0	0	0	0	0	0	0	0	0	0	0	0	0	0	0	0	0	0	0	0	0	0	0	30	0	25
assemblage-495-501	0	0	0	0	0	0	0	0	0	0	0	0	0	0	0	16	0	0	0	0	0	0	9	0	25	0	0	0	0	0	0	0	156	0	0	0	0	0	14	0	0	70	0	0	0	0	0	0	0	0	0	152	0	0	0	0	0	0	0	0	0	0	0	0	0	0	0	0	0	0	0	0	0	0	0	0	0	0	0	32	0	0	0	0	0	0	0	0	0	0	0	0	12	0	14
assemblage-546-680	0	0	0	0	0	0	0	0	0	0	0	0	0	0	0	0	0	0	0	0	0	0	0	0	102	0	0	0	0	0	0	0	0	0	0	0	0	0	7	0	0	144	0	0	0	0	0	0	0	0	0	32	0	0	9	0	0	0	0	48	0	0	0	18	0	0	0	0	0	0	0	0	0	0	0	0	31	0	0	39	0	0	0	0	0	0	0	0	0	0	0	0	57	0	13
assemblage-210-392	11	0	0	0	0	0	0	0	0	0	0	0	0	0	0	0	0	0	0	0	0	0	0	0	134	0	0	0	0	0	0	0	82	0	0	0	0	0	0	0	0	44	0	0	0	0	0	0	0	0	0	75	0	0	0	0	0	19	0	0	0	0	0	107	0	0	0	0	0	0	0	0	0	0	0	0	0	0	0	5	0	0	0	0	0	0	0	0	0	0	0	0	0	0	23
assemblage-466-364	0	0	0	0	0	0	0	23	0	0	0	0	0	0	0	0	0	0	0	0	0	0	0	0	0	0	0	0	0	0	13	124	267	0	0	0	0	0	0	0	0	26	0	0	0	0	0	0	0	0	0	9	0	0	0	0	0	0	0	0	0	0	0	21	0	0	0	0	0	0	0	0	0	0	0	0	0	0	0	0	0	0	0	0	0	0	0	0	0	0	0	0	0	0	17
assemblage-382-848	0	0	0	0	0	0	0	7	0	6	0	0	0	0	0	0	0	0	0	0	0	0	0	0	0	0	0	0	0	0	0	0	294	0	0	0	0	0	0	0	0	11	0	0	0	0	0	0	0	0	0	27	0	0	0	0	0	0	0	0	0	0	0	63	0	0	9	0	9	0	0	0	0	0	61	0	0	0	0	0	0	0	0	0	0	0	0	0	0	0	0	0	0	0	13
assemblage-895-157	0	0	0	0	0	0	0	0	20	0	0	0	0	0	0	0	0	0	0	0	0	0	0	0	183	0	0	0	0	0	0	0	14	0	0	0	0	0	0	0	0	40	0	0	0	0	0	0	0	0	0	73	0	0	0	0	0	0	0	0	0	0	0	163	0	0	0	0	0	0	0	0	0	0	0	0	0	0	0	0	0	0	0	0	0	0	0	0	0	0	0	0	0	0	7
assemblage-809-445	0	0	0	0	0	0	0	24	0	0	0	0	0	0	0	0	0	0	0	0	0	0	0	0	0	0	0	0	0	0	13	124	270	0	0	0	0	0	0	0	0	14	0	0	0	0	0	0	0	0	0	6	0	0	0	0	0	0	0	0	0	0	0	29	0	0	0	0	0	0	0	0	0	0	0	0	0	0	0	0	0	0	0	0	0	0	0	0	0	0	0	0	0	0	20
assemblage-103-549	0	0	0	0	0	0	0	27	0	0	0	0	0	0	0	0	0	0	0	0	0	0	0	0	0	0	0	0	0	0	0	0	218	0	0	0	0	0	0	0	0	0	0	0	0	0	0	8	0	0	9	45	0	0	0	0	47	0	0	0	0	0	0	51	0	0	6	3	0	0	0	0	18	0	38	0	0	0	0	0	0	0	0	0	0	0	0	0	0	0	0	0	0	0	30
assemblage-526-377	0	0	0	0	0	0	0	0	0	0	0	0	0	0	0	0	0	0	0	0	0	0	0	0	97	0	0	0	0	0	0	0	0	0	0	0	0	0	12	0	0	138	0	0	0	0	0	0	0	0	0	19	0	0	7	0	0	0	0	68	0	7	0	16	0	0	0	0	0	0	0	0	0	0	0	0	49	0	0	30	0	0	0	0	0	0	0	0	0	0	0	0	51	0	6
assemblage-98-546	0	0	0	0	0	0	0	76	0	0	0	0	0	0	0	0	0	0	0	0	0	0	0	0	0	0	0	0	0	0	0	0	128	0	0	0	0	0	0	0	0	0	0	0	0	0	0	0	0	0	20	33	0	0	0	0	118	0	0	0	0	0	0	45	12	0	16	0	0	0	0	0	0	0	43	0	0	0	0	0	0	0	0	0	0	0	0	0	0	0	0	0	0	0	9
assemblage-98-541	0	0	0	0	0	0	0	23	0	0	0	0	0	0	11	0	0	0	0	0	0	0	0	0	0	0	0	0	0	0	0	0	265	0	0	0	0	0	0	0	0	0	0	0	0	0	0	4	0	0	13	12	0	0	0	0	18	0	0	0	0	0	0	33	7	0	0	21	0	0	0	0	72	0	0	0	0	0	0	0	0	0	0	0	0	0	0	0	0	0	0	0	0	0	21
assemblage-1006-705	0	0	0	0	0	0	0	43	0	0	0	0	0	0	0	0	0	0	0	0	0	0	0	0	41	0	0	0	0	0	0	26	222	0	0	0	0	0	0	0	0	7	0	0	0	0	0	0	0	0	0	7	0	0	0	0	0	0	0	0	4	0	7	79	0	0	0	0	0	0	0	0	0	0	0	22	0	0	0	0	0	17	0	0	0	0	0	0	0	0	0	0	0	0	25
assemblage-249-264	0	0	0	0	0	0	5	6	0	7	6	0	0	0	0	0	22	0	0	0	0	0	0	0	8	0	0	0	0	0	0	0	151	0	0	0	0	0	0	0	0	58	0	0	0	0	0	0	0	0	57	35	0	0	0	0	61	0	0	0	0	0	0	11	0	0	40	0	0	0	0	0	0	0	0	0	0	0	0	0	0	0	0	0	0	0	0	0	0	0	0	0	0	0	33
assemblage-105-958	0	0	0	0	0	0	0	0	0	0	0	0	0	0	0	0	0	0	0	0	0	0	0	0	0	0	0	0	0	0	0	0	0	0	0	0	0	0	0	0	0	3	0	0	0	0	0	0	24	0	0	4	0	46	0	0	0	0	0	189	0	0	0	107	0	0	0	0	0	0	0	0	0	0	0	0	16	0	0	0	0	0	0	0	0	0	0	0	0	41	38	0	0	0	32
assemblage-469-877	0	0	0	6	0	0	0	0	0	0	0	0	0	0	0	0	0	0	0	0	0	0	0	0	25	0	0	0	0	0	0	0	22	0	0	0	0	0	0	0	0	93	0	0	0	0	0	0	0	0	0	215	0	0	0	0	0	0	0	0	0	0	0	82	0	0	0	0	0	0	0	0	0	0	0	0	0	13	0	5	0	0	0	0	0	0	0	0	0	0	0	0	21	0	18
assemblage-752-617	0	0	0	0	0	0	0	0	0	0	0	0	0	0	0	0	0	0	0	0	0	0	0	0	0	0	0	0	0	0	0	0	179	0	0	0	0	0	0	0	0	0	0	0	0	0	0	0	0	0	19	163	0	0	0	0	61	0	0	0	0	0	0	14	0	0	0	0	0	0	0	0	0	0	45	0	0	0	0	0	0	0	0	0	0	0	0	0	0	0	0	0	0	0	19
assemblage-376-844	0	0	0	0	0	0	0	0	0	8	0	0	0	0	0	0	0	0	0	0	0	0	0	0	0	0	0	0	0	0	0	0	259	0	0	0	0	0	0	0	0	15	0	0	0	0	0	0	0	0	0	36	0	0	0	0	0	0	0	0	0	0	0	80	0	0	18	0	0	0	0	0	0	0	65	0	0	0	0	0	0	0	0	0	0	0	0	0	0	0	0	0	0	0	19
assemblage-391-891	0	0	0	0	0	0	0	0	0	0	0	0	0	0	0	0	0	0	23	0	0	12	0	0	187	0	0	0	0	0	0	0	65	0	0	0	0	0	9	0	0	15	0	0	0	0	0	0	0	0	0	149	0	0	0	0	0	0	0	0	0	0	15	14	0	0	0	0	0	0	0	0	0	0	0	0	0	0	0	0	0	0	0	0	0	0	0	0	0	0	0	0	0	0	11
assemblage-371-189	0	0	0	0	0	0	0	0	0	0	0	0	0	0	0	4	0	0	0	0	0	0	11	0	33	0	0	0	0	0	0	0	172	0	0	0	0	0	25	0	0	67	0	0	0	0	0	0	0	0	0	142	0	0	0	0	0	0	0	0	0	0	0	0	0	0	0	0	0	0	0	0	0	0	0	0	0	0	0	29	0	0	0	0	0	0	0	0	0	0	0	0	5	0	12
assemblage-695-686	0	0	0	0	0	0	0	22	0	0	0	0	0	0	4	0	0	0	0	0	0	0	0	0	0	0	0	0	0	0	0	0	271	0	0	0	0	0	0	0	0	0	0	0	0	0	0	16	0	0	11	10	0	0	0	0	20	0	0	0	0	0	0	38	0	0	0	16	0	0	0	0	70	0	0	0	0	0	0	0	0	0	0	0	0	0	0	0	0	0	0	0	0	0	22
assemblage-923-801	0	0	0	0	0	0	0	0	0	0	0	0	0	0	0	0	0	0	0	0	0	0	0	0	0	0	0	0	0	0	0	0	208	0	0	0	0	0	0	0	0	0	0	0	0	0	0	0	0	0	15	141	0	0	0	0	63	0	0	0	0	0	0	15	0	0	0	0	0	0	0	0	0	0	44	0	0	0	0	0	0	0	0	0	0	0	0	0	0	0	0	0	0	0	14
assemblage-795-450	0	0	0	0	0	0	0	67	0	0	0	0	0	0	0	0	0	0	0	0	0	0	0	0	0	0	0	0	0	0	0	0	132	0	0	0	0	0	0	0	0	0	0	0	0	0	0	0	0	0	17	33	0	0	0	0	123	0	0	0	0	0	0	52	13	0	13	0	0	0	0	0	0	0	28	0	0	0	0	0	0	0	0	0	0	0	0	0	7	0	0	0	0	0	15
assemblage-812-136	0	0	0	0	3	0	0	0	0	0	0	0	0	0	0	0	0	0	0	0	0	0	0	0	0	0	0	0	0	0	0	0	184	0	0	0	0	0	0	0	0	0	0	0	0	0	0	0	0	0	9	193	0	0	0	0	46	0	0	0	0	0	0	18	0	0	0	0	0	0	0	0	0	0	34	0	0	0	0	0	0	0	0	0	0	0	0	0	0	0	0	0	0	0	13
assemblage-757-617	0	0	0	0	0	0	0	78	0	0	0	0	0	0	0	0	0	0	0	0	0	0	0	0	0	0	7	0	0	0	0	0	165	0	0	0	0	0	0	25	10	0	0	0	0	0	0	0	0	0	0	22	0	0	0	0	89	0	0	0	0	0	0	0	0	0	41	7	0	0	0	0	36	0	0	0	0	0	0	0	0	0	0	0	0	0	0	0	0	0	0	0	0	0	20
assemblage-891-310	0	0	0	0	0	28	0	144	0	0	0	0	0	35	0	0	0	0	0	0	0	0	0	0	115	0	0	0	0	0	0	0	0	0	0	0	0	0	0	0	0	0	0	0	0	0	0	0	0	0	0	65	0	0	0	0	0	0	0	0	0	0	0	50	0	0	0	0	0	0	0	0	0	0	0	36	0	0	0	0	0	10	0	0	0	0	0	0	0	0	0	0	0	0	17
assemblage-370-847	0	0	0	0	0	0	0	197	0	11	0	0	0	0	0	0	0	7	0	0	0	0	0	0	0	0	0	0	0	0	0	23	151	0	0	0	0	0	0	0	0	29	0	0	0	0	0	0	0	0	0	0	0	0	0	0	0	0	0	0	0	0	0	10	0	0	38	0	0	0	0	0	0	0	0	0	0	0	0	0	0	0	0	0	0	0	0	0	0	0	0	0	0	0	34
assemblage-861-791	0	0	0	0	0	0	0	0	0	0	0	0	0	0	0	0	0	0	0	0	0	0	0	0	31	0	0	0	0	0	0	0	95	0	0	0	0	0	0	0	0	133	0	0	0	0	0	0	0	0	0	121	0	0	0	0	0	0	0	16	0	0	0	36	0	0	0	0	0	0	0	0	0	0	0	0	0	0	0	0	0	0	0	0	0	0	0	0	0	27	0	0	22	0	19
assemblage-147-401	0	0	0	9	0	0	0	0	0	0	0	0	0	0	0	0	0	0	0	0	0	0	0	0	33	0	0	0	0	0	0	0	16	0	0	0	0	0	10	0	0	105	0	0	0	0	0	0	0	0	0	205	0	0	0	0	0	0	0	0	0	0	0	48	0	0	0	0	0	0	0	0	0	0	0	0	0	19	0	23	0	0	0	0	0	0	0	0	0	0	0	0	28	0	4
assemblage-388-860	0	0	0	0	0	0	0	215	0	10	0	0	0	0	0	0	0	11	0	0	0	0	0	0	0	0	0	0	0	0	0	22	145	0	0	0	0	0	0	0	0	28	0	0	0	0	0	0	0	0	0	0	0	0	0	0	0	0	0	0	0	0	0	5	0	0	43	0	0	0	0	0	0	0	0	0	0	0	0	0	0	0	0	0	0	0	0	0	0	0	0	0	0	0	21
assemblage-106-951	0	0	0	0	0	0	0	0	0	0	0	0	0	0	0	0	0	0	0	0	0	0	0	0	77	0	0	0	0	0	0	0	0	0	19	6	0	0	0	0	0	90	11	0	0	0	0	0	6	0	0	78	0	38	0	0	0	0	0	54	0	0	0	42	0	0	0	0	0	0	0	0	0	0	0	0	26	0	0	0	0	0	0	0	0	0	0	0	0	7	12	0	0	0	34
assemblage-267-745	0	0	0	0	0	0	0	16	0	0	0	0	0	0	0	0	0	0	0	0	0	0	0	0	0	0	0	0	0	0	9	110	286	0	0	0	0	0	0	0	0	11	0	0	0	0	0	0	0	0	0	13	0	0	0	0	0	0	0	0	0	0	0	32	0	0	0	0	0	0	0	0	0	0	0	0	0	0	0	0	0	0	0	0	0	0	0	0	0	0	0	0	0	0	23
assemblage-410-885	0	0	0	0	0	0	0	0	32	0	0	0	0	0	0	0	0	0	0	0	0	0	0	0	220	0	0	0	0	0	0	0	9	0	0	0	0	0	0	0	0	31	0	0	0	0	0	0	0	0	0	77	0	0	0	0	0	0	0	0	0	0	0	120	0	0	0	0	0	0	0	0	0	0	0	0	0	0	0	0	0	0	0	0	0	0	0	0	0	0	0	0	0	0	11
assemblage-149-384	0	0	0	13	0	0	0	0	0	0	0	0	6	0	0	0	0	0	0	0	0	0	0	0	144	0	0	0	0	0	0	0	11	0	0	0	0	0	9	0	0	109	0	0	0	0	0	0	0	0	0	123	0	0	0	0	0	0	0	0	0	0	0	56	0	0	0	0	0	0	0	0	0	0	0	0	0	0	0	0	0	0	0	0	0	0	0	0	0	0	0	0	19	0	10
assemblage-490-497	0	0	0	9	0	0	0	0	0	0	0	0	0	0	0	0	0	0	0	0	0	0	0	0	134	0	0	0	0	0	0	0	9	0	0	0	0	0	11	0	0	110	0	0	0	0	0	0	0	0	0	149	0	0	0	0	0	0	0	0	0	0	0	48	0	0	0	0	0	0	0	0	0	0	0	0	0	0	0	0	0	0	0	0	0	0	0	0	0	0	0	0	16	0	14
assemblage-803-471	0	0	0	0	0	0	0	22	0	0	0	0	0	0	8	0	0	0	0	0	0	0	0	0	0	0	0	0	0	0	0	0	236	0	0	0	0	0	0	0	0	0	0	0	0	0	0	5	0	0	6	16	0	0	0	0	33	0	0	0	0	0	0	55	0	0	0	19	0	0	0	0	67	0	0	0	0	0	0	0	0	0	0	0	0	0	0	0	0	0	0	0	0	0	33
assemblage-102-526	0	0	0	0	0	0	0	0	0	4	0	0	0	0	0	0	0	0	0	0	0	0	0	0	0	0	0	0	0	0	0	0	347	0	0	0	0	0	0	0	0	0	0	0	0	0	0	14	0	0	0	0	0	0	0	0	0	0	0	0	0	0	0	81	0	0	0	0	0	0	0	0	0	0	8	0	0	0	0	0	0	0	0	0	0	12	0	0	0	0	0	0	0	0	34
assemblage-262-256	0	0	0	0	0	0	0	0	0	0	0	0	0	0	0	0	0	0	0	0	0	0	0	0	203	0	0	0	0	0	0	0	0	0	0	0	0	0	0	0	0	116	2	0	0	0	0	0	5	0	0	15	0	92	7	0	0	0	0	0	0	0	0	26	0	0	0	0	0	0	0	0	0	0	0	0	15	0	0	0	0	0	0	0	0	0	0	0	0	0	0	0	0	0	19
assemblage-974-263	0	0	0	0	0	0	0	3	0	0	0	0	0	0	0	0	0	0	0	7	0	0	0	0	49	0	0	0	0	0	10	50	190	0	0	0	0	0	0	0	0	22	0	0	9	0	0	0	0	0	0	0	0	0	0	0	35	0	0	0	0	0	0	9	0	0	0	0	0	0	0	0	0	0	93	0	0	0	0	0	0	0	0	0	0	0	0	0	0	0	0	0	0	0	23
assemblage-673-671	0	0	0	0	0	0	0	24	0	0	0	0	0	0	21	0	0	0	0	0	0	0	0	0	0	0	0	0	0	0	0	0	236	0	0	0	0	0	0	0	0	0	0	0	0	0	0	5	0	0	4	10	0	0	0	0	26	0	0	0	0	0	0	56	0	0	0	24	0	0	0	0	69	0	0	0	0	0	0	0	0	0	0	0	0	0	0	0	0	0	0	0	0	0	25
assemblage-423-115	0	0	0	0	0	0	0	0	0	0	0	0	0	0	0	0	0	0	0	0	0	0	0	0	81	0	0	0	0	0	0	0	32	0	0	0	0	0	0	0	0	56	0	0	0	0	0	0	0	0	0	48	0	0	0	0	0	0	0	0	0	0	74	184	0	0	0	0	0	0	0	0	0	0	0	0	0	0	0	0	0	0	0	0	0	0	0	0	0	0	0	0	0	0	25
assemblage-526-705	0	0	0	0	0	0	0	131	0	0	0	0	0	0	0	0	0	0	0	0	0	0	0	0	0	0	0	0	0	26	0	0	103	0	0	0	0	0	0	0	0	44	0	0	0	0	0	0	0	0	0	33	0	0	0	0	0	0	0	0	0	0	5	106	0	0	0	0	0	0	0	0	0	0	0	19	0	0	0	0	0	11	0	0	0	0	0	0	0	0	0	0	0	0	22
assemblage-187-516	0	0	0	0	0	0	0	0	0	41	0	20	0	0	0	0	0	0	0	0	0	0	0	0	18	0	0	0	0	0	0	0	220	0	0	0	0	0	0	0	0	17	0	0	0	0	0	0	0	0	0	17	0	0	0	0	0	0	0	0	0	0	0	76	0	0	0	0	0	0	0	0	0	0	56	0	0	0	0	0	0	0	0	0	0	0	0	0	0	0	0	0	0	8	27
assemblage-457-369	0	0	0	0	0	0	7	21	0	0	0	0	0	0	0	0	0	0	0	0	0	0	0	0	0	0	0	0	0	0	0	7	140	0	0	0	0	0	0	0	0	101	0	0	0	0	0	0	0	0	0	35	0	0	0	0	0	0	0	0	0	0	0	139	0	0	28	0	0	0	0	0	0	0	0	0	0	0	0	0	0	0	0	0	0	0	0	0	0	0	0	0	0	0	22
assemblage-402-869	0	0	0	0	0	0	0	0	26	0	0	0	0	0	0	0	0	0	0	0	0	0	0	0	198	0	0	0	0	0	0	0	24	0	0	0	0	0	0	0	0	45	0	0	0	0	0	0	0	0	0	65	0	0	0	0	0	0	0	0	0	0	0	126	0	0	0	0	0	0	0	0	0	0	0	0	0	0	0	0	0	0	0	0	0	0	0	0	0	0	0	0	0	0	16
assemblage-281-720	0	0	0	0	0	0	0	44	0	63	0	0	0	0	0	0	0	0	0	0	0	0	0	0	0	0	0	0	0	0	0	26	225	0	0	0	0	0	0	0	0	32	0	0	0	0	0	0	0	0	0	0	0	0	0	0	60	0	0	0	0	0	0	0	0	0	0	0	0	0	0	0	0	0	0	0	0	0	0	0	0	0	0	0	0	0	0	0	0	0	0	0	0	0	50
assemblage-786-478	0	0	0	0	0	0	0	22	0	0	0	0	0	0	0	0	0	0	0	0	0	0	0	0	0	0	0	0	0	0	0	0	182	0	0	0	0	0	0	0	0	0	0	0	0	0	0	0	0	0	14	89	0	0	0	0	49	0	3	0	0	0	0	24	0	0	25	0	0	0	0	0	0	0	71	0	0	0	0	0	0	0	0	0	0	0	0	0	0	0	0	0	0	0	21
assemblage-272-732	0	0	0	0	0	0	0	0	0	0	0	0	0	0	0	0	0	0	0	6	0	0	0	0	55	0	0	0	0	0	5	52	189	0	0	0	0	0	0	0	0	25	0	0	14	0	0	0	0	0	0	0	0	0	0	0	19	0	0	0	0	0	0	7	0	0	0	0	0	0	0	0	0	0	103	0	0	0	0	0	0	0	0	0	0	0	0	0	0	0	0	0	0	0	25
assemblage-254-263	0	0	0	0	0	0	0	0	0	0	0	0	0	0	0	0	0	0	0	0	0	0	0	0	208	0	0	0	0	0	0	0	0	0	0	0	0	0	0	0	0	103	0	0	0	0	0	0	7	0	0	15	0	101	4	0	0	0	0	0	0	0	0	26	0	0	0	0	0	0	0	0	0	0	0	0	15	0	0	0	0	0	0	0	0	0	0	0	0	0	0	0	0	0	21
assemblage-517-700	0	0	0	0	0	0	0	48	0	0	0	0	0	0	0	0	0	0	0	0	0	0	0	0	39	0	0	0	0	0	0	31	219	0	0	0	0	0	0	0	0	5	0	0	0	6	0	0	0	0	0	11	0	0	0	0	0	0	0	0	0	0	0	95	0	0	0	0	0	0	0	0	0	0	0	24	0	0	0	0	0	6	0	0	0	0	0	0	0	0	0	0	0	0	16
assemblage-670-582	0	0	0	0	0	0	0	0	0	0	0	0	0	3	0	0	0	0	0	0	0	0	14	0	180	0	0	0	0	0	0	0	92	0	0	0	0	0	0	0	0	17	0	0	0	0	0	0	0	0	0	83	0	0	0	0	0	0	0	0	0	0	0	91	0	0	0	0	0	0	0	0	0	0	0	0	0	0	0	0	0	0	0	0	0	0	0	0	0	0	0	0	0	0	20
assemblage-896-310	0	0	0	0	0	0	0	0	0	0	0	0	0	0	0	0	0	0	0	0	0	7	0	0	62	0	0	0	0	44	0	0	13	0	0	0	30	0	0	0	0	0	0	0	0	0	0	0	0	0	0	164	17	0	0	0	0	0	0	0	0	0	109	29	0	0	0	0	0	0	0	0	0	0	0	0	0	0	0	0	0	0	0	0	0	0	0	0	0	0	0	0	0	0	25
assemblage-536-381	0	0	0	0	0	0	0	0	0	0	0	0	0	0	0	0	0	0	0	0	0	0	0	0	64	7	0	0	0	0	0	0	0	0	0	0	0	0	0	0	0	181	0	0	0	0	0	0	0	0	0	26	0	0	0	0	0	0	0	38	0	0	0	111	0	0	0	0	0	0	0	0	0	0	0	0	14	15	0	27	0	0	0	0	0	0	0	0	0	0	2	0	5	0	10
assemblage-380-183	0	0	0	0	0	0	0	0	0	0	0	0	0	0	0	13	0	0	0	0	0	0	5	0	34	0	0	0	0	0	0	0	144	0	0	0	0	0	36	0	0	81	0	0	0	0	0	0	0	0	0	131	0	0	0	0	0	0	0	0	0	0	0	0	0	0	0	0	0	0	0	0	0	0	0	0	0	0	0	34	0	0	0	0	0	0	0	0	0	0	0	0	8	0	14
assemblage-383-199	0	0	0	0	0	0	0	0	0	0	0	0	0	0	0	7	0	0	0	0	0	0	0	0	36	0	0	0	0	0	0	0	153	0	0	0	0	0	25	0	0	88	0	0	0	0	0	0	0	0	0	135	0	0	0	0	0	0	0	0	0	0	0	0	0	0	0	0	0	0	0	0	0	0	0	0	0	0	0	45	0	0	0	0	0	0	0	0	0	0	0	0	2	0	9
assemblage-397-865	0	0	0	0	0	0	0	0	0	0	0	0	0	3	0	0	0	0	0	0	0	0	14	0	158	0	0	0	0	0	0	0	101	0	0	0	0	0	0	0	0	19	0	0	0	0	0	0	0	0	0	101	0	0	0	0	0	0	0	0	0	0	0	88	0	0	0	0	0	0	0	0	0	0	0	0	0	0	0	0	0	0	0	0	0	0	0	0	0	0	0	0	0	0	16
assemblage-121-967	0	0	0	0	0	0	0	0	0	0	0	0	0	0	0	0	0	0	0	0	0	0	0	0	0	0	0	0	0	0	0	0	0	0	0	0	0	0	0	0	0	10	0	0	0	0	0	0	29	0	0	6	0	52	0	0	0	0	0	209	0	0	0	84	0	0	0	0	0	0	0	0	0	0	0	0	20	0	0	0	0	0	0	0	0	0	0	0	0	26	44	0	4	0	16
assemblage-521-357	0	0	0	0	0	0	0	0	0	0	0	0	0	0	0	0	0	0	0	0	0	0	0	0	74	0	0	0	0	0	0	0	0	0	0	0	0	0	0	0	0	182	0	0	0	0	0	0	0	0	0	109	0	0	0	0	0	0	0	81	0	0	0	9	0	0	0	0	0	0	0	0	0	0	0	0	5	0	0	0	0	0	0	0	0	0	0	0	0	28	0	0	0	0	12
assemblage-473-354	0	0	0	0	0	0	0	0	0	0	0	0	0	0	0	0	0	0	0	8	0	0	0	0	49	0	0	0	0	0	7	52	193	0	0	0	0	0	0	0	0	14	0	0	7	0	0	0	0	0	0	0	0	0	0	0	40	0	0	0	0	0	0	7	0	0	0	0	0	0	0	0	0	0	102	0	0	0	0	0	0	0	0	0	0	0	0	0	0	0	0	0	0	0	21
assemblage-409-893	7	0	0	0	0	0	0	0	0	0	0	0	0	0	0	0	0	0	0	0	0	0	0	0	127	0	0	0	0	0	0	0	83	0	0	0	0	0	0	0	0	42	0	0	0	0	0	0	0	0	0	71	0	0	0	0	0	18	0	0	0	0	0	128	0	0	0	0	0	0	0	0	0	0	0	0	0	0	0	8	0	0	0	0	0	0	0	0	0	0	0	0	0	0	16
assemblage-488-508	0	0	0	0	0	0	0	0	0	0	0	0	0	0	0	0	0	0	0	0	0	0	0	0	122	0	0	0	0	0	0	0	115	0	0	0	0	0	0	0	0	36	0	0	0	0	0	0	0	0	0	121	0	0	0	0	0	0	0	0	0	0	0	80	0	0	0	0	0	0	0	0	0	0	0	0	0	0	0	0	0	0	0	0	11	0	0	0	0	0	0	0	0	0	15
assemblage-948-296	0	0	0	0	0	0	0	0	0	0	0	0	0	0	0	0	0	0	0	0	0	0	0	14	80	0	0	0	0	0	0	0	0	0	0	21	0	0	0	0	0	269	0	0	0	0	0	0	0	0	0	0	0	6	0	0	0	0	0	0	0	0	0	4	0	13	0	0	0	0	0	0	0	0	0	0	76	0	0	0	0	0	0	0	0	0	0	0	0	0	0	0	0	0	17
assemblage-475-384	0	0	0	0	0	0	0	0	0	0	0	0	0	0	0	0	0	0	0	11	0	0	0	0	28	0	0	0	0	0	9	47	185	0	0	0	0	0	0	0	0	29	0	0	14	0	0	0	0	0	0	0	0	0	0	0	25	0	0	0	0	0	0	3	0	0	0	0	0	0	0	0	0	0	125	0	0	0	0	0	0	0	0	0	0	0	0	0	0	0	0	0	0	0	24
assemblage-488-504	0	0	0	7	0	0	0	0	0	0	0	0	0	0	0	0	0	0	0	0	6	0	0	0	27	0	0	0	0	0	0	0	16	0	0	0	0	0	9	0	0	85	0	0	0	0	0	0	0	0	0	222	0	0	0	0	0	0	0	0	0	0	0	66	0	0	0	0	0	0	0	0	0	0	0	0	0	17	0	10	0	0	0	0	0	0	0	0	0	0	0	0	29	0	6
assemblage-522-357	0	0	0	0	0	0	0	0	0	0	0	0	0	0	0	0	0	0	0	0	0	0	0	0	62	11	0	0	0	0	0	0	0	0	0	0	0	0	0	0	0	158	0	0	0	0	0	0	0	0	0	37	0	0	0	0	0	0	0	31	0	0	0	118	0	0	0	0	0	0	0	0	0	0	0	0	19	15	0	24	0	0	0	0	0	0	0	0	0	0	7	0	0	0	18
assemblage-176-500	0	0	0	0	0	0	0	0	0	0	0	0	0	0	0	0	0	0	0	0	0	0	0	0	0	0	0	0	0	0	0	0	300	0	0	0	0	0	0	0	0	4	0	0	0	0	0	0	0	0	0	48	0	0	0	0	6	0	0	0	0	0	0	56	0	0	12	0	0	0	0	0	0	0	56	0	0	0	0	0	0	0	0	0	0	0	0	0	0	0	0	0	0	0	18
