Assemblage_Name	4596881-0-4	1-4924957-1	4-1290232-2	509099-3-1	4-2101814-766161	1-9555004-1	6668741-1-1177726	1-3-5512019	1-1-0	8810171-8256763-1	3760522-3-1	2534221-3-1	1-8503026-319557	1-8503026-1	8947720-1-3	0-1-3	1-1845331-1	1-2490561-0	9027260-8503026-1	9502432-1-0	4138262-2-5884207	2-0-4	3641890-0-4	9834634-3-1	2-5841824-4	1-4-7519972	3062961-1-766161	4-2-5884207	4-4444700-766161	9324909-1-766161	1-9840125-0	4271432-1-2	1-3-5825611	8810171-3-1	1-3-3641738	1-3-1	4-2-2241329	4-2-4	1340599-1-766161	4-1-4815224	4-5874336-766161	3088406-183624-4	4-1-4	4-1-2	4-1-766161	4-3388538-2	4-1616939-2	1883075-1-2	3088406-0-4	5582050-1-2	1-8503026-6795671	3446547-9555004-1
assemblage-581-474	0	0	0	0	0	5	4	0	29	9	0	0	21	46	0	0	0	0	0	0	0	0	44	0	0	0	0	23	0	1	0	11	0	10	0	152	0	0	0	0	14	0	0	88	15	0	0	0	0	0	7	21
assemblage-227-549	0	0	0	0	0	0	0	0	46	0	9	0	0	55	0	0	0	0	0	0	0	0	5	0	0	0	0	39	0	0	0	0	0	0	0	205	11	0	0	0	0	0	0	62	48	0	0	0	0	0	0	20
assemblage-606-491	0	0	0	0	0	0	4	0	59	0	13	0	0	30	0	0	0	0	0	0	0	3	1	0	0	0	0	41	0	0	0	0	0	0	0	181	15	0	0	0	0	0	0	84	44	0	0	0	0	0	0	25
assemblage-673-568	0	0	0	0	0	0	18	0	65	0	0	13	0	0	0	25	0	0	0	0	0	50	0	0	0	15	0	31	0	0	3	0	0	0	0	122	23	0	0	6	0	0	36	28	49	0	0	0	0	0	0	16
assemblage-702-358	0	0	0	0	0	0	0	0	49	0	9	0	0	47	0	0	0	0	0	0	0	0	0	0	0	0	0	49	0	0	0	0	0	0	0	188	15	0	0	0	0	0	0	79	41	0	0	0	0	0	0	23
assemblage-494-372	0	0	7	0	0	0	2	0	47	0	7	0	0	29	0	0	0	0	0	0	0	7	11	0	0	0	0	68	0	0	0	0	0	0	0	179	14	0	0	0	0	0	0	62	57	0	0	0	0	0	0	10
assemblage-558-310	0	0	0	0	0	0	0	0	84	0	0	0	0	0	20	34	0	0	0	19	0	47	0	0	0	10	0	29	0	0	0	0	0	0	4	95	10	14	0	13	0	0	36	17	45	0	0	0	0	0	0	23
assemblage-497-574	0	0	0	0	0	0	13	0	77	0	0	0	0	24	0	4	0	0	0	0	0	10	0	0	0	5	0	65	0	0	0	0	0	0	0	111	34	0	0	0	0	0	0	75	46	0	0	0	14	0	0	22
assemblage-605-473	0	0	0	0	0	0	0	0	79	0	0	0	0	0	17	24	0	0	0	4	0	52	0	0	0	7	0	33	0	0	6	0	0	0	2	114	8	21	0	16	0	0	35	28	32	0	0	0	0	0	0	22
assemblage-348-355	0	0	0	0	0	0	22	0	35	0	0	0	0	14	0	19	0	0	0	0	0	42	0	0	0	37	0	25	0	0	0	0	0	0	0	138	22	0	0	6	0	0	10	58	49	0	0	0	9	0	0	14
assemblage-616-507	3	0	0	0	0	0	0	0	90	0	0	0	0	0	13	31	0	0	0	10	0	29	0	0	0	10	0	37	0	0	0	0	0	0	5	100	15	25	0	13	0	0	32	26	32	0	0	0	0	0	0	29
assemblage-532-354	0	0	0	0	0	0	17	0	58	0	0	0	0	20	0	0	0	0	0	0	0	14	0	0	0	0	0	55	0	0	0	0	0	0	0	128	36	0	0	0	0	0	0	74	58	0	0	0	24	0	0	16
assemblage-363-547	0	0	0	0	0	0	16	0	74	0	0	8	0	0	0	21	0	0	0	0	0	45	0	0	0	15	0	34	0	0	3	0	0	0	0	119	26	0	0	6	0	0	35	52	27	0	0	0	0	0	0	19
assemblage-529-629	0	0	0	0	0	4	5	0	32	15	0	0	16	36	0	0	0	0	0	0	0	0	44	0	0	0	0	26	0	0	0	15	0	13	0	156	0	0	0	0	10	0	0	88	9	0	0	0	0	0	8	23
assemblage-707-574	0	0	0	0	0	0	9	0	22	0	0	0	0	62	0	0	0	0	0	0	0	0	43	0	0	0	0	31	0	0	0	0	0	8	0	187	0	0	0	0	0	0	0	72	39	0	3	0	0	0	0	24
assemblage-363-465	0	0	0	0	0	0	20	0	80	0	0	6	0	0	0	27	0	0	0	0	0	60	0	0	0	12	0	34	0	0	5	0	0	0	0	96	32	0	0	8	0	0	26	26	47	0	0	0	0	0	0	21
assemblage-368-631	0	0	0	0	0	0	6	0	28	0	12	0	0	52	0	0	5	0	0	0	0	0	11	0	0	0	0	63	0	0	0	0	0	0	0	193	13	0	0	0	0	0	0	53	40	0	0	0	0	0	0	24
assemblage-411-672	0	0	0	0	0	0	26	0	41	0	0	0	0	14	0	17	0	0	0	0	0	53	0	0	0	31	0	30	0	0	4	0	0	0	0	107	20	0	0	10	0	0	11	52	66	0	0	0	9	0	0	9
assemblage-348-464	0	0	0	0	0	0	11	0	57	0	0	0	0	22	0	12	0	0	0	0	0	37	0	0	0	30	0	24	0	0	0	0	0	0	0	147	19	0	0	5	0	0	6	57	51	0	0	0	6	0	0	16
assemblage-698-498	0	0	0	0	0	0	13	0	64	0	0	0	0	18	0	3	0	0	0	0	0	19	0	0	0	4	0	48	0	0	0	0	0	0	0	139	23	0	0	0	0	0	0	68	61	0	0	0	18	0	0	22
assemblage-497-493	0	0	0	0	0	0	17	0	64	0	0	9	0	0	0	31	0	0	0	0	0	48	0	0	0	11	0	22	0	0	9	0	0	0	0	108	31	0	0	8	0	0	29	58	43	0	0	0	0	0	0	12
assemblage-409-524	0	0	0	0	6	0	0	0	32	0	6	0	0	57	0	0	7	0	0	0	0	0	8	5	0	0	0	54	0	0	0	0	0	0	0	195	12	0	0	0	0	0	0	53	40	0	0	0	0	0	0	25
assemblage-696-326	0	0	0	0	0	0	0	0	85	0	0	0	0	0	24	48	0	0	0	13	0	53	0	0	0	13	0	29	0	0	5	0	0	0	11	58	9	21	0	22	0	0	32	30	27	0	0	0	0	0	0	20
assemblage-404-579	0	0	0	0	0	0	7	0	67	0	0	0	0	10	0	0	0	0	0	0	0	15	0	0	0	10	0	71	0	0	0	0	0	0	0	137	29	0	0	0	0	0	0	65	54	0	0	0	18	0	0	17
assemblage-596-514	0	0	0	0	0	0	0	0	34	0	12	0	0	37	0	0	10	0	0	0	0	0	12	6	0	0	0	48	0	0	0	0	0	0	0	203	16	0	0	0	0	0	0	48	44	0	0	0	0	0	0	30
assemblage-387-549	0	0	0	0	4	0	12	0	11	0	7	0	0	31	0	0	0	0	0	0	0	0	13	0	0	0	0	40	0	0	0	0	0	0	0	210	0	0	0	0	0	0	0	53	77	0	21	0	0	0	0	21
assemblage-612-665	0	0	0	0	0	0	4	0	14	0	0	0	0	44	0	0	0	0	0	0	0	0	34	0	0	0	0	18	0	0	0	0	0	4	0	224	0	0	0	0	0	0	0	73	35	0	11	0	0	7	0	32
assemblage-432-615	0	0	0	0	0	0	8	0	68	0	0	0	0	21	0	15	0	0	0	0	0	16	0	0	0	1	0	57	0	0	0	0	0	0	0	146	25	0	0	0	0	0	0	67	47	0	0	0	18	0	0	11
assemblage-767-668	0	0	0	0	0	0	6	0	57	0	11	0	0	34	0	0	0	0	0	0	0	0	0	0	0	0	0	59	0	0	0	0	0	0	0	174	7	0	0	0	0	0	0	81	50	0	0	0	0	0	0	21
assemblage-525-510	0	0	1	0	0	0	0	0	54	0	7	0	0	42	0	0	0	0	0	0	0	0	0	0	6	0	0	52	0	0	0	0	0	0	0	193	13	0	0	0	0	0	0	56	40	0	0	0	0	0	0	36
assemblage-543-479	0	0	0	0	7	0	9	0	36	0	6	0	0	48	0	0	7	0	0	0	0	0	18	5	0	0	0	53	0	0	0	0	0	0	0	206	8	0	0	0	0	0	0	43	36	0	0	0	0	0	0	18
assemblage-275-306	0	0	0	0	8	0	7	0	33	0	9	0	0	51	0	0	9	0	0	0	0	0	13	4	0	0	0	50	0	0	0	0	0	0	0	215	13	0	0	0	0	0	0	36	35	0	0	0	0	0	0	17
assemblage-436-616	0	0	0	0	0	0	0	0	33	15	0	0	13	36	0	0	0	0	0	0	0	0	31	0	0	0	0	28	0	0	0	7	0	16	0	153	0	0	0	0	14	0	0	98	13	0	0	0	0	0	15	28
assemblage-535-590	0	0	0	0	0	0	0	0	41	0	3	0	0	42	0	0	0	0	0	0	0	0	3	0	0	0	0	43	0	0	0	0	0	0	0	212	5	0	0	0	0	0	0	71	45	0	0	0	0	0	0	35
assemblage-496-517	0	0	0	0	0	0	21	0	37	0	0	0	0	20	0	15	0	0	0	0	0	46	0	0	0	19	0	30	0	0	0	0	0	0	0	124	26	0	0	7	0	0	11	63	51	0	0	0	10	0	0	20
assemblage-511-550	0	0	0	0	0	0	28	0	53	0	0	0	0	11	0	14	0	0	0	0	0	36	0	0	0	39	0	19	0	0	0	0	0	0	0	116	20	0	0	15	0	0	11	71	48	0	0	0	4	0	0	15
assemblage-565-445	0	0	0	0	7	0	9	0	28	0	11	0	0	45	0	0	3	0	0	0	0	0	9	2	0	0	0	45	0	0	0	0	0	0	0	202	15	0	0	0	0	0	0	47	54	0	0	0	0	0	0	23
assemblage-392-520	0	0	0	0	0	3	0	0	46	13	0	0	23	37	0	0	0	0	0	0	0	0	42	0	0	0	0	29	0	0	0	9	0	16	0	141	0	0	0	0	8	0	0	89	9	0	0	0	0	0	14	21
assemblage-529-483	0	0	0	0	0	0	0	0	54	0	0	0	0	0	17	28	0	0	0	6	0	63	0	0	0	8	0	38	0	0	5	0	0	0	15	87	15	21	0	24	0	0	42	31	21	0	0	0	0	0	0	25
assemblage-530-503	5	0	0	0	0	0	0	0	62	0	0	0	0	0	17	37	0	0	0	11	0	54	0	0	0	8	0	35	0	0	7	0	0	0	12	83	15	30	0	14	0	0	24	39	28	0	0	0	0	0	0	19
assemblage-663-385	5	0	0	0	0	0	0	0	80	0	0	0	0	0	13	38	0	0	0	5	0	45	0	0	0	6	0	45	0	0	5	0	0	0	8	90	14	26	0	17	0	0	28	25	31	0	0	0	0	0	0	19
assemblage-548-384	0	0	0	0	0	0	22	0	74	0	0	9	0	0	0	20	0	0	0	0	0	64	0	0	0	7	0	24	0	0	2	0	0	0	0	108	25	0	0	13	0	0	24	46	39	0	0	0	0	0	0	23
assemblage-499-650	0	0	0	0	0	0	10	0	81	0	0	0	0	32	0	0	0	0	0	0	0	0	0	0	0	0	0	46	0	0	0	0	0	0	0	200	21	0	0	0	0	0	0	54	30	0	0	0	6	0	0	20
assemblage-291-504	0	0	0	0	0	0	0	0	82	0	0	0	0	0	10	38	0	0	0	3	0	43	0	0	0	7	0	39	0	0	0	0	0	0	11	89	9	24	0	15	0	0	43	32	20	0	0	0	0	0	0	35
assemblage-436-466	0	0	0	0	0	0	16	0	9	0	0	0	0	34	0	0	0	0	0	0	0	0	10	0	0	0	0	28	0	0	0	0	0	0	0	226	0	0	0	0	0	0	0	78	59	0	8	0	0	0	0	32
assemblage-502-519	0	0	0	2	0	13	6	0	33	13	0	0	24	44	0	0	0	0	0	0	0	0	29	0	0	0	0	24	0	0	0	6	0	10	0	157	0	0	0	0	8	0	0	90	9	0	0	0	0	0	14	18
assemblage-529-551	0	0	0	0	0	11	6	0	18	19	0	0	10	34	0	0	0	0	0	0	0	0	35	0	0	0	0	27	4	0	0	10	0	10	0	163	0	0	0	0	16	0	0	107	7	0	0	0	0	0	8	15
assemblage-472-658	0	0	0	0	0	0	13	0	88	0	0	7	0	0	0	35	0	0	0	0	0	51	0	0	0	11	0	31	0	0	5	0	0	0	0	102	23	0	0	8	0	0	22	34	46	0	0	0	0	0	0	24
assemblage-521-552	0	0	0	0	0	0	20	0	32	0	0	0	0	54	0	0	0	0	0	0	0	0	24	0	0	0	0	27	0	0	0	0	0	8	0	175	0	0	0	0	0	0	0	78	36	0	10	0	0	9	0	27
assemblage-507-435	0	0	0	0	0	0	0	0	21	0	0	0	0	73	0	0	0	0	0	0	0	0	27	0	0	0	0	16	0	0	0	0	0	11	0	182	0	0	0	0	0	0	0	65	49	0	8	0	0	0	0	48
assemblage-521-555	0	0	0	0	0	0	8	0	75	0	0	3	0	0	0	21	0	0	0	0	0	54	0	0	0	10	0	34	0	0	10	0	0	0	0	105	26	0	0	13	0	0	23	56	47	0	0	0	0	0	0	15
assemblage-444-561	0	0	0	0	0	0	7	0	60	0	0	0	0	48	0	0	0	0	0	0	0	4	0	0	0	0	0	50	0	0	0	0	0	0	0	194	15	0	0	0	0	0	0	57	29	0	0	0	12	0	0	24
assemblage-463-336	6	0	0	0	0	0	24	0	62	0	0	14	0	0	0	29	0	0	0	0	0	43	0	0	0	12	0	23	0	0	10	0	0	0	0	113	29	6	0	2	0	0	23	48	43	0	0	0	0	0	0	13
assemblage-384-352	0	0	0	0	0	0	24	0	79	0	0	10	0	0	0	36	0	0	0	0	0	49	0	0	0	11	0	46	0	0	18	0	0	0	0	77	22	0	0	10	0	0	19	41	39	0	0	0	0	0	0	19
assemblage-527-523	0	0	0	0	0	0	5	0	101	0	0	0	0	27	0	0	0	0	0	0	0	0	0	0	0	0	0	46	0	0	0	0	0	0	0	175	37	0	0	0	0	0	0	56	27	0	0	0	13	0	0	13
assemblage-432-479	0	0	0	0	0	0	0	0	55	0	8	0	0	39	0	0	0	0	0	0	0	0	0	0	0	0	0	43	0	0	0	0	0	0	0	202	10	0	0	0	0	0	0	68	44	0	0	0	0	0	0	31
assemblage-544-611	0	0	0	0	0	6	7	0	27	10	0	0	17	51	0	0	0	0	0	0	0	0	44	0	0	0	0	22	6	0	0	8	0	7	0	153	0	0	0	0	8	0	0	86	14	0	0	0	0	0	13	21
assemblage-550-465	0	0	0	0	0	0	22	0	88	0	0	12	0	0	0	21	0	0	0	0	0	47	0	0	0	12	0	33	0	0	3	0	0	0	0	93	33	7	0	8	0	0	33	45	31	0	0	0	0	0	0	12
assemblage-478-546	0	0	0	0	0	0	11	0	73	0	0	0	0	24	0	0	0	0	0	0	0	10	0	0	0	8	0	50	0	0	0	0	0	0	0	134	16	0	0	0	0	0	0	75	66	0	0	0	8	0	0	25
assemblage-557-394	0	0	0	0	4	0	6	0	22	0	9	0	0	45	0	0	10	0	0	0	0	0	8	6	0	0	0	48	0	0	0	0	0	0	0	209	13	0	0	0	0	0	0	57	44	0	0	0	0	0	0	19
assemblage-371-326	0	0	0	0	0	0	0	0	37	0	8	0	0	47	0	0	4	0	0	0	0	0	11	5	0	0	0	54	0	0	0	0	0	0	0	207	16	0	0	0	0	0	0	38	54	0	0	0	0	0	0	19
assemblage-377-570	0	0	0	0	0	0	12	0	64	0	0	0	0	41	0	0	0	0	0	0	0	0	0	0	0	0	0	54	0	0	0	0	0	0	0	173	22	0	0	0	0	6	0	70	27	0	0	0	4	0	0	27
assemblage-390-415	0	0	0	0	0	0	18	0	104	0	0	5	0	0	0	24	0	0	0	0	0	50	0	0	0	8	0	22	0	0	5	0	0	0	0	105	25	7	0	9	0	0	21	46	38	0	0	0	0	0	0	13
assemblage-394-439	0	0	3	0	0	0	0	0	45	0	2	0	0	46	0	0	0	0	0	0	0	0	10	0	0	0	0	54	0	0	0	0	0	0	0	185	8	0	0	0	0	0	0	81	41	0	0	0	0	0	0	25
assemblage-649-566	0	0	0	0	0	0	5	0	21	0	0	0	0	60	0	0	0	0	0	0	0	0	45	0	0	0	0	17	0	0	0	0	0	12	0	202	0	0	0	0	0	0	0	65	42	0	9	0	0	0	0	22
assemblage-603-296	0	0	0	0	0	0	22	0	77	0	0	6	0	0	0	34	0	0	0	0	0	63	0	0	0	7	0	25	0	0	8	0	0	0	0	99	29	3	0	6	0	0	30	34	32	0	0	0	0	0	0	25
assemblage-538-178	0	0	0	2	0	0	0	0	21	0	0	0	0	69	0	0	0	0	0	0	0	0	32	0	0	0	0	19	0	0	0	0	0	7	0	189	0	0	0	0	0	0	0	93	41	0	6	0	0	0	0	21
assemblage-641-489	0	0	0	0	0	0	9	0	16	0	0	0	0	43	0	0	0	0	0	0	0	0	25	0	0	0	0	27	0	0	0	0	0	5	0	215	0	0	0	0	0	0	0	69	48	0	2	0	0	9	0	32
assemblage-616-551	0	0	0	0	0	0	2	0	25	0	10	0	0	42	0	0	9	0	0	0	0	0	11	11	0	0	0	49	0	0	0	0	0	0	0	203	11	0	0	0	0	0	0	63	44	0	0	0	0	0	0	20
assemblage-418-418	0	0	0	0	0	0	17	0	13	0	6	0	0	33	0	0	0	0	0	0	0	0	12	0	0	0	0	35	0	0	0	0	0	0	0	208	0	0	0	0	0	0	0	80	64	0	14	0	0	0	0	18
assemblage-587-430	0	0	0	0	0	0	0	0	64	0	4	0	0	36	0	0	5	0	0	0	0	0	0	0	0	0	0	49	0	0	0	0	0	0	0	206	7	0	0	0	0	0	0	60	36	0	0	0	0	0	0	33
assemblage-318-446	0	0	0	0	0	2	10	0	44	17	0	0	14	43	0	0	0	0	0	0	0	0	40	0	0	0	0	16	0	0	0	11	0	7	0	142	0	0	0	0	13	0	0	89	15	0	0	0	0	0	16	21
assemblage-591-436	0	0	0	0	0	0	38	0	53	0	0	0	0	14	0	21	0	0	0	0	0	51	0	0	0	18	0	24	0	0	6	0	0	0	0	110	20	0	0	6	0	0	6	52	59	0	0	0	7	0	0	15
assemblage-296-526	0	0	0	0	0	0	0	0	96	0	0	0	0	0	18	18	0	0	0	7	0	56	0	0	0	7	0	30	0	0	0	0	0	0	19	75	8	21	0	11	0	0	52	24	28	0	0	0	0	0	0	30
assemblage-266-508	0	0	0	0	0	0	4	0	15	0	0	0	0	70	0	0	0	0	0	0	0	0	39	0	0	0	0	20	0	0	0	0	0	6	0	212	0	0	0	0	0	0	0	62	33	0	9	0	0	6	0	24
assemblage-695-531	0	0	0	0	0	0	9	0	82	0	0	0	0	26	0	9	0	0	0	0	0	0	0	0	0	0	0	54	0	0	0	0	0	0	0	168	25	0	0	0	0	0	0	59	41	0	0	0	8	0	0	19
assemblage-388-522	0	0	0	0	0	0	10	0	58	0	0	0	0	15	0	4	0	0	0	0	0	12	0	0	0	0	0	59	0	0	0	0	0	0	0	151	29	0	0	0	0	0	0	77	52	0	0	0	13	0	0	20
assemblage-402-587	0	0	0	0	0	0	6	0	7	0	0	0	0	39	0	0	0	0	0	0	0	0	9	0	0	0	0	41	0	0	0	0	0	0	0	241	0	0	0	0	0	0	0	60	56	0	5	0	0	0	0	36
assemblage-648-678	4	0	0	0	0	0	15	0	81	0	0	3	0	0	0	33	0	0	0	0	0	46	0	0	0	11	0	33	0	0	5	0	0	0	0	103	32	0	0	12	0	0	31	33	37	0	0	0	0	0	0	21
assemblage-457-430	0	0	0	0	0	0	31	0	76	0	0	4	0	0	0	17	0	0	0	0	0	54	0	0	0	16	0	18	0	0	7	0	0	0	0	111	31	0	0	9	0	0	33	25	40	0	0	0	0	0	0	28
assemblage-676-543	0	0	0	0	0	0	30	0	50	0	0	0	0	20	0	4	0	0	0	0	0	27	0	0	0	36	0	30	0	0	0	0	0	0	0	106	28	0	0	13	0	0	7	74	59	0	0	0	6	0	0	10
assemblage-518-329	0	0	0	0	0	0	18	0	74	0	0	0	0	25	0	0	0	0	0	0	0	15	0	0	0	5	0	60	0	0	0	0	0	0	0	117	27	0	0	0	0	0	0	69	56	0	0	0	10	0	0	24
assemblage-658-550	0	0	0	0	0	0	7	0	17	0	6	0	0	43	0	0	2	0	0	0	0	0	5	7	0	0	0	45	0	0	0	0	0	0	0	227	13	0	0	0	0	0	0	72	33	0	0	0	0	0	0	23
assemblage-720-545	0	0	0	0	0	0	0	0	78	0	0	0	0	0	10	48	0	0	0	8	0	39	0	0	0	7	0	33	0	0	4	0	0	0	15	88	9	16	0	17	0	0	26	40	29	0	0	0	0	0	0	33
assemblage-413-510	0	0	0	0	0	0	12	0	59	0	0	0	0	48	0	0	0	0	0	0	0	0	0	0	0	0	0	31	0	0	0	0	0	0	0	189	33	0	0	0	0	0	0	68	36	0	0	0	11	0	0	13
assemblage-417-539	0	0	0	7	0	0	23	0	8	0	8	0	0	50	0	0	0	0	0	0	0	0	10	0	0	0	0	25	0	0	0	0	0	0	0	221	0	0	0	0	0	0	0	63	49	0	11	0	0	0	0	25
assemblage-549-367	0	0	0	0	0	0	9	0	29	0	0	0	0	61	0	0	0	0	0	0	0	0	25	0	0	0	0	27	0	0	0	0	0	2	0	213	0	0	0	0	0	0	0	59	41	0	11	0	0	0	0	23
assemblage-649-269	0	0	0	0	0	9	0	0	34	15	0	0	19	47	0	0	0	0	0	0	0	0	46	0	0	0	0	14	0	0	0	16	0	12	0	155	0	0	0	0	13	0	0	80	11	0	0	0	0	0	15	14
assemblage-685-459	0	0	0	0	6	0	9	0	34	0	5	0	0	55	0	0	7	0	0	0	0	0	12	0	0	0	0	60	0	0	0	0	0	0	0	171	16	0	0	0	0	0	0	46	61	0	0	0	0	0	0	18
assemblage-405-228	0	0	0	0	0	0	12	0	78	0	0	0	0	19	0	0	0	0	0	0	0	6	0	0	0	0	0	33	0	0	0	0	0	0	0	170	30	0	0	0	0	0	0	78	38	0	0	0	11	0	0	25
assemblage-405-545	0	0	0	0	7	0	8	0	31	0	6	0	0	58	0	0	6	0	0	0	0	0	8	1	0	0	0	55	0	0	0	0	0	0	0	204	7	0	0	0	0	0	0	51	42	0	0	0	0	0	0	16
assemblage-549-340	0	0	0	0	0	0	8	0	28	0	0	0	0	54	0	0	0	0	0	0	0	0	31	0	0	0	0	25	0	0	0	0	0	3	0	184	0	0	0	0	0	0	0	86	41	0	11	0	0	0	0	29
assemblage-532-424	0	0	0	0	0	2	0	0	31	6	0	0	14	58	0	0	0	0	0	0	0	0	51	0	0	0	0	15	0	0	0	11	0	13	0	159	0	0	0	0	9	0	0	85	17	0	0	0	0	0	11	18
assemblage-559-455	7	0	0	0	0	0	0	0	74	0	0	0	0	0	18	26	0	0	0	10	0	40	0	0	0	12	0	38	0	0	0	0	0	0	9	79	15	19	0	30	0	0	26	39	35	0	0	0	0	0	0	23
assemblage-471-550	0	0	0	0	0	0	20	0	62	0	0	0	0	23	0	8	0	0	0	0	0	12	0	0	0	8	0	64	0	0	0	0	0	0	0	136	31	0	0	0	0	0	0	60	43	0	0	0	12	0	0	21
assemblage-617-323	0	0	0	0	0	0	7	0	89	0	0	0	0	12	0	0	0	0	0	0	0	9	0	0	0	0	0	41	0	0	0	0	0	0	0	142	25	0	0	0	0	0	0	83	46	0	0	0	22	0	0	24
assemblage-381-447	0	0	0	0	0	0	18	0	9	0	10	0	0	38	0	0	0	0	0	0	0	0	13	0	0	0	0	31	0	0	0	0	0	0	0	208	0	0	0	0	0	0	0	74	50	0	11	0	0	0	0	38
assemblage-457-537	0	0	0	0	0	0	8	0	74	0	0	0	0	37	0	0	0	0	0	0	0	0	0	0	0	0	0	33	0	0	0	0	0	0	0	178	20	0	0	0	0	0	0	85	33	0	0	0	6	0	0	26
assemblage-559-518	0	0	0	0	0	0	0	0	62	0	8	0	0	40	0	0	0	0	0	0	0	0	0	0	0	0	0	61	0	0	0	0	0	0	0	178	15	0	0	0	0	0	0	60	30	0	0	0	0	0	0	46
assemblage-441-323	0	0	0	0	10	0	0	0	34	0	3	0	0	50	0	0	0	0	0	0	0	0	18	6	0	0	0	61	0	0	0	0	0	0	0	191	17	0	0	0	0	0	0	40	45	0	0	0	0	0	0	25
assemblage-572-411	0	0	0	0	0	0	25	0	47	0	0	0	0	7	0	22	0	0	0	0	0	36	0	0	0	34	0	25	0	0	0	0	0	0	0	133	29	0	0	9	0	0	6	63	48	0	0	0	8	0	0	8
assemblage-470-601	5	0	0	0	0	0	0	0	64	0	0	0	0	0	12	29	0	0	0	11	0	39	0	0	0	9	0	39	0	0	8	0	0	0	13	91	21	25	0	12	0	0	23	44	21	0	0	0	0	0	0	34
assemblage-331-488	0	0	0	0	11	0	3	0	18	0	13	0	0	37	0	0	9	0	0	0	0	0	14	6	0	0	0	50	0	0	0	0	0	0	0	217	12	0	0	0	0	0	0	54	41	0	0	0	0	0	0	15
assemblage-456-628	0	0	0	0	0	0	8	0	73	0	0	0	0	32	0	0	0	0	0	0	0	4	0	0	0	0	0	39	0	0	0	0	0	0	0	185	19	0	0	0	0	0	0	67	38	0	0	0	14	0	0	21
assemblage-652-467	0	0	0	0	0	0	4	0	28	5	0	0	17	68	0	0	0	0	0	0	0	0	47	0	0	0	0	19	0	0	0	9	0	7	0	146	0	0	0	0	7	0	0	94	8	0	0	0	0	0	12	29
assemblage-643-414	0	0	0	0	4	0	7	0	25	0	4	0	0	46	0	0	0	0	0	0	0	0	18	6	0	0	0	59	0	0	0	0	0	0	0	193	20	0	0	0	0	0	0	68	36	0	0	0	0	0	0	14
assemblage-595-664	0	0	0	0	0	0	19	0	10	0	8	0	0	24	0	0	0	0	0	0	0	0	13	0	0	0	0	37	0	0	0	0	0	0	0	225	0	0	0	0	0	0	0	63	64	0	7	0	0	0	0	30
assemblage-401-535	0	0	0	0	0	0	0	0	72	0	0	0	0	0	11	37	0	0	0	11	0	63	0	0	0	4	0	39	0	0	5	0	0	0	7	100	10	20	0	9	0	0	43	17	24	0	0	0	0	0	0	28
assemblage-334-568	0	0	0	0	0	0	16	0	56	0	0	0	0	14	0	6	0	0	0	0	0	9	0	0	0	6	0	60	0	0	0	0	0	0	0	138	22	0	0	0	0	0	0	90	44	0	0	0	14	0	0	25
assemblage-340-439	0	0	0	0	0	2	7	0	22	15	0	0	27	48	0	0	0	0	0	0	0	0	56	0	0	0	0	19	0	0	0	12	0	7	0	141	0	0	0	0	6	0	0	94	8	0	0	0	0	0	19	17
assemblage-617-545	0	0	0	0	0	0	0	0	90	0	0	0	0	0	14	35	0	0	0	6	0	44	0	0	0	5	0	44	0	0	0	0	0	0	8	66	5	32	0	26	0	0	35	36	21	0	0	0	0	0	0	33
assemblage-546-560	0	0	0	0	0	0	18	0	69	0	0	9	0	0	0	24	0	0	0	0	0	52	0	0	0	8	0	41	0	0	11	0	0	0	0	99	27	0	0	9	0	0	26	30	49	0	0	0	0	0	0	28
assemblage-701-642	0	0	0	0	0	0	20	0	43	0	0	0	0	16	0	9	0	0	0	0	0	43	0	0	0	31	0	26	0	0	1	0	0	0	0	143	19	0	0	8	0	0	7	60	58	0	0	0	7	0	0	9
assemblage-644-557	0	0	0	0	0	0	24	0	62	0	0	0	0	16	0	13	0	0	0	0	0	41	0	0	0	33	0	21	0	0	0	0	0	0	0	111	22	0	0	8	0	0	5	73	56	0	0	0	6	0	0	9
assemblage-395-617	0	0	0	0	0	0	14	0	23	0	0	0	0	64	0	0	0	0	0	0	0	0	31	0	0	0	0	16	0	0	0	0	0	7	0	201	0	0	0	0	0	0	0	80	34	0	5	0	0	0	0	25
assemblage-366-456	0	0	0	0	0	0	0	0	65	0	0	0	0	0	12	32	0	0	0	10	0	54	0	0	0	5	0	36	0	0	0	0	0	0	9	102	12	23	0	19	0	0	39	25	37	0	0	0	0	0	0	20
assemblage-655-541	0	0	0	0	0	0	13	0	78	0	0	0	0	27	0	8	0	0	0	0	0	16	0	0	0	9	0	53	0	0	0	0	0	0	0	116	34	0	0	0	0	0	0	59	53	0	0	0	17	0	0	17
assemblage-493-392	0	0	0	0	0	0	22	0	53	0	0	0	0	19	0	18	0	0	0	0	0	43	0	0	0	23	0	25	0	0	0	0	0	0	0	118	16	0	0	0	0	0	6	56	62	0	0	0	13	0	0	26
assemblage-410-494	0	0	0	0	0	0	4	0	25	0	0	0	0	58	0	0	0	0	0	0	0	0	19	0	0	0	0	23	0	0	0	0	0	7	0	201	0	0	0	0	0	0	0	81	40	0	6	0	0	0	0	36
assemblage-545-352	0	0	0	0	0	0	27	0	38	0	0	0	0	15	0	20	0	0	0	0	0	41	0	0	0	40	0	30	0	0	0	0	0	0	0	127	31	0	0	6	0	0	10	67	32	0	0	0	4	0	0	12
assemblage-528-259	0	0	0	0	0	4	6	0	32	8	0	0	12	37	0	0	0	0	0	0	0	0	35	0	0	0	0	21	0	0	0	14	0	12	0	180	0	0	0	0	8	0	0	93	8	0	0	0	0	0	12	18
assemblage-390-298	0	0	0	0	5	0	11	0	30	0	8	0	0	47	0	0	5	0	0	0	0	0	9	5	0	0	0	64	0	0	0	0	0	0	0	192	20	0	0	0	0	0	0	53	37	0	0	0	0	0	0	14
assemblage-257-556	0	0	0	0	0	0	6	0	15	0	0	0	0	52	0	0	0	0	0	0	0	0	26	0	0	0	0	26	0	0	0	0	0	7	0	195	0	0	0	0	0	0	0	83	48	0	12	0	0	0	0	30
assemblage-380-571	0	0	0	0	9	0	6	0	25	0	0	0	0	57	0	0	0	0	0	0	0	0	13	4	0	0	0	46	0	0	0	0	0	0	0	210	13	0	0	0	0	0	0	54	42	0	0	0	0	0	0	21
assemblage-565-525	0	0	0	0	0	0	19	0	11	0	0	0	0	41	0	0	0	0	0	0	0	0	16	0	0	0	0	28	0	0	0	0	0	0	0	229	0	0	0	0	0	0	0	51	54	0	16	0	0	0	0	35
assemblage-462-687	6	0	0	0	0	0	22	0	84	0	0	11	0	0	0	23	0	0	0	0	0	47	0	0	0	11	0	32	0	0	10	0	0	0	0	108	19	6	0	13	0	0	28	36	33	0	0	0	0	0	0	11
assemblage-395-421	0	0	0	0	3	0	0	0	23	0	7	0	0	48	0	0	8	0	0	0	0	0	8	4	0	0	0	62	0	0	0	0	0	0	0	186	13	0	0	0	0	0	0	66	51	0	0	0	0	0	0	21
assemblage-489-343	0	0	13	0	0	0	0	0	48	0	5	0	0	26	0	0	0	0	0	0	0	0	0	0	0	0	0	36	0	0	0	0	0	0	0	176	15	0	0	0	0	0	0	94	62	0	0	0	0	0	0	25
assemblage-627-462	5	0	0	0	0	0	19	0	74	0	0	4	0	0	0	34	0	0	0	0	0	60	0	0	0	13	0	31	0	0	12	0	0	0	0	91	30	7	0	6	0	0	23	29	50	0	0	0	0	0	0	12
assemblage-584-383	0	0	0	0	0	0	3	0	23	0	0	0	0	61	0	0	0	0	0	0	0	0	30	0	0	0	0	19	0	0	0	0	0	0	0	189	0	0	0	0	0	0	0	90	39	0	11	0	0	0	0	35
assemblage-546-364	0	0	0	0	0	0	6	0	53	0	0	0	0	34	0	0	0	0	0	0	0	0	0	0	0	0	0	37	0	0	0	0	0	0	0	196	30	0	0	0	0	0	0	67	32	0	0	0	19	0	0	26
assemblage-499-459	0	0	0	0	0	0	24	0	55	0	0	0	0	15	0	15	0	0	0	0	0	53	0	0	0	22	0	23	0	0	4	0	0	0	0	109	22	0	0	7	0	0	4	58	69	0	0	0	10	0	0	10
assemblage-458-568	0	0	0	0	0	0	13	0	97	0	0	6	0	0	0	17	0	0	0	0	0	48	0	0	0	11	0	29	0	0	14	0	0	0	0	103	14	0	0	13	0	0	35	41	38	0	0	0	0	0	0	21
assemblage-551-626	0	0	0	0	0	0	30	0	51	0	0	0	0	14	0	21	0	0	0	0	0	41	0	0	0	25	0	12	0	0	0	0	0	0	0	154	17	0	0	10	0	0	9	69	35	0	0	0	6	0	0	6
assemblage-731-334	0	0	0	0	0	0	6	0	65	0	0	0	0	38	0	0	0	0	0	0	0	0	0	0	0	0	0	49	0	0	0	0	0	0	0	155	23	0	0	0	0	0	0	87	37	0	0	0	11	0	0	29
assemblage-645-438	0	0	3	0	0	0	7	0	53	0	6	0	0	39	0	0	0	0	0	0	0	0	7	0	0	0	0	41	0	0	0	0	0	0	0	181	15	0	0	0	0	0	0	87	46	0	0	0	0	0	0	15
assemblage-416-479	0	0	0	0	0	0	9	0	22	0	0	0	0	47	0	0	0	0	0	0	0	0	31	0	0	0	0	25	0	0	0	0	0	5	0	180	0	0	0	0	0	0	0	75	73	0	11	0	0	0	0	22
assemblage-663-438	0	0	0	0	0	12	5	0	36	12	0	0	21	51	0	0	0	0	0	0	0	0	32	0	0	0	0	29	0	0	0	9	0	10	0	164	0	0	0	0	2	0	0	85	8	0	0	0	0	0	14	10
assemblage-511-565	0	0	0	0	0	0	4	0	70	0	0	0	0	41	0	0	0	0	0	0	0	0	0	0	0	0	0	43	0	0	0	0	0	0	0	195	18	0	0	0	0	0	0	57	31	0	0	0	18	0	0	23
assemblage-521-511	0	0	0	0	0	0	0	0	68	0	0	0	0	0	8	57	0	0	0	13	0	44	0	0	0	11	0	28	0	0	5	0	0	0	11	99	18	23	0	19	0	0	22	27	18	0	0	0	0	0	0	29
assemblage-618-649	0	0	0	0	0	0	14	0	10	0	5	0	0	31	0	0	0	0	0	0	0	0	11	0	0	0	0	33	0	0	0	0	0	0	0	212	0	0	0	0	0	0	0	75	63	0	14	0	0	0	0	32
assemblage-305-539	0	0	0	0	0	0	0	0	37	0	6	0	0	47	0	0	12	0	0	0	0	0	15	0	0	0	0	62	0	0	0	0	0	0	0	222	8	0	0	0	0	0	0	47	27	0	0	0	0	0	0	17
assemblage-576-492	0	0	0	0	0	0	6	0	59	0	0	0	0	36	0	0	0	0	0	0	0	0	0	0	0	0	0	53	0	0	0	0	0	0	0	176	18	0	0	0	0	0	0	74	54	0	0	0	9	0	0	15
assemblage-454-498	0	0	0	0	0	0	22	0	76	0	0	11	0	0	0	31	0	0	0	0	0	66	0	0	0	7	0	20	0	0	12	0	0	0	0	97	18	0	0	13	0	0	25	36	43	0	0	0	0	0	0	23
assemblage-387-655	0	0	0	0	0	0	21	0	14	0	13	0	0	46	0	0	0	0	0	0	0	0	16	0	0	0	0	33	0	0	0	0	0	0	0	204	0	0	0	0	0	0	0	69	59	0	7	0	0	0	0	18
assemblage-565-418	0	0	0	0	0	0	4	0	84	0	0	0	0	26	0	0	0	0	0	0	0	4	0	0	0	0	0	40	0	0	0	0	0	0	0	202	17	0	0	0	0	0	0	68	29	0	0	0	9	0	0	17
assemblage-441-399	0	0	0	0	0	0	2	0	60	0	0	0	0	35	0	7	0	0	0	0	0	7	0	0	0	0	0	62	0	0	0	0	0	0	0	172	30	0	0	0	0	0	0	77	23	0	0	0	10	0	0	15
assemblage-659-658	0	0	0	0	0	0	0	0	49	0	8	0	0	35	0	0	0	0	0	0	0	0	10	0	0	0	0	57	0	0	0	0	0	0	0	163	14	0	0	0	0	0	0	88	44	0	0	0	0	0	0	32
assemblage-328-461	0	0	0	0	0	0	17	0	79	0	0	0	0	13	0	2	0	0	0	0	0	14	0	0	0	0	0	52	0	0	0	0	0	0	0	140	41	0	0	0	0	0	0	70	44	0	0	0	7	0	0	21
assemblage-405-561	0	0	0	0	0	0	0	0	70	0	0	0	0	0	12	29	0	0	0	9	0	35	0	0	0	10	0	49	0	0	0	0	0	0	10	92	11	21	0	11	0	0	34	39	28	0	0	0	0	0	0	40
assemblage-392-423	0	0	0	0	0	0	5	0	50	0	0	0	0	35	0	0	0	0	0	0	0	0	0	0	0	0	0	45	0	0	0	0	0	0	0	209	35	0	0	0	0	0	0	51	43	0	0	0	7	0	0	20
assemblage-662-436	0	0	0	0	0	0	20	0	79	0	0	4	0	0	0	22	0	0	0	0	0	50	0	0	0	14	0	33	0	0	9	0	0	0	0	118	16	0	0	10	0	0	24	38	41	0	0	0	0	0	0	22
assemblage-342-496	0	0	0	5	0	0	14	0	9	0	8	0	0	40	0	0	0	0	0	0	0	0	14	0	0	0	0	32	0	0	0	0	0	0	0	198	0	0	0	0	0	0	0	66	76	0	13	0	0	0	0	25
assemblage-496-480	0	0	0	0	0	0	26	0	51	0	0	0	0	11	0	18	0	0	0	0	0	44	0	0	0	21	0	26	0	0	0	0	0	0	0	130	20	0	0	3	0	0	6	55	67	0	0	0	4	0	0	18
assemblage-577-441	0	0	0	0	6	0	5	0	37	0	14	0	0	55	0	0	6	0	0	0	0	0	13	0	0	0	0	57	0	0	0	0	0	0	0	196	7	0	0	0	0	0	0	50	37	0	0	0	0	0	0	17
assemblage-425-523	0	0	0	0	7	0	18	0	35	0	5	0	0	46	0	0	13	0	0	0	0	0	9	0	0	0	0	48	0	0	0	0	0	0	0	189	17	0	0	0	0	0	0	51	40	0	0	0	0	0	0	22
assemblage-473-507	0	0	0	0	0	0	45	0	50	0	0	0	0	21	0	15	0	0	0	0	0	42	0	0	0	24	0	25	0	0	0	0	0	0	0	92	25	0	0	6	0	0	6	65	57	0	0	0	15	0	0	12
assemblage-448-485	0	0	0	0	0	0	6	0	50	0	0	0	0	28	0	0	0	0	0	0	0	0	0	0	0	0	0	51	0	0	0	0	0	0	0	188	21	0	0	0	0	0	0	82	39	0	0	0	7	0	0	28
assemblage-566-327	0	0	0	0	0	0	0	0	80	0	0	0	0	0	12	26	0	0	0	19	0	41	0	0	0	8	0	38	0	0	0	0	0	0	9	84	9	21	0	22	0	0	37	37	29	0	0	0	0	0	0	28
assemblage-385-572	7	0	0	0	0	0	0	0	88	0	0	0	0	0	13	42	0	0	0	6	0	48	0	0	0	9	0	41	0	0	0	0	0	0	12	83	14	19	0	17	0	0	38	28	20	0	0	3	0	0	0	12
assemblage-450-482	0	0	0	0	0	0	10	0	79	0	0	0	0	26	0	7	0	0	0	0	0	20	0	0	0	9	0	46	0	0	0	0	0	0	0	128	23	0	0	0	0	0	0	72	48	0	0	0	21	0	0	11
assemblage-519-486	0	0	0	0	0	0	10	0	49	0	0	0	0	36	0	5	0	0	0	0	0	9	0	0	0	0	0	38	0	0	0	0	0	0	0	202	38	0	0	0	0	0	0	61	27	0	0	0	14	0	0	11
assemblage-330-439	0	0	0	0	0	0	5	0	49	0	5	0	0	44	0	0	0	0	0	0	0	0	0	0	0	0	0	50	0	0	0	0	0	0	0	191	15	0	0	0	0	0	0	66	42	0	0	0	0	0	0	33
assemblage-687-461	0	0	0	0	0	0	18	0	55	0	0	0	0	15	0	14	0	0	0	0	0	42	0	0	0	32	0	32	0	0	0	0	0	0	0	118	17	0	0	10	0	0	4	68	62	0	0	0	3	0	0	10
assemblage-478-510	0	0	0	0	0	0	10	0	21	0	0	0	0	27	0	0	0	0	0	0	0	0	15	0	0	0	0	45	0	0	0	0	0	0	0	196	0	0	0	0	0	0	0	70	70	0	13	0	0	9	0	24
assemblage-410-427	0	0	0	0	0	0	4	0	11	0	0	0	0	57	0	0	0	0	0	0	0	0	34	0	0	0	0	18	0	0	0	0	0	9	0	210	0	0	0	0	0	0	0	85	43	0	8	0	0	0	0	21
assemblage-372-614	0	0	0	0	0	0	12	0	11	0	5	0	0	32	0	0	0	0	0	0	0	0	11	0	0	0	0	42	0	0	0	0	0	0	0	209	0	0	0	0	0	0	0	78	56	0	14	0	0	0	0	30
assemblage-330-618	0	0	0	0	0	8	0	0	30	15	0	0	11	44	0	0	0	0	0	0	0	0	41	0	0	0	0	14	0	0	0	11	0	6	0	160	0	0	0	0	4	0	0	113	15	0	0	0	0	0	10	18
assemblage-611-453	0	0	0	0	0	0	15	0	56	0	0	0	0	10	0	12	0	0	0	0	0	54	0	0	0	32	0	17	0	0	0	0	0	0	0	128	29	0	0	5	0	0	3	71	43	0	0	0	9	0	0	16
assemblage-455-462	0	0	0	0	10	0	9	0	23	0	9	0	0	45	0	0	10	0	0	0	0	0	7	5	0	0	0	60	0	0	0	0	0	0	0	195	12	0	0	0	0	0	0	53	40	0	0	0	0	0	0	22
assemblage-470-542	0	0	0	0	0	0	6	0	66	0	0	0	0	48	0	0	0	0	0	0	0	0	0	0	0	0	0	40	0	0	0	0	0	0	0	148	29	0	0	0	0	0	0	80	45	0	0	0	11	0	0	27
assemblage-494-612	0	0	0	0	0	0	0	0	35	0	7	0	0	25	0	0	0	0	0	0	0	0	0	0	0	0	0	59	0	0	0	0	0	0	0	185	14	0	0	0	0	0	0	87	52	0	0	0	0	0	0	36
assemblage-558-490	0	0	13	0	0	0	0	0	43	0	7	0	0	28	0	0	0	0	0	0	0	0	9	0	0	0	0	73	0	0	0	0	0	0	0	179	6	0	0	0	0	0	0	90	37	0	0	0	0	0	0	15
assemblage-513-431	9	0	0	0	0	0	0	0	79	0	0	0	0	0	20	34	0	0	0	11	0	39	0	0	0	15	0	33	0	0	0	0	0	0	2	85	6	16	0	14	0	0	43	34	34	0	0	4	0	0	0	22
assemblage-607-536	0	0	0	0	0	0	0	0	75	0	0	0	0	0	12	23	0	0	0	16	0	61	0	0	0	8	0	36	0	0	5	0	0	0	7	91	19	20	0	13	0	0	39	19	26	0	0	0	0	0	0	30
assemblage-627-483	0	0	0	0	6	0	11	0	17	0	0	0	0	37	0	0	2	0	0	0	0	0	12	0	0	0	0	72	0	0	0	0	0	0	0	187	16	0	0	0	0	0	0	54	51	0	0	0	0	0	0	35
assemblage-339-595	0	0	0	0	0	0	16	0	79	0	0	8	0	0	0	28	0	0	0	0	0	59	0	0	0	16	0	21	0	0	19	0	0	0	0	99	20	0	0	10	0	0	26	43	41	0	0	0	0	0	0	15
assemblage-326-635	0	0	0	0	0	11	7	0	30	11	0	0	26	49	0	0	0	0	0	0	0	0	38	0	0	0	0	15	0	0	0	13	0	10	0	167	0	0	0	0	8	0	0	79	8	0	0	0	0	0	9	19
assemblage-417-583	0	0	0	0	0	0	18	0	59	0	0	0	0	25	0	7	0	0	0	0	0	20	0	0	0	0	0	49	0	0	0	0	0	0	0	143	20	0	0	0	0	0	0	76	51	0	0	0	8	0	0	24
assemblage-581-624	0	0	0	0	0	0	27	0	56	0	0	0	0	17	0	21	0	0	0	0	0	31	0	0	0	33	0	30	0	0	0	0	0	0	0	119	12	0	0	13	0	0	10	50	58	0	0	0	8	0	0	15
assemblage-641-508	0	0	0	0	0	0	26	0	80	0	0	11	0	0	0	17	0	0	0	0	0	48	0	0	0	10	0	33	0	0	9	0	0	0	0	105	20	0	0	12	0	0	39	32	36	0	0	0	0	0	0	22
assemblage-451-444	0	0	0	0	0	0	11	0	22	0	0	0	0	49	0	0	0	0	0	0	0	0	27	0	0	0	0	22	0	0	0	0	0	4	0	193	0	0	0	0	0	0	0	82	38	0	15	0	0	0	0	37
assemblage-598-648	0	0	0	0	0	0	0	0	58	0	6	0	0	47	0	0	0	0	0	0	0	7	10	0	0	0	0	38	0	0	0	0	0	0	0	205	8	0	0	0	0	0	0	54	49	0	0	0	0	0	0	18
assemblage-433-652	0	0	0	0	0	0	19	0	74	0	0	8	0	0	0	26	0	0	0	0	0	50	0	0	0	16	0	27	0	0	5	0	0	0	0	130	21	0	0	8	0	0	26	36	32	0	0	0	0	0	0	22
assemblage-635-480	0	0	0	0	0	0	32	0	47	0	0	0	0	9	0	15	0	0	0	0	0	40	0	0	0	22	0	29	0	0	0	0	0	0	0	122	27	0	0	11	0	0	6	65	55	0	0	0	7	0	0	13
assemblage-534-385	0	0	0	0	0	0	11	0	32	0	5	0	0	41	0	0	4	0	0	0	0	0	10	0	0	0	0	57	0	0	0	0	0	0	0	204	6	0	0	0	0	0	0	66	40	0	0	0	0	0	0	24
assemblage-514-397	0	0	0	0	0	0	20	0	75	0	0	7	0	0	0	23	0	0	0	0	0	43	0	0	0	11	0	28	0	0	15	0	0	0	0	105	26	0	0	17	0	0	33	36	40	0	0	0	0	0	0	21
assemblage-491-522	0	0	0	0	0	0	5	0	67	0	0	0	0	30	0	0	0	0	0	0	4	3	0	0	0	0	0	36	0	0	0	0	0	0	0	189	30	0	0	0	0	0	0	61	38	0	0	0	12	0	0	25
assemblage-596-549	0	0	0	6	0	0	20	0	4	0	5	0	0	40	0	0	0	0	0	0	0	0	10	0	0	0	0	26	0	0	0	0	0	0	0	208	0	0	0	0	0	0	0	94	59	0	5	0	0	0	0	23
assemblage-477-268	0	0	0	0	0	0	31	0	39	0	0	0	0	15	0	21	0	0	0	0	0	42	0	0	0	17	0	19	0	0	0	0	0	0	0	143	22	0	0	2	0	0	9	64	51	0	0	0	9	0	0	16
assemblage-294-555	0	0	0	0	0	0	0	0	53	0	10	0	0	36	0	0	0	0	0	0	0	0	0	0	0	0	0	55	0	0	0	0	0	0	0	200	11	0	0	0	0	0	0	58	44	0	0	0	0	0	0	33
assemblage-422-456	0	0	0	0	0	0	7	0	60	0	0	0	0	23	0	6	0	0	0	0	0	19	0	0	0	0	0	52	0	0	0	0	0	0	0	137	26	0	0	0	0	0	0	70	48	0	0	0	26	0	0	26
assemblage-545-414	0	0	6	0	0	0	5	0	67	0	8	0	0	38	0	0	0	0	0	0	0	5	0	0	0	0	0	50	0	0	0	0	0	0	0	178	9	0	0	0	0	0	0	72	42	0	0	0	0	0	0	20
assemblage-541-414	0	0	0	0	0	0	10	0	38	0	6	0	0	27	0	0	0	0	0	0	0	0	9	0	0	0	0	61	0	0	0	0	0	0	0	204	6	0	0	0	0	0	0	55	54	0	0	0	0	0	0	30
assemblage-488-656	0	0	0	0	0	0	0	0	47	0	8	0	0	41	0	0	0	0	0	0	0	0	12	0	0	0	0	65	0	0	0	0	0	0	0	190	13	0	0	0	0	0	0	57	40	0	0	0	4	0	0	23
assemblage-389-410	0	0	0	0	0	0	17	0	68	0	0	8	0	0	0	28	0	0	0	0	0	64	0	0	0	7	0	35	0	0	8	0	0	0	0	88	29	7	0	10	0	0	26	44	42	0	0	0	0	0	0	19
assemblage-345-403	0	0	0	0	0	0	29	0	55	0	0	0	0	15	0	13	0	0	0	0	0	35	0	0	0	23	0	34	0	0	0	0	0	0	0	124	26	0	0	8	0	0	2	69	37	0	0	0	15	0	0	15
assemblage-483-276	0	0	0	0	0	0	10	0	67	0	0	0	0	14	0	0	0	0	0	0	0	16	0	0	0	9	0	58	0	0	0	0	0	0	0	133	46	0	0	0	0	0	0	68	53	0	0	0	14	0	0	12
assemblage-598-540	0	0	0	0	0	0	8	0	23	0	7	0	0	42	0	0	13	0	0	0	0	0	15	0	0	0	0	54	0	0	0	0	0	0	0	213	10	0	0	0	0	0	0	37	49	0	0	0	0	0	0	29
assemblage-508-408	0	0	0	0	0	0	8	0	53	0	0	0	0	27	0	0	0	0	0	0	0	0	0	0	0	0	0	67	0	0	0	0	0	0	0	163	29	0	0	0	0	0	0	69	49	0	0	0	4	0	0	31
assemblage-443-448	0	0	0	0	0	4	3	0	26	14	0	0	22	48	0	0	0	0	0	0	0	0	40	0	0	0	0	16	0	0	0	9	0	8	0	166	0	0	0	0	6	0	0	96	9	0	0	0	0	0	16	17
assemblage-441-558	0	0	0	0	0	6	0	0	28	12	0	0	18	63	0	0	0	0	0	0	0	0	48	0	0	0	0	21	0	0	0	7	0	4	0	147	0	0	0	0	9	0	0	89	15	0	5	0	0	0	7	21
assemblage-598-466	0	0	0	0	0	0	6	0	19	0	0	0	0	57	0	0	0	0	0	0	0	0	31	0	0	0	0	31	0	0	0	0	0	6	0	194	0	0	0	0	0	0	0	90	32	0	9	0	0	0	0	25
assemblage-413-336	0	0	0	0	0	0	5	0	22	0	0	0	0	62	0	0	0	0	0	0	0	0	36	0	0	0	0	18	0	0	0	0	0	3	0	186	0	0	0	0	0	0	0	84	45	0	10	0	0	0	0	29
assemblage-633-584	0	0	0	0	0	6	5	0	34	16	0	0	15	67	0	0	0	0	0	0	0	0	52	0	0	0	0	18	0	0	0	5	0	10	0	154	0	0	0	0	10	0	0	77	11	0	0	0	0	0	4	16
assemblage-562-542	0	0	0	0	0	6	9	0	23	11	0	0	17	50	0	0	0	0	0	0	0	0	38	0	0	0	0	29	0	0	0	10	0	7	0	173	0	0	0	0	10	0	0	80	12	0	0	0	0	0	8	17
assemblage-343-490	0	0	0	0	0	0	7	0	13	0	0	0	0	57	0	0	0	0	0	0	0	0	42	0	0	0	0	33	0	0	0	0	0	5	0	190	0	0	0	0	0	0	0	73	34	0	13	0	0	0	0	33
assemblage-424-495	0	0	0	0	0	0	5	0	73	0	0	0	0	42	0	0	0	0	0	0	0	0	0	0	0	0	0	40	0	0	0	0	0	0	0	186	33	0	0	0	0	0	0	64	27	0	0	0	8	0	0	22
assemblage-356-528	0	0	0	0	0	9	6	0	25	8	0	0	12	49	0	0	0	0	0	0	0	0	55	0	0	0	0	17	0	0	0	11	0	0	0	151	0	0	0	0	10	0	0	100	7	0	0	0	0	0	10	30
assemblage-445-476	0	0	0	0	0	0	5	0	57	0	0	0	0	41	0	0	0	0	0	0	0	7	0	0	0	0	0	46	0	0	0	0	0	0	0	204	16	0	0	0	0	0	0	67	31	0	0	0	14	0	0	12
assemblage-623-440	0	0	0	0	0	0	27	0	14	0	0	0	0	36	0	0	0	0	0	0	0	0	4	0	0	0	0	40	0	0	0	0	0	0	0	220	0	0	0	0	0	0	0	61	59	0	14	0	0	0	0	25
assemblage-665-452	0	0	0	0	0	0	0	0	97	0	0	0	0	0	16	32	0	0	0	7	0	61	0	0	0	7	0	31	0	0	2	0	0	0	6	85	11	12	0	12	0	0	40	25	28	0	0	6	0	0	0	22
assemblage-519-455	0	0	0	0	0	0	0	0	95	0	0	0	0	0	16	29	0	0	0	7	0	48	0	0	0	9	0	40	0	0	0	0	0	0	3	78	10	27	0	14	0	0	40	30	28	0	0	0	0	0	0	26
assemblage-300-435	0	0	0	0	0	0	44	0	42	0	0	0	0	15	0	25	0	0	0	0	0	36	0	0	0	32	0	31	0	0	0	0	0	0	0	102	16	0	0	3	0	0	15	62	48	0	0	0	13	0	0	16
assemblage-404-560	0	0	0	0	0	0	20	0	5	0	8	0	0	34	0	0	0	0	0	0	0	0	6	0	0	0	0	40	0	0	0	0	0	0	0	201	0	0	0	0	0	0	0	75	69	0	10	0	0	0	0	32
assemblage-525-433	0	0	0	0	0	0	0	0	78	0	0	0	0	0	6	27	0	0	0	5	0	45	0	0	0	16	0	42	0	0	0	0	0	0	5	82	15	21	0	26	0	0	27	29	38	0	0	0	0	0	0	38
assemblage-437-342	0	0	0	0	0	0	5	12	24	0	9	0	0	50	0	0	5	0	0	0	0	0	9	4	0	0	0	45	0	0	0	0	0	0	0	202	13	0	0	0	0	0	0	50	47	0	0	0	0	0	0	25
assemblage-337-459	0	0	0	0	0	0	15	0	72	0	0	0	0	15	0	9	0	0	0	0	0	15	0	0	0	7	0	61	0	0	0	0	0	0	0	132	31	0	0	0	0	0	0	71	42	0	0	0	10	0	0	20
assemblage-639-638	0	0	0	0	0	0	0	0	27	0	0	0	0	45	0	0	0	0	0	0	0	0	33	0	0	0	0	26	0	0	0	0	0	6	0	188	0	0	0	0	0	0	0	76	53	0	12	0	0	9	0	25
assemblage-470-468	0	0	0	0	0	0	21	0	75	0	0	0	0	27	0	0	0	0	0	0	0	14	0	0	0	9	0	52	0	0	0	0	0	0	0	131	31	0	0	0	0	0	0	57	50	0	0	0	13	0	0	20
assemblage-255-510	0	0	0	0	0	0	7	0	68	0	0	0	0	35	0	0	0	0	0	0	0	9	0	0	0	0	0	34	0	0	0	0	0	0	0	189	23	0	0	0	0	0	0	76	32	0	0	0	13	0	0	14
assemblage-530-477	0	0	0	0	0	0	24	0	76	0	0	6	0	0	0	28	0	0	0	0	0	68	0	0	0	9	0	26	0	0	8	0	0	0	0	102	18	0	0	10	0	0	21	42	50	0	0	0	0	0	0	12
assemblage-465-469	0	0	0	0	0	0	0	0	88	0	0	0	0	0	15	38	0	0	0	5	0	45	0	0	0	12	0	33	0	0	0	0	0	0	18	79	12	20	0	13	0	0	34	35	28	0	0	0	0	0	0	25
assemblage-465-544	0	0	0	0	0	0	7	0	12	0	0	0	0	60	0	0	0	0	0	0	0	0	31	0	0	0	0	25	0	0	0	0	0	0	0	191	0	0	0	0	0	0	0	83	40	0	15	0	0	4	0	32
assemblage-504-537	0	0	0	0	0	0	17	0	94	0	0	9	0	0	0	20	0	0	0	0	0	56	0	0	0	7	0	25	0	0	11	0	0	0	0	109	37	0	0	7	0	0	17	29	39	0	0	0	0	0	0	23
assemblage-429-313	0	0	0	0	0	9	3	0	25	8	0	0	21	50	0	0	0	0	0	0	0	0	33	0	0	0	0	16	0	0	0	20	0	7	0	174	0	0	0	0	5	0	0	97	11	0	0	0	0	0	11	10
assemblage-390-657	0	0	0	0	0	0	16	0	74	0	0	0	0	16	0	4	0	0	0	0	0	13	0	0	0	7	0	62	0	0	0	0	0	0	0	136	34	0	0	0	0	0	0	75	42	0	0	0	10	0	0	11
assemblage-576-508	0	0	0	0	0	0	7	0	69	0	0	0	0	27	0	0	0	0	0	0	0	0	0	0	0	0	0	41	0	0	0	0	0	0	0	198	15	0	0	0	0	0	0	72	30	7	0	0	11	0	0	23
assemblage-435-567	0	0	0	0	3	0	8	0	30	0	10	0	0	57	0	0	4	0	0	0	0	0	20	9	0	0	0	36	0	0	0	0	0	0	0	194	20	0	0	0	0	0	0	63	36	0	0	0	0	0	0	10
assemblage-586-500	0	0	0	0	0	0	7	0	71	0	0	0	0	38	0	0	0	0	0	0	0	6	0	0	0	0	0	39	0	0	0	0	0	0	0	178	26	0	0	0	0	0	0	69	37	0	0	0	15	0	0	14
assemblage-435-407	0	0	0	0	0	0	29	0	45	0	0	0	0	10	0	29	0	0	0	0	0	48	0	0	0	20	0	20	0	0	0	0	0	0	0	112	26	0	0	7	0	0	8	69	55	0	0	0	11	0	0	11
assemblage-513-505	6	0	0	0	0	0	0	0	84	0	0	0	0	0	10	33	0	0	0	7	0	49	0	0	0	8	0	32	0	0	3	0	0	0	11	79	12	19	0	17	0	0	35	43	23	0	0	0	0	0	0	29
assemblage-662-471	0	0	0	0	0	0	5	0	25	0	0	0	0	66	0	0	0	0	0	0	0	0	27	0	0	0	0	19	0	0	0	0	0	10	0	170	0	0	0	0	0	0	0	90	36	0	7	0	0	0	0	45
assemblage-607-312	0	0	0	0	0	0	0	0	42	0	6	0	0	30	0	0	0	0	0	0	0	0	0	0	0	0	0	62	0	0	0	0	0	0	0	194	4	0	0	0	0	0	0	87	43	0	0	0	0	0	0	32
assemblage-494-373	0	0	0	0	0	0	6	0	76	0	0	0	0	27	0	0	0	0	0	0	0	11	0	0	0	0	0	50	0	0	0	0	0	0	0	169	21	0	0	0	0	0	0	69	37	0	0	0	13	0	0	21
assemblage-491-463	0	0	0	0	0	0	0	0	74	0	0	0	0	0	13	20	0	0	0	9	0	53	0	0	0	9	0	35	0	0	0	0	0	0	3	107	8	21	0	14	0	0	34	32	31	0	0	6	0	0	0	31
assemblage-489-624	0	0	0	0	5	0	5	0	27	0	10	0	0	37	0	0	11	0	0	0	0	0	10	8	0	0	0	56	0	0	0	0	0	0	0	214	13	0	0	0	0	0	0	49	36	0	0	0	0	0	0	19
assemblage-444-552	0	0	0	0	0	0	18	0	11	0	0	0	0	39	0	0	0	0	0	0	0	0	7	0	0	0	0	33	0	0	0	0	0	0	0	230	0	0	0	0	0	0	0	60	61	0	10	0	0	0	0	31
assemblage-684-458	0	0	0	0	0	0	9	0	18	0	0	0	0	58	0	0	0	0	0	0	0	0	35	0	0	0	0	27	0	0	0	0	0	0	0	200	0	0	0	0	0	0	0	70	44	0	7	0	0	0	0	32
assemblage-653-581	0	0	0	0	0	0	18	0	54	0	0	0	0	18	0	10	0	0	0	0	0	13	0	0	0	7	0	67	0	0	0	0	0	0	0	136	30	0	0	0	0	0	0	69	55	0	0	0	13	0	0	10
assemblage-593-417	0	0	0	5	0	0	12	0	22	0	0	0	0	60	0	0	0	0	0	0	0	0	37	0	0	0	0	26	0	0	0	0	0	13	0	188	0	0	0	0	0	0	0	78	19	0	13	0	0	0	0	27
assemblage-561-413	0	0	0	0	0	0	3	0	36	0	0	0	0	39	0	0	0	0	0	0	0	0	8	0	0	0	0	63	0	0	0	0	0	0	0	208	6	0	0	0	0	0	0	72	45	0	0	0	0	0	0	20
assemblage-557-369	0	0	0	0	0	0	8	0	16	9	0	0	18	37	0	0	0	0	0	0	0	0	29	0	0	0	0	30	0	0	0	15	0	15	0	180	0	0	0	0	8	0	0	88	13	0	0	0	0	0	9	25
assemblage-522-513	0	0	0	0	0	0	10	0	21	0	0	0	0	52	0	0	0	0	0	0	0	0	40	0	0	0	0	23	0	0	0	0	0	8	0	205	0	0	0	0	0	0	0	66	34	0	5	0	0	0	0	36
assemblage-615-413	0	0	0	0	0	0	9	0	62	0	0	0	0	40	0	0	0	0	0	0	0	0	0	0	0	0	0	46	0	0	0	0	0	0	0	182	26	0	0	0	0	0	0	57	46	0	0	0	9	0	0	23
assemblage-498-583	0	0	0	0	0	0	10	0	74	0	0	0	0	19	0	0	0	0	0	0	0	0	0	0	0	0	0	39	0	0	0	0	0	0	0	182	31	0	0	0	0	0	0	70	40	0	0	0	9	0	0	26
assemblage-588-576	0	0	0	0	0	0	5	0	61	0	0	0	0	20	0	0	0	0	0	0	0	0	0	0	0	0	0	40	0	0	0	0	0	0	0	211	29	0	0	0	0	0	0	77	34	0	0	0	5	0	0	18
assemblage-353-362	0	0	0	0	0	0	0	0	78	0	0	0	0	0	11	40	0	0	0	4	0	45	0	0	0	15	0	41	0	0	5	0	0	0	9	75	13	17	0	23	0	0	35	38	24	0	0	0	0	0	0	27
assemblage-532-742	0	0	0	0	8	0	15	0	31	0	7	0	0	39	0	0	0	0	0	0	0	0	8	0	0	0	0	48	0	0	0	0	0	0	0	204	7	0	0	0	0	0	0	57	59	0	0	0	0	0	0	17
assemblage-534-591	0	0	0	0	0	0	2	0	31	0	11	0	0	43	0	0	5	0	0	0	0	0	14	4	0	0	0	62	0	0	0	0	0	0	0	209	14	0	0	0	0	0	0	47	41	0	0	0	0	0	0	17
assemblage-333-495	0	0	0	0	0	0	29	0	50	0	0	0	0	9	0	24	0	0	0	0	0	41	0	0	0	31	0	39	0	0	0	0	0	0	0	108	21	0	0	9	0	0	11	58	48	0	0	0	8	0	0	14
assemblage-550-679	0	0	0	0	0	0	17	0	64	0	0	0	0	25	0	4	0	0	0	0	0	14	0	0	0	8	0	45	0	0	0	0	0	0	0	133	30	0	0	0	0	0	0	80	51	0	0	0	17	0	0	12
assemblage-511-353	0	0	0	0	0	0	0	0	50	0	9	0	0	38	0	0	0	0	0	0	0	0	5	0	0	0	0	59	0	0	0	0	0	0	0	186	7	0	0	0	0	0	0	80	24	0	0	0	0	0	0	42
assemblage-540-375	0	0	0	0	0	0	0	0	77	0	0	0	0	0	13	31	0	0	0	10	0	49	0	0	0	9	0	36	0	0	9	0	0	0	7	75	8	16	0	30	0	0	44	23	29	0	0	0	0	0	0	34
assemblage-542-538	0	0	0	0	0	0	26	0	87	0	0	10	0	0	0	17	0	0	0	0	0	40	0	0	0	8	0	23	0	0	8	0	0	0	0	116	34	0	0	10	0	0	22	54	32	0	0	0	0	0	0	13
assemblage-510-526	0	0	0	0	0	0	22	0	6	0	10	0	0	36	0	0	0	0	0	0	0	0	11	0	0	0	0	43	0	0	0	0	0	0	0	219	0	0	0	0	0	0	0	62	63	0	7	0	0	0	0	21
assemblage-461-558	0	0	0	0	0	0	35	0	38	0	0	0	0	14	0	14	0	0	0	0	0	42	0	0	0	24	0	27	0	0	0	0	0	0	0	133	25	0	0	9	0	0	5	68	47	0	0	0	9	0	0	10
assemblage-230-538	0	0	0	0	0	0	20	0	8	0	6	0	0	45	0	0	0	0	0	0	0	0	4	0	0	0	0	31	0	0	0	0	0	0	0	216	0	0	0	0	0	0	0	55	70	0	8	0	0	0	0	37
assemblage-634-469	0	0	0	0	0	0	18	0	75	0	0	0	0	32	0	1	0	0	0	0	0	15	0	0	0	4	0	81	0	0	0	0	0	0	0	126	31	0	0	0	0	0	0	55	36	0	0	0	10	0	0	16
assemblage-464-478	0	0	0	0	0	0	16	0	57	0	0	0	0	22	0	7	0	0	0	0	0	10	0	0	0	0	0	51	0	0	0	0	0	0	0	142	36	0	0	0	0	0	0	71	51	0	0	0	16	0	0	21
assemblage-604-694	0	0	0	0	0	0	14	0	66	0	0	0	0	39	0	0	0	0	0	0	0	0	0	0	0	0	0	29	0	0	0	0	0	0	0	191	31	0	0	0	0	6	0	63	29	0	0	0	9	0	0	23
assemblage-575-668	0	0	0	0	0	0	30	0	75	0	0	9	0	0	0	23	0	0	0	0	0	56	0	0	0	10	0	30	0	0	2	0	0	0	0	90	32	6	0	13	0	0	24	35	42	0	0	0	0	0	0	23
assemblage-513-609	0	0	0	0	0	0	28	0	36	0	0	0	0	14	0	18	0	0	0	0	0	46	0	0	0	26	0	37	0	0	0	0	0	0	0	114	21	0	0	8	0	0	11	76	43	0	0	0	8	0	0	14
assemblage-509-331	0	0	0	0	0	0	0	0	37	0	6	0	0	32	0	0	0	0	0	0	0	0	7	0	0	0	0	52	0	0	0	0	0	0	0	190	14	0	0	0	0	0	0	88	48	0	0	0	0	0	0	26
assemblage-573-436	0	0	0	0	0	0	21	0	3	0	0	0	0	44	0	0	0	0	0	0	0	0	11	0	0	0	0	36	0	0	0	0	0	0	0	216	0	0	0	0	0	0	0	73	55	0	14	0	0	4	0	23
assemblage-535-556	0	0	0	0	0	0	0	0	96	0	0	0	0	0	9	45	0	0	0	13	0	55	0	0	0	7	0	26	0	0	0	0	0	0	12	82	8	20	0	12	0	0	37	25	16	0	0	4	0	0	0	33
assemblage-687-637	0	0	0	0	0	0	0	0	42	0	14	0	0	41	0	0	0	0	0	0	0	0	0	0	0	0	0	63	0	0	0	0	0	0	0	197	5	0	0	0	0	0	0	84	31	0	0	0	0	0	0	23
assemblage-393-549	6	0	0	0	0	0	0	0	90	0	0	0	0	0	16	30	0	0	0	10	0	43	0	0	0	12	0	37	0	0	7	0	0	0	13	67	16	20	0	16	0	0	41	23	34	0	0	0	0	0	0	19
assemblage-433-681	0	0	0	0	0	0	0	0	69	0	0	0	0	0	13	30	0	0	0	13	0	43	0	0	0	13	0	34	0	0	0	0	0	0	10	103	7	29	0	17	0	0	38	27	21	0	0	0	0	0	0	33
assemblage-561-368	0	0	0	0	0	0	21	0	81	0	0	6	0	0	0	31	0	0	0	0	0	38	0	0	0	16	0	28	0	0	13	0	0	0	0	109	21	0	0	15	0	0	31	28	41	0	0	0	0	0	0	21
assemblage-518-554	0	0	0	0	0	0	8	0	23	0	0	0	0	68	0	0	0	0	0	0	0	0	21	0	0	0	0	26	0	0	0	0	0	12	0	194	0	0	0	0	0	0	0	89	33	0	7	0	0	0	0	19
assemblage-467-392	0	0	2	0	0	0	6	0	54	0	10	0	0	39	0	0	0	0	0	0	0	0	7	0	0	0	0	58	0	0	0	0	0	0	0	180	11	0	0	0	0	0	0	75	40	0	0	0	0	0	0	18
assemblage-485-380	0	0	0	0	0	0	9	0	71	0	0	0	0	23	0	0	0	0	0	0	0	0	0	0	0	0	0	49	0	0	0	0	0	0	0	191	14	0	0	0	0	0	0	65	47	0	0	0	5	0	0	26
assemblage-487-465	0	0	0	0	0	0	25	0	48	0	0	0	0	14	0	20	0	0	0	0	0	40	0	0	0	35	0	28	0	0	0	0	0	0	0	117	29	0	0	2	0	0	8	52	54	0	0	0	12	0	0	16
assemblage-485-386	0	0	0	0	0	0	21	0	87	0	0	9	0	0	0	19	0	0	0	0	0	44	0	0	0	22	0	23	0	0	9	0	0	0	0	109	22	0	0	12	0	0	21	39	40	0	0	0	0	0	0	23
assemblage-509-612	0	0	0	0	0	0	0	0	66	0	0	0	0	0	10	37	0	0	0	7	0	58	0	0	0	7	0	39	0	0	0	0	0	0	10	95	14	34	0	9	0	0	31	35	25	0	0	0	0	0	0	23
assemblage-531-470	0	0	0	0	0	7	0	0	31	5	0	0	27	49	0	0	0	0	0	0	0	0	50	0	0	0	0	20	0	0	0	16	0	14	0	149	0	0	0	0	18	0	0	71	11	0	0	0	0	0	2	30
assemblage-562-460	0	0	0	0	0	6	0	0	23	4	0	0	19	42	0	0	0	0	0	0	0	0	51	0	0	0	0	20	0	0	0	6	0	15	0	160	0	0	0	0	14	0	0	93	11	0	0	0	0	0	7	29
assemblage-358-519	0	0	0	0	0	0	14	0	67	0	0	0	0	16	0	5	0	0	0	0	0	21	0	0	0	7	0	61	0	0	0	0	0	0	0	139	29	0	0	0	0	0	0	73	39	0	0	0	22	0	0	7
assemblage-538-547	0	0	0	0	0	0	9	0	74	0	0	0	0	20	0	13	0	0	0	0	0	15	0	0	0	7	0	47	0	0	0	0	0	0	0	133	21	0	0	0	0	0	0	87	54	0	0	0	11	0	0	9
assemblage-544-495	0	0	0	0	0	0	4	0	22	0	0	0	0	72	0	0	0	0	0	0	0	0	27	0	0	0	0	25	0	0	0	0	0	9	0	193	0	0	0	0	0	0	0	68	36	0	9	0	0	0	0	35
assemblage-324-504	0	0	0	0	0	0	0	0	45	0	7	0	0	26	0	0	0	0	0	0	0	0	0	0	0	0	0	71	0	0	0	0	0	0	0	185	9	0	0	0	0	0	0	83	42	0	0	0	0	0	0	32
assemblage-532-375	0	0	0	0	0	7	3	0	39	14	0	0	19	44	0	0	0	0	0	0	0	0	44	0	0	0	0	19	4	0	0	12	0	10	0	158	0	0	0	0	12	0	0	86	7	0	0	0	0	0	12	10
assemblage-702-733	0	0	0	0	0	0	10	0	89	0	0	0	0	28	0	0	0	0	0	0	0	0	0	0	0	0	0	44	0	0	0	0	0	0	0	171	16	0	0	0	0	0	0	82	28	0	0	0	16	0	0	16
assemblage-525-380	0	0	0	0	0	0	0	0	46	0	10	0	0	47	0	0	0	0	0	0	0	0	4	0	0	0	0	50	0	0	0	0	0	0	0	203	12	0	0	0	0	0	0	76	29	0	0	0	0	0	0	23
assemblage-424-443	0	0	0	0	0	0	34	0	46	0	0	0	0	12	0	16	0	0	0	0	0	55	0	0	0	28	0	28	0	0	0	0	0	0	0	120	19	0	0	10	0	0	6	72	29	0	0	0	12	0	0	13
assemblage-620-558	0	0	0	0	0	9	8	0	34	12	0	0	12	52	0	0	0	0	0	0	0	0	40	0	0	0	0	24	8	0	0	8	0	5	0	159	0	0	0	0	5	0	0	87	13	0	0	0	0	0	12	12
assemblage-596-533	0	0	0	0	0	0	18	0	14	0	7	0	0	27	0	0	0	0	0	0	0	0	8	0	0	0	0	51	0	0	0	0	0	0	0	219	0	0	0	0	0	0	0	73	56	0	8	0	0	0	0	19
assemblage-386-549	0	0	0	0	10	0	6	6	27	0	10	0	0	57	0	0	6	0	0	0	0	0	10	4	0	0	4	45	0	0	0	0	0	0	0	185	7	0	0	0	0	0	0	61	50	0	0	0	0	0	0	12
assemblage-341-494	0	0	0	0	0	0	14	0	77	0	0	0	0	14	0	0	0	0	0	0	0	22	0	0	0	8	0	48	0	0	0	0	0	0	0	143	25	0	0	0	0	0	0	76	39	0	0	0	18	0	0	16
assemblage-427-494	0	0	0	0	0	0	36	0	53	0	0	0	0	7	0	12	0	0	0	0	0	43	0	0	0	32	0	26	0	0	0	0	0	0	0	133	21	0	0	10	0	0	10	44	52	0	0	0	8	0	0	13
assemblage-646-432	0	0	0	0	0	0	11	0	69	0	0	0	0	23	0	0	0	0	0	0	0	13	0	0	0	2	0	52	0	0	0	0	0	0	0	150	32	0	0	0	0	0	0	61	46	0	0	0	16	0	0	25
assemblage-572-671	0	0	0	0	0	0	7	0	58	0	0	0	0	32	0	0	0	0	0	0	0	5	0	0	0	0	0	47	0	0	0	0	0	0	0	196	23	0	0	0	0	0	0	75	35	0	0	0	10	0	0	12
assemblage-621-505	0	0	0	0	0	0	14	0	66	0	0	0	0	17	0	4	0	0	0	0	0	15	0	0	0	8	0	69	0	0	0	0	0	0	0	129	28	0	0	0	0	0	0	76	45	0	0	0	19	0	0	10
assemblage-330-531	0	0	0	0	0	0	21	0	99	0	0	11	0	0	0	27	0	0	0	0	0	52	0	0	0	26	0	17	0	0	14	0	0	0	0	100	24	0	0	7	0	0	25	30	34	0	0	0	0	0	0	13
assemblage-527-553	0	0	0	0	0	0	0	0	52	0	11	0	0	41	0	0	0	0	0	0	0	0	5	0	0	0	0	54	0	0	0	0	0	0	0	188	20	0	0	0	0	0	0	55	47	0	0	0	0	0	0	27
assemblage-387-565	0	0	0	0	0	0	14	0	59	0	0	0	0	22	0	6	0	0	0	0	0	18	0	0	0	4	0	53	0	0	0	0	0	0	0	139	38	0	0	0	0	0	0	70	46	0	0	0	19	0	0	12
assemblage-609-260	0	0	0	6	0	0	10	0	22	0	0	0	0	45	0	0	0	0	0	0	0	0	26	0	0	0	0	26	0	0	0	0	0	12	0	193	0	0	0	0	0	0	0	85	39	0	6	0	0	0	0	30
assemblage-500-400	0	0	0	0	0	9	10	0	26	5	0	0	22	58	0	0	0	0	0	0	0	0	41	0	0	0	0	19	0	0	0	13	0	9	0	167	0	0	0	0	6	0	0	84	7	0	0	0	0	0	10	14
assemblage-496-588	0	0	0	0	0	0	0	0	50	0	9	0	0	35	0	0	0	0	0	0	0	0	8	0	0	0	0	37	0	0	0	0	0	0	0	220	11	0	0	0	0	0	0	68	35	0	0	0	0	0	0	27
assemblage-484-666	0	0	0	0	0	0	21	0	2	0	8	0	0	36	0	0	0	0	0	0	0	0	13	0	0	0	0	47	0	0	0	0	0	0	0	209	0	0	0	0	0	0	0	58	63	0	12	0	0	0	0	31
assemblage-462-573	0	0	0	0	0	9	4	0	30	13	0	0	14	48	0	0	0	0	0	0	0	0	50	0	0	0	0	16	0	0	0	7	0	9	0	189	0	0	0	0	14	0	0	64	12	0	0	0	0	0	7	14
assemblage-746-449	0	0	0	0	0	0	26	0	34	0	0	0	0	12	0	16	0	0	0	0	0	40	0	0	0	26	0	31	0	0	0	0	0	0	0	130	26	0	0	11	0	0	15	64	42	0	0	0	9	0	0	18
assemblage-362-460	0	0	0	0	0	0	29	0	32	0	0	0	0	16	0	9	0	0	0	0	0	35	0	0	0	28	0	27	0	0	0	0	0	0	0	116	21	0	0	14	0	0	15	78	57	0	0	0	7	0	0	16
assemblage-424-529	0	0	0	6	0	0	13	0	10	0	4	0	0	32	0	0	0	0	0	0	0	0	6	0	0	0	0	53	0	0	0	0	0	0	0	211	0	0	0	0	0	0	0	84	46	0	10	0	0	0	0	25
assemblage-646-444	0	0	0	0	0	0	12	0	88	0	0	11	0	0	0	21	0	0	0	0	0	59	0	0	0	11	0	30	0	0	11	0	0	0	0	97	18	0	0	5	0	0	29	44	43	0	0	0	0	0	0	21
assemblage-315-462	0	0	0	0	0	0	39	0	53	0	0	0	0	13	0	16	0	0	0	0	0	56	0	0	0	28	0	26	0	0	0	0	0	0	0	102	13	0	0	6	0	0	10	61	53	0	0	0	13	0	0	11
assemblage-442-547	0	0	0	0	0	0	19	0	76	0	0	9	0	0	0	21	0	0	0	0	0	57	0	0	0	6	0	30	0	0	12	0	0	0	0	100	19	0	0	20	0	0	34	32	36	0	0	0	0	0	0	29
assemblage-462-580	0	0	0	0	0	10	7	0	24	7	0	0	13	47	0	0	0	0	0	0	0	0	42	0	0	0	0	20	0	0	0	6	0	9	0	163	0	0	0	0	5	0	0	109	9	0	0	0	0	0	11	18
assemblage-520-613	0	0	0	0	0	0	14	0	65	0	0	0	0	19	0	4	0	0	0	0	0	10	0	0	0	9	0	46	0	0	0	0	0	0	0	142	35	0	0	0	0	0	0	71	48	0	0	0	27	0	0	10
assemblage-447-549	9	0	0	0	0	0	0	0	77	0	0	5	0	0	14	26	0	0	0	6	0	56	0	0	0	5	0	34	0	0	0	0	0	0	9	84	8	28	0	13	0	0	45	30	29	0	0	0	0	0	0	22
assemblage-619-552	0	0	0	0	4	0	0	0	27	0	7	0	0	44	0	0	8	0	0	0	0	0	14	0	0	0	0	69	0	0	0	0	0	0	0	176	16	0	0	0	0	0	0	65	48	0	0	0	0	0	0	22
assemblage-468-520	0	0	0	0	0	0	0	0	35	0	11	0	0	60	0	0	0	0	0	0	0	0	0	0	0	0	0	47	0	0	0	0	0	0	0	203	10	0	0	0	0	0	0	66	41	0	0	0	0	0	0	27
assemblage-481-478	0	0	0	0	0	0	12	0	6	0	0	0	0	38	0	0	0	0	0	0	0	0	18	0	0	0	0	33	0	0	0	0	0	0	0	227	0	0	0	0	0	0	0	76	48	0	11	0	0	0	0	31
assemblage-530-446	0	0	0	0	0	0	9	0	66	0	0	0	0	32	0	0	0	0	0	0	0	10	0	0	0	0	0	46	0	0	0	0	0	0	0	162	25	0	0	0	0	0	0	70	36	0	0	0	8	0	0	36
assemblage-326-573	0	0	6	0	0	0	0	0	43	0	7	0	0	22	0	0	0	0	0	0	0	0	0	0	0	0	0	38	0	0	0	0	0	0	0	218	13	0	0	0	0	0	0	60	56	0	0	0	0	0	0	37
assemblage-423-730	0	0	0	0	0	0	0	0	23	0	4	0	0	58	0	0	8	0	0	0	0	0	16	0	0	0	0	55	0	0	0	0	0	0	0	191	13	0	0	0	0	0	0	58	43	0	0	0	0	0	0	31
assemblage-631-375	0	0	0	0	0	7	4	0	30	12	0	0	21	47	0	0	0	0	0	0	0	0	40	0	0	0	0	20	0	0	0	11	0	7	0	155	0	0	0	0	15	0	0	89	7	0	0	0	0	0	14	21
assemblage-517-514	0	0	0	0	0	6	6	0	23	6	0	0	21	50	0	0	0	0	0	0	0	0	38	0	0	0	0	30	0	0	0	13	0	11	0	135	0	0	0	0	7	0	0	102	22	0	0	0	0	0	11	19
assemblage-543-670	0	0	0	0	0	0	18	0	6	0	7	0	0	44	0	0	0	0	0	0	0	0	20	0	0	0	0	42	0	0	0	0	0	0	0	216	0	0	0	0	0	0	0	58	53	0	6	0	0	0	0	30
assemblage-556-482	0	0	0	0	0	0	3	0	70	0	0	0	0	36	0	0	0	0	0	0	0	0	0	0	0	0	0	41	0	0	0	0	0	0	0	195	27	0	0	0	0	0	0	70	15	0	0	0	19	0	0	24
assemblage-504-504	0	0	0	0	11	0	20	0	15	0	0	0	0	35	0	0	0	0	0	0	0	0	11	0	0	0	0	33	0	0	0	0	0	0	0	200	0	0	0	0	0	0	0	71	65	0	15	0	0	0	0	24
assemblage-584-478	0	0	0	0	0	0	10	0	31	7	0	0	17	37	0	0	0	0	0	0	0	0	30	0	0	0	0	35	0	0	0	7	0	6	0	183	0	0	0	0	4	0	0	91	5	0	0	0	0	0	14	23
assemblage-578-596	0	0	0	0	0	0	0	0	50	0	7	0	0	27	0	0	0	0	0	0	0	0	8	0	0	0	0	62	0	0	0	0	0	0	0	181	13	0	0	0	0	0	0	74	46	0	0	0	0	0	0	32
assemblage-548-431	0	0	0	0	0	0	4	0	69	0	0	0	0	17	0	3	0	0	0	0	0	21	0	0	0	0	0	53	0	0	0	0	0	0	0	140	33	0	0	0	0	0	0	88	39	0	0	0	17	0	0	16
assemblage-584-407	0	0	0	0	0	11	2	0	18	6	0	0	26	47	0	0	0	0	0	0	0	0	38	0	0	0	0	16	0	0	0	8	0	6	0	167	0	0	0	0	12	0	0	103	16	0	0	0	0	0	9	15
assemblage-539-470	0	0	0	0	0	0	0	0	28	0	0	0	0	52	0	0	0	0	0	0	0	0	23	0	0	0	0	26	0	0	0	0	0	0	0	213	0	0	0	0	0	0	0	78	27	0	14	0	0	8	0	31
assemblage-392-436	0	0	0	0	0	0	10	0	22	0	0	0	0	58	0	0	0	0	0	0	0	0	25	0	0	0	0	24	0	0	0	0	0	7	0	183	0	0	0	0	0	0	0	88	45	0	2	0	0	0	0	36
assemblage-539-478	0	0	0	0	0	4	9	0	22	20	0	0	20	55	0	0	0	0	0	0	0	0	33	0	0	0	0	27	0	0	0	11	0	8	0	153	0	0	0	0	5	0	0	93	9	0	0	0	0	0	12	19
assemblage-735-485	0	0	0	0	0	0	8	0	69	0	0	0	0	39	0	0	0	0	0	0	0	0	0	0	0	0	0	48	0	0	0	0	0	0	0	187	24	0	0	0	0	0	0	54	35	0	0	0	6	0	0	30
assemblage-414-450	0	0	0	0	0	5	5	0	27	8	0	0	18	51	0	0	0	0	0	0	0	0	54	0	0	0	0	20	0	0	0	14	0	2	0	143	0	0	0	0	12	0	0	99	19	0	0	0	0	0	8	15
assemblage-511-498	0	0	0	0	4	0	12	0	8	0	0	0	0	27	0	0	0	0	0	0	0	0	19	0	0	0	0	38	0	0	0	0	0	0	0	224	0	0	0	0	0	0	0	53	60	0	18	0	0	0	0	37
assemblage-708-415	0	0	0	0	0	0	26	0	90	0	0	1	0	0	0	35	0	0	0	0	0	38	0	0	0	9	0	21	0	0	8	0	0	0	0	96	25	0	0	9	0	0	32	46	43	0	0	0	0	0	0	21
assemblage-494-424	0	0	0	0	2	0	9	0	29	0	6	0	0	55	0	0	4	0	0	0	0	0	10	0	0	0	0	57	0	0	0	0	0	0	0	227	11	0	0	0	0	0	0	47	30	0	0	0	0	0	0	13
assemblage-402-661	0	0	0	0	0	0	5	0	18	0	0	0	0	65	0	0	0	0	0	0	0	0	43	0	0	0	0	26	0	0	0	0	0	7	0	187	0	0	0	0	0	0	0	85	42	0	6	0	0	0	0	16
assemblage-490-273	0	0	0	0	0	0	27	0	52	0	0	0	0	19	0	22	0	0	0	0	0	38	0	0	0	29	0	26	0	0	0	0	0	0	0	119	21	0	0	11	0	0	0	57	55	0	0	0	8	0	0	16
assemblage-484-480	0	0	0	0	0	0	4	0	26	12	0	0	22	43	0	0	0	0	0	0	0	0	38	0	0	0	0	23	0	0	0	10	0	12	0	166	0	0	0	0	9	0	0	100	9	0	0	0	0	0	8	18
assemblage-643-624	0	0	0	0	0	0	40	0	35	0	0	0	0	10	0	21	0	0	0	0	0	40	0	0	0	19	0	30	0	0	0	0	0	0	0	118	28	0	0	9	0	0	9	56	49	0	0	0	18	0	0	18
assemblage-517-425	0	0	0	5	0	0	12	0	12	0	0	0	0	61	0	0	0	0	0	0	0	0	36	0	0	0	0	14	0	0	0	0	0	10	0	188	0	0	0	0	0	0	0	84	30	0	9	0	0	0	0	39
assemblage-571-521	0	0	8	0	0	0	0	0	64	0	7	0	0	39	0	0	0	0	0	0	0	0	0	0	0	0	0	51	0	0	0	0	0	0	0	176	8	0	0	0	0	0	0	69	55	0	0	0	0	0	0	23
assemblage-575-628	0	0	0	0	0	0	15	0	82	0	0	0	0	24	0	0	0	0	0	0	0	18	0	0	0	0	0	53	0	0	0	0	0	0	0	142	26	0	0	0	0	0	0	62	42	0	0	0	12	0	0	24
assemblage-504-605	0	0	0	0	0	10	6	0	24	14	0	0	22	42	0	0	0	0	0	0	0	0	42	0	0	0	0	23	6	0	0	10	0	4	0	162	0	0	0	0	9	0	0	101	11	0	0	0	0	0	5	9
assemblage-505-604	0	0	0	0	0	0	24	0	71	0	0	0	0	10	0	12	0	0	0	0	0	31	0	0	0	34	0	29	0	0	0	0	0	0	0	118	27	0	0	14	0	0	9	69	39	0	0	0	4	0	0	9
assemblage-593-363	0	0	0	0	0	0	27	0	75	0	0	11	0	0	0	18	0	0	0	0	0	66	0	0	0	7	0	23	0	0	5	0	0	0	0	114	30	0	0	7	0	0	26	46	18	0	0	0	0	0	0	27
assemblage-494-568	0	0	0	0	0	0	0	0	91	0	0	0	0	0	14	33	0	0	0	8	0	49	0	0	0	10	0	29	0	0	0	0	0	0	15	91	7	22	0	15	0	0	24	43	19	0	0	0	0	0	0	30
assemblage-485-592	0	0	0	0	6	0	6	0	42	0	10	0	0	43	0	0	6	0	0	0	0	0	12	5	0	0	0	53	0	0	0	0	0	0	0	215	15	0	0	0	0	0	0	48	30	0	0	0	0	0	0	9
assemblage-401-274	0	0	0	0	0	0	6	0	21	0	7	0	0	56	0	0	6	0	0	0	0	0	5	7	0	0	0	59	0	0	0	0	0	0	0	198	11	0	0	0	0	0	0	56	43	0	0	0	0	0	0	25
assemblage-554-462	0	0	0	0	0	0	7	0	33	0	4	0	0	48	0	0	0	0	0	0	0	0	6	0	0	0	0	66	0	0	0	0	0	0	0	190	4	0	0	0	0	0	0	69	49	0	0	0	0	0	0	24
assemblage-586-332	0	0	0	0	0	0	0	0	81	0	0	0	0	0	17	31	0	0	0	12	0	41	0	0	0	9	0	22	0	0	0	0	0	0	5	98	10	30	0	18	0	0	29	38	34	0	0	2	0	0	0	23
assemblage-459-519	9	0	0	0	0	0	0	0	88	0	0	0	0	0	10	37	0	0	0	13	0	57	0	0	0	9	0	46	0	0	0	0	0	0	6	95	8	18	0	10	0	0	24	27	20	0	0	0	0	0	0	23
assemblage-407-621	0	0	0	0	0	0	4	0	63	0	0	0	0	34	0	0	0	0	0	0	0	0	0	0	0	0	0	44	0	0	0	0	0	0	0	190	22	0	0	0	0	0	0	76	39	0	0	0	8	0	0	20
assemblage-494-697	0	0	0	0	0	0	10	0	63	0	0	0	0	32	0	0	0	0	0	0	0	0	0	0	0	0	0	40	0	0	0	0	0	0	0	200	30	0	0	0	0	0	0	55	35	0	0	0	15	0	0	20
assemblage-614-342	0	0	0	0	0	0	0	0	16	8	0	0	16	61	0	0	0	0	0	0	0	0	63	0	0	0	0	19	0	0	0	3	0	7	0	167	0	0	0	0	10	0	0	78	10	0	0	0	0	0	14	28
assemblage-627-533	0	0	0	0	2	0	6	0	36	0	12	0	0	52	0	0	6	0	0	0	0	0	14	0	0	0	0	66	0	0	0	0	0	0	0	199	12	0	0	0	0	0	0	43	28	0	0	0	0	0	0	24
assemblage-559-406	0	0	0	0	0	7	0	0	32	11	0	0	27	50	0	0	0	0	0	0	0	0	50	0	0	0	0	21	0	0	0	8	0	11	0	142	0	0	0	0	16	0	0	85	12	0	0	0	0	0	6	22
assemblage-459-453	0	0	0	0	0	0	14	0	10	0	2	0	0	32	0	0	0	0	0	0	0	0	10	0	0	0	0	37	0	0	0	0	0	0	0	220	0	0	0	0	0	0	0	74	64	0	4	0	0	0	0	33
assemblage-360-364	0	0	0	0	0	0	20	0	17	0	6	0	0	42	0	0	0	0	0	0	0	0	16	0	0	0	0	35	0	0	0	0	0	0	0	201	0	0	0	0	0	0	0	65	66	0	8	0	0	0	0	24
assemblage-381-517	0	0	0	0	0	0	31	0	57	0	0	0	0	9	0	18	0	0	0	0	0	53	0	0	0	29	0	36	0	0	0	0	0	0	0	108	23	0	0	6	0	0	4	67	38	0	0	0	9	0	0	12
assemblage-469-395	0	0	0	8	0	0	14	0	11	0	0	0	0	60	0	0	0	0	0	0	0	0	27	0	0	0	0	25	0	0	0	0	0	12	0	180	0	0	0	0	0	0	0	79	44	0	11	0	0	5	0	24
assemblage-528-503	0	0	0	0	0	0	19	0	63	0	0	0	0	18	0	0	0	0	0	0	0	8	0	0	0	5	0	45	0	0	0	0	0	0	0	141	30	0	0	0	0	0	0	68	66	0	0	0	12	0	0	25
assemblage-636-465	0	0	0	0	0	0	18	0	47	0	0	0	0	14	0	15	0	0	0	0	0	40	0	0	0	24	0	26	0	0	0	0	0	0	0	136	15	0	0	9	0	0	5	82	51	0	0	0	6	0	0	12
assemblage-541-555	0	0	0	0	0	0	8	0	63	0	0	0	0	42	0	0	0	0	0	0	0	0	0	0	0	0	0	48	0	0	0	0	0	0	0	188	25	0	0	0	0	0	0	63	29	0	0	0	16	0	0	18
assemblage-541-557	0	0	0	8	0	0	8	0	17	0	0	0	0	61	0	0	0	0	0	0	0	0	31	0	0	0	0	39	0	0	0	0	0	7	0	171	0	0	0	0	0	0	0	88	36	0	8	0	0	0	0	26
assemblage-540-418	0	0	0	0	0	0	12	0	96	0	0	10	0	0	0	26	0	0	0	0	0	62	0	0	0	14	0	29	0	0	3	0	0	0	0	94	22	3	0	12	0	0	23	49	31	0	0	0	0	0	0	14
assemblage-631-625	0	0	0	0	0	0	0	0	40	0	7	0	0	37	0	0	0	0	0	0	0	8	0	0	0	0	0	68	0	0	0	0	0	0	0	220	3	0	0	0	0	0	0	60	32	0	0	0	0	0	0	25
assemblage-483-389	0	0	0	0	0	0	18	0	3	0	7	0	0	26	0	0	0	0	0	0	0	0	5	0	0	0	0	32	0	0	0	0	0	0	0	223	0	0	0	0	0	0	0	72	71	0	8	0	0	0	0	35
assemblage-376-551	0	0	0	0	0	0	12	0	61	0	0	0	0	17	0	0	0	0	0	0	0	18	0	0	0	3	0	67	0	0	0	0	0	0	0	124	43	0	0	0	0	0	0	70	44	0	0	0	18	0	0	23
assemblage-364-569	0	0	0	0	0	0	27	0	38	0	0	0	0	10	0	17	0	0	0	0	0	34	0	0	0	34	0	18	0	0	0	0	0	0	0	142	23	0	0	9	0	0	7	63	58	0	0	0	6	0	0	14
assemblage-438-372	0	0	0	0	0	10	6	0	30	11	0	0	15	49	0	0	0	0	0	0	0	0	40	0	0	0	0	15	0	0	0	7	0	9	0	175	0	0	0	0	5	0	0	90	6	0	0	0	0	0	12	20
assemblage-474-577	0	0	0	0	0	0	11	0	74	0	0	0	0	19	0	10	0	0	0	0	0	13	0	0	0	5	0	45	0	0	0	0	0	0	0	138	27	0	0	0	0	0	0	67	48	0	0	0	20	0	0	23
assemblage-313-642	0	0	0	0	0	0	0	0	67	0	0	0	0	0	17	32	0	0	0	7	0	45	0	0	0	12	0	42	0	0	0	0	0	0	5	94	11	37	0	16	0	0	33	33	22	0	0	0	0	0	0	27
assemblage-445-389	0	0	0	0	0	0	7	0	33	0	0	0	0	42	0	0	0	0	0	0	0	0	31	0	0	0	0	19	0	0	0	0	0	12	0	193	0	0	0	0	0	0	0	77	37	0	10	0	0	6	0	33
assemblage-610-367	0	0	0	0	0	0	18	0	9	0	8	0	0	41	0	0	0	0	0	0	0	0	9	0	0	0	0	45	0	0	0	0	0	0	0	221	0	0	0	0	0	0	0	59	57	0	10	0	0	0	0	23
assemblage-635-521	0	0	0	0	9	0	10	0	24	0	8	0	0	53	0	0	0	0	0	0	0	0	9	0	0	0	0	53	0	0	0	0	0	0	0	200	9	0	0	0	0	0	0	53	46	0	0	0	0	0	0	26
assemblage-454-506	0	0	0	0	0	0	14	0	9	0	8	0	0	30	0	0	0	0	0	0	0	0	15	0	0	0	0	37	0	0	0	0	0	0	0	228	0	0	0	0	0	0	0	65	56	0	10	0	0	0	0	28
assemblage-617-450	0	0	0	0	0	0	0	0	45	0	9	0	0	28	0	0	8	0	0	0	0	0	7	0	2	0	0	61	0	0	0	0	0	0	0	183	18	0	0	0	0	0	0	67	54	0	0	0	0	0	0	18
assemblage-508-652	0	0	0	0	0	0	26	0	66	0	0	0	0	13	0	11	0	0	0	0	0	30	0	0	0	27	0	32	0	0	0	0	0	0	0	124	25	0	0	5	0	0	9	58	60	0	0	0	4	0	0	10
assemblage-510-424	0	0	0	0	0	0	13	0	83	0	0	0	0	11	0	4	0	0	0	0	0	13	0	0	0	7	0	57	0	0	0	0	0	0	0	130	24	0	0	0	0	0	0	72	45	0	0	0	22	0	0	19
assemblage-700-366	0	0	0	0	0	0	9	0	29	11	0	0	23	60	0	0	0	0	0	0	0	0	32	0	0	0	0	23	0	0	0	16	0	9	0	131	0	0	0	0	11	0	0	105	10	0	0	0	0	0	14	17
assemblage-391-442	0	0	0	0	0	0	13	0	91	0	0	7	0	0	0	26	0	0	0	0	0	54	0	0	0	13	0	28	0	0	11	0	0	0	0	114	27	0	0	11	0	0	25	20	41	0	0	0	0	0	0	19
assemblage-537-564	0	0	0	0	0	0	16	0	60	0	0	0	0	21	0	0	0	0	0	0	0	14	0	0	0	8	0	62	0	0	0	0	0	0	0	130	34	0	0	0	0	0	0	74	47	0	0	0	14	0	0	20
assemblage-472-392	0	0	0	0	0	0	0	0	85	0	0	0	0	0	12	37	0	0	0	8	0	40	0	0	0	8	0	38	0	0	6	0	0	0	11	87	11	29	0	15	0	0	25	37	28	0	0	5	0	0	0	18
assemblage-446-389	0	0	0	0	0	0	19	0	49	0	0	0	0	12	0	17	0	0	0	0	0	44	0	0	0	29	0	26	0	0	0	0	0	0	0	101	23	0	0	11	0	0	6	72	64	0	0	0	11	0	0	16
assemblage-486-541	11	0	0	0	0	0	0	0	75	0	0	0	0	0	13	41	0	0	0	11	0	60	0	0	0	12	0	43	0	0	0	0	0	0	5	76	12	16	0	7	0	0	37	32	26	0	0	0	0	0	0	23
assemblage-613-581	0	0	0	0	0	0	5	0	35	0	5	0	0	40	0	0	11	0	0	0	0	0	14	10	0	0	0	53	0	0	0	0	0	0	0	196	20	0	0	0	0	0	0	50	43	0	0	0	0	0	0	18
assemblage-503-562	0	0	0	0	0	0	4	0	33	0	0	0	0	70	0	0	0	0	0	0	0	0	23	0	0	0	0	15	0	0	0	0	0	9	0	185	0	0	0	0	0	0	0	83	43	0	12	0	0	4	0	19
assemblage-396-594	0	0	0	0	0	0	19	0	84	0	0	9	0	0	0	30	0	0	0	0	0	52	0	0	0	9	0	43	0	0	7	0	0	0	0	99	22	0	0	9	0	0	22	28	53	0	0	0	0	0	0	14
assemblage-345-414	0	0	0	0	0	0	0	0	69	0	0	0	0	0	3	35	0	0	0	11	0	51	0	0	0	11	0	41	0	0	0	0	0	0	6	91	11	17	0	18	0	0	36	31	30	0	0	0	0	0	0	39
assemblage-365-367	0	0	0	0	0	0	6	0	72	0	0	0	0	37	0	0	0	0	0	0	0	0	0	0	0	0	0	38	0	0	0	0	0	0	0	184	25	0	0	0	0	0	0	62	33	0	0	0	14	0	0	29
assemblage-553-459	0	0	0	0	0	5	7	0	35	9	0	0	23	51	0	0	0	0	0	0	0	0	42	0	0	0	0	25	0	0	0	6	0	10	0	140	0	0	0	0	14	0	0	104	4	0	0	0	0	0	8	17
assemblage-471-212	0	0	0	0	0	0	23	0	54	0	0	0	0	23	0	17	0	0	0	0	0	43	0	0	0	25	0	19	0	0	0	0	0	0	0	120	25	0	0	10	0	0	19	57	49	0	0	0	6	0	0	10
assemblage-505-378	0	0	0	0	0	0	3	0	32	0	11	0	0	45	0	0	3	0	0	0	0	0	18	12	0	0	0	54	0	0	0	0	0	0	0	202	6	0	0	0	0	0	0	46	44	0	0	0	0	0	0	24
assemblage-589-392	0	0	0	0	0	0	10	0	11	0	0	0	0	29	0	0	0	0	0	0	0	0	10	0	0	0	0	42	0	0	0	0	0	0	0	226	0	0	0	0	0	0	0	75	56	0	19	0	0	0	0	22
assemblage-648-407	0	0	0	0	0	0	32	0	40	0	0	0	0	18	0	17	0	0	0	0	0	31	0	0	0	24	0	31	0	0	0	0	0	0	0	106	25	0	0	5	0	0	12	75	62	0	0	0	11	0	0	11
assemblage-626-554	0	0	0	0	0	0	23	0	95	0	0	10	0	0	0	21	0	0	0	0	0	53	0	0	0	18	0	28	0	0	4	0	0	0	0	99	26	0	0	8	0	0	26	43	26	0	0	0	0	0	0	20
assemblage-531-387	0	0	0	0	0	0	3	0	35	10	0	0	21	55	0	0	0	0	0	0	0	0	40	0	0	0	0	18	0	0	0	11	0	9	0	136	0	0	0	0	12	0	0	98	13	0	0	0	0	0	13	26
assemblage-383-552	0	0	0	0	0	4	8	0	23	11	0	0	15	48	0	0	0	0	0	0	0	0	38	0	0	0	0	32	0	0	0	11	0	12	0	151	0	0	0	0	21	0	0	91	8	0	0	0	0	0	6	21
assemblage-525-530	0	0	0	0	0	0	15	0	72	0	0	0	0	45	0	0	0	0	0	0	0	0	0	0	0	0	0	51	0	0	0	0	0	0	0	190	18	0	0	0	0	0	0	57	23	0	0	0	10	0	0	19
assemblage-543-450	0	0	0	0	0	0	11	0	76	0	0	0	0	25	0	10	0	0	0	0	0	13	0	0	0	7	0	58	0	0	0	0	0	0	0	123	30	0	0	0	0	0	0	67	45	0	0	0	21	0	0	14
assemblage-365-560	0	0	9	0	0	0	0	0	76	0	12	0	0	34	0	0	0	0	0	0	0	0	12	0	0	0	0	45	0	0	0	0	0	0	0	180	11	0	0	0	0	0	0	74	33	0	0	0	0	0	0	14
assemblage-696-222	0	0	0	0	0	0	19	0	6	0	0	0	0	37	0	0	0	0	0	0	0	0	10	0	0	0	0	36	0	0	0	0	0	0	0	229	0	0	0	0	0	0	0	53	67	0	9	0	0	0	0	34
assemblage-393-475	0	0	0	0	0	0	13	0	103	0	0	7	0	0	0	23	0	0	0	0	0	47	0	0	0	7	0	34	0	0	10	0	0	0	0	95	17	0	0	13	0	0	21	40	46	0	0	0	0	0	0	24
assemblage-703-427	0	0	0	0	0	0	17	0	67	0	0	0	0	22	0	2	0	0	0	0	0	11	0	0	0	2	0	57	0	0	0	0	0	0	0	121	27	0	0	0	0	0	0	84	50	0	0	0	19	0	0	21
assemblage-394-542	0	0	0	0	6	0	8	0	22	0	9	0	0	61	0	0	5	0	0	0	0	0	10	7	0	0	0	48	0	0	0	0	0	0	0	211	11	0	0	0	0	0	0	38	48	0	0	0	0	0	0	16
assemblage-619-342	0	0	0	0	4	0	8	0	31	0	8	0	0	41	0	0	14	0	0	0	0	0	8	0	0	0	0	60	0	0	0	0	0	0	0	215	10	0	0	0	0	0	0	38	44	0	0	0	0	0	0	19
assemblage-681-571	0	0	0	0	0	0	15	0	14	0	0	0	0	69	0	0	0	0	0	0	0	0	30	0	0	0	0	13	0	0	0	0	0	9	0	197	0	0	0	0	0	0	0	79	43	0	15	0	0	0	0	16
assemblage-534-324	0	0	0	0	0	0	13	0	70	0	0	0	0	18	0	0	0	0	0	0	0	18	0	0	0	8	0	78	0	0	0	0	0	0	0	121	29	0	0	0	0	0	0	74	44	0	0	0	15	0	0	12
assemblage-665-539	0	0	0	0	0	0	23	0	43	0	0	0	0	6	0	27	0	0	0	0	0	52	0	0	0	26	0	17	0	0	0	0	0	0	0	127	32	0	0	14	0	0	12	57	45	0	0	0	11	0	0	8
assemblage-621-693	0	0	0	0	0	0	10	0	29	0	11	0	0	56	0	0	9	0	0	0	0	0	7	6	0	0	0	41	0	0	0	0	0	0	0	194	9	0	0	0	0	0	0	69	36	0	0	0	0	0	0	23
assemblage-349-494	0	0	0	0	2	0	5	0	22	0	13	0	0	43	0	0	13	0	0	0	0	0	13	4	0	0	0	61	0	0	0	0	0	0	0	186	10	0	0	0	0	0	0	58	53	0	0	0	0	0	0	17
assemblage-580-655	0	0	0	0	0	13	3	0	20	6	0	0	21	57	0	0	0	0	0	0	0	0	41	0	0	0	0	22	0	0	0	13	0	11	0	152	0	0	0	0	10	0	0	91	12	0	0	0	0	0	12	16
assemblage-582-447	0	0	10	0	0	0	7	0	61	0	0	0	0	39	0	0	0	0	0	0	0	0	8	0	0	0	0	45	0	0	0	0	0	0	0	186	22	0	0	0	0	0	0	48	53	0	0	0	0	0	0	21
assemblage-390-620	6	0	0	0	0	0	19	0	85	0	0	4	0	0	0	24	0	0	0	0	0	41	0	0	0	10	0	30	0	0	9	0	0	0	0	96	18	0	0	16	0	0	34	43	49	0	0	0	0	0	0	16
assemblage-543-638	0	0	0	0	13	0	5	0	24	0	9	0	0	56	0	0	0	0	0	0	0	0	13	0	0	0	0	49	0	0	0	0	0	0	0	200	8	0	0	0	0	0	0	67	38	0	0	0	0	0	0	18
assemblage-645-556	0	0	0	0	0	0	19	0	65	0	0	6	0	0	0	33	0	0	0	0	0	47	0	0	0	8	0	40	0	0	4	0	0	0	0	115	34	0	0	5	0	0	29	39	38	0	0	0	0	0	0	18
assemblage-515-587	0	0	0	0	0	0	0	0	63	0	8	0	0	33	0	0	0	0	0	0	0	0	3	0	0	0	0	44	0	0	0	0	0	0	0	202	16	0	0	0	0	0	0	60	45	0	0	0	0	0	0	26
assemblage-523-494	0	0	0	0	0	0	0	0	78	0	0	0	0	0	13	31	0	0	0	14	0	41	0	0	0	7	0	32	0	0	8	0	0	0	9	89	21	26	0	24	0	0	33	24	20	0	0	0	0	0	0	30
assemblage-392-572	0	0	0	0	0	0	0	0	81	0	0	0	0	0	12	42	0	0	0	3	0	47	0	0	0	11	0	34	0	0	10	0	0	0	13	91	8	23	0	11	0	0	34	23	34	0	0	0	0	0	0	23
assemblage-575-573	0	0	0	0	0	0	13	0	12	0	6	0	0	31	0	0	0	0	0	0	0	0	6	0	0	0	0	43	0	0	0	0	0	0	0	206	0	0	0	0	0	0	0	62	79	0	14	0	0	0	0	28
assemblage-524-415	0	0	0	0	0	0	0	0	41	0	14	0	0	40	0	0	0	0	0	0	0	0	7	0	0	0	0	60	0	0	0	0	0	0	0	172	15	0	0	0	0	0	0	78	48	0	0	0	0	0	0	25
assemblage-489-537	0	0	0	0	0	0	0	0	53	0	6	0	0	48	0	0	0	0	0	0	0	0	6	0	0	0	0	49	0	0	0	0	0	0	0	194	5	0	0	0	0	0	0	64	50	0	0	0	0	0	0	25
assemblage-392-579	0	0	0	0	0	0	17	0	13	0	1	0	0	24	0	0	0	0	0	0	0	0	13	0	0	0	0	33	0	0	0	0	0	0	0	230	0	0	0	0	0	0	0	62	66	0	11	0	0	0	0	30
assemblage-551-726	0	0	0	0	0	0	8	0	8	0	0	0	0	44	0	0	0	0	0	0	0	0	34	0	0	0	0	28	0	0	0	0	0	1	0	219	0	0	0	0	0	0	0	77	53	0	8	0	0	0	0	20
assemblage-478-397	0	0	0	0	0	0	15	0	18	0	8	0	0	31	0	0	0	0	0	0	0	0	14	0	0	0	0	34	0	0	0	0	0	0	0	236	0	0	0	0	0	0	0	65	56	0	7	0	0	0	0	16
assemblage-462-633	0	0	0	0	5	0	10	0	32	0	7	0	0	54	0	0	6	0	0	0	0	0	14	4	0	0	0	62	0	0	0	0	0	0	0	202	9	0	0	0	0	0	0	36	41	0	0	0	0	0	0	18
assemblage-524-551	0	0	0	0	0	0	6	0	41	0	5	0	0	62	0	0	5	0	0	0	0	0	13	0	0	0	0	47	0	0	0	0	0	0	0	177	17	0	0	0	0	0	0	45	62	0	0	0	0	0	0	20
assemblage-269-372	0	0	0	0	0	0	26	0	76	0	0	12	0	0	0	31	0	0	0	0	0	48	0	0	0	12	0	30	0	0	10	0	0	0	0	94	31	3	0	8	0	0	29	44	27	0	0	0	0	0	0	19
assemblage-452-335	0	0	0	0	0	0	15	0	60	0	0	0	0	16	0	10	0	0	0	0	0	20	0	0	0	0	0	69	0	0	0	0	0	0	0	130	24	0	0	0	0	0	0	72	43	0	0	0	28	0	0	13
assemblage-433-587	0	0	0	0	0	17	3	0	21	11	0	0	18	56	0	0	0	0	0	0	0	0	34	0	0	0	0	33	0	0	0	9	0	9	0	161	0	0	0	0	4	0	0	100	8	0	0	0	0	0	6	10
assemblage-510-497	0	0	0	0	5	0	4	0	37	0	3	0	0	32	0	0	10	0	0	0	0	0	10	5	0	0	0	65	0	0	0	0	0	0	0	210	16	0	0	0	0	0	0	54	31	0	0	0	0	0	0	18
assemblage-327-510	0	0	0	0	0	0	0	0	73	0	0	0	0	0	14	41	0	0	0	8	0	42	0	0	0	8	0	25	0	0	0	0	0	0	17	87	10	17	0	16	0	0	35	38	30	0	0	4	0	0	0	35
assemblage-550-443	0	0	0	0	0	0	5	0	71	0	0	0	0	28	0	0	0	0	0	0	0	2	0	0	0	0	0	62	0	0	0	0	0	0	0	180	27	0	0	0	0	0	0	62	38	0	0	0	8	0	0	17
assemblage-544-701	0	0	0	0	0	0	8	0	28	0	0	0	0	62	0	0	0	0	0	0	0	0	16	0	0	0	0	27	0	0	0	0	0	11	0	193	0	0	0	0	0	0	0	79	37	0	4	0	0	4	0	31
assemblage-522-470	0	0	0	0	0	0	24	0	81	0	0	10	0	0	0	23	0	0	0	0	0	57	0	0	0	5	0	22	0	0	10	0	0	0	0	94	18	5	0	15	0	0	21	43	48	0	0	0	0	0	0	24
assemblage-678-696	0	0	0	0	0	0	27	0	6	0	7	0	0	34	0	0	0	0	0	0	0	0	15	0	0	0	0	30	0	0	0	0	0	0	0	197	0	0	0	0	0	0	0	65	73	0	13	0	0	0	0	33
assemblage-430-391	0	0	0	4	0	0	0	0	19	0	0	0	0	51	0	0	0	0	0	0	0	0	29	0	0	0	0	28	0	0	0	0	0	8	0	207	0	0	0	0	0	0	0	65	48	0	9	0	0	0	0	32
assemblage-499-597	0	0	7	0	0	0	0	0	54	0	5	0	0	49	0	0	0	0	0	0	0	0	7	0	0	0	0	56	0	0	0	0	0	0	0	187	11	0	0	0	0	0	0	59	38	0	0	0	0	0	0	27
assemblage-499-594	0	0	0	0	0	4	6	0	39	10	0	0	24	41	0	0	0	0	0	0	0	0	38	0	0	0	0	22	0	0	0	6	0	12	0	171	0	0	0	0	11	0	0	90	8	0	0	0	0	0	7	11
assemblage-605-626	0	0	0	0	0	0	14	0	62	0	0	0	0	19	0	5	0	0	0	0	0	18	0	0	0	11	0	54	0	0	0	0	0	0	0	135	17	0	0	0	0	0	0	64	62	0	0	0	27	0	0	12
assemblage-368-461	0	0	0	0	0	0	31	0	46	0	0	0	0	16	0	16	0	0	0	0	0	42	0	0	0	35	0	26	0	0	0	0	0	0	0	107	33	0	0	5	0	0	11	70	48	0	0	0	7	0	0	7
assemblage-332-527	0	0	0	0	0	0	0	0	47	0	6	0	0	37	0	0	0	0	0	0	0	0	7	0	0	0	0	47	0	0	0	0	0	0	0	197	12	0	0	0	0	0	0	75	38	0	0	0	0	0	0	34
assemblage-368-468	0	0	0	0	0	8	7	0	26	5	0	0	16	55	0	0	0	0	0	0	0	0	42	0	0	0	0	23	0	0	0	6	0	6	0	167	0	0	0	0	5	0	0	92	14	0	0	0	0	0	14	14
assemblage-426-380	0	0	0	0	0	0	0	0	71	0	0	0	0	0	11	28	0	0	0	5	0	52	0	0	0	18	0	39	0	0	0	0	0	0	8	90	14	11	0	12	0	0	41	27	28	0	0	8	0	0	0	37
assemblage-288-459	0	0	0	0	0	0	6	0	64	0	0	0	0	33	0	0	0	0	0	0	0	0	0	0	0	0	0	46	0	0	0	0	0	0	0	187	29	0	0	0	0	0	0	72	28	0	0	0	11	0	0	24
assemblage-649-515	0	0	0	0	0	0	20	0	63	0	0	0	0	18	0	11	0	0	0	0	0	10	0	0	0	10	0	41	0	0	0	0	0	0	0	140	30	0	0	0	0	0	0	67	54	0	0	0	14	0	0	22
assemblage-419-395	0	0	0	0	0	0	17	0	11	0	5	0	0	31	0	0	0	0	0	0	0	0	19	0	0	0	0	44	0	0	0	0	0	0	0	216	0	0	0	0	0	0	0	58	66	0	9	0	0	0	0	24
assemblage-634-495	0	0	0	0	0	0	8	0	21	0	0	0	0	50	0	0	0	0	0	0	0	0	32	0	0	0	0	18	0	0	0	0	0	8	0	192	0	0	0	0	0	0	0	80	49	0	9	0	0	0	0	33
assemblage-440-473	0	0	0	0	0	0	15	0	63	0	0	0	0	27	0	0	0	0	0	0	0	0	0	0	0	0	0	53	0	0	0	0	0	0	0	180	14	0	0	0	0	0	0	74	51	0	0	0	10	0	0	13
assemblage-348-555	0	0	0	0	6	0	10	0	26	0	8	0	0	38	0	0	9	0	0	0	0	0	12	8	0	0	0	51	0	0	0	0	0	0	0	196	17	0	0	0	0	0	0	54	49	0	0	0	0	0	0	16
assemblage-555-586	0	0	0	0	0	0	17	0	14	0	11	0	0	32	0	0	0	0	0	0	0	0	14	0	0	0	0	46	0	0	0	0	0	0	0	191	0	0	0	0	0	0	0	69	68	0	12	0	0	0	0	26
assemblage-599-337	0	0	0	0	0	0	6	0	32	0	5	0	0	44	0	0	7	0	0	0	0	0	7	4	0	0	0	49	0	0	0	0	0	0	0	221	17	0	0	0	0	0	0	48	38	0	0	0	0	0	0	22
assemblage-605-444	0	0	0	0	0	0	33	0	42	0	0	0	0	10	0	24	0	0	0	0	0	31	0	0	0	26	0	23	0	0	0	0	0	0	0	109	17	0	0	7	0	0	18	74	58	0	0	0	15	0	0	13
assemblage-535-409	0	0	0	0	0	8	6	0	33	6	0	0	26	38	0	0	0	0	0	0	0	0	38	0	0	0	0	24	0	0	0	10	0	10	0	167	0	0	0	0	10	0	0	85	8	0	0	0	0	0	15	16
assemblage-520-586	0	0	0	0	0	2	0	0	36	5	0	0	22	46	0	0	0	0	0	0	0	0	40	0	0	0	0	22	0	0	0	6	0	6	0	145	0	0	0	0	10	0	0	120	13	0	0	0	0	0	4	23
assemblage-425-380	0	0	0	0	0	0	31	0	75	0	0	9	0	0	0	26	0	0	0	0	0	50	0	0	0	5	0	24	0	0	9	0	0	0	0	120	24	0	0	7	0	0	20	34	44	0	0	0	0	0	0	22
assemblage-415-358	0	0	0	0	0	0	17	0	45	0	0	0	0	21	0	12	0	0	0	0	0	44	0	0	0	27	0	26	0	0	0	0	0	0	0	124	25	0	0	16	0	0	9	77	36	0	0	0	7	0	0	14
assemblage-438-651	0	0	0	0	0	0	0	0	83	0	0	0	0	0	5	33	0	0	0	9	0	39	0	0	0	14	0	36	0	0	0	0	0	0	15	73	15	18	0	23	0	0	34	45	33	0	0	0	0	0	0	25
assemblage-564-613	0	0	0	0	0	0	23	0	88	0	0	9	0	0	0	24	0	0	0	0	0	41	0	0	0	5	0	29	0	0	7	0	0	0	0	100	31	0	0	9	0	0	37	42	30	0	0	0	0	0	0	25
assemblage-606-385	0	0	0	0	0	0	30	0	59	0	0	0	0	15	0	14	0	0	0	0	0	43	0	0	0	27	0	25	0	0	0	0	0	0	0	121	26	0	0	16	0	0	9	49	45	0	0	0	7	0	0	14
assemblage-528-554	0	0	0	0	0	0	19	0	8	0	11	0	0	38	0	0	0	0	0	0	0	0	12	0	0	0	0	38	0	0	0	0	0	0	0	210	0	0	0	0	0	0	0	59	59	0	13	0	0	0	0	33
assemblage-407-486	0	0	0	0	0	0	22	0	75	0	0	10	0	0	0	26	0	0	0	0	0	43	0	0	0	8	0	38	0	0	12	0	0	0	0	89	28	0	0	8	0	0	31	34	49	0	0	0	0	0	0	27
assemblage-540-521	0	0	0	0	0	0	8	0	64	0	0	0	0	33	0	0	0	0	0	0	0	0	0	0	0	0	0	50	0	0	0	0	0	0	0	179	21	0	0	0	0	0	0	76	36	0	0	0	12	0	0	21
assemblage-467-475	0	0	0	0	0	0	13	0	64	0	0	0	0	26	0	13	0	0	0	0	0	14	0	0	0	0	0	63	0	0	0	0	0	0	0	126	27	0	0	0	0	0	0	58	58	0	0	0	20	0	0	18
assemblage-491-505	0	0	0	0	0	0	13	0	13	0	6	0	0	27	0	0	0	0	0	0	0	0	13	0	0	0	0	26	0	0	0	0	0	0	0	217	0	0	0	0	0	0	0	61	73	0	19	0	0	0	0	32
assemblage-620-556	0	0	0	0	0	0	6	0	11	0	0	0	0	65	0	0	0	0	0	0	0	0	40	0	0	0	0	28	0	0	0	0	0	10	0	186	0	0	0	0	0	0	0	76	43	0	6	0	0	0	0	29
assemblage-479-543	0	0	0	0	0	0	18	0	87	0	0	5	0	0	0	23	0	0	0	0	0	62	0	0	0	14	0	27	0	0	6	0	0	0	0	113	28	0	0	10	0	0	17	35	35	0	0	0	0	0	0	20
assemblage-444-611	0	0	0	0	8	0	9	0	27	0	4	0	0	49	0	0	8	0	0	0	0	0	13	7	0	0	0	59	0	0	0	0	0	0	0	222	8	0	0	0	0	0	0	42	34	0	0	0	0	0	0	10
assemblage-562-454	0	0	0	0	0	0	12	0	20	0	0	0	0	54	0	0	0	0	0	0	0	0	36	0	0	0	0	18	0	0	0	0	0	6	0	191	0	0	0	0	0	0	0	82	33	0	10	0	0	0	0	38
assemblage-389-481	0	0	0	0	0	0	5	0	22	0	12	0	0	38	0	0	4	0	0	0	0	0	8	7	0	0	0	45	0	0	0	0	0	0	0	208	14	0	0	0	0	0	0	65	53	0	0	0	0	0	0	19
assemblage-531-500	0	0	0	0	0	0	13	0	10	0	1	0	0	30	0	0	0	0	0	0	0	0	10	0	0	0	0	30	0	0	0	0	0	0	0	207	0	0	0	0	0	0	0	75	82	0	16	0	0	0	0	26
assemblage-433-512	0	0	0	0	0	0	12	0	66	0	0	0	0	17	0	8	0	0	0	0	0	18	0	0	0	6	0	51	0	0	0	0	0	0	0	135	34	0	0	0	0	0	0	76	49	0	0	0	11	0	0	17
assemblage-348-558	0	0	0	0	2	0	0	0	19	0	12	0	0	44	0	0	4	0	0	0	0	0	20	0	0	0	0	41	0	0	0	0	0	0	0	218	21	0	0	0	0	0	0	55	48	0	0	0	0	0	0	16
assemblage-495-537	0	0	0	0	0	0	5	0	23	0	0	0	0	56	0	0	0	0	0	0	0	0	30	0	0	0	0	25	0	0	0	0	0	8	0	201	0	0	0	0	0	0	0	68	38	0	5	0	0	2	0	39
assemblage-395-626	0	0	0	0	0	0	18	0	56	0	0	0	0	21	0	19	0	0	0	0	0	45	0	0	0	24	0	27	0	0	0	0	0	0	0	99	27	0	0	15	0	0	6	57	57	0	0	0	7	0	0	22
assemblage-456-495	0	0	0	0	0	0	4	0	62	0	0	0	0	47	0	0	0	0	0	0	0	0	0	0	0	0	0	49	0	0	0	0	0	0	0	183	27	0	0	0	0	0	0	54	45	0	0	0	9	0	0	20
assemblage-581-468	0	0	4	0	0	0	0	0	52	0	7	0	0	36	0	0	9	0	0	0	0	0	0	0	0	0	0	69	0	0	0	0	0	0	0	201	11	0	0	0	0	0	0	68	27	0	0	0	0	0	0	16
assemblage-634-403	0	0	0	0	0	0	17	0	86	0	0	0	0	13	0	0	0	0	0	0	0	8	0	0	0	2	0	62	0	0	0	0	0	0	0	145	32	0	0	0	0	0	0	56	44	0	0	0	18	0	0	17
assemblage-634-715	0	0	0	0	0	0	18	0	13	0	7	0	0	25	0	0	0	0	0	0	0	0	8	0	0	0	0	37	0	0	0	0	0	0	0	233	0	0	0	0	0	0	0	57	61	0	14	0	0	0	0	27
assemblage-431-606	0	0	0	0	0	0	31	0	56	0	0	0	0	9	0	14	0	0	0	0	0	42	0	0	0	30	0	27	0	0	0	0	0	0	0	112	27	0	0	5	0	0	4	65	44	0	0	0	12	0	0	22
assemblage-555-518	0	0	0	0	0	0	24	0	85	0	0	11	0	0	0	26	0	0	0	0	0	50	0	0	0	5	0	24	0	0	9	0	0	0	0	85	38	4	0	14	0	0	21	48	46	0	0	0	0	0	0	10
assemblage-467-505	0	0	0	0	0	0	11	0	81	0	0	0	0	18	0	5	0	0	0	0	0	8	0	0	0	0	0	66	0	0	0	0	0	0	0	130	21	0	0	0	0	0	0	61	61	0	0	0	24	0	0	14
assemblage-516-456	0	0	0	0	0	0	7	0	65	0	0	0	0	32	0	0	0	0	0	0	0	0	0	0	0	0	0	40	0	0	0	0	0	0	0	189	23	0	0	0	0	0	0	69	41	0	0	0	13	0	0	21
assemblage-424-635	0	0	0	0	0	0	5	0	82	0	0	0	0	49	0	0	0	0	0	0	0	0	0	0	0	0	0	50	0	0	0	0	0	0	0	194	24	0	0	0	0	0	0	36	32	0	0	0	10	0	0	18
assemblage-480-528	0	0	0	0	0	0	9	0	66	0	0	0	0	29	0	0	0	0	0	0	0	8	0	0	0	0	0	50	0	0	0	0	0	0	0	194	19	0	0	0	0	0	0	67	33	0	0	0	9	0	0	16
assemblage-584-362	0	0	0	0	0	0	20	0	67	0	0	0	0	22	0	4	0	0	0	0	0	16	0	0	0	7	0	51	0	0	0	0	0	0	0	134	29	0	0	0	0	0	0	56	59	0	0	0	29	0	0	6
assemblage-431-586	0	0	0	0	0	0	0	0	82	0	0	0	0	0	11	50	0	0	0	5	0	52	0	0	0	11	0	34	0	0	0	0	0	0	11	79	12	21	0	17	0	0	38	27	21	0	0	0	0	0	0	29
assemblage-526-324	0	0	0	0	0	0	0	0	87	0	0	0	0	0	5	39	0	0	0	11	0	49	0	0	0	6	0	33	0	0	0	0	0	0	9	82	14	16	0	19	0	0	50	25	28	0	0	0	0	0	0	27
assemblage-582-448	0	0	0	0	0	0	11	0	16	0	0	0	0	53	0	0	0	0	0	0	0	0	38	0	0	0	0	18	0	0	0	0	0	16	0	200	0	0	0	0	0	0	0	75	40	0	8	0	0	8	0	17
assemblage-609-554	0	0	7	0	0	0	0	0	55	0	10	0	0	27	0	0	0	0	0	0	0	0	6	0	9	0	0	54	0	0	0	0	0	0	0	191	4	0	0	0	0	0	0	73	46	0	0	0	0	0	0	18
assemblage-437-568	0	0	0	0	0	0	0	0	73	0	0	0	0	0	18	37	0	0	0	7	0	46	0	0	0	13	0	35	0	0	0	0	0	0	11	92	4	34	0	13	0	0	37	34	28	0	0	0	0	0	0	18
assemblage-584-311	0	0	0	0	0	0	41	0	43	0	0	0	0	20	0	11	0	0	0	0	0	37	0	0	0	20	0	23	0	0	0	0	0	0	0	136	32	0	0	8	0	0	7	60	39	0	0	0	12	0	0	11
assemblage-507-514	0	0	0	0	0	3	9	0	33	16	0	0	14	51	0	0	0	0	0	0	0	0	36	0	0	0	0	26	0	0	0	10	0	8	0	146	0	0	0	0	11	0	0	98	10	0	0	0	0	0	7	22
assemblage-417-720	0	0	0	0	0	0	22	0	78	0	0	4	0	0	0	16	0	0	0	0	0	63	0	0	0	12	0	31	0	0	10	0	0	0	0	111	21	0	0	24	0	0	17	37	34	0	0	0	0	0	0	20
assemblage-556-572	0	0	0	0	0	0	15	0	10	0	0	0	0	40	0	0	0	0	0	0	0	0	9	0	0	0	0	35	0	0	0	0	0	0	0	225	0	0	0	0	0	0	0	82	57	0	12	0	0	0	0	15
assemblage-375-541	0	0	0	0	0	0	18	0	71	0	0	7	0	0	0	31	0	0	0	0	0	62	0	0	0	7	0	29	0	0	0	0	0	0	0	107	30	0	0	17	0	0	31	32	36	0	0	0	0	0	0	22
assemblage-506-749	0	0	0	0	0	0	10	0	72	0	0	0	0	24	0	0	0	0	0	0	0	0	0	0	0	0	0	33	0	0	0	0	0	0	0	207	21	0	0	0	0	0	0	64	37	0	0	0	7	0	0	25
assemblage-415-630	0	0	0	0	0	0	24	0	84	0	0	8	0	0	0	25	0	0	0	0	0	57	0	0	0	6	0	28	0	0	6	0	0	0	0	99	23	0	0	13	0	0	18	43	40	0	0	0	0	0	0	26
assemblage-641-457	0	0	0	0	0	0	16	0	5	0	9	0	0	41	0	0	0	0	0	0	0	0	8	0	0	0	0	38	0	0	0	0	0	0	0	202	0	0	0	0	0	0	0	65	58	0	13	0	0	0	0	45
assemblage-478-729	0	0	0	0	0	0	4	0	18	0	0	0	0	67	0	0	0	0	0	0	0	0	42	0	0	0	0	37	0	0	0	0	0	8	0	194	0	0	0	0	0	0	0	58	32	0	10	0	0	7	0	23
assemblage-516-671	0	0	0	0	0	0	14	0	67	0	0	0	0	16	0	0	0	0	0	0	0	13	0	0	0	0	0	59	0	0	0	0	0	0	0	127	28	0	0	0	0	0	0	84	51	0	0	0	24	0	0	17
assemblage-397-422	8	0	0	0	0	0	0	0	81	0	0	0	0	0	15	33	0	0	0	13	0	60	0	0	0	0	0	40	0	0	0	0	0	0	12	93	15	17	0	17	0	0	28	27	16	0	0	0	0	0	0	25
assemblage-529-325	0	0	0	0	0	0	16	0	9	0	0	0	0	31	0	0	0	0	0	0	0	0	7	0	0	0	0	34	0	0	0	0	0	0	0	213	0	0	0	0	0	0	0	78	59	0	15	0	0	0	0	38
assemblage-439-556	0	0	0	0	0	0	0	0	27	0	0	0	0	55	0	0	0	0	0	0	0	0	30	0	0	0	0	21	0	0	0	0	0	7	0	200	0	0	0	0	0	0	0	75	44	0	13	0	0	3	0	25
assemblage-458-479	6	0	0	0	0	0	0	0	84	0	0	7	0	0	11	40	0	0	0	8	0	50	0	0	0	10	0	30	0	0	6	0	0	0	8	86	16	18	0	15	0	0	34	20	22	0	0	7	0	0	0	22
assemblage-435-464	0	0	0	0	0	0	17	0	6	0	2	0	0	38	0	0	0	0	0	0	0	0	11	0	0	0	0	36	0	0	0	0	0	0	0	221	0	0	0	0	0	0	0	56	72	0	12	0	0	0	0	29
assemblage-442-377	0	0	0	0	0	0	11	0	9	0	0	0	0	40	0	0	0	0	0	0	0	0	12	0	0	0	0	38	0	0	0	0	0	0	0	215	0	0	0	0	0	0	0	57	72	0	11	0	0	0	0	35
assemblage-447-520	0	0	0	0	5	0	9	0	39	0	8	0	0	48	0	0	3	0	0	0	0	0	4	0	0	0	0	56	0	0	0	0	0	0	0	198	10	0	0	0	0	0	0	54	42	0	0	0	0	0	0	24
assemblage-311-422	0	0	0	0	0	0	0	0	24	15	0	0	20	52	0	0	0	0	0	0	0	0	33	0	0	0	0	25	0	0	0	8	0	16	0	154	0	0	0	0	12	0	0	97	12	0	0	0	0	0	6	26
assemblage-402-473	0	5	0	0	0	0	5	0	12	0	0	0	0	71	0	0	0	0	0	0	0	0	25	0	0	0	0	20	0	0	0	0	0	12	0	208	0	0	0	0	0	0	0	80	40	0	5	0	0	0	0	17
assemblage-556-407	0	0	0	0	0	0	4	0	31	0	0	0	0	68	0	0	0	0	0	0	0	0	47	0	0	0	0	15	0	0	0	0	0	15	0	182	0	0	0	0	0	0	0	74	32	0	9	0	0	0	0	23
assemblage-576-481	0	0	0	0	9	0	5	0	30	0	9	0	0	44	0	0	4	0	0	0	0	0	17	0	0	0	0	55	0	0	0	0	0	0	0	205	12	0	0	0	0	0	0	60	31	0	0	0	0	0	0	19
assemblage-494-453	0	0	0	0	0	0	15	0	67	0	0	0	0	28	0	3	0	0	0	0	0	14	0	0	0	5	0	47	0	0	0	0	0	0	0	152	25	0	0	0	0	0	0	69	48	0	0	0	15	0	0	12
assemblage-536-566	0	0	0	0	0	0	6	0	75	0	0	0	0	39	0	0	0	0	0	0	0	0	0	0	0	0	0	32	0	0	0	0	0	0	0	192	18	0	0	0	0	0	0	73	42	0	0	0	4	0	0	19
assemblage-561-438	0	0	0	0	0	0	0	0	71	0	0	0	0	0	17	33	0	0	0	20	0	58	0	0	0	11	0	36	0	0	0	0	0	0	11	76	7	16	0	12	0	0	41	20	29	0	0	0	0	0	0	42
assemblage-491-640	4	0	0	0	0	0	34	0	80	0	0	9	0	0	0	12	0	0	0	0	0	52	0	0	0	11	0	29	0	0	7	0	0	0	0	111	37	4	0	12	0	0	23	29	33	0	0	0	0	0	0	13
assemblage-615-470	0	0	0	0	0	0	3	0	54	0	4	0	0	45	0	0	0	0	0	0	0	0	12	0	0	0	0	41	0	0	0	0	0	0	0	196	10	0	0	0	0	0	0	68	46	0	0	0	0	0	0	21
assemblage-563-581	0	0	0	0	14	0	1	0	26	0	7	0	0	42	0	0	10	0	0	0	0	0	4	7	0	0	0	54	0	0	0	0	0	0	0	195	10	0	0	0	0	0	0	63	44	0	0	0	0	0	0	23
assemblage-382-587	0	0	0	0	0	3	0	0	38	7	0	0	15	42	0	0	0	0	0	0	0	0	38	0	0	0	0	16	0	0	0	12	0	6	0	148	0	0	0	0	12	0	0	116	17	0	0	0	0	0	8	22
assemblage-522-542	0	0	0	0	0	0	14	0	8	0	8	0	0	24	0	0	0	0	0	0	0	0	12	0	0	0	0	36	0	0	0	0	0	0	0	211	0	0	0	0	0	0	0	80	59	0	14	0	0	0	0	34
assemblage-467-608	0	0	0	0	0	0	6	0	48	0	5	0	0	27	0	0	0	0	0	0	0	0	8	0	0	0	0	51	0	0	0	0	0	0	0	180	11	0	0	0	0	0	0	81	65	0	0	0	0	0	0	18
assemblage-506-441	0	0	0	0	0	0	14	0	71	0	0	0	0	29	0	0	0	0	0	0	0	0	0	0	0	0	0	46	0	0	0	0	0	0	0	188	28	0	0	0	0	0	0	69	22	0	0	0	10	0	0	23
assemblage-486-416	0	0	0	0	0	0	11	0	10	0	0	0	0	29	0	0	0	0	0	0	0	0	14	0	0	0	0	36	0	0	0	0	0	0	0	216	0	0	5	0	0	0	0	81	61	0	9	0	0	0	0	28
assemblage-579-563	0	0	0	0	0	0	6	0	13	0	0	0	0	56	0	0	0	0	0	0	0	0	38	0	0	0	0	16	0	0	0	0	0	18	0	191	0	0	0	0	0	0	0	75	45	0	6	0	0	0	0	36
assemblage-348-489	0	0	0	0	0	0	14	0	92	0	0	7	0	0	0	25	0	0	0	0	0	52	0	0	0	7	0	38	0	0	3	0	0	0	0	119	26	0	0	7	0	0	20	36	32	0	0	0	0	0	0	22
assemblage-599-491	0	0	0	0	0	7	0	0	34	9	0	0	21	56	0	0	0	0	0	0	0	0	43	0	0	0	0	27	0	0	0	13	0	8	0	144	0	0	0	0	4	0	0	92	6	0	0	0	0	0	8	28
assemblage-504-681	0	0	0	0	5	0	0	0	31	0	13	0	0	36	0	0	6	0	0	0	0	0	12	0	0	0	0	67	0	0	0	0	0	0	0	202	11	0	0	0	0	0	0	56	41	0	0	0	0	0	0	20
assemblage-779-542	0	0	0	0	0	0	5	0	10	0	5	0	0	40	0	0	0	0	0	0	0	0	15	0	0	0	0	38	0	0	0	0	0	0	0	238	0	0	0	0	0	0	0	63	51	0	15	0	0	0	0	20
assemblage-407-612	0	0	0	0	0	0	7	0	62	0	0	0	0	37	0	0	0	0	0	0	0	0	0	0	0	0	0	46	0	0	0	0	0	0	0	194	20	0	0	0	0	0	0	54	33	0	0	0	11	0	0	36
assemblage-678-481	0	0	0	0	0	0	0	0	57	0	10	0	0	34	0	0	11	0	0	0	0	0	3	0	0	0	0	56	0	0	0	0	0	0	0	189	5	0	0	0	0	0	0	75	38	0	0	0	0	0	0	22
assemblage-422-506	0	0	0	0	0	0	11	0	66	0	0	0	0	27	0	0	0	0	0	0	0	16	0	0	0	9	0	52	0	0	0	0	0	0	0	147	23	0	0	0	0	0	0	84	38	0	0	0	8	0	0	19
assemblage-512-682	0	0	0	0	5	0	16	0	8	0	5	0	0	34	0	0	0	0	0	0	0	0	15	0	0	0	0	32	0	0	0	0	0	0	0	229	0	0	0	0	0	0	0	67	56	0	16	0	0	0	0	17
assemblage-649-294	0	0	0	0	0	0	18	0	65	0	0	0	0	4	0	20	0	0	0	0	0	33	0	0	0	25	0	26	0	0	0	0	0	0	0	115	15	0	0	3	0	0	12	75	62	0	0	0	14	0	0	13
assemblage-384-343	0	0	0	0	0	0	0	0	23	0	0	0	0	52	0	0	0	0	0	0	0	0	52	0	0	0	0	24	0	0	0	0	0	6	0	190	0	0	0	0	0	0	0	64	47	0	7	0	0	0	0	35
assemblage-398-566	0	0	0	0	0	0	0	0	69	0	0	6	0	0	4	49	0	0	0	14	0	42	0	0	0	3	0	33	0	0	0	0	0	0	11	90	16	30	0	12	0	0	33	41	22	0	0	3	0	0	0	22
assemblage-554-618	0	0	0	0	0	0	8	0	55	0	0	0	0	27	0	8	0	0	0	0	0	11	0	0	0	10	0	55	0	0	0	0	0	0	0	147	24	0	0	0	0	0	0	73	52	0	0	0	15	0	0	15
assemblage-724-494	0	0	0	0	3	0	24	0	15	0	8	0	0	29	0	0	0	0	0	0	0	0	16	0	0	0	0	34	0	0	0	0	0	0	0	220	0	0	0	0	0	0	0	55	63	0	15	0	0	2	0	16
assemblage-483-393	0	0	0	0	0	0	27	0	59	0	0	0	0	11	0	16	0	0	0	0	0	56	0	0	0	29	0	25	0	0	0	0	0	0	0	124	30	0	0	0	0	0	7	58	34	0	0	0	11	0	0	13
assemblage-553-606	0	0	0	0	0	0	12	0	11	0	4	0	0	21	0	0	0	0	0	0	0	0	20	0	0	0	0	34	0	0	0	0	0	0	0	233	0	0	0	0	0	0	0	69	64	0	10	0	0	0	0	22
assemblage-457-385	0	0	0	0	0	0	6	0	22	0	0	0	0	52	0	0	0	0	0	0	0	0	29	0	0	0	0	30	0	0	0	0	0	0	0	189	0	0	0	0	0	0	0	97	35	0	12	0	0	5	0	23
assemblage-311-407	0	0	0	0	0	0	0	0	26	0	0	0	0	67	0	0	0	0	0	0	0	0	34	0	0	0	0	24	0	0	0	0	0	9	0	190	0	0	0	0	0	0	0	82	30	0	7	0	0	0	0	31
assemblage-515-436	0	0	0	0	0	11	0	0	27	5	0	0	17	54	0	0	0	0	0	0	0	0	39	0	0	0	0	24	0	0	0	8	0	9	0	162	0	0	0	0	6	0	0	95	13	0	0	0	0	0	14	16
assemblage-401-599	0	0	0	0	0	0	0	0	60	0	0	0	0	0	19	42	0	0	0	11	0	53	0	0	0	10	0	39	0	0	0	0	0	0	11	77	20	25	0	22	0	0	28	30	22	0	0	0	0	0	0	31
assemblage-417-425	0	0	0	0	0	0	22	0	74	0	0	0	0	12	0	0	0	0	0	0	0	15	0	0	0	13	0	50	0	0	0	0	0	0	0	115	27	0	0	0	0	0	0	70	66	0	0	0	15	0	0	21
assemblage-401-452	0	0	0	0	0	0	6	0	30	0	0	0	0	42	0	0	0	0	5	0	0	0	28	0	0	0	0	25	0	0	0	0	0	10	0	192	0	0	0	0	0	0	0	72	41	0	16	0	0	0	0	33
assemblage-505-312	0	0	4	0	0	0	0	0	50	0	9	0	0	39	0	0	0	0	0	0	0	0	10	0	0	0	0	61	0	0	0	0	0	0	0	193	9	0	0	0	0	0	0	63	33	0	0	0	0	0	0	29
assemblage-497-532	0	0	0	0	0	0	31	0	53	0	0	0	0	22	0	18	0	0	0	0	0	46	0	0	0	37	0	16	0	0	0	0	0	0	0	95	11	0	0	9	0	0	7	71	45	0	0	0	24	0	0	15
assemblage-364-572	0	0	0	0	0	0	6	0	59	0	0	0	0	37	0	7	0	0	0	0	0	0	0	0	0	0	0	53	0	0	0	0	0	0	0	180	22	0	0	0	0	0	0	70	42	0	0	0	8	0	0	16
assemblage-574-440	5	0	0	0	0	0	0	0	64	0	0	0	0	0	16	31	0	0	0	13	0	54	0	0	0	5	0	30	0	0	0	0	0	0	5	100	14	25	0	28	0	0	30	33	16	0	0	0	0	0	0	31
assemblage-493-401	0	0	0	0	0	0	14	0	66	0	0	0	0	23	0	7	0	0	0	0	0	21	0	0	0	5	0	59	0	0	0	0	0	0	0	126	19	0	0	0	0	0	0	80	53	0	0	0	18	0	0	9
assemblage-459-431	0	0	0	0	0	0	6	0	23	0	0	0	0	57	0	0	0	0	0	0	0	0	38	0	0	0	0	28	0	0	0	0	0	12	0	191	0	0	0	0	0	0	0	75	33	0	3	0	0	0	0	34
assemblage-627-615	0	0	0	0	0	11	6	0	26	5	0	0	35	64	0	0	0	0	0	0	0	0	34	0	0	0	0	22	0	0	0	9	0	16	0	129	0	0	0	0	8	0	0	94	14	0	0	0	0	0	12	15
assemblage-617-425	0	0	0	0	0	0	6	0	23	0	0	0	0	77	0	0	0	0	0	0	0	0	34	0	0	0	0	27	0	0	0	0	0	9	0	197	0	0	0	0	0	0	0	64	36	0	7	0	0	0	0	20
assemblage-616-477	0	0	7	0	0	0	0	0	42	0	11	0	0	32	0	0	0	0	0	0	0	7	9	0	0	0	0	32	0	0	0	0	0	0	0	220	14	0	0	0	0	0	0	66	42	0	0	0	0	0	0	18
assemblage-603-692	0	0	0	0	0	0	5	0	56	0	0	0	0	35	0	0	0	0	0	0	0	0	0	0	0	0	0	42	0	0	0	0	0	0	0	207	20	0	0	0	0	0	0	61	35	0	0	0	9	0	0	30
assemblage-363-511	0	0	0	0	0	0	33	0	94	0	0	3	0	0	0	20	0	0	0	0	0	64	0	0	0	15	0	27	0	0	0	0	0	0	0	117	17	0	0	7	0	0	22	24	34	0	0	0	0	0	0	23
assemblage-309-501	0	0	0	0	0	0	15	0	51	0	0	0	0	23	0	12	0	0	0	0	0	30	0	0	0	4	0	51	0	0	0	0	0	0	0	115	35	0	0	0	0	0	0	59	61	0	0	0	28	0	0	16
assemblage-391-539	0	0	0	0	0	0	0	0	89	0	0	0	0	0	11	32	0	0	0	6	0	51	0	0	0	9	0	30	0	0	0	0	0	0	10	87	17	16	0	25	0	0	39	37	15	0	0	0	0	0	0	26
assemblage-540-571	0	0	0	0	0	0	9	0	18	0	0	0	0	60	0	0	0	0	0	0	0	0	38	0	0	0	0	28	0	0	0	0	5	12	0	154	0	0	0	0	0	0	0	91	44	0	15	0	0	0	0	26
assemblage-444-629	0	0	0	0	0	0	33	0	45	0	0	0	0	13	0	30	0	0	0	0	0	53	0	0	0	19	0	27	0	0	0	0	0	0	0	110	30	0	0	0	0	0	9	76	38	0	0	0	2	0	0	15
assemblage-334-574	0	0	0	0	0	0	12	0	7	0	5	0	0	35	0	0	0	0	0	0	0	0	12	0	0	0	0	38	0	0	0	0	0	0	0	213	0	0	0	0	0	0	0	82	63	0	10	0	0	0	0	23
assemblage-434-460	0	0	0	0	0	0	0	0	51	0	8	0	0	46	0	0	0	0	0	0	0	5	8	0	0	0	0	56	0	0	0	0	0	0	0	171	7	0	0	0	0	0	0	91	35	0	0	0	0	0	0	22
assemblage-614-636	0	0	0	0	0	0	6	0	71	0	0	0	0	30	0	0	0	0	0	0	0	0	0	0	0	0	0	37	0	0	0	0	0	0	0	210	20	0	0	0	0	0	0	49	36	0	0	0	15	0	0	26
assemblage-474-606	7	0	0	0	0	0	0	0	57	0	0	0	0	0	10	39	0	0	0	6	0	33	0	0	0	7	0	36	0	0	1	0	0	0	8	71	5	39	0	20	0	0	64	31	39	0	0	1	0	0	0	26
assemblage-340-370	3	0	0	0	0	0	0	0	66	0	0	11	0	0	12	26	0	0	0	14	0	51	0	0	0	12	0	31	0	0	0	0	0	0	4	94	14	16	0	29	0	0	37	30	31	0	0	0	0	0	0	19
assemblage-490-423	0	0	0	0	0	0	33	0	48	0	0	0	0	13	0	17	0	0	0	0	0	39	0	0	0	37	0	24	0	0	0	0	0	0	0	94	23	0	0	4	0	0	14	75	52	0	0	0	14	0	0	13
assemblage-645-408	0	0	0	0	0	0	0	0	67	0	0	0	0	0	19	24	0	0	0	7	0	56	0	0	0	2	0	54	0	0	0	0	0	0	5	82	10	21	0	28	0	0	33	45	19	0	0	0	0	0	0	28
assemblage-340-403	0	0	0	0	0	0	15	0	78	0	0	0	0	18	0	11	0	0	0	0	2	9	0	0	0	12	0	47	0	0	0	0	0	0	0	152	19	0	0	0	0	0	0	53	55	0	0	0	17	0	0	12
assemblage-569-452	0	0	0	0	0	0	7	0	14	0	0	0	0	58	0	0	0	0	0	0	0	0	28	0	0	0	0	26	0	0	0	0	0	3	0	190	0	0	0	0	0	0	0	77	40	0	1	0	0	0	0	56
assemblage-610-516	0	0	0	0	0	3	4	0	23	8	0	0	18	48	0	0	0	0	0	0	0	0	42	0	0	0	0	31	0	0	0	11	0	8	0	169	0	0	0	0	14	0	0	78	9	0	0	0	0	0	11	23
assemblage-493-366	0	0	0	0	0	0	4	0	73	0	0	0	0	39	0	4	0	0	0	0	0	0	0	0	0	0	0	47	0	0	0	0	0	0	0	175	24	0	0	0	0	0	0	57	47	0	0	0	14	0	0	16
assemblage-546-587	0	0	0	0	12	0	0	0	17	0	5	0	0	39	0	0	0	0	0	0	0	0	14	0	0	0	0	52	0	0	0	0	0	0	0	232	12	0	0	0	0	0	0	48	49	0	0	0	0	0	0	20
assemblage-432-660	0	0	0	0	5	0	9	0	24	0	4	0	0	50	0	0	7	8	0	0	0	0	14	4	0	0	0	43	0	0	0	0	0	0	0	216	7	0	0	0	0	0	0	52	45	0	0	0	0	0	0	12
assemblage-497-346	5	0	0	0	0	0	23	0	91	0	0	11	0	0	0	26	0	0	0	0	0	49	0	0	0	20	0	25	0	0	10	0	0	0	0	94	9	0	0	9	0	0	18	54	39	0	0	0	0	0	0	17
assemblage-460-451	0	0	0	0	0	0	23	0	46	0	0	0	0	13	0	19	0	0	0	0	0	47	0	0	0	29	0	22	0	0	0	0	0	0	0	136	20	0	0	7	0	0	2	68	49	0	0	0	7	0	0	12
assemblage-557-617	0	0	0	0	0	0	0	0	82	0	0	0	0	0	12	31	0	0	0	8	0	51	0	0	0	12	0	29	0	0	0	0	0	0	6	83	17	36	0	14	0	0	35	24	29	0	0	0	0	0	0	31
assemblage-520-525	0	0	0	0	10	0	0	0	31	0	11	0	0	36	0	0	4	0	0	0	0	0	4	0	0	0	0	54	0	0	0	0	0	0	0	187	16	0	0	0	0	0	0	71	55	0	0	0	0	0	0	21
assemblage-415-593	0	0	0	0	0	0	4	0	13	0	0	0	0	38	0	0	0	0	0	0	0	0	35	0	0	0	0	25	0	0	0	0	0	8	0	217	0	0	0	0	0	0	0	85	37	0	9	0	0	0	0	29
assemblage-665-426	0	0	0	0	0	0	18	0	91	0	0	6	0	0	0	27	0	0	0	0	0	54	0	0	0	11	0	28	0	0	16	0	0	0	0	102	23	6	0	11	0	0	26	35	32	0	0	0	0	0	0	14
assemblage-500-422	0	0	0	0	0	0	9	0	91	0	0	0	0	32	0	0	0	0	0	0	0	0	0	0	0	0	0	43	0	0	0	0	0	0	0	194	17	0	0	0	0	0	0	54	26	0	0	0	6	0	0	28
assemblage-477-558	0	0	0	0	0	0	9	0	4	0	0	0	0	33	0	0	0	0	0	0	0	0	10	0	0	0	0	32	0	0	0	0	0	0	0	243	0	0	0	0	0	0	0	77	51	0	5	0	0	0	0	36
assemblage-595-551	0	0	0	0	0	0	18	0	15	0	0	0	0	35	0	0	0	0	0	0	0	0	13	0	0	0	0	53	0	0	0	0	0	0	0	182	0	0	0	0	0	0	0	80	49	0	11	0	0	0	0	44
assemblage-489-421	0	0	0	0	0	0	1	0	48	0	9	0	0	28	0	0	0	0	0	0	0	0	8	0	0	0	0	57	0	0	0	0	0	0	0	206	9	0	0	0	0	0	0	79	36	0	0	0	0	0	0	19
assemblage-340-463	0	0	0	0	0	0	18	0	6	0	10	0	0	38	0	0	0	0	0	0	0	0	6	0	0	0	0	38	0	0	0	0	0	0	0	209	0	0	0	0	0	0	0	74	60	0	12	0	0	0	0	29
assemblage-567-372	0	0	0	0	0	0	14	0	10	0	4	0	0	26	0	0	0	0	0	0	0	0	15	0	0	0	0	31	0	0	0	0	0	0	0	233	0	0	0	0	0	0	0	78	59	0	8	0	0	0	0	22
assemblage-382-390	0	0	0	0	0	0	17	0	78	0	0	12	0	0	0	30	0	0	0	0	0	65	0	0	0	14	0	31	0	0	12	0	0	0	0	102	23	0	0	7	0	0	17	36	41	0	0	0	0	0	0	15
assemblage-540-587	0	0	0	0	0	0	0	0	64	0	0	0	0	0	11	32	0	0	0	12	0	50	0	0	0	13	0	45	0	0	0	0	0	0	6	99	9	17	0	26	0	0	37	24	34	0	0	0	0	0	0	21
assemblage-336-342	0	0	0	0	0	0	24	0	10	0	6	0	0	38	0	0	0	0	0	0	0	0	5	0	0	0	0	41	0	0	0	0	0	0	0	203	0	0	0	0	0	0	0	68	68	0	6	0	0	0	0	31
assemblage-473-364	0	0	0	0	0	0	8	0	66	0	0	0	0	34	0	0	0	0	0	0	0	0	0	0	0	0	0	54	0	0	0	0	0	0	0	186	23	0	0	0	0	0	0	69	40	0	0	0	6	0	0	14
assemblage-468-356	0	0	0	0	0	0	10	0	69	0	0	0	0	20	0	4	0	0	0	0	0	14	0	0	0	0	0	56	0	0	0	0	0	0	0	126	27	0	0	0	0	0	0	83	55	0	0	0	17	0	0	19
assemblage-387-535	0	0	0	0	0	0	19	0	65	0	0	0	0	30	0	0	0	0	0	0	0	18	0	0	0	4	0	57	0	0	0	0	0	0	0	126	22	0	0	0	0	0	0	68	50	0	0	0	16	0	0	25
assemblage-489-379	0	0	0	0	0	0	33	0	46	0	0	0	0	11	0	12	0	0	0	0	0	44	0	0	0	24	0	28	0	0	0	0	0	0	0	106	18	0	0	9	0	0	14	64	60	0	0	0	10	0	0	21
assemblage-536-322	0	0	0	0	0	0	25	0	14	0	5	0	0	23	0	0	0	0	0	0	0	0	9	0	0	0	0	34	0	0	0	0	0	0	0	235	0	0	0	0	0	0	0	64	57	0	14	0	0	0	0	20
assemblage-464-417	0	0	0	0	0	0	11	0	74	0	0	0	0	11	0	3	0	0	0	0	0	9	0	0	0	4	0	63	0	0	0	0	0	0	0	136	27	0	0	0	0	0	0	74	53	0	0	0	22	0	0	13
assemblage-442-394	6	0	0	0	0	0	0	0	82	0	0	0	0	0	13	45	0	0	0	6	0	43	0	0	0	5	0	39	0	0	0	0	0	0	3	100	6	15	0	23	0	0	32	30	17	0	0	0	0	0	0	35
assemblage-388-516	0	0	0	0	0	0	0	0	42	0	8	0	0	38	0	0	0	0	0	0	0	0	0	0	0	0	0	46	0	0	0	0	0	0	0	206	7	0	0	0	0	0	0	73	51	0	0	0	0	0	0	29
assemblage-478-474	0	0	0	0	0	0	26	0	92	0	0	8	0	0	0	28	0	0	0	0	0	38	0	0	0	4	0	29	0	0	10	0	0	0	0	99	29	0	0	6	0	0	33	29	52	0	0	0	0	0	0	17
assemblage-550-455	0	0	0	0	0	0	2	0	24	8	0	0	22	56	0	0	0	0	0	0	0	0	56	0	0	0	0	27	0	0	0	12	0	11	0	132	0	0	0	0	6	0	0	94	3	0	0	0	0	0	12	35
assemblage-613-404	0	0	0	0	0	0	0	0	36	0	7	0	0	44	0	0	0	0	0	0	0	1	6	0	0	0	0	60	0	0	0	0	0	0	0	172	18	0	0	0	0	0	0	82	42	0	0	0	0	0	0	32
assemblage-599-524	0	0	0	0	0	0	7	0	20	8	0	0	25	41	0	0	0	0	0	0	0	0	33	0	0	0	0	37	0	0	0	13	0	6	0	163	0	0	0	0	15	0	0	90	10	0	0	0	0	0	10	22
assemblage-486-512	0	0	0	0	0	0	6	0	21	0	0	0	0	63	0	0	0	0	0	0	0	0	35	0	0	0	0	23	0	0	0	0	0	2	0	193	0	0	0	0	0	0	0	64	33	0	12	0	0	0	0	48
assemblage-571-570	0	0	0	0	0	0	0	0	32	11	0	0	19	39	0	0	0	0	0	0	0	0	42	0	0	0	0	15	0	0	0	6	0	15	0	156	0	0	0	0	8	0	0	96	25	0	0	0	0	0	9	27
assemblage-473-589	0	0	0	0	0	4	11	0	35	10	0	0	11	65	0	0	0	0	0	0	0	0	43	0	0	0	0	24	0	0	0	8	0	1	0	168	0	0	0	0	5	0	0	90	6	0	0	0	0	0	9	10
assemblage-593-334	0	0	0	0	0	0	0	0	54	0	12	0	0	30	0	0	0	0	0	0	0	0	11	0	0	0	0	50	0	0	0	0	0	0	0	197	6	0	0	0	0	0	0	73	43	0	0	0	0	0	0	24
assemblage-436-432	0	0	0	0	0	0	23	0	68	0	0	6	0	0	0	36	0	0	0	0	0	50	0	0	0	5	0	42	0	0	11	0	0	0	0	87	26	8	0	6	0	0	24	40	49	0	0	0	0	0	0	19
assemblage-571-480	0	0	0	0	0	0	18	0	13	0	12	0	0	29	0	0	0	0	0	0	0	0	7	0	0	0	0	44	0	0	0	0	0	0	0	206	0	0	0	0	0	0	0	64	75	0	10	0	0	0	0	22
assemblage-484-442	0	0	0	0	0	0	15	0	93	0	0	9	0	0	0	34	0	0	0	0	0	43	0	0	0	7	0	35	0	0	5	0	0	0	0	92	26	8	0	9	0	0	34	33	39	0	0	0	0	0	0	18
assemblage-459-495	0	0	0	0	0	0	6	0	23	0	0	0	0	62	0	0	0	0	0	0	0	0	35	0	0	0	0	16	0	0	0	0	0	5	0	210	0	0	0	0	0	0	0	71	39	0	5	0	0	0	0	28
assemblage-779-734	0	0	0	0	0	0	20	0	49	0	0	0	0	7	0	11	0	0	0	0	0	42	0	0	0	27	0	33	0	0	0	0	0	0	0	141	23	0	0	10	0	0	10	66	39	0	0	0	10	0	0	12
assemblage-539-252	0	0	0	0	0	0	27	0	53	0	0	0	0	13	0	14	0	0	0	0	0	38	0	0	0	26	0	26	0	0	0	0	0	0	0	127	19	0	0	5	0	0	9	54	59	0	0	0	18	0	0	12
assemblage-630-718	0	0	0	0	0	0	7	0	28	0	11	0	0	44	0	0	6	0	0	0	0	0	16	7	0	0	0	60	0	0	0	0	0	0	0	192	5	0	0	0	0	0	0	61	48	0	0	0	0	0	0	15
assemblage-488-519	0	0	0	0	0	0	13	0	70	0	0	0	0	11	0	6	0	0	0	0	0	16	0	0	0	9	0	62	0	0	0	0	0	0	0	122	47	0	0	0	0	0	0	62	59	0	0	0	17	0	0	6
assemblage-418-424	0	0	0	0	0	0	10	0	104	0	0	0	0	20	0	8	0	0	0	0	0	11	0	0	0	11	0	54	0	0	0	0	0	0	0	102	29	0	0	0	0	0	0	58	60	0	0	0	8	0	0	25
assemblage-582-490	0	0	0	0	0	0	18	0	44	0	0	0	0	18	0	21	0	0	0	0	0	52	0	0	0	21	0	19	0	0	0	0	0	0	0	129	18	0	0	9	0	0	14	67	48	0	0	0	9	0	0	13
assemblage-527-566	0	0	0	0	0	0	22	0	48	0	0	0	0	19	0	11	0	0	0	0	0	38	0	0	0	26	0	43	0	0	0	0	0	0	0	127	21	0	0	8	0	0	4	60	49	0	0	0	6	0	0	18
assemblage-530-425	0	0	0	0	0	0	8	0	59	0	0	0	0	23	0	0	0	0	0	0	0	0	0	0	0	0	0	53	0	0	0	0	0	0	0	184	25	0	0	0	0	0	0	74	41	0	0	0	12	0	0	21
assemblage-619-790	0	0	0	0	9	0	7	0	28	0	6	0	0	60	0	0	5	0	0	0	0	0	10	4	0	0	0	38	0	0	0	0	0	0	0	226	10	0	0	0	0	0	0	52	38	0	0	0	0	0	0	7
assemblage-407-654	0	0	4	0	0	0	9	0	46	0	7	0	0	37	0	0	0	0	0	0	0	0	0	0	0	0	0	56	0	0	0	0	0	0	0	218	9	0	0	0	0	0	0	65	34	0	0	0	0	0	0	15
assemblage-412-544	0	0	4	0	0	0	0	0	46	0	5	0	0	39	0	0	0	0	0	0	0	0	7	0	0	0	0	51	0	0	0	0	0	0	0	207	17	0	0	0	0	0	0	68	34	0	0	0	0	0	0	22
assemblage-536-491	0	0	0	0	0	0	13	0	58	0	0	0	0	42	0	0	0	0	0	0	0	9	0	0	0	0	0	43	0	0	0	0	0	0	0	192	20	0	0	0	0	0	0	61	34	0	0	0	13	0	0	15
assemblage-564-510	0	0	0	0	0	0	22	0	84	0	0	9	0	0	0	29	0	0	0	0	0	47	0	0	0	11	0	23	0	0	10	0	0	0	0	104	36	3	0	14	0	0	19	34	42	0	0	0	0	0	0	13
assemblage-611-523	0	0	0	0	0	0	7	0	31	0	0	0	0	78	0	0	0	0	0	0	0	0	20	0	0	0	0	19	0	0	0	0	0	7	0	188	0	0	0	0	0	0	0	68	43	0	12	0	0	0	0	27
assemblage-373-631	0	0	8	0	0	0	7	0	41	0	4	0	0	34	0	0	0	0	0	0	0	0	10	0	0	0	0	60	0	0	0	0	0	0	0	188	7	0	0	0	0	0	0	74	46	0	0	0	0	0	0	21
assemblage-470-433	0	0	0	0	3	0	12	0	32	0	6	0	0	47	0	0	12	0	0	0	0	0	13	0	0	0	0	46	0	0	0	0	0	0	0	216	10	0	0	0	0	0	0	48	45	0	0	0	0	0	0	10
assemblage-664-563	0	0	0	0	0	0	12	0	4	0	12	0	0	37	0	0	0	0	0	0	0	0	11	0	0	0	0	46	0	0	0	0	0	0	0	220	0	0	0	0	0	0	0	67	48	0	20	0	0	0	0	23
assemblage-448-250	0	0	0	0	0	0	20	0	81	0	0	11	0	0	0	30	0	0	0	0	0	68	0	0	0	9	0	33	0	0	5	0	0	0	0	92	31	0	0	6	0	0	26	34	38	0	0	0	0	0	0	16
assemblage-581-500	0	0	0	0	0	0	0	0	70	0	0	6	0	0	18	29	0	0	0	7	0	64	0	0	0	3	0	30	0	0	2	0	0	0	9	79	13	17	0	16	0	0	46	30	34	0	0	0	0	0	0	27
assemblage-591-544	0	0	0	0	0	5	6	0	27	11	0	0	18	35	0	0	0	0	0	0	0	0	29	0	0	0	0	21	0	0	0	9	0	10	0	163	0	0	0	0	11	0	0	114	10	0	0	0	0	0	12	19
assemblage-535-477	0	0	0	0	0	0	9	0	19	0	0	0	0	56	0	0	0	0	0	0	0	0	27	0	0	0	0	27	0	0	0	0	0	6	0	188	0	0	0	0	0	0	0	81	40	0	21	0	0	0	0	26
assemblage-579-537	0	0	0	0	0	0	7	0	55	0	0	0	0	31	0	0	0	0	0	0	0	0	0	0	0	0	0	54	0	0	0	0	0	0	0	185	24	0	0	0	0	0	0	55	47	0	0	0	16	0	0	26
assemblage-419-619	0	0	0	0	0	0	26	0	44	0	0	0	0	15	0	16	0	0	0	0	0	41	0	0	0	26	0	35	0	0	0	0	0	0	0	123	34	0	0	9	0	0	9	54	49	0	0	0	13	0	0	6
assemblage-664-814	0	0	0	0	8	0	9	0	26	0	4	0	0	57	0	0	6	0	0	0	0	0	11	5	0	0	0	53	0	0	0	0	0	0	0	221	3	0	0	0	0	0	0	53	30	0	0	0	0	0	0	14
assemblage-549-707	0	0	0	0	0	0	0	0	63	0	0	0	0	0	13	39	0	0	0	9	0	29	0	0	0	13	0	41	0	0	0	0	0	0	7	96	21	29	0	13	0	0	30	33	24	0	0	0	0	0	0	40
assemblage-630-432	0	0	0	0	0	0	12	0	60	0	0	0	0	28	0	10	0	0	0	0	0	14	0	0	0	3	0	52	0	0	0	0	0	0	0	155	18	0	0	0	0	0	0	58	62	0	0	0	16	0	0	12
assemblage-454-418	0	0	0	0	0	0	24	0	30	0	0	0	0	22	0	16	0	0	0	0	0	41	0	0	0	20	0	34	0	0	0	0	0	0	0	121	24	0	0	14	0	0	5	62	56	0	0	0	10	0	0	21
assemblage-463-453	0	0	0	0	0	0	0	0	44	0	8	0	0	35	0	0	0	0	0	0	0	0	6	0	0	0	0	49	0	0	0	0	0	0	0	194	10	0	0	0	0	0	0	74	57	0	0	0	0	0	0	23
assemblage-722-650	0	0	9	0	0	0	9	0	36	0	7	0	0	25	0	0	0	0	0	0	0	0	0	0	0	0	0	62	0	0	0	0	0	0	0	208	16	0	0	0	0	0	0	58	46	0	0	0	0	0	0	24
assemblage-657-503	0	0	0	0	0	0	6	0	19	15	0	0	15	50	0	0	0	0	0	0	0	0	41	0	0	0	0	16	0	0	0	5	0	9	0	179	0	0	0	0	8	0	0	100	6	0	0	0	0	0	7	24
assemblage-569-331	0	0	0	0	0	0	13	0	57	0	0	0	0	16	0	2	0	0	0	0	0	15	0	0	0	0	0	64	0	0	0	0	0	0	0	129	35	0	0	0	0	0	0	92	40	0	0	0	19	0	0	18
assemblage-580-466	0	0	0	0	0	0	7	0	71	0	0	0	0	47	0	0	0	0	0	0	0	0	0	0	0	0	0	65	0	0	0	0	0	0	0	181	22	0	0	0	0	0	0	64	20	0	0	0	6	0	0	17
assemblage-344-439	0	0	4	0	0	0	0	0	43	0	14	0	0	39	0	0	0	0	0	0	0	0	7	0	0	0	0	52	0	0	0	0	0	0	0	172	11	0	0	0	0	0	0	75	60	0	0	0	0	0	0	23
