Assemblage_Name	8649918-7973211-1	4-7325524-0	2-2-4	8951172-2-2	4819667-4-2	3-3-3	9414749-4-1	1-830448-7226934	0-4-8471057	0-4-1	0-4-3	1-2-7226934	0-4-5359231	6853142-2-2	4819667-4-7341159	0-9069405-1	9328518-2-2	2664210-4-1	2973415-2-2	3333002-4-1	7074420-4-640348	2201292-4-4646843	0-2-2	8649918-4-1	5505025-2-7226934	8860952-4-2	1-147155-7226934	1-5877863-7226934	4-4-2	0-4-4646843	0-4-1409507	1-2-5768722	0-4-640348	0-4-7563454	7287758-4-338456	667318-4-2	0-1230116-3	0-5638181-1	0-4-5347707	3-3-9040880	0-4-9612300
assemblage-818-645	0	44	0	0	0	86	0	0	0	123	10	212	0	0	0	0	0	0	0	0	0	0	12	0	0	0	0	0	9	0	0	0	0	0	0	0	0	0	0	0	4
assemblage-104-904	0	9	18	0	0	12	0	0	0	144	0	78	0	0	0	0	0	0	0	0	0	0	87	0	18	0	0	0	122	0	0	7	0	0	0	0	0	0	0	0	5
assemblage-110-907	0	9	25	0	0	21	0	0	0	129	10	82	0	0	0	0	0	0	0	0	0	0	59	0	26	0	0	0	123	0	0	13	0	0	0	0	0	0	0	0	3
assemblage-688-285	0	5	0	0	0	0	0	13	0	91	16	142	0	0	0	0	0	0	0	0	0	0	64	0	50	0	0	0	112	0	0	0	0	0	0	0	0	0	0	0	7
assemblage-370-702	0	13	0	0	0	5	0	18	0	87	11	160	0	0	0	0	0	0	0	0	0	0	48	0	40	0	0	0	109	0	0	0	0	0	0	0	0	0	0	0	9
assemblage-700-275	0	16	0	0	0	72	0	0	0	55	91	108	0	0	0	0	0	0	0	0	0	0	52	0	8	0	0	0	93	0	0	0	0	0	0	0	0	0	0	0	5
assemblage-915-994	0	0	0	0	4	73	0	0	0	195	46	37	0	0	0	0	0	0	0	0	0	0	0	75	17	0	0	5	39	0	0	0	0	0	0	0	0	0	0	0	9
assemblage-932-998	0	0	0	0	0	4	0	0	0	148	26	140	0	0	0	0	0	0	0	0	0	0	21	0	140	0	0	0	12	0	0	0	0	0	0	0	0	0	0	0	9
assemblage-731-490	0	5	0	0	9	45	0	0	0	206	34	51	0	0	0	0	0	0	0	0	0	0	0	65	21	0	0	0	57	0	0	0	0	0	0	0	0	0	0	0	7
assemblage-815-115	0	64	0	0	0	82	0	0	0	190	6	46	0	0	0	0	0	0	0	0	0	0	12	19	5	0	0	0	73	0	0	0	0	0	0	0	0	0	0	0	3
assemblage-845-912	0	82	0	0	0	82	0	0	0	182	16	26	0	0	0	0	0	0	0	0	0	0	6	12	8	0	0	0	84	0	0	0	0	0	0	0	0	0	0	0	2
assemblage-461-403	0	0	0	0	76	0	0	0	0	123	0	192	0	0	0	0	0	0	0	0	0	0	34	52	18	0	0	0	0	0	0	0	0	0	0	0	0	0	0	0	5
assemblage-222-939	0	145	0	0	35	102	0	0	0	28	0	10	0	0	0	0	0	0	0	0	0	0	77	91	0	0	0	0	0	0	0	0	6	0	0	0	0	0	0	0	6
assemblage-496-749	0	59	0	0	0	0	0	0	0	139	0	29	0	0	0	0	0	0	0	0	0	0	95	63	0	0	0	0	0	0	0	0	95	0	0	0	0	0	17	0	3
assemblage-373-247	0	47	0	0	185	0	0	0	0	77	0	80	0	0	0	0	0	0	0	0	0	0	21	84	0	0	0	0	0	0	0	0	0	0	0	0	0	0	0	0	6
assemblage-618-292	0	49	0	0	1	61	0	0	0	86	0	31	0	0	0	0	0	0	0	0	0	0	9	138	0	0	0	0	0	0	0	0	25	0	0	0	0	0	99	0	1
assemblage-243-471	0	52	0	0	125	64	0	0	0	72	0	7	0	0	0	0	0	0	0	0	0	0	85	82	0	0	0	0	0	0	0	0	13	0	0	0	0	0	0	0	0
assemblage-932-368	0	35	0	0	19	71	0	0	0	160	0	0	0	0	0	0	0	0	0	0	0	0	20	111	0	0	0	0	0	19	0	0	57	0	0	0	0	0	0	0	8
assemblage-515-132	0	0	0	0	41	200	0	0	0	72	0	0	0	0	0	0	0	0	0	0	0	0	20	59	0	0	0	0	0	6	0	0	0	42	0	28	0	0	26	0	6
assemblage-352-687	0	0	0	0	112	161	0	0	0	65	0	0	0	0	0	0	0	0	0	0	0	0	20	84	0	0	0	0	0	45	0	0	12	0	0	0	0	0	0	0	1
assemblage-896-872	0	0	0	0	125	154	0	0	0	60	0	0	0	0	0	0	0	0	0	0	0	0	21	81	0	0	0	0	0	49	0	0	10	0	0	0	0	0	0	0	0
assemblage-421-842	0	0	0	0	159	138	0	0	0	0	0	0	0	0	0	0	0	0	0	0	0	0	7	72	0	0	0	0	0	0	45	0	0	21	0	25	0	0	0	13	20
assemblage-675-940	0	0	0	0	37	48	0	0	0	85	0	0	0	0	0	0	0	6	0	0	0	100	89	43	0	0	0	0	0	13	0	0	0	17	0	55	0	0	0	0	7
assemblage-685-923	0	0	0	0	101	124	0	0	0	48	0	0	0	0	0	0	0	0	0	0	21	13	37	43	0	37	0	0	0	10	0	0	0	0	51	0	0	0	0	0	15
assemblage-331-188	0	0	0	0	91	127	0	0	0	26	0	0	0	0	3	0	0	0	0	0	45	12	37	11	0	0	0	0	0	0	0	0	0	8	131	4	0	0	0	0	5
assemblage-213-781	0	0	0	0	203	0	0	0	0	18	0	0	0	0	51	0	0	0	0	0	17	3	36	28	0	0	0	0	0	15	26	0	0	0	48	39	0	0	0	0	16
assemblage-246-669	0	0	0	0	86	80	0	0	0	53	0	0	0	0	0	0	0	0	0	0	132	1	39	39	0	0	0	0	0	17	0	0	0	0	0	0	0	38	0	0	15
assemblage-393-317	0	0	0	0	61	13	0	0	0	46	0	0	0	0	14	0	0	0	0	0	153	0	76	55	0	0	0	0	0	74	0	0	0	0	0	0	0	0	0	0	8
assemblage-583-465	0	0	0	0	48	191	0	0	0	0	0	0	0	0	0	0	0	0	0	0	90	0	0	101	0	0	0	0	0	10	0	0	0	0	37	12	0	0	0	0	11
assemblage-564-470	0	0	0	0	35	202	0	0	0	0	0	0	0	0	0	0	0	0	0	0	95	0	0	117	0	0	0	0	0	7	0	0	0	0	24	5	0	0	0	0	15
