Assemblage_Name	9965642-278852-4	5509304-4-2887189	2-5950542-6106168	3-9489245-264951	3-4-734631	2-5950542-4	2-833673-4	7220046-5950542-4	8388619-5950542-1460583	3394356-4-3	3-8519870-0	3-1872176-0	7220046-5950542-2706886	2-5950542-7569604	9055627-4-3	2123860-4-3	2-1731521-4	3-9489245-0	8011249-3716964-0	2-4195105-4	600679-7948259-6775247	3-4-9383335	9044445-4-3	8929966-3778628-6618113	8011249-2-0	7220046-5950542-1291912	8648650-5950542-4	790613-5950542-4	7220046-6834521-4	320097-5950542-4	2-4497902-4	2-5950542-1107662	2-5950542-6289927	2-6059509-3752508	2-1396902-4	6384795-5950542-4	1514409-4-9881938	2-5950542-7631743	3-4-9650239	600679-7948259-2	3-4-9579181	269622-4-3	3-9489245-3870091	2-1828693-4	2-6703076-4	3-6251466-3870091	3-4892770-3	7220046-5950542-8013540	2-5950542-8412293	6170896-4-0	3-4-3598952	3689751-9489245-0	8279478-5950542-4	9630418-5950542-4	2-7015916-4	3-4-3	3-9767608-3579767	4-2-0	3-4-9881938	8929966-1257583-6618113	3-2932290-0	2-9826965-4	2-3717611-4	3-4-0	8929966-4409455-4	8505226-4-0	2-5950542-9536335	3-3001584-0	7220046-5649896-4	3-4-7582820	3126559-5950542-4	3-9489245-5936084	3-2818257-0	2-5950542-2115036	3-4-2887189	3-7611733-0	2-5950542-4227340	7220046-4252759-4	8929966-4791444-6618113	8708023-5950542-4	2-6059509-4	2-5950542-2896346	2-1731521-6973675	5155363-5950542-4	3-4-414905	2-1434444-4	8929966-4409455-6618113	3-4-6376774	2-4409455-4	3-9489245-3553673
assemblage-101-914	0	12	0	0	0	8	0	0	0	0	0	0	0	0	0	0	0	0	0	0	0	0	0	0	0	0	0	170	0	0	0	0	0	0	0	0	0	0	0	96	10	0	0	0	0	0	0	0	0	0	0	0	0	0	0	23	0	0	0	0	0	0	0	146	0	0	0	0	0	0	8	0	0	0	23	0	0	0	0	0	0	0	0	0	0	0	0	0	0	4
assemblage-103-910	0	8	0	0	0	17	0	0	0	0	0	0	0	0	0	0	0	0	0	0	0	0	0	0	2	0	0	145	0	0	0	0	0	0	0	0	0	0	0	90	11	0	0	0	0	0	0	0	0	0	0	0	0	0	0	16	0	0	0	0	0	0	0	161	0	0	0	0	0	0	17	0	0	0	22	0	0	0	0	0	0	0	0	0	0	0	0	0	0	11
assemblage-818-645	0	0	0	0	0	43	0	0	0	0	0	0	0	0	0	0	0	0	0	0	0	0	0	0	0	0	0	0	0	0	0	0	0	0	0	0	0	0	0	80	0	0	0	0	0	0	0	0	0	14	0	0	0	0	0	256	12	0	0	0	0	0	0	77	0	0	0	0	0	0	0	0	0	0	0	0	0	0	0	0	0	0	0	0	0	0	0	0	0	18
assemblage-685-298	0	0	0	0	0	193	0	0	0	0	0	0	0	0	0	5	0	15	0	0	0	0	0	0	0	0	0	0	0	0	0	0	0	0	0	0	0	0	0	24	0	0	0	0	0	0	0	0	0	0	0	0	0	0	0	149	0	10	0	0	0	0	0	86	0	0	0	0	0	0	0	0	0	0	0	0	0	0	0	0	0	0	0	0	0	0	0	0	0	18
assemblage-636-922	0	0	0	0	0	141	0	0	0	0	0	0	0	0	0	0	0	0	0	0	0	0	0	0	0	0	0	22	0	0	0	0	0	0	0	0	0	0	0	30	0	0	0	0	0	0	0	0	0	0	0	0	0	0	0	24	0	0	0	0	0	0	0	258	0	0	0	0	0	0	0	0	8	0	0	0	0	0	0	0	0	0	0	0	0	0	0	0	0	17
assemblage-361-733	0	0	0	0	0	212	0	0	0	0	0	0	0	0	0	11	0	22	0	0	0	0	0	0	0	0	0	0	0	0	0	0	0	0	0	0	0	0	0	19	0	0	0	0	0	0	0	0	0	0	0	0	0	0	0	116	0	10	0	0	0	0	0	97	0	0	0	0	0	0	0	0	0	0	0	0	0	0	0	0	0	0	0	0	0	0	0	0	0	13
assemblage-746-471	0	0	0	0	0	180	0	0	0	0	0	0	0	0	0	0	0	29	0	0	0	0	0	0	0	0	0	0	0	0	0	0	0	0	0	0	0	0	0	8	0	0	0	0	0	0	0	0	0	83	0	0	0	0	0	48	0	0	0	0	0	0	0	136	0	0	0	0	0	0	0	0	0	0	0	0	0	0	0	0	0	0	0	0	0	0	0	0	1	15
assemblage-914-974	0	0	0	0	0	155	0	0	0	0	0	0	0	0	0	0	0	26	0	0	0	0	0	0	0	0	0	0	0	0	0	0	0	0	0	0	0	0	0	3	0	0	0	0	0	0	0	0	0	115	0	0	0	0	0	47	0	0	0	0	0	0	0	119	0	12	0	0	0	0	0	0	0	0	0	0	0	0	0	0	0	0	0	0	0	0	0	0	9	14
assemblage-731-490	0	0	0	0	0	137	0	0	0	0	0	0	0	0	0	0	0	0	0	0	0	0	0	0	0	0	0	0	0	0	0	0	0	0	0	0	0	0	0	0	0	0	0	0	0	0	0	0	0	55	0	0	0	0	0	21	0	0	14	0	0	0	0	204	13	0	0	0	0	0	0	0	0	0	0	0	0	0	0	0	0	0	0	0	0	0	0	0	46	10
assemblage-743-627	0	0	0	0	0	119	0	60	0	0	5	0	0	0	0	0	0	48	0	0	0	0	0	0	0	0	0	0	0	0	0	0	0	0	0	0	0	0	0	142	0	0	0	0	0	0	0	0	0	21	0	0	0	0	0	36	0	0	2	0	0	0	0	50	0	0	0	0	0	0	0	0	0	0	0	8	0	0	0	0	0	0	0	0	0	0	0	0	0	9
assemblage-441-398	0	0	0	0	0	126	0	61	0	0	0	0	0	0	0	0	0	39	0	0	0	0	0	0	0	0	0	0	0	0	0	0	0	0	0	0	0	0	0	160	0	0	0	0	0	0	0	0	0	7	0	0	0	0	0	30	0	0	7	0	0	0	0	41	0	0	0	0	0	0	0	0	0	0	0	13	0	0	0	0	0	0	0	0	0	0	0	0	0	16
assemblage-824-118	0	0	0	0	0	186	0	81	0	0	0	0	0	0	0	0	0	14	0	0	0	0	0	0	0	0	0	0	0	0	0	0	0	0	0	0	16	0	0	29	0	0	0	0	0	0	0	0	0	25	0	0	0	0	0	0	0	0	86	0	0	0	0	42	0	0	0	0	0	0	0	0	0	0	0	12	0	0	0	0	0	0	0	0	0	0	0	0	0	9
assemblage-353-255	0	0	0	0	0	109	0	0	0	0	0	0	0	0	0	0	0	42	0	0	0	0	0	0	0	0	0	0	0	0	0	0	0	0	0	0	0	0	0	12	0	0	0	0	0	0	0	0	0	0	0	0	0	0	0	145	0	0	5	0	0	0	64	11	15	0	4	0	0	0	0	0	0	0	0	0	0	0	0	0	0	0	0	0	0	0	61	0	0	32
assemblage-370-248	0	0	0	0	0	181	0	24	0	0	0	0	0	0	0	0	0	57	0	0	0	0	0	0	0	0	0	0	0	0	0	0	0	0	0	0	0	0	0	13	0	0	0	0	0	0	0	0	0	0	0	0	0	0	0	0	0	0	9	0	0	0	0	144	7	0	0	0	0	0	0	0	0	0	0	4	0	0	0	0	7	0	0	0	0	0	0	8	25	21
assemblage-726-586	0	0	0	0	0	64	0	144	0	0	0	0	0	0	23	0	0	8	0	0	0	0	0	0	0	0	0	0	0	0	0	0	0	0	0	0	0	0	0	0	0	0	0	0	0	0	0	0	0	8	0	0	0	0	0	34	0	0	50	0	0	0	0	79	4	0	0	0	0	0	0	0	0	0	0	0	0	0	0	0	0	0	0	0	0	0	0	0	79	7
assemblage-932-368	0	0	0	0	6	84	0	118	0	0	0	0	0	0	0	0	0	55	0	0	0	0	0	0	0	0	0	0	0	0	0	0	0	0	0	0	0	0	0	0	0	0	0	0	0	0	0	0	0	0	0	0	6	0	0	109	0	0	0	0	0	0	0	13	0	0	67	0	0	0	0	0	0	0	0	0	0	0	0	0	12	0	0	0	0	0	0	0	15	15
assemblage-943-359	0	0	0	0	0	121	0	51	0	0	0	0	0	0	0	0	0	219	0	0	0	0	0	0	0	0	0	0	0	0	0	0	0	0	0	0	0	0	0	0	0	0	0	0	0	0	0	0	0	0	0	0	0	0	0	25	0	0	0	0	0	0	0	15	0	0	0	0	0	0	0	0	0	0	0	0	0	0	0	0	0	0	0	0	0	0	39	0	0	30
assemblage-137-330	0	0	0	0	0	77	0	61	0	0	0	4	0	0	0	0	0	150	0	0	0	0	0	0	0	0	0	0	0	9	0	0	0	0	0	0	0	46	0	0	0	0	0	0	0	0	0	0	0	0	0	0	0	0	0	21	0	0	28	0	0	0	18	63	0	0	0	0	0	0	0	0	0	0	0	0	0	0	0	0	0	0	0	0	0	0	0	0	0	23
assemblage-352-687	0	0	0	0	0	239	0	62	0	0	0	0	0	0	0	0	0	41	0	0	0	0	0	0	0	0	0	0	0	0	0	0	0	0	0	0	0	0	0	0	0	0	0	0	0	0	0	0	0	0	0	0	0	0	0	6	0	0	0	0	0	0	0	0	0	0	30	0	0	0	0	0	0	0	0	0	0	0	0	0	99	0	0	0	0	0	0	0	0	23
assemblage-465-737	0	0	0	0	0	193	0	78	0	0	0	0	0	0	0	0	0	97	0	0	0	0	0	0	0	0	0	0	0	0	0	0	0	0	6	0	0	0	0	0	0	0	0	0	0	0	0	0	0	0	0	0	0	0	0	20	0	0	0	0	0	0	0	0	0	0	18	0	0	0	0	0	0	0	0	0	0	0	0	0	31	0	0	0	0	0	35	0	0	22
assemblage-526-107	0	0	0	0	0	260	0	46	0	0	0	0	0	0	0	0	0	67	0	0	0	0	0	0	0	0	0	0	0	0	0	0	0	0	38	0	0	0	0	0	0	0	0	0	0	0	0	0	0	0	0	0	0	0	0	47	0	0	0	0	0	0	0	0	0	0	0	0	13	0	0	0	0	0	0	0	0	0	0	0	5	0	0	0	0	0	0	0	0	24
assemblage-351-499	0	0	0	0	0	223	0	37	0	0	0	0	0	0	0	0	0	86	0	0	0	0	0	0	0	0	0	0	0	0	0	0	0	0	0	0	0	0	0	0	0	0	4	0	0	0	10	0	0	0	0	0	0	0	0	0	0	0	0	0	0	0	0	0	0	0	0	0	0	0	0	0	0	0	0	0	0	0	0	0	0	0	0	0	0	0	127	0	0	13
assemblage-264-360	0	0	0	0	0	380	0	27	0	0	0	0	0	0	0	0	0	48	0	0	0	0	0	0	0	0	0	0	0	0	0	0	0	0	0	0	0	0	0	0	0	0	0	0	0	0	0	0	0	0	0	0	0	0	0	0	0	0	0	0	0	0	0	0	0	0	0	0	0	0	0	0	0	0	0	0	0	0	0	0	18	0	0	0	0	0	4	0	0	23
assemblage-685-929	0	0	0	0	0	338	0	82	0	0	0	0	0	0	0	0	0	0	0	0	0	0	0	0	0	0	0	0	0	0	0	0	0	0	0	0	0	0	0	0	0	0	0	0	0	0	8	0	0	0	0	0	0	0	0	17	0	0	0	8	0	0	0	0	0	0	18	0	0	0	0	0	0	0	0	0	0	0	0	0	0	0	0	0	0	0	7	0	0	22
assemblage-213-781	0	0	0	0	0	294	0	43	0	0	0	0	0	0	0	0	28	6	0	0	0	0	0	0	0	0	0	0	0	0	0	0	83	0	0	0	0	0	0	0	0	0	0	0	0	0	0	0	0	0	0	0	0	0	0	0	0	0	0	0	0	0	0	0	0	0	0	0	0	0	0	17	0	0	0	0	0	0	0	0	0	0	0	0	0	0	20	0	0	9
assemblage-608-762	0	0	0	0	0	355	0	42	0	0	0	0	0	15	0	0	0	0	0	0	0	0	0	0	0	0	0	0	0	0	0	0	0	0	0	0	0	0	0	0	0	0	10	0	8	0	0	0	0	0	0	0	0	0	0	10	0	0	0	0	0	0	0	0	0	0	0	0	0	0	0	0	0	0	0	0	0	0	0	0	0	0	0	0	0	0	39	0	0	21
assemblage-613-755	0	0	0	0	0	275	0	26	0	0	0	0	0	0	0	0	47	10	0	0	0	0	0	0	0	0	0	0	0	0	0	0	96	0	0	0	0	0	0	0	0	0	0	0	0	0	0	0	0	0	0	0	0	0	0	0	0	0	0	0	0	0	0	0	0	0	0	0	0	0	0	17	0	0	0	0	0	0	0	0	0	0	0	0	0	0	17	0	0	12
assemblage-247-170	0	0	26	0	0	174	0	0	8	13	0	0	0	0	0	0	92	0	0	0	0	0	0	0	0	0	0	0	0	0	0	0	14	0	0	0	0	0	0	0	0	0	26	0	0	0	0	0	14	0	0	0	0	0	0	5	0	0	0	0	0	0	0	0	0	0	0	0	0	0	0	0	0	0	0	0	7	0	95	0	0	0	7	0	0	0	0	0	0	19
assemblage-254-112	0	0	0	0	0	250	0	0	0	0	0	0	0	0	0	0	27	0	0	0	0	0	0	0	0	0	0	0	0	0	0	0	49	0	0	0	0	0	0	0	0	0	151	0	0	0	0	0	0	0	0	0	0	0	0	0	0	0	0	0	0	0	0	0	0	0	0	0	0	0	0	0	0	0	0	0	0	0	0	0	0	0	0	0	0	0	9	0	0	14
assemblage-233-168	0	0	30	0	0	187	0	0	8	8	0	0	0	0	0	0	101	0	0	0	0	0	0	0	0	0	0	0	0	0	0	0	11	0	0	0	0	0	0	0	0	0	23	0	0	0	0	0	6	0	0	0	0	0	0	7	0	0	0	0	0	0	0	0	0	0	0	0	0	0	0	0	0	0	0	0	7	0	89	0	0	0	8	0	0	0	0	0	0	15
