Assemblage_Name	5266385-4-1	0-4-6290764	6552001-4-5970330	0-4-6517457	3915288-4-1	0-4-1	0-4-2098746	3417724-4-1	0-4-5521165	3-4847142-3	0-4-5666002	4-3-5704855	0-4-3344532	0-4-4688648	6552001-8804406-3	0-3848515-1	6552001-3002804-3	6552001-4767467-3	3611902-2-5103169	4-1569461-2	0-4-3670120	3-4847142-369851	0-1203730-1	5675455-3-2	1104759-4-1	0-4-3872481	3208445-4-1	0-585568-1	4-4-3	4638758-728710-1	6552001-4-7887916	7176147-4-3	3-2-5103169	6552001-8759883-3	0-4-3147277	4-3615702-2	3-3764943-5103169	4434558-2-5103169	6552001-4-3	0-4-2601872	4-3-2	4-3-0	3-2-3	0-4-9349846	3433517-3-2	111653-4847142-3	0-4-2345460	4308773-4-3	4-3-5058716
assemblage-250-731	0	0	0	0	0	78	0	0	0	0	0	0	0	0	0	0	0	0	0	0	0	0	0	0	0	0	0	0	14	0	0	0	0	0	0	0	0	0	233	0	0	167	5	0	0	0	0	0	3
assemblage-747-590	0	0	4	0	0	71	0	0	0	32	0	20	0	0	0	0	0	0	0	0	0	0	0	0	0	0	0	0	0	0	0	0	20	0	0	0	0	0	129	0	216	0	0	0	0	0	0	0	8
assemblage-96-896	0	0	0	0	0	121	0	0	0	60	0	0	0	0	0	0	0	0	0	0	0	0	0	0	0	0	0	0	23	0	0	0	3	0	0	0	0	0	129	0	44	51	64	0	0	0	0	0	5
assemblage-759-483	0	0	0	0	0	218	0	0	0	101	0	0	0	0	0	0	0	0	0	0	0	0	0	0	0	0	0	0	0	0	0	0	0	0	0	0	0	0	92	0	82	0	0	0	0	0	0	0	7
assemblage-677-301	0	0	0	0	0	194	0	0	0	72	0	0	5	0	0	0	0	0	0	0	0	0	0	0	0	0	0	0	0	0	0	0	0	0	0	0	0	0	134	0	71	6	15	0	0	0	0	0	3
assemblage-700-275	0	0	0	0	0	186	0	0	0	130	0	0	0	0	0	0	0	0	0	0	0	0	0	0	0	0	0	0	0	0	0	0	0	0	0	0	0	0	56	0	91	0	32	0	0	0	0	0	5
assemblage-240-941	0	0	0	0	0	184	0	0	0	79	0	0	0	0	0	0	0	0	0	0	0	0	0	0	0	0	0	0	0	0	0	0	43	0	0	0	0	0	108	0	77	0	0	6	0	0	0	0	3
assemblage-467-749	0	0	0	0	0	219	0	0	0	36	0	11	0	0	0	0	0	6	0	0	0	0	0	13	0	0	0	0	0	0	0	0	71	0	0	0	0	0	43	0	92	0	0	0	0	0	0	0	9
assemblage-636-922	0	0	0	0	0	176	0	0	0	73	0	0	9	0	0	0	0	0	0	0	0	0	0	0	0	0	0	0	0	0	0	0	0	0	0	0	0	0	138	0	82	0	16	0	0	0	0	0	6
assemblage-678-943	0	0	0	0	0	462	0	0	0	0	0	0	0	0	0	0	0	0	0	0	0	0	0	0	0	0	0	0	0	0	0	0	10	0	10	0	0	0	0	0	0	0	0	0	0	0	0	0	18
assemblage-238-92	0	0	0	25	0	81	0	0	0	0	0	0	0	0	0	0	0	0	57	0	25	0	0	0	0	0	0	0	0	0	39	0	0	0	81	0	114	0	76	0	0	0	0	0	0	0	0	0	2
assemblage-747-593	0	0	0	0	0	166	0	0	0	0	0	0	0	0	0	0	0	0	0	0	0	0	0	0	0	0	0	0	0	0	0	0	102	0	0	0	0	0	132	0	94	0	0	0	0	0	0	0	6
assemblage-234-493	0	0	0	0	0	313	0	0	0	8	0	0	0	0	0	0	0	0	0	0	0	0	0	0	0	0	0	0	0	0	0	0	0	0	0	0	0	0	139	0	31	0	0	0	0	0	0	0	9
assemblage-595-739	0	0	0	0	0	293	0	0	0	58	0	0	0	0	0	0	0	0	0	0	0	21	0	0	0	0	0	0	0	0	0	0	23	0	0	0	0	0	8	0	77	17	0	0	0	0	0	0	3
assemblage-571-457	0	0	0	0	0	396	0	0	0	0	5	0	0	0	0	0	0	0	0	0	0	0	0	0	0	0	0	0	0	0	17	0	0	0	37	0	0	0	29	0	0	0	0	0	0	0	0	0	16
assemblage-689-282	0	0	0	0	0	164	0	0	0	88	0	0	0	0	0	0	0	0	0	0	0	0	18	0	0	0	0	0	0	0	0	0	9	0	0	0	0	0	144	0	0	74	0	0	0	0	0	0	3
assemblage-328-698	0	0	0	0	0	312	8	0	0	4	0	0	0	0	0	0	0	0	0	0	0	0	0	70	0	0	8	0	0	0	0	0	25	0	22	0	0	0	13	11	27	0	0	0	0	0	0	0	0
assemblage-253-726	0	0	0	0	0	76	0	0	0	0	0	0	0	0	0	0	0	0	0	0	0	0	0	0	0	0	0	0	7	0	0	0	0	0	0	0	0	0	254	0	0	155	3	0	0	0	0	0	5
assemblage-340-683	0	0	0	0	0	209	0	0	0	39	0	22	0	0	0	0	0	21	0	0	0	0	0	7	0	0	0	0	0	0	0	0	66	0	6	0	0	0	37	0	89	0	0	0	0	0	0	0	4
assemblage-730-622	0	0	0	0	0	158	0	0	0	85	0	0	0	0	0	0	0	0	0	4	0	0	0	0	0	0	0	0	0	0	0	0	17	0	0	0	0	0	81	0	152	0	0	0	0	0	0	0	3
assemblage-599-945	0	0	0	0	0	106	0	0	0	83	0	0	0	0	0	0	0	0	0	0	0	0	0	0	0	0	0	0	0	0	0	0	74	0	0	0	0	0	36	0	138	19	37	0	0	0	0	0	7
assemblage-465-737	0	0	0	0	0	219	0	0	0	17	0	0	0	0	0	0	0	0	0	0	0	0	0	42	0	0	3	0	0	0	0	0	65	0	20	0	0	0	45	0	69	0	0	0	0	0	0	0	20
assemblage-604-525	0	0	0	0	0	171	0	0	0	76	0	0	9	0	0	0	0	0	0	0	0	0	0	0	0	0	0	0	0	0	0	0	0	0	0	0	0	0	127	0	93	3	20	0	0	0	0	0	1
assemblage-604-735	0	0	0	0	0	102	0	0	0	60	0	0	0	0	0	0	0	0	0	0	0	23	0	0	0	0	0	0	0	0	0	0	48	0	0	0	0	0	142	0	111	8	0	0	0	0	0	0	6
assemblage-234-166	3	0	0	0	0	386	0	0	0	0	3	0	0	0	0	0	0	0	0	0	0	0	0	0	0	0	0	0	0	0	13	0	0	0	52	0	0	0	38	0	0	0	0	0	0	0	0	0	5
assemblage-351-499	0	0	0	0	0	290	0	0	0	0	0	0	0	0	0	0	0	30	0	0	0	0	0	0	0	0	0	0	0	0	0	0	96	0	16	0	0	0	45	0	18	0	0	0	0	0	0	0	5
assemblage-224-673	0	0	0	0	0	381	0	0	0	0	0	0	0	5	0	0	0	0	0	0	0	0	0	0	0	0	0	0	0	0	0	0	40	0	20	0	11	0	40	0	0	0	0	0	0	0	0	0	3
assemblage-669-934	0	0	0	0	0	388	0	0	0	0	0	0	0	0	0	0	0	0	0	0	0	0	0	0	0	0	0	0	0	0	0	0	24	0	5	0	0	0	62	0	18	0	0	0	0	0	0	0	3
assemblage-455-398	0	0	0	0	0	181	0	0	0	68	0	0	0	0	0	0	0	0	0	4	0	0	0	0	0	0	0	0	0	0	0	0	26	0	0	0	0	0	78	0	137	0	0	0	0	0	0	0	6
assemblage-473-651	0	0	0	0	0	16	0	0	0	79	0	0	0	0	0	0	0	0	0	0	0	0	0	0	0	0	0	0	93	0	0	0	34	0	0	5	0	0	262	0	5	0	0	0	0	0	0	0	6
assemblage-612-775	14	0	0	0	0	415	0	0	0	0	0	0	0	0	0	0	0	0	0	0	0	0	0	0	0	0	0	0	0	12	0	0	19	0	0	0	0	0	36	0	0	0	0	0	0	0	0	0	4
assemblage-268-734	0	0	0	0	0	64	0	0	0	0	0	0	0	0	0	0	0	0	0	0	0	0	0	0	0	0	0	0	12	0	0	0	0	0	0	0	0	0	266	0	0	149	4	0	0	0	0	0	5
assemblage-336-700	0	0	0	0	0	213	0	0	0	8	0	0	0	0	9	0	0	0	0	0	0	0	0	58	0	0	10	0	0	0	0	0	60	0	53	0	0	0	4	0	80	0	0	0	0	0	0	0	5
assemblage-238-351	0	0	0	0	0	263	0	12	0	0	0	0	0	0	0	0	0	7	0	0	0	0	0	0	0	0	0	0	0	0	0	0	19	8	56	0	0	0	123	0	0	0	0	0	3	0	0	0	9
assemblage-470-744	0	0	0	0	0	177	0	0	0	0	0	0	0	0	0	0	0	0	0	0	0	0	0	35	0	0	0	0	0	0	0	0	122	0	0	0	0	0	98	0	62	0	0	0	0	0	0	0	6
assemblage-331-183	0	0	0	41	0	263	0	0	0	0	0	0	0	0	0	0	0	0	31	0	0	0	0	0	0	0	0	0	0	0	0	0	47	5	0	0	0	0	107	0	0	0	0	0	0	0	0	0	6
assemblage-696-280	0	0	0	0	0	167	0	0	0	94	0	0	0	0	0	0	0	0	0	0	0	0	18	0	0	0	0	0	0	0	0	0	7	0	0	0	0	0	134	0	0	75	0	0	0	0	0	0	5
assemblage-757-478	0	0	0	0	0	289	0	0	0	39	0	0	0	0	0	0	0	0	0	0	0	19	0	0	0	0	0	0	0	0	0	0	27	0	0	0	0	0	17	0	80	22	7	0	0	0	0	0	0
assemblage-617-283	0	0	0	0	0	111	0	0	0	54	0	0	0	0	0	0	0	0	0	0	0	0	0	0	0	0	0	0	0	0	0	0	74	0	0	0	0	0	102	0	147	0	0	0	0	0	0	0	12
assemblage-361-733	0	0	0	0	0	131	0	0	0	85	0	0	0	0	0	0	0	0	0	0	0	0	14	0	0	0	0	0	0	0	0	0	10	0	0	0	0	0	179	0	0	72	0	0	0	0	0	0	9
assemblage-925-970	0	0	0	0	0	216	0	0	0	99	0	0	0	0	0	0	0	0	0	0	0	0	0	0	0	0	0	0	0	0	0	0	0	0	0	0	0	0	65	0	103	0	0	0	0	0	0	0	17
assemblage-849-911	0	0	0	0	0	204	0	0	0	8	0	0	0	0	0	0	0	0	0	0	0	0	0	0	0	0	0	10	0	0	0	0	22	0	0	0	0	0	49	0	194	0	0	0	0	0	0	0	13
assemblage-341-187	0	0	0	0	0	336	0	0	0	0	0	0	0	0	0	0	0	0	0	0	0	0	0	0	0	0	0	0	0	0	0	0	38	0	24	0	30	0	61	0	0	0	0	0	0	0	0	0	11
assemblage-227-460	0	0	0	0	0	116	0	0	0	55	0	0	0	0	0	0	0	0	0	0	0	0	0	0	0	0	0	0	0	0	0	0	65	0	0	0	0	0	66	0	183	0	0	0	0	0	0	0	15
assemblage-885-866	0	0	0	0	0	203	0	0	0	0	0	0	0	0	0	0	0	0	0	0	0	0	0	23	0	0	0	0	0	0	0	0	121	0	0	0	0	0	117	0	34	0	0	0	0	0	0	0	2
assemblage-343-696	0	0	0	0	0	198	0	0	0	31	0	13	0	0	0	0	0	4	0	0	0	0	0	15	0	0	0	0	0	0	0	0	86	0	6	0	0	0	60	0	80	0	0	0	0	0	0	0	7
assemblage-581-731	0	0	0	0	0	110	0	0	0	72	0	0	0	0	0	0	0	0	0	0	0	11	0	0	0	0	0	0	0	0	0	0	52	0	0	0	0	0	111	0	140	0	0	0	0	0	0	0	4
assemblage-897-857	0	0	0	0	0	184	0	0	0	0	0	3	0	0	0	0	0	0	0	0	0	0	0	25	0	0	0	0	0	0	0	0	117	0	0	0	0	0	117	0	52	0	0	0	0	0	0	0	2
assemblage-474-671	0	0	0	0	0	16	0	0	0	107	0	0	0	0	0	0	0	0	0	0	0	0	0	0	0	0	0	0	84	0	0	0	34	0	0	2	0	0	254	0	0	0	0	0	0	0	0	0	3
assemblage-262-640	14	0	0	0	0	415	0	0	0	0	0	0	0	0	0	0	0	0	0	0	0	0	0	0	0	0	0	0	0	0	0	0	15	0	0	0	0	0	45	0	0	0	0	0	0	0	0	0	11
assemblage-942-369	0	0	0	0	0	112	0	0	0	44	0	0	0	0	0	0	0	0	0	0	0	0	0	0	0	0	0	0	0	0	0	0	88	0	0	0	0	0	88	0	153	0	0	0	0	10	0	0	5
assemblage-239-945	0	0	0	0	0	169	0	0	0	6	0	0	0	0	0	0	0	0	0	0	0	0	0	0	0	0	0	0	0	0	0	0	67	0	0	0	0	0	134	0	124	0	0	0	0	0	0	0	0
assemblage-831-655	0	0	0	0	0	358	0	0	0	0	0	0	0	0	0	0	0	0	0	0	0	0	0	0	0	0	0	0	8	0	0	0	0	0	0	0	0	0	48	0	15	48	11	0	0	0	0	0	12
assemblage-894-875	0	0	0	0	0	276	7	0	0	5	0	0	0	0	0	0	0	0	0	0	0	0	0	71	0	0	10	0	0	0	0	0	34	0	13	0	0	0	23	5	55	0	0	0	0	0	0	0	1
assemblage-364-249	0	0	0	0	0	336	0	0	0	62	0	0	0	0	0	0	0	0	0	0	0	0	0	0	0	0	0	0	0	0	0	0	0	0	0	0	0	0	44	0	52	0	0	0	0	0	0	0	6
assemblage-509-129	0	0	0	0	0	304	12	0	0	10	0	0	0	0	0	0	0	0	0	0	0	0	0	52	0	0	5	0	0	0	0	0	28	0	26	0	0	0	9	9	45	0	0	0	0	0	0	0	0
assemblage-233-168	0	0	0	0	0	395	0	0	0	0	0	0	0	0	0	0	0	0	0	0	0	0	0	0	0	0	0	0	0	0	0	0	0	0	31	0	7	0	59	0	0	0	0	0	0	0	0	0	8
assemblage-575-462	0	0	0	50	0	94	0	0	0	0	0	0	0	0	0	0	0	0	31	0	18	0	0	0	0	0	0	0	0	0	34	0	0	0	98	0	93	0	79	0	0	0	0	0	0	0	0	0	3
assemblage-247-170	0	0	0	0	0	360	0	0	0	0	0	0	0	0	0	0	0	0	0	0	0	0	0	0	0	0	0	0	0	0	0	0	0	0	22	0	34	0	79	0	0	0	0	0	0	0	0	0	5
assemblage-915-994	0	0	0	0	0	220	0	0	0	14	0	0	17	0	0	0	0	0	0	0	0	0	0	0	0	0	0	0	0	0	0	0	7	0	0	0	0	0	84	0	147	0	4	0	0	0	0	0	7
assemblage-903-862	0	0	0	0	0	180	0	0	0	0	0	0	0	0	0	0	0	0	0	0	0	0	0	15	0	0	0	0	0	0	0	0	135	0	0	0	0	0	114	0	47	0	0	0	0	0	0	0	9
assemblage-243-323	0	0	0	0	0	300	0	0	0	0	0	0	0	0	0	0	0	23	0	0	0	0	0	0	0	0	0	0	0	0	0	0	75	0	6	0	0	0	59	0	30	0	0	0	0	0	0	0	7
assemblage-218-797	0	0	0	33	0	263	0	0	0	0	0	0	0	0	0	0	0	0	43	0	0	0	0	0	0	0	0	0	0	0	0	0	39	12	0	0	0	0	97	0	0	0	0	0	0	0	0	0	13
assemblage-599-513	0	0	0	0	0	198	0	0	0	128	0	0	0	0	0	0	0	0	0	0	0	0	0	0	0	0	0	0	0	0	0	0	0	0	0	0	0	0	51	0	84	0	36	0	0	0	0	0	3
assemblage-361-291	0	0	0	0	0	150	0	0	0	0	0	0	0	0	0	0	0	0	0	0	0	0	0	0	0	0	0	0	0	0	0	0	77	0	0	0	0	0	118	0	148	0	0	0	0	0	0	0	7
assemblage-722-982	0	0	0	0	0	139	0	0	0	54	0	0	0	0	0	0	0	0	0	0	0	5	0	0	0	0	0	0	0	0	0	0	67	0	0	0	0	0	106	0	124	0	0	0	0	0	0	0	5
assemblage-412-850	0	0	0	0	0	453	0	0	0	0	0	0	0	0	0	0	0	0	0	0	0	0	0	0	0	0	0	0	0	0	0	0	22	0	0	0	0	0	0	0	0	0	0	0	0	0	0	0	25
assemblage-596-281	0	0	0	0	0	198	0	0	0	38	0	11	0	0	0	0	0	0	0	0	0	0	0	16	0	0	0	0	0	0	0	0	26	0	0	0	0	0	110	0	91	0	0	0	0	0	0	0	10
assemblage-731-474	0	0	0	0	0	113	0	0	0	67	0	0	0	0	0	0	0	0	0	0	0	9	0	0	0	0	0	0	0	0	0	0	63	0	0	0	0	0	126	0	113	0	0	0	0	0	0	0	9
assemblage-601-501	0	0	0	0	0	150	0	0	0	129	0	0	0	0	0	0	0	0	0	0	0	0	0	0	0	0	0	0	0	0	0	0	0	0	0	0	0	0	40	0	130	0	47	0	0	0	0	0	4
assemblage-421-842	0	0	0	0	0	273	0	12	0	0	0	0	0	0	0	0	0	9	0	0	0	0	0	0	0	0	0	0	0	0	0	0	9	4	56	0	0	0	127	0	0	0	0	0	8	0	0	0	2
assemblage-249-737	0	0	0	0	0	54	0	0	0	0	0	0	0	0	0	0	0	0	0	0	0	0	0	0	0	0	0	0	8	0	0	0	0	0	0	0	0	0	270	0	0	151	14	0	0	0	0	0	3
assemblage-810-118	0	0	0	0	0	207	0	0	0	0	0	0	0	0	0	0	0	0	0	0	0	0	0	0	0	0	0	0	0	0	0	0	72	0	0	0	0	0	134	0	76	0	0	0	0	0	0	0	11
assemblage-676-292	0	0	0	0	0	177	0	0	0	129	0	0	0	0	0	0	0	0	0	0	0	0	0	0	0	0	0	0	0	0	0	0	0	0	0	0	0	0	55	0	102	0	34	0	0	0	0	0	3
assemblage-367-320	0	0	0	0	0	397	0	0	0	0	0	0	0	0	0	0	0	0	0	0	0	0	0	0	0	0	0	0	0	0	0	0	0	0	25	0	20	0	51	0	0	0	0	0	0	0	0	0	7
assemblage-362-487	0	0	0	0	0	467	0	0	0	0	0	0	0	0	0	0	0	0	0	0	0	0	0	0	0	0	0	0	0	0	0	0	15	0	0	0	0	0	0	0	7	0	0	0	0	0	0	0	11
assemblage-347-470	0	0	0	0	0	293	0	0	0	0	0	0	0	0	0	0	0	29	0	0	0	0	0	0	0	0	0	0	0	0	0	0	104	0	15	0	0	0	34	0	23	0	0	0	0	0	0	0	2
assemblage-223-654	0	0	0	62	0	224	0	0	0	0	0	0	0	0	0	0	0	0	38	0	0	0	0	0	0	0	0	0	0	0	0	0	36	8	0	0	0	0	122	0	0	0	0	0	0	0	0	0	10
assemblage-734-991	0	0	0	0	0	128	0	0	0	74	0	0	0	0	0	0	0	0	0	0	0	18	0	0	0	0	0	0	0	0	0	0	54	0	0	0	0	0	121	0	95	0	0	0	0	0	0	0	10
assemblage-340-180	0	0	0	0	0	372	0	0	0	0	0	0	0	0	0	0	0	0	0	0	0	0	0	0	0	0	0	0	0	0	0	0	28	0	22	0	17	0	51	0	0	0	0	0	0	0	0	0	10
assemblage-251-956	0	0	0	0	0	191	0	0	0	63	0	0	0	0	0	0	0	0	0	0	0	0	0	0	0	0	0	0	0	0	0	0	40	0	0	0	0	0	112	0	88	0	0	0	0	0	0	0	6
assemblage-632-931	0	0	0	0	0	179	0	0	0	134	0	0	0	0	0	0	0	0	0	0	0	0	0	0	0	0	0	0	0	0	0	0	0	0	0	0	0	0	62	0	96	0	25	0	0	0	0	0	4
assemblage-757-602	0	0	0	0	0	198	0	0	0	62	0	0	0	0	0	0	0	0	0	0	0	0	0	0	0	0	0	3	0	0	0	0	42	0	0	0	0	0	80	0	111	0	0	0	0	0	0	0	4
assemblage-610-770	8	0	0	42	0	232	0	0	0	0	0	0	0	0	0	0	0	0	42	0	0	0	0	0	0	0	0	0	0	0	0	0	55	7	0	0	0	0	112	0	0	0	0	0	0	0	0	0	2
assemblage-239-733	0	0	0	0	0	63	0	0	0	0	0	0	0	0	0	0	0	0	0	0	0	0	0	0	0	0	0	0	11	0	0	0	0	0	0	0	0	0	267	0	0	135	16	0	0	0	0	0	8
assemblage-226-489	0	0	0	0	0	179	0	0	0	75	0	34	0	0	0	0	0	0	0	0	0	0	0	53	0	0	0	0	0	0	0	0	3	0	11	0	0	0	42	0	103	0	0	0	0	0	0	0	0
assemblage-618-925	0	0	0	0	0	116	0	0	0	82	0	0	0	0	0	0	0	0	0	0	0	6	0	0	0	0	0	0	0	0	0	0	38	0	0	0	0	0	45	0	143	27	41	0	0	0	0	0	2
assemblage-103-910	0	0	0	0	0	7	0	0	0	98	0	0	0	0	0	0	0	0	0	0	0	0	0	0	0	0	0	0	0	0	0	0	0	0	0	0	0	0	4	0	145	0	233	0	0	0	0	0	13
assemblage-365-492	7	0	0	0	0	403	0	0	0	0	0	0	0	0	0	0	0	0	0	0	0	0	0	0	0	0	0	0	0	0	0	0	16	0	19	0	0	0	33	0	20	0	0	0	0	0	0	0	2
assemblage-516-766	0	0	0	0	0	334	0	0	0	66	0	0	0	0	0	0	0	0	0	0	0	0	0	0	0	0	0	0	0	0	0	0	0	0	0	0	0	0	39	0	55	0	0	0	0	0	0	0	6
assemblage-606-504	0	0	0	0	0	117	0	0	0	85	0	0	0	0	0	0	0	0	0	0	0	4	0	0	0	0	0	0	0	0	0	0	51	0	0	0	0	0	21	0	147	24	46	0	0	0	0	0	5
assemblage-943-355	0	0	0	0	0	114	0	0	0	74	0	0	0	0	0	0	0	0	0	0	0	0	0	0	0	0	0	0	0	0	0	0	69	0	0	0	0	0	91	0	142	0	0	0	0	8	0	0	2
assemblage-110-907	0	0	0	0	0	10	0	0	0	103	0	0	0	0	0	0	0	0	0	0	0	0	0	0	0	0	0	0	0	0	0	6	0	0	0	0	0	0	5	0	155	0	215	0	0	0	0	0	6
assemblage-612-728	0	0	0	0	0	258	0	0	0	54	0	0	0	0	0	0	0	0	0	0	0	15	0	0	0	0	0	0	0	0	0	0	28	0	0	0	0	0	7	0	103	20	8	0	0	0	0	0	7
assemblage-222-939	0	0	0	0	0	169	0	0	0	65	0	0	0	0	0	0	0	0	0	0	0	0	0	0	0	0	0	7	0	0	0	0	36	0	0	0	0	0	146	0	73	0	0	0	0	0	0	0	4
assemblage-223-771	0	0	0	29	0	251	0	0	0	0	0	0	0	0	0	0	0	0	36	0	0	0	0	0	0	0	0	0	0	0	0	0	44	23	8	0	0	0	103	0	0	0	0	0	0	0	0	0	6
assemblage-230-174	0	0	0	0	0	383	0	0	0	0	0	0	0	0	0	0	0	0	0	0	0	0	0	0	0	0	0	0	0	0	0	0	0	0	26	0	28	0	58	0	0	0	0	0	0	0	0	0	5
assemblage-825-627	0	0	0	0	0	342	0	0	0	0	0	0	0	0	0	0	0	0	0	0	0	0	0	0	0	0	0	0	15	0	0	0	0	0	0	0	0	0	70	0	10	48	12	0	0	0	0	0	3
assemblage-815-115	0	0	0	0	0	223	0	0	0	0	0	0	0	0	0	0	0	0	0	0	0	0	0	0	0	0	0	7	0	0	0	0	15	0	0	0	0	0	42	0	201	0	0	0	0	0	0	0	12
assemblage-866-914	0	0	0	0	0	238	0	0	0	0	0	0	0	0	0	0	0	0	0	0	0	0	0	0	0	0	0	0	0	0	0	0	68	0	0	0	0	0	109	0	73	0	0	0	0	0	0	0	12
assemblage-943-359	0	0	0	0	0	292	0	0	0	15	0	0	0	0	0	0	0	0	0	0	0	0	0	0	0	0	0	0	0	0	0	0	0	0	0	0	0	0	157	0	29	0	0	0	0	0	0	0	7
assemblage-731-490	0	0	0	0	0	225	0	0	0	24	0	0	15	0	0	0	0	0	0	0	0	0	0	0	0	0	0	0	0	0	0	0	9	0	0	0	0	0	72	0	137	0	5	0	0	0	0	0	13
assemblage-218-462	0	0	0	0	0	326	0	0	0	16	0	0	0	0	0	0	0	0	0	0	0	0	0	0	0	0	0	0	0	0	0	0	10	0	0	0	0	0	121	0	22	0	0	0	0	0	0	0	5
assemblage-236-458	0	0	0	0	0	194	0	0	0	23	0	8	0	0	0	0	0	0	0	0	0	0	0	0	0	0	0	0	0	0	0	0	10	0	0	0	0	0	224	0	41	0	0	0	0	0	0	0	0
assemblage-358-487	0	0	0	0	0	392	0	0	0	0	0	0	0	0	0	0	0	0	0	0	0	0	0	0	0	0	0	0	0	0	0	0	20	0	14	0	0	0	51	0	14	0	0	0	0	0	0	0	9
assemblage-370-248	0	0	0	0	0	88	0	0	0	29	0	29	0	0	0	0	0	0	0	0	0	0	0	0	0	0	0	0	0	0	0	0	21	0	0	0	0	0	94	0	227	0	0	0	0	0	0	0	12
assemblage-212-161	0	0	0	0	0	392	0	0	0	0	0	0	0	0	0	0	0	0	0	0	0	0	0	0	0	0	0	0	0	0	14	0	0	0	52	0	0	0	27	0	0	0	0	0	0	0	0	0	15
assemblage-359-472	0	0	0	0	0	314	0	0	0	0	0	0	0	0	0	0	0	25	0	0	0	0	0	0	0	0	0	0	0	0	0	0	101	0	13	0	0	0	28	0	18	0	0	0	0	0	0	0	1
assemblage-352-687	0	0	0	0	0	225	0	0	0	27	0	17	0	0	0	0	0	10	0	0	0	0	0	8	0	0	0	0	0	0	0	0	72	0	11	0	0	0	50	0	71	0	0	0	0	0	0	0	9
assemblage-896-872	0	0	0	0	0	219	0	0	0	39	0	11	0	0	0	0	0	13	0	0	0	0	0	14	0	0	0	0	0	0	0	0	78	0	0	0	0	0	41	0	80	0	0	0	0	0	0	0	5
assemblage-818-651	0	0	0	0	0	354	0	0	0	0	0	0	0	0	0	0	0	0	0	0	0	0	0	0	0	0	0	0	33	0	0	0	0	0	0	0	0	0	36	0	16	43	9	0	0	0	0	0	9
assemblage-817-130	0	0	0	0	0	205	0	0	0	0	0	0	0	0	0	0	0	0	0	0	0	0	0	0	0	0	0	4	0	0	0	0	22	0	0	0	0	0	42	0	208	0	0	0	0	0	0	0	19
assemblage-228-644	0	0	0	0	0	361	0	0	0	0	0	0	0	0	0	0	0	0	0	0	0	0	0	0	0	0	0	0	0	0	0	0	37	0	22	0	15	0	58	0	0	0	0	0	0	0	0	0	7
assemblage-262-660	12	0	0	0	0	396	0	0	0	0	0	0	0	0	0	0	0	13	0	0	0	0	0	0	0	4	0	0	0	0	0	0	23	0	0	0	0	0	40	0	0	0	0	0	0	0	0	0	12
assemblage-261-342	0	0	0	0	0	460	0	0	0	0	0	0	0	0	0	0	0	0	0	0	0	0	0	0	0	0	0	0	0	0	0	0	22	0	0	0	0	0	0	0	4	0	0	0	0	0	0	0	14
assemblage-224-659	0	0	0	0	0	387	0	0	0	0	0	0	0	0	0	0	0	0	0	0	0	0	0	0	0	0	0	0	0	0	0	0	31	0	20	0	16	0	46	0	0	0	0	0	0	0	0	0	0
assemblage-909-972	0	0	0	0	0	175	0	0	0	112	0	0	0	0	0	0	0	0	0	0	0	0	0	0	0	0	0	0	0	0	0	0	0	0	0	0	0	0	95	0	108	0	0	0	0	0	0	0	10
assemblage-665-923	0	0	0	0	0	312	0	0	0	0	0	0	0	0	0	0	0	32	0	0	0	0	0	0	0	0	0	0	0	0	0	0	81	0	10	0	0	0	31	0	31	0	0	0	0	0	0	0	3
assemblage-752-603	0	0	0	0	0	319	0	0	0	58	0	0	0	0	0	0	0	0	0	0	0	0	0	0	0	0	0	0	0	0	0	0	0	0	0	0	0	0	46	0	70	0	0	0	0	0	0	0	7
assemblage-262-104	0	0	0	25	0	118	0	0	0	0	0	0	0	0	0	0	0	0	42	0	11	0	0	0	0	0	0	0	0	0	20	0	0	0	94	0	92	0	95	0	0	0	0	0	0	0	0	0	3
assemblage-858-890	0	0	0	0	0	229	0	0	0	0	0	0	0	0	0	0	0	0	0	0	0	0	0	0	0	0	0	0	0	0	0	0	68	0	0	0	0	0	102	0	98	0	0	0	0	0	0	0	3
assemblage-583-465	0	0	0	0	0	180	0	0	0	0	0	0	0	0	0	0	0	0	63	0	15	0	0	0	0	0	0	0	0	0	0	0	0	0	131	0	0	0	106	0	0	0	0	0	0	0	0	0	5
assemblage-258-727	0	0	0	0	0	43	0	0	0	0	0	0	0	0	0	0	0	0	0	0	0	0	0	0	0	0	0	0	8	0	0	0	0	0	0	0	0	0	277	0	0	160	7	0	0	0	0	0	5
assemblage-680-942	0	0	0	0	0	387	0	0	0	0	0	0	0	0	0	0	0	0	0	0	0	0	0	0	0	0	0	0	0	0	0	0	25	0	17	0	0	0	35	0	30	0	0	0	0	0	0	0	6
assemblage-594-508	0	0	0	0	0	175	0	0	0	72	0	0	12	0	0	0	0	0	0	0	0	0	0	0	0	0	0	0	0	0	0	0	0	0	0	0	0	0	132	0	81	0	22	0	0	0	0	0	6
assemblage-608-915	0	0	0	0	0	152	0	0	0	88	0	0	0	0	0	0	0	0	0	0	0	0	24	0	0	0	0	0	0	0	0	0	15	0	0	0	0	0	164	0	0	51	0	0	0	0	0	0	6
assemblage-339-716	0	0	0	0	0	103	0	0	0	95	0	0	0	0	0	0	0	0	0	0	0	4	0	0	0	0	0	0	0	0	0	0	57	0	0	0	0	0	49	0	116	33	40	0	0	0	0	0	3
assemblage-111-900	0	0	0	0	0	6	0	0	0	96	0	0	0	0	0	0	0	0	0	0	0	0	0	0	0	0	0	0	0	0	0	0	0	0	0	0	0	0	0	0	159	0	227	0	0	0	0	0	12
assemblage-608-767	8	0	0	0	0	417	0	0	0	0	0	0	0	0	0	0	0	11	0	0	0	0	0	0	0	0	0	0	0	0	0	0	20	0	0	0	0	0	36	0	0	0	0	0	0	0	0	0	8
assemblage-211-786	0	0	0	0	0	382	0	0	0	0	0	0	0	0	0	0	0	0	0	0	0	0	0	0	0	0	0	0	0	0	0	0	32	0	26	0	16	0	38	0	0	0	0	0	0	0	0	0	6
assemblage-247-716	0	0	0	0	0	73	0	0	0	0	0	0	0	0	0	0	0	0	0	0	0	0	0	0	0	0	0	0	11	0	0	0	0	0	0	0	0	0	245	0	0	153	12	0	0	0	0	0	6
assemblage-353-255	0	0	0	0	0	169	0	0	0	0	0	0	0	0	0	0	0	0	0	0	0	0	0	0	0	0	0	0	0	0	0	0	81	0	0	0	0	0	124	0	117	0	0	0	0	0	0	0	9
assemblage-621-771	20	0	0	0	0	406	0	0	0	0	0	0	0	0	0	0	0	0	0	0	0	0	0	0	0	0	0	0	0	0	0	0	7	0	0	0	0	0	54	0	0	0	0	0	0	0	0	0	13
assemblage-814-115	0	0	0	0	0	228	0	0	0	5	0	0	0	0	0	0	0	0	0	0	0	0	0	0	0	0	0	12	0	0	0	0	17	0	0	0	0	0	41	0	193	0	0	0	0	0	0	0	4
assemblage-613-289	0	0	0	0	0	92	0	0	0	76	0	0	0	0	0	0	0	0	0	0	0	0	0	0	0	0	0	0	0	0	0	0	65	0	0	0	0	0	64	0	188	0	0	0	0	15	0	0	0
assemblage-94-905	0	0	0	0	0	12	0	0	0	100	0	0	0	0	0	0	0	0	0	0	0	0	0	0	0	0	0	0	0	0	0	0	0	0	0	0	0	0	0	0	175	0	196	0	0	0	0	0	17
assemblage-578-483	0	0	0	38	0	96	0	0	0	0	0	0	0	0	0	0	0	0	41	0	19	0	0	0	0	0	0	0	0	0	28	0	0	0	110	0	84	0	83	0	0	0	0	0	0	0	0	0	1
assemblage-604-772	0	0	0	0	0	245	0	0	0	0	0	0	0	0	0	0	0	0	0	0	0	0	0	0	0	0	0	0	0	0	0	0	10	0	88	0	0	0	142	0	0	0	0	0	0	0	7	0	8
assemblage-370-702	0	0	0	0	0	158	0	0	0	75	0	0	4	0	0	0	0	0	0	0	0	0	0	0	0	0	0	0	0	0	0	0	0	0	0	0	0	0	138	0	100	3	17	0	0	0	0	0	5
assemblage-608-762	0	0	0	44	0	230	0	0	0	0	0	0	0	0	0	0	0	0	29	0	0	0	0	0	0	0	0	0	0	0	0	0	40	11	0	0	0	0	141	0	0	0	0	0	0	0	0	0	5
assemblage-826-115	0	0	0	0	0	199	0	0	0	0	0	0	0	0	0	0	0	0	0	0	0	0	0	0	0	0	0	12	0	0	0	0	17	0	0	0	0	0	46	0	215	0	0	0	0	0	0	0	11
assemblage-734-616	0	0	12	0	0	70	0	0	0	33	0	39	0	0	0	0	0	0	0	0	0	0	0	0	0	0	0	0	0	0	0	0	14	0	0	0	0	0	114	0	212	0	0	0	0	0	0	0	6
assemblage-914-974	0	0	0	0	0	296	0	0	0	44	0	0	0	0	0	0	0	0	0	0	0	26	0	0	0	0	0	0	0	0	0	0	25	0	0	0	0	0	10	0	78	17	2	0	0	0	0	0	2
assemblage-248-353	0	0	0	0	0	241	0	16	0	0	0	0	0	0	0	0	0	9	0	0	0	0	0	0	0	0	0	0	0	0	0	0	7	11	85	0	0	0	122	0	0	0	0	0	4	0	0	0	5
assemblage-492-657	0	0	0	0	0	17	0	0	0	92	0	0	0	0	0	0	0	0	0	0	0	0	0	0	0	0	0	0	91	0	0	0	15	0	0	0	0	0	262	0	11	0	0	0	0	0	0	0	12
assemblage-818-645	0	0	0	0	0	349	0	0	0	0	0	0	0	0	0	0	0	0	0	0	0	0	0	0	0	0	0	0	11	0	0	0	0	0	0	0	0	0	67	0	23	32	0	0	0	0	0	0	18
assemblage-262-106	6	0	0	0	0	396	0	0	0	0	0	0	0	0	0	0	0	0	0	0	0	0	0	0	0	0	0	0	0	0	18	0	0	0	46	0	0	0	23	0	0	0	0	0	0	0	0	0	11
assemblage-891-868	0	0	0	0	0	189	0	0	0	0	0	0	0	0	7	0	0	0	0	0	0	0	0	60	0	0	11	0	0	0	0	0	74	0	50	0	0	0	0	0	88	0	0	0	0	0	0	0	21
assemblage-502-119	0	0	0	0	0	310	0	0	0	6	0	0	0	0	0	0	0	0	0	0	0	0	0	64	0	0	11	0	0	0	0	0	27	0	21	0	0	0	9	9	41	0	0	0	0	0	0	0	2
assemblage-939-363	0	0	0	0	0	258	0	0	0	20	0	16	0	0	0	0	0	0	0	0	0	0	0	0	0	0	0	0	0	0	0	0	9	0	0	0	0	0	173	0	24	0	0	0	0	0	0	0	0
assemblage-620-507	0	0	0	0	0	126	0	0	0	72	0	0	0	0	0	0	0	0	0	0	0	0	0	0	0	0	0	0	0	0	0	0	42	0	0	0	0	0	36	0	156	17	44	0	0	0	0	0	7
assemblage-845-912	0	0	0	0	0	202	0	0	0	0	0	0	0	0	0	0	0	0	0	0	0	0	0	0	0	0	0	6	0	0	0	0	27	0	0	0	0	0	54	0	197	0	0	0	0	0	0	0	14
assemblage-249-343	0	0	0	0	0	232	0	12	0	0	0	0	0	0	0	0	0	7	0	0	0	0	0	0	0	0	0	0	0	0	0	0	10	9	74	0	0	0	149	0	0	0	0	0	5	0	0	0	2
assemblage-113-897	0	0	0	0	0	0	0	0	0	92	0	0	0	0	0	0	0	0	0	0	0	0	0	0	0	0	0	0	0	0	0	0	0	0	0	0	0	0	0	0	148	0	245	0	0	0	0	0	15
assemblage-725-980	0	0	0	0	0	103	0	0	0	81	0	0	0	0	0	0	0	0	0	0	0	10	0	0	0	0	0	0	0	0	0	0	68	0	0	0	0	0	109	0	122	0	0	0	0	0	0	0	7
assemblage-486-668	0	0	0	0	0	13	0	0	0	80	0	0	0	0	0	0	0	0	0	0	0	0	0	0	0	0	0	0	89	0	0	0	31	0	0	0	0	0	274	0	0	0	0	0	0	0	0	0	13
assemblage-393-317	0	0	0	0	0	413	0	0	0	0	0	0	0	0	0	0	0	0	0	0	0	0	0	0	0	0	0	0	0	0	0	0	0	0	20	0	17	0	47	0	0	0	0	0	0	0	0	0	3
assemblage-868-903	0	0	0	0	0	210	0	0	0	4	0	0	14	0	0	0	0	0	0	0	0	0	0	0	0	0	0	0	0	0	0	0	75	0	0	0	0	0	125	0	68	0	0	0	0	0	0	0	4
assemblage-482-665	0	0	0	0	0	22	0	0	0	102	0	0	0	0	0	0	0	0	0	0	0	0	0	0	0	0	0	0	86	0	0	0	27	0	0	6	0	0	243	0	11	0	0	0	0	0	0	0	3
assemblage-685-298	0	0	0	0	0	177	0	0	0	105	0	0	0	0	0	0	0	0	0	0	0	0	14	0	0	0	0	0	0	0	0	0	15	0	0	0	0	0	103	0	0	79	0	0	0	0	0	0	7
assemblage-602-930	0	0	0	0	0	213	0	0	0	123	0	0	0	0	0	0	0	0	0	0	0	0	0	0	0	0	0	0	0	0	0	0	0	0	0	0	0	0	50	0	84	0	26	0	0	0	0	0	4
assemblage-243-471	0	0	0	0	0	175	0	0	0	54	0	36	0	0	0	0	0	0	0	0	0	0	0	56	0	0	0	0	0	0	0	0	6	0	11	0	0	0	36	0	120	0	0	0	0	0	0	0	6
assemblage-746-471	0	0	0	0	0	274	0	0	0	51	0	0	0	0	0	0	0	0	0	0	0	26	0	0	0	0	0	0	0	0	0	0	30	0	0	0	0	0	16	0	78	17	0	0	0	0	0	0	8
assemblage-104-339	0	0	0	0	0	293	0	0	0	15	0	0	0	0	0	0	0	0	0	0	0	0	0	0	0	0	0	0	0	0	0	0	0	0	0	0	0	0	152	0	23	0	0	0	0	0	0	0	17
assemblage-748-479	0	0	0	0	0	186	0	0	0	95	0	0	0	0	0	0	0	0	0	0	0	0	0	0	0	0	0	0	0	0	0	0	0	0	0	0	0	0	87	0	115	0	0	0	0	0	0	0	17
assemblage-726-586	0	0	0	0	0	196	0	0	0	58	0	0	0	0	0	0	0	0	0	0	0	0	0	0	0	0	0	3	0	0	0	0	38	0	0	0	0	0	107	0	84	0	0	0	0	0	0	0	14
assemblage-523-751	0	0	0	0	0	167	0	0	0	0	0	0	0	0	0	0	0	0	0	0	0	0	0	0	0	0	0	0	0	0	0	0	76	0	0	0	0	0	133	0	120	0	0	0	0	0	0	0	4
assemblage-901-855	0	0	0	0	0	180	0	0	0	0	0	0	0	0	0	0	0	0	0	0	0	0	0	30	0	0	0	0	0	0	0	0	107	0	0	0	0	0	124	0	49	0	0	0	0	0	0	0	10
assemblage-247-99	0	0	0	30	0	76	0	0	0	0	0	0	0	0	0	0	0	0	49	0	18	0	0	0	0	0	0	0	0	0	33	0	0	0	100	0	108	0	84	0	0	0	0	0	0	0	0	0	2
assemblage-828-627	0	0	0	0	0	348	0	0	0	0	0	0	0	0	0	0	0	0	0	0	0	0	0	0	0	0	0	0	11	0	0	0	0	0	0	0	0	0	60	0	21	43	8	0	0	0	0	0	9
assemblage-613-755	0	0	0	0	0	224	0	0	0	0	0	0	0	0	0	0	0	0	0	0	0	0	0	0	0	0	0	0	0	0	0	0	7	0	86	0	0	0	162	0	0	0	0	0	0	0	7	0	14
assemblage-227-792	0	0	0	47	0	268	0	0	0	0	0	0	0	0	0	0	0	0	31	0	0	0	0	0	0	0	0	0	0	0	0	0	30	7	5	0	0	0	109	0	0	0	0	0	0	0	0	0	3
assemblage-497-751	0	0	0	0	0	198	0	0	0	35	0	5	0	0	0	0	0	0	0	0	0	0	0	0	0	0	0	0	0	0	0	0	37	0	0	0	0	0	107	0	114	0	0	0	0	0	0	0	4
assemblage-618-292	0	0	0	0	0	308	0	0	0	24	0	0	0	0	0	0	0	0	0	0	0	0	0	0	0	0	0	0	0	0	0	0	0	0	0	0	0	0	130	0	26	0	0	0	0	0	0	0	12
assemblage-344-184	0	0	0	0	0	235	0	0	0	0	0	0	0	0	0	0	0	0	0	0	0	0	0	0	0	0	0	0	0	0	0	0	11	0	69	0	0	0	159	0	0	0	0	0	0	0	20	0	6
assemblage-461-403	0	0	0	0	0	225	0	0	0	0	0	0	0	0	0	0	0	0	0	0	0	0	0	0	0	0	0	0	0	0	0	0	81	0	0	0	0	0	124	0	59	0	0	0	0	0	0	0	11
assemblage-928-974	0	0	0	0	0	206	0	0	0	85	0	0	0	0	0	0	0	0	0	0	0	0	0	0	0	0	0	0	0	0	0	0	0	0	0	0	0	0	82	0	111	0	0	0	0	0	0	0	16
assemblage-114-348	0	0	0	0	0	234	0	0	0	18	0	0	0	0	0	0	0	0	0	0	0	0	0	0	0	0	0	0	0	0	0	0	9	0	0	0	0	0	201	0	32	0	0	0	0	0	0	0	6
assemblage-689-310	0	0	0	0	0	115	0	0	0	84	0	0	0	0	0	0	0	0	0	0	0	9	0	0	0	0	0	0	0	0	0	0	44	0	0	0	0	0	41	0	140	21	44	0	0	0	0	0	2
assemblage-937-366	0	0	0	0	0	207	0	0	0	40	0	31	0	0	0	0	0	0	0	0	0	0	0	54	0	0	0	0	0	0	0	0	3	0	8	0	0	0	49	0	107	0	0	0	0	0	0	0	1
assemblage-597-286	0	0	0	0	0	341	0	0	0	11	0	0	0	0	0	0	0	0	0	0	0	0	0	0	0	0	0	0	0	0	0	0	0	0	0	0	0	0	102	0	34	0	0	0	0	0	0	0	12
assemblage-358-189	0	0	0	0	0	386	0	0	0	0	0	0	0	0	0	0	0	0	0	0	0	0	0	0	0	0	0	0	0	0	0	0	29	0	15	0	18	0	48	0	0	0	0	0	0	0	0	0	4
assemblage-503-748	0	0	6	0	0	53	0	0	0	21	0	18	0	0	0	0	0	0	0	0	0	0	0	0	0	0	0	0	0	0	0	0	18	0	0	0	0	0	133	0	241	0	0	0	0	0	0	0	10
assemblage-685-929	0	12	0	0	0	445	0	0	0	0	0	0	0	0	0	0	0	0	0	0	0	0	0	0	0	0	0	0	0	0	0	0	22	0	0	0	0	0	0	0	0	0	0	0	0	0	0	0	21
assemblage-365-269	0	0	0	0	0	309	0	0	0	59	0	0	0	0	0	0	0	0	0	0	0	0	0	0	0	0	0	0	0	0	0	0	0	0	0	0	0	0	53	0	73	0	0	0	0	0	0	0	6
assemblage-357-276	0	0	0	0	0	187	0	0	0	58	0	0	0	0	0	0	0	0	0	0	0	0	0	0	0	0	0	8	0	0	0	0	34	0	0	0	0	0	114	0	94	0	0	0	0	0	0	0	5
assemblage-385-320	0	0	0	0	0	194	0	0	0	0	0	0	0	0	0	0	0	0	73	0	14	0	0	0	0	0	0	0	0	0	0	0	0	0	133	0	0	0	75	0	0	0	0	0	0	0	0	0	11
assemblage-237-956	0	0	0	0	0	196	0	0	0	55	0	0	0	0	0	0	0	0	0	0	0	0	0	0	0	0	0	3	0	0	0	0	29	0	0	0	0	0	117	0	97	0	0	0	0	0	0	0	3
assemblage-373-247	0	0	0	0	0	182	0	0	0	8	0	0	0	0	0	0	0	0	0	0	0	0	0	0	0	0	0	0	0	0	0	0	72	0	0	0	0	0	123	0	113	0	0	0	0	0	0	0	2
assemblage-732-983	0	0	0	0	0	232	0	0	0	17	0	0	17	0	0	0	0	0	0	0	0	0	0	0	0	0	0	0	0	0	0	0	14	0	0	0	0	0	72	0	118	0	14	0	0	0	0	0	16
assemblage-933-359	0	0	0	0	0	169	0	0	0	38	0	37	0	0	0	0	0	0	0	0	0	0	0	55	0	0	0	0	0	0	0	0	0	0	12	0	0	0	40	0	142	0	0	0	0	0	0	0	7
assemblage-110-333	0	0	0	0	0	174	0	0	0	47	0	34	0	0	0	0	0	0	0	0	0	0	0	72	0	0	0	0	0	0	0	0	14	0	6	0	0	0	45	0	103	0	0	0	0	0	0	0	5
assemblage-101-914	0	0	0	0	0	6	0	0	0	108	0	0	0	0	0	0	0	0	0	0	0	0	0	0	0	0	0	0	0	0	0	0	0	0	0	0	0	0	11	0	151	0	215	0	0	0	0	0	9
assemblage-936-352	0	0	0	0	6	305	0	0	0	14	0	0	0	0	0	0	0	0	0	0	0	0	0	0	0	0	0	0	0	0	0	0	10	0	0	0	0	0	135	0	27	0	0	0	0	0	0	0	3
assemblage-463-409	0	0	0	0	0	192	0	0	0	0	0	0	0	0	0	0	0	0	0	0	0	0	0	0	0	0	0	0	0	0	0	0	63	0	0	0	0	0	111	0	123	0	0	0	0	0	0	0	11
assemblage-472-737	0	0	0	0	0	294	5	0	0	11	0	0	0	0	0	0	0	0	0	0	0	0	0	62	0	0	9	0	0	0	0	0	29	0	10	0	0	0	24	9	45	0	0	0	0	0	0	0	2
assemblage-474-731	0	0	0	0	0	296	6	0	0	8	0	0	0	0	0	0	0	0	0	0	0	0	0	65	0	0	5	0	0	0	0	0	35	0	18	0	0	0	22	5	39	0	0	0	0	0	0	0	1
assemblage-226-782	0	0	0	0	0	232	0	0	0	0	0	0	0	0	0	0	0	0	0	0	0	0	0	0	0	0	0	0	0	0	0	0	9	0	75	0	0	0	162	0	0	0	0	0	0	0	17	0	5
assemblage-104-904	0	0	0	0	0	5	0	0	0	88	0	0	0	0	0	0	0	0	0	0	0	0	0	0	0	0	0	0	0	0	0	0	0	0	0	0	0	0	2	0	141	12	246	0	0	0	0	0	6
assemblage-605-286	0	0	0	0	0	254	0	0	0	13	0	7	0	0	0	0	0	0	0	0	0	0	0	0	0	0	0	0	0	0	0	0	0	0	0	0	0	0	191	0	28	0	0	0	0	0	0	0	7
assemblage-607-773	0	0	0	0	0	256	0	0	0	0	0	0	0	0	0	0	0	0	0	0	0	0	0	0	0	0	0	0	0	0	0	0	5	0	92	0	0	0	128	0	0	0	0	0	0	0	12	0	7
assemblage-327-693	0	0	0	0	0	175	0	0	0	0	0	0	0	0	0	0	0	0	0	0	0	0	0	12	0	0	0	0	0	0	0	0	145	0	0	0	0	0	115	0	43	0	0	0	0	0	0	0	10
assemblage-721-988	0	0	0	0	0	275	0	0	0	45	0	0	0	0	0	0	0	0	0	0	0	38	0	0	0	0	0	0	0	0	0	0	20	0	0	0	0	0	6	0	83	17	13	0	0	0	0	0	3
assemblage-243-933	0	0	0	0	0	321	0	0	0	74	0	0	0	0	0	0	0	0	0	0	0	0	0	0	0	0	0	0	0	0	0	0	0	0	0	0	0	0	43	0	55	0	0	0	0	0	0	0	7
assemblage-515-132	0	0	0	0	0	182	0	0	0	0	0	7	0	0	0	0	0	0	0	0	0	0	0	21	0	0	0	0	0	0	0	0	122	0	0	0	0	0	117	0	51	0	0	0	0	0	0	0	0
assemblage-344-482	0	0	0	0	0	353	0	0	0	0	0	0	0	0	0	0	0	8	0	0	0	0	0	0	0	0	0	0	0	0	0	0	33	0	23	0	0	0	64	0	11	0	0	0	0	0	0	0	8
assemblage-450-743	0	0	0	0	0	229	0	0	0	0	0	0	0	0	9	0	0	0	0	0	0	0	0	39	0	0	15	0	0	0	0	0	55	0	53	0	0	0	13	0	79	0	0	0	0	0	0	0	8
assemblage-236-475	0	0	0	0	0	240	0	0	0	25	0	0	0	0	0	0	0	0	0	0	0	0	0	0	0	0	0	0	0	0	0	0	0	0	0	0	0	0	175	0	40	0	0	0	0	0	0	0	20
assemblage-217-641	0	0	0	0	0	273	0	0	0	0	0	0	0	0	0	0	0	0	0	0	0	0	0	0	0	0	0	0	0	0	0	0	7	0	74	0	0	0	129	0	0	0	0	0	0	0	7	0	10
assemblage-564-470	0	0	0	0	0	183	0	0	0	0	0	0	0	0	0	0	0	0	56	0	14	0	0	0	0	0	0	0	0	0	0	0	0	0	131	0	0	0	107	0	0	0	0	0	0	0	0	0	9
assemblage-236-112	0	0	0	0	0	182	0	0	0	0	0	0	0	0	0	0	0	0	75	0	9	0	0	0	0	0	0	0	0	0	0	0	0	0	131	0	0	0	95	0	0	0	0	0	0	0	0	0	8
assemblage-608-503	0	0	0	0	0	141	0	0	0	85	0	0	0	0	0	0	0	0	0	0	0	0	0	0	0	0	0	0	0	0	0	0	21	0	0	0	0	0	98	0	79	27	36	0	0	0	0	0	13
assemblage-350-481	0	0	0	0	0	452	0	0	0	0	0	0	0	0	0	0	0	0	0	0	0	0	0	0	0	0	0	0	0	0	0	0	26	0	6	0	0	0	0	0	0	0	0	0	0	0	0	0	16
assemblage-377-697	0	0	0	0	0	162	0	0	0	80	0	0	0	0	0	0	0	0	0	0	0	0	20	0	0	0	0	0	0	0	0	0	5	0	0	0	0	0	158	0	0	69	0	0	0	0	0	0	6
assemblage-566-457	0	0	0	0	0	205	0	0	0	0	0	0	0	0	0	0	0	0	78	0	13	0	0	0	0	0	0	0	0	0	0	0	0	0	118	0	0	0	77	0	0	0	0	0	0	0	0	5	4
assemblage-755-641	0	0	0	0	0	185	0	0	0	21	0	0	0	0	0	0	0	0	0	0	0	0	0	0	0	0	0	0	0	0	0	0	41	0	0	0	0	0	89	0	155	0	0	0	0	0	0	0	9
assemblage-488-754	0	0	0	0	0	338	0	0	0	55	0	0	0	0	0	0	0	0	0	0	0	0	0	0	0	0	0	0	0	0	0	0	0	0	0	0	0	0	43	0	54	0	0	0	0	0	0	0	10
assemblage-435-396	0	0	0	0	0	219	0	0	0	0	0	0	0	0	0	0	0	0	0	0	0	0	0	0	0	0	0	11	0	0	0	0	25	0	0	0	0	0	47	0	184	0	0	0	0	0	0	0	14
assemblage-734-635	0	0	0	0	0	221	0	0	0	7	0	0	2	0	0	0	0	0	0	0	0	0	0	0	0	0	0	0	0	0	0	0	88	0	0	0	0	0	104	0	77	0	0	0	0	0	0	0	1
assemblage-336-184	0	0	0	0	0	371	0	0	0	0	0	0	0	0	0	0	0	0	0	0	0	0	0	0	0	0	0	0	0	0	0	0	25	0	23	0	25	0	51	0	0	0	0	0	0	0	0	0	5
assemblage-403-849	0	0	0	0	0	465	0	0	0	0	0	0	0	0	0	0	0	0	0	0	0	0	0	0	0	0	0	0	0	0	0	0	20	0	0	0	0	0	0	0	0	0	0	0	0	0	0	0	15
assemblage-903-987	0	0	0	0	0	199	0	0	0	92	0	0	0	0	0	15	0	0	0	0	0	0	0	0	0	0	0	0	0	0	0	0	6	0	0	0	0	0	85	0	92	0	0	0	0	0	0	0	11
assemblage-393-312	0	0	0	0	0	374	0	0	0	0	0	0	0	0	0	0	0	0	0	0	0	0	0	0	0	0	0	0	0	0	0	0	0	0	28	0	22	0	72	0	0	0	0	0	0	0	0	0	4
assemblage-331-188	7	0	0	42	0	278	0	0	0	0	0	0	0	0	0	0	0	0	29	0	0	0	0	0	0	0	0	0	0	0	0	0	35	7	0	0	0	0	96	0	0	0	0	0	0	0	0	0	6
assemblage-347-681	0	0	0	0	0	204	0	0	0	32	0	15	0	0	0	0	0	24	0	0	0	0	0	7	0	0	0	0	0	0	0	0	52	0	0	0	0	0	57	0	98	0	0	0	0	0	0	0	11
assemblage-395-318	0	0	0	0	0	158	0	0	0	0	0	0	0	0	0	0	0	0	67	0	9	0	0	0	0	0	0	0	0	0	0	0	0	0	134	0	0	0	122	0	0	0	0	0	0	0	0	0	10
assemblage-824-118	0	0	0	0	0	202	0	0	0	0	0	0	0	0	0	0	0	0	0	0	0	0	0	0	0	0	0	0	0	0	0	0	54	0	0	0	0	8	132	0	96	0	0	0	0	0	0	0	8
assemblage-383-267	0	0	0	0	0	183	0	0	0	5	0	0	0	0	0	0	0	0	0	0	0	0	0	0	0	0	0	0	0	0	0	0	64	0	0	0	0	0	149	0	95	0	0	0	0	0	0	0	4
assemblage-469-755	0	0	0	0	0	219	0	0	0	4	0	0	0	0	7	0	0	0	0	0	0	0	0	58	0	0	20	0	0	0	0	0	51	0	56	0	0	0	19	0	63	0	0	0	0	0	0	0	3
assemblage-385-319	0	0	0	0	0	375	0	0	0	0	7	0	0	0	0	0	0	0	0	0	0	0	0	0	0	0	0	0	0	0	15	0	0	0	74	0	0	0	22	0	0	0	0	0	0	0	0	0	7
assemblage-752-634	0	0	0	0	0	191	0	0	0	91	0	0	0	0	0	0	0	0	0	0	0	0	0	0	0	0	0	0	0	0	0	0	15	0	0	0	0	0	51	0	140	0	0	0	0	0	0	0	12
assemblage-369-692	0	0	0	0	0	126	0	0	0	89	0	0	0	0	0	0	0	0	0	0	0	0	11	0	0	0	0	0	0	0	0	0	31	0	0	0	0	0	163	0	0	72	0	0	0	0	0	0	8
assemblage-323-684	0	0	0	0	0	187	0	0	0	0	0	0	0	0	9	0	0	0	0	0	0	0	0	57	0	0	14	0	0	0	0	0	62	0	61	0	0	0	7	0	93	0	0	0	0	0	0	0	10
assemblage-869-918	0	0	0	0	0	218	0	0	0	7	0	0	0	0	0	0	0	0	0	0	0	0	0	0	0	0	0	0	0	0	0	0	54	0	0	0	0	0	122	0	94	0	0	0	0	0	0	0	5
assemblage-501-749	0	0	0	0	0	147	0	0	0	4	0	0	0	0	0	0	1	0	0	0	0	0	0	0	0	0	0	0	0	0	0	0	89	0	0	0	0	0	131	0	126	0	0	0	0	0	0	0	2
assemblage-501-748	0	0	0	0	0	176	0	0	0	52	0	0	0	0	0	0	0	0	0	0	0	0	0	0	0	0	0	9	0	0	0	0	38	0	0	0	0	0	134	0	87	0	0	0	0	0	0	0	4
assemblage-213-781	0	0	0	0	0	236	0	0	0	0	0	0	0	0	0	0	0	0	0	0	0	0	0	0	0	0	0	0	0	0	0	0	12	0	81	0	0	0	144	0	0	0	0	0	0	0	21	0	6
assemblage-688-285	0	0	0	0	0	181	0	0	0	80	0	0	9	0	0	0	0	0	0	0	0	0	0	0	0	0	0	0	0	0	0	0	0	0	0	0	0	0	115	0	78	10	21	0	0	0	0	0	6
assemblage-932-998	0	0	0	0	0	189	0	0	0	103	0	0	0	0	0	6	0	0	0	0	0	0	0	0	0	0	0	0	0	0	0	0	0	0	0	0	0	0	84	0	99	0	0	0	0	0	0	0	19
assemblage-761-624	0	0	0	0	0	172	0	0	0	83	0	0	0	0	0	0	0	0	0	0	0	0	0	0	0	0	0	0	0	0	0	0	16	0	0	0	0	0	84	0	136	0	0	0	0	0	0	0	9
assemblage-137-330	0	0	0	0	0	216	0	0	0	20	0	5	0	0	0	0	0	0	0	0	0	0	0	0	0	0	0	0	0	0	0	0	0	0	0	0	0	0	209	0	48	0	0	0	0	0	0	0	2
assemblage-754-638	0	0	0	0	0	212	0	0	0	0	0	0	0	0	0	0	0	0	0	0	0	0	0	0	0	0	0	0	0	0	0	0	49	0	0	0	0	5	111	0	116	0	0	0	0	0	0	0	7
assemblage-729-1006	0	0	0	0	0	204	0	0	0	90	0	0	0	0	0	0	0	0	0	0	0	0	0	0	0	0	0	0	0	0	0	0	0	0	0	0	0	0	96	0	94	0	0	0	0	0	0	0	16
assemblage-842-915	0	0	0	0	0	233	0	0	0	0	0	0	0	0	0	0	0	0	0	0	0	0	0	0	0	0	0	7	0	0	0	0	14	0	0	0	0	0	39	0	189	0	0	0	0	0	0	0	18
assemblage-851-901	0	0	0	0	0	170	0	0	0	62	0	0	0	0	0	0	0	0	0	7	0	0	0	0	0	0	0	0	0	0	0	0	28	0	0	0	0	0	65	0	161	0	0	0	0	0	0	0	7
assemblage-828-136	0	0	0	0	0	159	0	0	0	74	0	0	0	0	0	0	0	0	0	0	0	0	0	0	0	0	0	0	0	0	0	0	30	0	0	0	0	0	76	0	154	0	0	0	0	0	0	0	7
assemblage-600-497	0	0	0	0	0	173	0	0	0	74	0	0	8	0	0	0	0	0	0	0	0	0	0	0	0	0	0	0	0	0	0	0	0	0	0	0	0	0	152	0	66	0	17	0	0	0	0	0	10
assemblage-437-378	0	0	0	0	0	247	0	0	0	0	0	0	6	0	0	0	0	0	0	0	0	0	0	0	0	0	0	0	0	0	0	0	76	0	0	0	0	0	96	0	73	0	0	0	0	0	0	0	2
assemblage-458-410	0	0	0	0	0	244	0	0	0	0	0	0	0	0	0	0	0	0	0	0	0	0	0	0	0	0	0	0	0	0	0	0	30	0	0	0	0	7	103	0	110	0	0	0	0	0	0	0	6
assemblage-685-923	0	0	0	0	0	290	0	0	0	0	0	0	0	0	0	0	0	23	0	0	0	0	0	0	0	0	0	0	0	0	0	0	77	0	10	0	0	0	47	0	45	0	0	0	0	0	0	0	8
assemblage-477-657	0	0	0	0	0	14	0	0	0	84	0	0	0	0	0	0	0	0	0	0	0	0	0	0	0	0	0	0	73	0	0	0	19	0	0	0	0	0	281	0	9	8	0	0	0	0	0	0	12
assemblage-612-275	0	0	0	0	0	117	0	0	0	40	0	0	0	0	0	0	0	0	0	0	0	0	0	0	0	0	0	0	0	0	0	0	84	0	0	0	0	0	97	0	152	0	0	0	0	7	0	0	3
assemblage-210-937	0	0	11	0	0	71	0	0	0	32	0	22	0	0	0	0	0	0	0	0	0	0	0	0	0	0	0	0	0	0	0	0	8	0	0	0	0	0	125	0	226	0	0	0	0	0	0	0	5
assemblage-240-109	0	0	0	34	0	101	0	0	0	0	0	0	0	0	0	0	0	0	31	0	16	0	0	0	0	0	0	0	0	0	29	0	0	0	117	0	100	0	70	0	0	0	0	0	0	0	0	0	2
assemblage-879-838	0	0	0	0	0	150	0	0	0	0	0	0	0	0	0	0	0	0	0	0	0	0	0	26	0	0	0	0	0	0	0	0	153	0	0	0	0	0	102	0	61	0	0	0	0	0	0	0	8
assemblage-524-131	0	0	0	0	0	204	0	0	0	0	0	0	0	0	11	0	0	0	0	0	0	0	0	60	0	0	13	0	0	0	0	0	66	0	56	0	0	0	5	0	72	0	0	0	0	0	0	0	13
assemblage-255-725	0	0	0	0	0	76	0	0	0	0	0	0	0	0	0	0	0	0	0	0	0	0	0	0	0	0	0	0	11	0	0	0	0	0	0	0	0	0	236	0	0	166	6	0	0	0	0	0	5
assemblage-745-570	0	0	7	0	0	75	0	0	0	21	0	20	0	0	0	0	0	0	0	0	0	0	0	0	0	0	0	0	0	0	0	0	23	0	0	0	0	0	114	0	235	0	0	0	0	0	0	0	5
assemblage-585-727	0	0	0	0	0	112	0	0	0	61	0	0	0	0	0	0	0	0	0	0	0	3	0	0	0	0	0	0	0	0	0	0	71	0	0	0	0	0	109	0	138	0	0	0	0	0	0	0	6
assemblage-243-162	0	0	0	0	0	394	0	0	0	0	0	0	0	0	0	0	0	0	0	0	0	0	0	0	0	0	0	0	0	0	0	0	0	0	19	0	21	0	57	0	0	0	0	0	0	0	0	0	9
assemblage-246-669	15	0	0	0	0	398	0	0	0	0	0	0	0	0	0	0	0	0	0	0	0	0	0	0	0	0	0	0	0	8	0	0	22	0	0	0	0	0	43	0	0	0	0	0	0	0	0	0	14
assemblage-478-642	0	0	0	0	0	25	0	0	0	70	0	0	0	0	0	0	0	0	0	0	0	0	0	0	0	0	0	0	85	0	0	0	36	0	0	1	0	0	266	0	5	0	0	0	0	0	0	0	12
assemblage-821-647	0	0	0	0	0	341	0	0	0	0	0	0	0	0	0	0	0	0	0	0	0	0	0	0	0	0	0	0	12	0	0	0	0	0	0	0	0	0	44	0	20	68	10	0	0	0	0	0	5
assemblage-243-797	9	0	0	0	0	414	0	0	0	0	0	0	0	0	0	0	0	7	0	0	0	0	0	0	0	0	0	0	0	0	0	0	17	0	0	0	0	0	36	0	0	0	0	0	0	0	0	0	17
assemblage-821-643	0	0	0	0	0	351	0	0	0	0	0	0	0	0	0	0	0	0	0	0	0	0	0	0	0	0	0	0	20	0	0	0	0	0	0	0	0	0	52	0	21	42	11	0	0	0	0	0	3
assemblage-611-922	0	0	0	0	0	185	0	0	0	144	0	0	0	0	0	0	0	0	0	0	0	0	0	0	0	0	0	0	0	0	0	0	5	0	0	0	0	0	58	0	78	0	27	0	0	0	0	0	3
assemblage-724-995	0	0	0	0	0	221	0	0	0	55	0	0	4	0	0	0	0	0	0	0	0	5	0	0	0	0	0	0	0	0	0	0	12	0	0	0	0	0	74	0	110	8	0	0	0	0	0	0	11
assemblage-393-321	0	0	0	33	0	129	0	0	0	0	0	0	0	0	0	0	0	0	34	0	23	0	0	0	0	0	0	0	0	0	22	0	0	0	113	0	82	0	64	0	0	0	0	0	0	0	0	0	0
assemblage-728-992	0	0	0	0	0	224	0	0	0	18	0	0	22	0	0	0	0	0	0	0	0	0	0	0	0	0	0	0	0	0	0	0	12	0	0	0	0	0	89	0	114	0	8	0	0	0	0	0	13
assemblage-597-731	0	0	0	0	0	317	0	0	0	41	0	0	0	0	0	0	0	0	0	0	0	12	0	0	0	0	0	0	0	0	0	0	22	0	0	0	0	0	7	0	82	14	4	0	0	0	0	0	1
assemblage-605-717	0	0	0	0	0	241	0	0	0	28	0	0	12	0	0	0	0	0	0	0	0	0	0	0	0	0	0	0	0	0	0	0	7	0	0	0	0	0	68	0	118	0	13	0	0	0	0	0	13
assemblage-668-930	0	5	0	0	0	468	0	0	0	0	0	0	0	0	0	0	0	0	0	0	0	0	0	0	0	0	0	0	0	0	0	0	12	0	5	0	0	0	0	0	0	0	0	0	0	0	0	0	10
assemblage-405-318	7	0	0	0	0	391	0	0	0	0	0	0	0	0	0	0	0	0	0	0	0	0	0	0	0	0	0	0	0	0	18	0	0	0	60	0	0	0	15	0	0	0	0	0	0	0	0	0	9
assemblage-121-343	0	0	0	0	0	166	0	0	4	48	0	35	0	0	0	0	0	0	0	0	0	0	0	69	0	0	0	0	0	0	0	0	8	0	14	0	0	0	50	0	104	0	0	0	0	0	0	0	2
assemblage-576-485	0	0	0	0	0	409	0	0	0	0	0	0	0	0	0	0	0	0	0	0	0	0	0	0	0	0	0	0	0	0	7	0	0	0	61	0	0	0	8	0	0	0	0	0	0	0	0	0	15
assemblage-387-847	0	0	0	0	0	390	0	0	0	0	0	0	0	0	0	0	0	0	0	0	0	0	0	0	0	0	0	0	0	0	0	0	13	0	10	0	0	0	59	0	17	0	0	0	0	0	0	0	11
assemblage-453-406	0	0	0	0	0	213	0	0	0	0	0	0	0	0	0	0	0	0	0	0	0	0	0	0	0	0	0	0	0	0	0	0	58	0	0	0	0	0	95	0	126	0	0	0	0	0	0	0	8
assemblage-739-488	0	0	0	0	0	298	0	0	0	49	0	0	0	0	0	0	0	0	0	0	0	18	0	0	0	0	0	0	0	0	0	0	20	0	0	0	0	0	17	0	72	19	0	0	0	0	0	0	7
assemblage-412-860	0	0	0	0	0	242	0	16	0	0	0	0	0	0	0	0	0	6	0	0	0	0	0	0	0	0	0	0	0	0	0	0	13	11	57	0	0	0	142	0	0	0	0	0	6	0	0	0	7
assemblage-472-664	0	0	0	0	0	12	0	0	0	109	0	0	0	0	0	0	0	0	0	0	0	0	0	0	0	0	0	0	89	0	0	0	28	0	0	6	0	0	238	0	10	0	0	0	0	0	0	0	8
assemblage-348-188	0	0	0	0	0	242	0	0	0	0	0	0	0	0	0	0	0	0	0	0	0	0	0	0	0	0	0	0	0	0	0	0	12	0	77	0	0	0	149	0	0	0	0	0	0	0	8	0	12
assemblage-932-368	0	0	0	0	0	107	0	0	0	43	0	0	0	0	0	0	0	0	0	0	0	0	0	0	0	0	0	0	0	0	0	0	75	0	0	0	0	0	91	0	179	0	0	0	0	5	0	0	0
assemblage-235-123	4	0	0	0	0	382	0	0	0	0	6	0	0	0	0	0	0	0	0	0	0	0	0	0	0	0	0	0	0	0	21	0	0	0	67	0	0	0	12	0	0	0	0	0	0	0	0	0	8
assemblage-209-484	0	0	0	0	0	189	0	0	0	51	0	36	0	0	0	0	0	0	0	0	0	0	0	65	0	0	0	0	0	0	0	0	4	0	8	0	0	0	52	0	93	0	0	0	0	0	0	0	2
assemblage-420-841	9	0	0	0	0	372	0	0	0	0	0	0	0	0	0	0	0	0	0	0	0	0	0	0	0	0	0	0	0	0	0	0	25	0	25	0	0	0	45	0	22	0	0	0	0	0	0	0	2
assemblage-360-710	0	0	0	0	0	181	0	0	0	73	0	0	0	0	0	0	0	0	0	0	0	0	0	0	0	0	0	0	0	0	0	0	0	0	0	0	0	0	125	0	82	12	17	0	0	0	0	0	10
assemblage-234-940	0	0	6	0	0	83	0	0	0	27	0	30	0	0	0	0	0	0	0	0	0	0	0	0	0	0	0	0	0	0	0	0	23	0	0	0	0	0	136	0	194	0	0	0	0	0	0	0	1
assemblage-827-631	0	0	0	0	0	376	0	0	0	0	0	0	0	0	0	0	0	0	0	0	0	0	0	0	0	0	0	0	11	0	0	0	0	0	0	0	0	0	42	0	20	39	6	0	0	0	0	0	6
assemblage-254-112	0	0	0	0	0	184	0	0	0	0	0	0	0	0	0	0	0	0	64	0	6	0	0	0	0	0	0	0	0	0	0	0	0	0	154	0	0	0	87	0	0	0	0	0	0	0	0	0	5
assemblage-214-177	0	0	0	0	0	181	0	0	0	0	0	0	0	0	0	0	0	0	80	0	13	0	0	0	5	0	0	0	0	0	0	0	0	0	125	0	0	0	87	0	0	0	0	0	0	0	0	0	9
assemblage-224-778	0	0	0	10	0	329	0	0	0	0	0	0	0	0	0	0	0	0	8	0	0	0	0	0	0	0	0	0	0	0	0	0	30	0	19	0	0	0	86	0	0	0	0	0	0	0	0	0	18
assemblage-441-398	0	0	0	0	0	158	0	0	0	84	0	0	0	0	0	0	0	0	0	5	0	0	0	0	0	0	0	0	0	0	0	0	28	0	0	0	0	0	77	0	145	0	0	0	0	0	0	0	3
assemblage-743-627	0	0	0	0	0	182	0	0	0	78	0	0	0	0	0	0	0	0	0	0	0	0	0	0	0	0	0	0	0	0	0	0	33	0	0	0	0	0	74	0	125	0	0	0	0	0	0	0	8
assemblage-519-125	0	0	0	0	0	192	0	0	0	32	0	10	0	0	0	0	0	22	0	0	0	0	0	20	0	0	0	0	0	0	0	0	82	0	0	0	0	0	56	0	77	0	0	0	0	0	0	0	9
assemblage-483-768	0	0	0	0	0	314	5	0	0	7	0	0	0	0	0	0	0	0	0	0	0	0	0	66	0	0	6	0	0	0	0	0	25	0	21	0	0	0	19	4	31	0	0	0	0	0	0	0	2
assemblage-526-107	0	0	0	0	0	195	0	0	0	0	0	0	0	0	6	0	0	0	0	0	0	0	0	62	0	0	12	0	0	0	0	0	63	0	46	0	0	0	0	0	95	0	0	0	0	0	0	0	21
assemblage-211-180	0	0	0	0	0	383	0	0	0	0	0	0	0	0	0	0	0	0	0	0	0	0	0	0	0	0	0	0	0	0	0	0	0	0	25	0	13	0	76	0	0	0	0	0	0	0	0	0	3
assemblage-264-360	0	0	0	0	0	261	0	10	0	0	0	0	0	0	0	0	0	8	0	0	0	0	0	0	0	0	0	0	0	0	0	0	8	1	69	0	0	0	129	0	0	0	0	0	8	0	0	0	6
assemblage-264-339	0	0	0	0	0	258	0	5	0	0	0	0	0	0	0	0	0	8	0	0	0	0	0	0	0	0	0	0	0	0	0	0	10	11	61	0	0	0	137	0	0	0	0	0	7	0	0	0	3
assemblage-109-340	0	0	0	0	0	247	0	0	0	19	0	0	0	0	0	0	0	0	0	0	0	0	0	0	0	0	0	0	0	0	0	0	0	0	0	0	0	0	193	0	37	0	0	0	0	0	0	0	4
assemblage-675-940	8	0	0	0	0	377	0	0	0	0	0	0	0	0	0	0	0	0	0	0	0	0	0	0	0	0	0	0	0	0	0	0	24	0	15	0	0	0	48	0	17	0	0	0	0	0	0	0	11
assemblage-918-974	0	0	0	0	0	125	0	0	0	74	0	0	0	0	0	0	0	0	0	0	0	5	0	0	0	0	0	0	0	0	0	0	66	0	0	0	0	0	114	0	103	9	0	0	0	0	0	0	4
assemblage-609-945	0	0	0	0	0	122	0	0	0	91	0	0	0	0	0	0	0	0	0	0	0	0	0	0	0	0	0	0	0	0	0	0	45	0	0	0	0	0	48	0	123	23	41	0	0	0	0	0	7
assemblage-399-852	0	0	0	0	0	392	0	0	0	0	0	0	0	0	0	0	0	0	0	0	0	0	0	0	0	0	0	0	0	0	0	0	19	0	15	0	0	0	47	0	20	0	0	0	0	0	0	0	7
assemblage-350-720	0	0	0	0	0	164	0	0	0	126	0	0	0	0	0	0	0	0	0	0	0	0	0	0	0	0	0	0	0	0	0	0	0	0	0	0	0	0	50	0	112	0	40	0	0	0	0	0	8
assemblage-762-597	0	0	10	0	0	69	0	0	0	20	0	30	0	0	0	0	0	0	0	0	0	0	0	0	0	0	0	0	0	0	0	0	12	0	0	0	0	0	131	0	222	0	0	0	0	0	0	0	6
assemblage-818-138	0	0	0	0	0	203	0	0	0	0	0	0	0	0	0	0	0	0	0	0	0	0	0	0	0	0	0	0	0	0	0	0	83	0	0	0	0	0	92	0	113	0	0	0	0	0	0	0	9
assemblage-252-346	0	0	0	0	0	317	0	0	0	0	0	0	0	0	0	0	0	24	0	0	0	0	0	0	0	0	0	0	0	0	0	0	79	0	10	0	0	0	40	0	25	0	0	0	0	0	0	0	5
assemblage-362-702	0	0	0	0	0	175	0	0	0	69	0	0	0	0	0	0	0	0	0	0	0	0	16	0	0	0	0	0	0	0	0	0	16	0	0	0	0	0	133	0	0	87	0	0	0	0	0	0	4
assemblage-516-120	0	0	0	0	0	212	0	0	0	0	0	0	0	0	21	0	0	0	0	0	0	0	0	36	0	0	15	0	0	0	0	0	54	0	65	0	0	0	0	0	81	0	0	0	9	0	0	0	7
assemblage-122-342	0	0	0	0	0	231	0	0	0	30	0	12	0	0	0	0	0	0	0	0	0	0	0	0	0	0	0	0	0	0	0	0	0	0	0	0	0	0	196	0	29	0	0	0	0	0	0	0	2
assemblage-516-122	0	0	0	0	0	221	0	0	0	33	0	14	0	0	0	0	0	15	0	0	0	0	0	3	0	0	0	0	0	0	0	0	83	0	7	0	0	0	42	0	80	0	0	0	0	0	0	0	2
assemblage-733-469	0	0	0	0	0	266	0	0	0	21	0	0	16	0	0	0	0	0	0	0	0	0	0	0	0	0	0	0	0	0	0	0	4	0	0	0	0	0	58	0	121	0	7	0	0	0	0	0	7
assemblage-602-744	0	0	0	0	0	243	0	0	0	24	0	0	17	0	0	0	0	0	0	0	0	0	0	0	0	0	0	0	0	0	0	0	5	0	0	0	0	0	76	0	113	0	8	0	0	0	0	0	14
assemblage-412-842	0	0	0	0	0	288	0	0	0	0	0	0	0	0	0	0	0	37	0	0	0	0	0	0	0	0	0	0	0	0	0	0	103	0	8	0	0	0	42	0	20	0	0	0	0	0	0	0	2
assemblage-496-749	0	0	0	0	0	314	0	0	0	68	0	0	0	0	0	0	0	0	0	0	0	0	0	0	0	0	0	0	0	0	0	0	0	0	0	0	0	0	56	0	52	0	0	0	0	0	0	0	10
assemblage-758-647	0	0	0	0	0	208	0	0	0	5	0	0	0	0	0	0	0	0	0	0	0	0	0	0	0	0	0	0	0	0	0	0	76	0	0	0	0	0	135	0	71	0	0	0	0	0	0	0	5
assemblage-605-283	0	0	0	0	0	172	0	0	0	46	0	40	0	0	0	0	0	0	0	0	0	0	0	53	0	0	0	0	0	0	0	0	7	0	7	0	0	0	50	0	122	0	0	0	0	0	0	0	3
assemblage-559-476	0	0	0	11	0	282	0	0	0	0	0	0	0	0	0	0	0	0	30	0	8	0	0	0	0	0	0	0	0	0	7	0	0	0	75	0	26	0	56	0	0	0	0	0	0	0	0	0	5
assemblage-110-339	0	0	0	0	0	104	0	0	0	50	0	0	0	0	0	0	0	0	0	0	0	0	0	0	0	0	0	0	0	0	0	0	82	0	0	0	0	0	99	0	156	0	0	0	0	6	0	0	3
