Assemblage_Name	1-3-9796414	6048009-0-2	4253196-4762952-4	4-0-699998	4-0-9428094	1-3-6206778	6493549-4762952-4	0-4762952-4450054	4-1803478-2	9726750-0-5201590	0-1831170-4	168681-2-3	4097772-2-3647488	0-2-4707631	1-7258117-1	0-4762952-9925515	1-3789102-1	1-3-1091061	1-1780967-1	0-4762952-4	0-0-5201590	0-4762952-3322549	9744523-2-3	3513090-1321703-3	3513090-0-9749314	4-0-3499269	2706882-3-1	3454903-0-3	1-1958563-1	3234848-0-5201590	3234848-9554524-5201590	4-4977779-2	3513090-4487364-3	3513090-8250942-3	0-0-3	3513090-0-3	1-3-5716765	0-2-4	2718215-3-1	4-0-2	4769895-0-3	939444-3-1	1-3-9846136	0-1039739-8783345	3513090-5078076-3	0-4762952-3461764	1-3-1	0-8562345-4	0-4762952-3856074	3234848-3848568-5201590	543806-4762952-4	8487020-0-3	1-6247232-1	0-1307284-4	1400114-1048817-0	3932843-0-3	3511052-2-3	6725446-0-2	3513090-4336214-3	1-3-8716793	0-2127847-3	0-5935956-4	1400114-8670397-0	1-4895638-1	1-7858863-1	1649599-4762952-4	0-1039739-4	0-4312402-4	1-5520862-1	0-4762952-2497694	1-9727239-1	0-3309782-4	0-800661-3	1-3-484711	6014478-4762952-4	0-3049325-4	5053699-4762952-4	0-6161393-4	1-6361954-1	0-6715957-3	5096192-0-2
assemblage-752-988	0	0	0	11	0	0	0	0	0	0	0	0	0	0	0	0	0	0	0	174	0	0	0	0	0	0	0	12	0	0	11	0	0	0	0	58	0	0	0	25	0	0	0	0	0	0	171	0	0	0	0	0	0	0	0	0	0	0	0	0	0	0	0	0	0	0	0	0	0	20	0	0	0	0	0	0	0	0	0	0	18
assemblage-868-649	0	0	0	0	0	0	0	0	0	0	0	0	0	0	0	0	0	0	0	131	44	0	5	0	0	0	0	0	0	0	0	0	0	0	55	24	0	32	0	8	0	0	0	0	0	0	122	0	0	0	0	0	0	0	0	0	47	0	0	0	0	0	0	17	0	0	0	0	0	0	0	0	0	6	0	0	0	0	0	0	9
assemblage-866-95	0	0	0	4	0	0	0	0	0	0	0	0	0	0	0	0	0	0	0	171	0	0	0	0	0	0	0	24	0	0	19	0	0	0	0	49	0	0	0	21	0	0	0	0	0	0	156	0	0	0	0	0	0	0	0	0	0	0	0	0	0	0	0	0	0	0	0	0	0	19	0	0	0	0	0	0	0	0	0	0	37
assemblage-671-963	0	29	0	0	0	0	0	0	0	0	0	0	0	0	0	0	6	0	0	25	25	0	0	0	0	0	0	0	0	12	0	0	0	0	166	84	0	6	0	9	0	0	0	0	0	0	69	0	0	0	8	0	0	0	0	0	30	0	0	0	0	0	0	0	0	0	0	0	0	0	0	0	0	0	0	0	0	0	0	23	8
assemblage-885-931	0	0	0	0	0	0	6	0	18	0	0	0	0	0	0	0	0	0	0	118	0	0	0	0	0	0	0	0	0	3	54	0	0	0	12	139	0	0	0	16	0	0	0	0	0	0	105	0	0	23	0	0	0	0	0	0	0	0	0	0	0	0	0	0	0	0	0	0	0	0	0	0	0	0	0	0	0	0	0	0	6
assemblage-829-151	0	0	0	0	0	0	6	0	0	0	0	0	0	0	0	0	0	0	0	120	4	0	0	0	0	0	0	0	0	0	0	0	0	0	44	0	0	8	0	55	0	0	0	0	0	0	250	0	0	0	0	0	0	0	0	0	0	0	0	0	0	0	0	0	0	0	0	0	0	0	0	0	0	0	0	0	0	0	0	0	13
assemblage-93-772	0	0	0	0	0	0	0	0	0	0	0	0	0	0	0	0	0	0	22	136	0	0	0	0	0	0	0	0	0	0	0	0	0	0	0	136	0	0	0	11	0	0	0	0	9	0	161	0	0	0	0	0	0	0	0	0	0	0	0	0	0	0	0	0	0	0	0	0	0	0	0	0	0	0	0	0	0	18	0	0	7
assemblage-953-850	0	0	0	0	0	0	0	0	0	0	0	0	0	0	0	0	0	0	0	9	88	0	7	0	0	0	0	0	0	0	0	0	0	0	112	0	0	58	0	0	0	0	0	0	0	0	103	0	0	0	0	10	0	0	0	0	0	0	0	0	0	0	0	55	0	0	0	37	0	0	0	0	0	5	0	0	0	0	0	0	16
assemblage-830-129	0	0	0	0	0	0	70	0	0	0	0	0	0	0	0	0	0	0	0	63	0	0	0	0	0	0	0	0	0	0	0	0	0	0	148	0	0	24	0	11	26	0	0	0	0	0	129	0	0	0	0	0	0	6	0	0	0	0	0	0	0	0	0	0	0	0	0	0	0	0	0	0	0	0	0	0	0	0	0	0	23
assemblage-207-398	0	0	0	0	0	0	36	0	42	0	0	0	0	0	0	0	0	0	0	28	0	0	0	0	0	0	0	0	0	0	0	0	0	0	204	0	0	23	0	0	0	0	0	0	0	0	121	0	0	0	0	0	0	0	0	0	25	0	0	0	0	0	0	0	0	0	0	0	0	0	0	0	0	0	0	0	0	0	0	10	11
assemblage-956-115	0	0	8	0	0	0	0	0	0	0	0	0	0	0	0	0	0	0	44	45	0	0	0	0	0	0	0	0	0	0	0	0	0	0	0	239	0	0	0	0	0	0	0	0	38	0	109	0	0	0	0	0	0	0	0	0	0	0	0	0	0	0	0	0	0	0	0	0	0	0	0	0	0	0	0	0	0	0	0	0	17
assemblage-375-787	0	0	0	0	0	0	0	0	0	0	0	0	0	0	0	0	0	0	0	83	18	0	4	0	0	0	0	0	0	0	0	0	0	0	137	0	0	45	0	26	0	0	0	0	0	0	167	0	0	0	0	0	0	0	0	11	0	0	0	0	0	0	0	0	0	0	0	5	0	0	0	0	0	0	0	0	0	0	0	0	4
assemblage-987-763	0	6	0	0	0	0	14	0	15	0	0	0	0	0	0	0	0	0	0	46	15	0	0	0	0	0	0	0	0	0	0	0	0	0	161	19	0	17	0	29	0	0	0	0	0	0	130	0	0	0	0	0	0	0	0	0	12	0	0	0	0	0	0	0	0	0	0	0	0	0	0	0	0	0	0	0	0	0	0	13	23
assemblage-300-862	0	0	0	0	0	0	0	0	0	0	0	0	0	0	0	0	0	0	81	167	0	0	0	0	0	0	0	0	34	0	0	0	0	0	0	11	7	0	0	0	0	0	0	0	17	0	51	0	0	0	0	0	0	0	0	0	0	0	0	0	0	0	0	0	0	19	97	0	0	0	0	0	0	0	0	0	0	0	0	0	16
assemblage-532-763	0	0	0	0	0	0	0	0	0	0	0	0	0	0	0	0	0	0	22	162	0	0	0	0	0	0	0	0	0	0	0	0	0	22	0	63	0	0	0	0	0	0	0	0	50	0	147	0	0	0	0	0	0	0	0	0	0	0	0	0	0	0	0	0	0	17	0	0	0	0	0	0	0	0	0	0	0	0	0	0	17
assemblage-181-462	0	0	0	0	0	0	0	0	0	0	0	0	0	0	0	0	0	0	0	6	93	0	9	0	0	0	0	0	0	0	0	0	0	0	100	0	0	76	0	0	0	0	0	0	0	0	91	0	0	0	0	0	0	0	0	0	0	0	0	0	0	0	0	66	0	0	0	22	0	0	0	0	0	11	0	0	0	0	0	0	26
assemblage-943-371	0	0	0	0	0	0	0	0	0	0	0	0	0	0	0	0	0	0	6	90	0	0	0	0	0	0	0	4	0	0	0	0	0	0	0	96	0	0	0	37	0	0	0	0	0	0	234	0	0	0	0	0	0	0	0	0	0	0	0	0	0	0	0	0	0	0	0	0	0	0	0	0	0	0	15	0	0	0	0	0	18
assemblage-866-109	0	0	0	0	0	0	0	0	0	0	0	0	0	0	0	0	0	0	0	234	0	0	0	0	0	0	0	0	0	0	37	0	0	0	0	100	0	0	0	1	0	0	0	0	0	0	93	0	0	0	0	0	0	0	0	0	0	0	0	0	0	0	0	0	0	0	0	0	0	0	0	0	0	0	0	0	27	0	0	0	8
assemblage-877-569	0	0	0	0	18	0	0	0	56	0	0	0	0	0	0	0	0	0	0	5	0	0	15	0	0	0	0	0	0	0	0	0	0	0	201	0	0	0	25	128	0	0	0	0	0	0	25	0	0	0	0	0	0	0	0	0	0	0	0	7	0	0	0	0	0	0	0	0	0	0	0	0	0	0	0	0	0	0	0	11	9
assemblage-877-568	0	0	0	0	18	0	0	0	57	0	0	0	0	0	0	0	0	0	0	0	0	0	25	0	0	0	0	0	0	0	0	0	0	0	185	0	0	0	31	135	0	0	0	0	0	0	12	0	0	0	0	0	0	0	0	0	0	0	0	10	0	0	0	0	0	0	0	0	0	0	0	0	0	0	0	0	0	0	0	20	7
assemblage-857-558	0	0	0	0	0	0	0	0	18	0	0	0	0	0	0	0	0	0	0	63	7	0	17	0	0	0	0	0	0	0	0	0	0	0	165	6	0	29	12	33	0	0	0	0	0	0	118	0	0	0	0	0	0	0	0	0	14	0	0	0	0	0	0	0	0	0	0	0	0	0	0	0	0	0	0	0	0	0	0	0	18
assemblage-510-208	0	0	0	0	0	0	0	0	71	0	0	0	0	0	0	0	0	0	0	113	2	0	0	0	0	0	0	0	0	0	0	0	0	0	17	129	0	0	0	13	0	0	0	0	0	0	130	0	0	0	0	0	0	0	0	0	0	0	0	0	0	13	0	0	0	0	0	0	0	0	0	0	0	0	0	0	0	0	0	0	12
assemblage-617-440	0	0	0	0	0	0	0	0	0	0	0	0	0	0	0	0	0	0	55	120	0	0	0	0	0	0	0	0	9	0	0	0	0	5	0	112	20	0	0	0	0	0	0	0	41	0	87	0	0	0	0	0	0	0	0	0	0	0	0	0	0	0	0	0	0	14	26	0	0	0	0	0	0	0	0	0	0	0	0	0	11
assemblage-881-672	0	0	0	0	0	0	0	0	0	0	0	0	0	0	0	0	0	0	0	19	0	0	0	0	0	0	0	0	0	0	0	0	0	0	224	0	0	79	0	14	0	0	0	0	0	0	152	0	0	0	0	0	0	0	0	0	0	0	0	0	0	0	0	0	0	0	0	0	0	0	0	0	0	0	0	0	0	0	0	0	12
assemblage-573-213	0	0	0	0	0	0	0	0	0	0	0	0	0	0	0	0	0	0	34	117	0	0	0	0	0	0	0	0	0	0	0	0	0	0	0	125	20	0	0	0	0	0	0	0	0	0	156	0	0	0	0	0	0	0	0	0	0	0	6	0	0	0	0	0	0	0	21	0	0	0	0	0	0	0	0	0	0	0	0	0	21
assemblage-637-432	0	0	0	0	0	0	0	0	0	0	0	0	0	0	0	0	0	0	57	140	0	0	0	11	0	0	0	0	0	0	0	0	0	0	0	150	38	0	0	0	0	0	0	0	37	0	45	0	0	0	0	0	0	0	0	0	0	0	0	0	0	0	0	0	0	13	0	0	0	0	0	0	0	0	0	0	0	0	0	0	9
assemblage-698-780	0	0	0	0	0	0	0	0	0	0	25	0	0	0	0	0	0	0	0	71	0	0	0	0	0	0	2	0	0	0	0	0	0	0	21	238	0	8	0	76	0	0	0	0	0	0	33	0	0	0	0	0	0	0	0	0	0	0	0	0	0	0	0	0	0	0	0	0	0	0	0	0	0	0	0	0	0	0	0	0	26
assemblage-863-648	0	0	0	0	6	0	0	0	78	0	0	0	0	0	0	0	0	0	0	9	0	0	10	0	0	0	0	0	0	0	0	0	0	0	222	0	0	0	31	107	0	0	0	0	0	0	7	0	0	0	0	0	0	0	0	0	0	0	0	11	0	0	0	0	0	0	0	0	0	0	0	0	0	0	0	0	0	0	0	10	9
assemblage-871-116	8	0	28	0	0	0	0	0	7	0	0	0	0	0	0	0	0	0	0	229	0	0	0	0	0	0	0	0	0	0	0	0	0	0	0	64	0	0	0	7	0	0	0	0	0	0	120	0	0	0	0	0	0	0	0	0	0	0	0	0	0	0	0	0	0	0	0	0	19	0	0	0	0	0	0	0	0	0	0	0	18
assemblage-239-219	0	0	0	0	0	0	12	0	0	0	0	0	0	0	0	0	0	0	0	112	23	0	0	0	0	0	5	0	0	0	0	0	0	0	49	0	0	6	0	35	0	0	0	0	0	0	252	0	0	0	0	0	0	0	0	0	3	0	0	0	0	0	0	0	0	0	0	0	0	0	0	0	0	0	0	0	0	0	0	0	3
assemblage-124-179	0	0	0	0	0	0	6	0	62	0	10	0	0	0	0	0	0	0	0	89	0	0	0	0	0	0	0	0	0	0	11	0	0	0	33	113	0	0	0	42	0	0	0	0	0	0	106	0	0	5	0	0	0	0	0	0	0	0	0	0	0	0	0	0	0	0	0	0	0	0	0	0	0	0	0	0	0	0	0	0	23
assemblage-961-129	0	0	0	0	0	0	0	0	0	0	0	0	0	0	0	0	0	0	62	135	0	0	0	0	0	0	0	0	0	0	0	0	0	0	0	116	0	0	0	8	0	0	0	0	119	0	31	0	0	0	0	0	0	0	0	0	0	0	0	0	0	0	0	0	0	11	0	0	0	0	0	0	0	0	0	0	0	0	0	0	18
assemblage-867-659	0	0	0	0	0	0	0	0	0	0	0	11	0	0	0	0	0	0	0	48	0	0	20	0	0	0	0	0	0	0	0	0	0	0	234	0	0	0	0	0	0	0	0	0	0	0	163	0	0	0	0	0	0	0	0	0	6	0	0	0	7	0	0	0	0	0	0	0	0	0	0	0	0	0	0	0	0	0	0	0	11
assemblage-908-762	0	0	0	0	0	0	0	0	0	0	0	0	0	0	0	0	0	0	0	77	20	0	10	0	0	0	0	0	0	0	0	0	0	0	146	0	0	29	0	22	0	0	0	0	0	0	165	0	0	0	0	0	0	0	0	11	0	0	0	0	0	0	0	0	0	0	0	12	0	0	0	0	0	0	0	0	0	0	0	0	8
assemblage-781-955	0	0	0	0	0	0	85	0	8	0	0	0	0	0	0	0	0	0	0	103	0	0	0	0	0	0	0	0	0	0	0	0	0	0	132	0	0	15	0	2	18	0	0	0	0	0	117	0	0	0	0	0	0	7	0	0	0	0	0	0	0	0	0	0	0	0	0	0	0	0	0	0	0	0	0	0	0	0	0	0	13
assemblage-94-496	0	0	0	0	0	0	0	0	0	0	0	0	0	0	0	0	0	0	0	129	35	0	0	0	0	0	0	0	0	0	0	0	0	0	44	27	0	24	0	12	0	0	0	0	0	0	151	0	0	0	0	0	0	0	0	0	44	0	0	0	0	0	0	12	0	0	0	0	0	0	0	0	0	4	0	0	0	0	0	0	18
assemblage-816-142	0	0	0	0	0	0	34	0	0	0	0	0	0	0	0	0	0	0	0	68	0	0	0	0	0	0	0	0	0	55	0	0	0	0	92	151	0	0	0	34	0	0	0	0	0	0	44	0	0	0	0	0	0	0	0	0	15	0	0	0	0	0	0	0	0	0	0	0	0	0	0	0	0	0	0	0	0	0	0	0	7
assemblage-818-149	0	0	0	0	0	0	0	0	123	0	0	0	0	0	0	0	0	0	0	71	33	0	0	0	0	0	0	0	0	0	0	0	0	0	97	13	0	0	0	9	0	0	0	0	0	0	127	0	0	0	0	0	0	0	0	0	0	0	0	0	0	0	0	0	0	0	0	0	0	0	0	0	0	0	0	0	0	0	0	0	27
assemblage-963-905	0	0	0	0	0	0	0	0	0	0	0	0	0	0	0	0	0	0	0	43	0	0	0	0	0	0	0	0	0	0	0	0	0	0	0	0	0	142	0	0	0	0	0	0	0	0	269	0	0	0	0	0	0	0	0	0	0	0	0	0	0	0	8	0	0	0	0	0	0	0	0	0	0	0	0	0	0	0	9	0	29
assemblage-844-834	0	0	0	0	0	0	0	0	0	0	0	0	0	0	0	0	0	0	86	171	0	0	0	0	0	0	0	0	32	0	0	0	0	0	0	6	9	0	0	0	0	0	0	0	5	0	69	0	0	0	0	0	0	0	0	0	0	0	0	0	0	0	0	0	0	13	99	0	0	0	0	0	0	0	0	0	0	0	0	0	10
assemblage-603-766	0	0	0	13	0	0	0	0	35	0	0	0	0	0	0	0	0	0	39	59	0	0	0	0	0	0	0	25	0	0	28	0	0	0	0	82	0	0	0	101	0	0	0	0	0	0	105	0	0	0	0	0	0	0	0	0	0	0	0	0	0	0	0	0	0	0	0	0	0	0	0	0	0	0	0	0	0	0	0	0	13
assemblage-672-954	0	0	0	0	0	0	0	0	34	0	0	0	0	0	0	0	0	0	0	43	0	0	7	0	0	0	0	0	0	0	0	0	0	0	194	0	0	20	0	34	0	0	0	0	0	0	148	0	0	0	0	0	0	0	0	0	0	0	0	0	0	0	0	0	0	0	0	0	0	0	0	0	0	0	0	0	0	0	0	8	12
assemblage-104-483	0	0	0	0	0	0	0	0	0	0	0	0	0	0	0	0	0	0	0	154	18	0	0	0	0	0	0	0	0	0	0	0	0	0	79	31	0	27	0	12	0	0	0	0	0	0	119	0	0	0	0	0	0	0	0	0	47	0	0	0	0	0	0	6	0	0	0	0	0	0	0	0	0	0	0	0	0	0	0	0	7
assemblage-289-864	0	0	0	0	0	0	0	0	0	0	0	0	0	0	0	0	0	0	91	158	0	0	0	0	0	0	0	0	35	0	0	0	0	0	0	9	4	0	0	0	0	0	0	0	4	0	61	0	0	0	0	0	0	0	0	0	0	0	0	0	0	0	0	0	0	25	97	0	0	0	0	0	0	0	0	0	0	0	0	0	16
assemblage-269-930	0	0	0	0	18	0	0	0	51	0	0	0	0	0	0	0	0	0	0	0	0	0	14	0	0	0	0	0	0	0	0	0	0	0	226	0	0	0	25	123	0	0	0	0	0	0	13	0	0	0	0	0	0	0	0	0	0	0	0	0	0	0	0	0	0	0	0	0	0	0	0	0	0	0	0	0	0	0	0	10	20
assemblage-176-112	0	0	0	0	0	0	34	0	52	0	0	0	0	0	0	0	0	0	0	26	0	0	0	0	0	0	0	0	0	0	0	0	0	0	198	0	0	13	0	0	0	0	0	0	0	0	116	0	0	0	0	0	0	0	0	0	40	0	0	0	0	0	0	0	0	0	0	0	0	0	0	0	0	0	0	0	0	0	0	13	8
assemblage-440-414	0	0	0	0	0	0	0	0	0	0	0	0	0	0	0	0	0	9	0	223	0	0	0	0	0	0	0	0	0	0	0	0	0	0	0	0	0	4	0	0	0	0	0	0	0	0	113	0	0	0	0	0	0	0	15	0	0	0	0	0	0	0	78	0	0	0	0	52	0	0	0	0	0	0	0	0	0	0	0	0	6
assemblage-570-232	0	0	0	0	0	0	0	0	0	0	0	0	0	0	0	0	0	0	30	124	0	0	0	0	0	0	0	0	0	0	0	0	0	0	0	158	0	0	0	18	0	4	0	0	14	0	127	0	0	0	0	0	0	0	0	0	0	0	0	0	0	0	0	0	0	0	0	0	0	0	0	0	0	0	0	0	0	18	0	0	7
assemblage-969-101	0	0	0	0	0	0	0	0	0	0	0	0	0	0	0	0	0	0	63	145	0	0	0	0	0	0	0	0	0	0	0	0	0	0	0	103	0	0	0	10	0	0	0	0	113	0	29	0	0	0	0	0	0	0	0	0	0	0	0	0	0	0	0	0	0	21	0	0	0	0	0	0	0	0	0	0	0	0	0	0	16
assemblage-632-438	0	0	0	0	0	0	0	0	0	0	0	0	0	0	0	0	0	0	11	184	0	0	0	0	5	0	0	0	0	0	0	0	0	35	0	44	0	0	0	0	0	0	0	0	59	0	127	0	0	0	0	0	0	0	0	0	0	0	0	0	0	0	0	0	0	16	8	0	0	0	0	0	0	0	0	0	0	0	0	0	11
assemblage-754-596	0	0	68	0	0	0	0	0	0	0	0	0	0	0	0	0	0	0	0	98	0	0	0	0	0	9	0	0	0	0	0	0	0	0	0	162	0	0	0	45	0	0	0	0	0	0	97	0	0	0	0	0	0	0	0	0	0	0	0	0	0	0	0	0	0	0	0	0	8	0	0	0	0	0	0	0	0	0	0	0	13
assemblage-753-307	0	0	0	0	0	0	0	0	0	0	0	0	0	0	0	0	0	0	19	118	0	0	0	0	0	0	0	0	0	0	0	0	0	0	0	154	0	0	0	18	0	0	0	0	12	0	155	0	0	0	0	0	0	0	0	0	0	0	0	0	0	0	0	0	0	0	0	0	0	0	0	0	0	0	0	0	0	21	0	0	3
assemblage-108-487	0	0	0	0	0	12	0	0	0	0	0	7	0	0	0	0	0	0	0	44	0	0	39	0	0	0	0	0	0	0	0	0	0	0	198	0	0	0	0	0	0	0	0	0	0	0	174	0	0	0	0	0	0	0	0	0	0	0	0	0	0	0	0	0	0	0	0	0	0	0	0	0	0	0	0	0	0	0	0	0	26
assemblage-843-805	0	0	0	0	0	0	0	0	0	0	0	0	0	0	0	0	0	0	14	153	0	0	0	0	7	0	0	0	0	0	0	0	0	26	0	57	0	0	0	0	0	0	0	0	90	0	132	0	0	0	0	0	0	0	0	0	0	0	0	0	0	0	0	0	0	7	0	0	0	0	0	0	0	0	0	0	0	0	0	0	14
assemblage-205-456	0	0	0	0	16	0	0	0	0	0	0	0	0	0	0	0	0	0	0	54	0	0	156	0	0	0	0	0	0	0	0	0	0	0	0	0	0	0	0	186	0	0	0	0	0	0	6	0	0	0	0	0	0	0	0	0	71	3	0	0	0	0	0	0	0	0	0	0	0	0	0	0	0	0	0	0	0	0	0	0	8
assemblage-719-315	0	0	6	0	0	0	0	0	0	0	0	0	0	0	0	0	0	0	22	121	0	0	0	0	0	0	0	0	0	0	0	0	0	0	0	102	20	0	0	0	0	0	0	0	7	0	179	0	0	0	0	0	0	0	0	0	0	0	0	0	0	0	0	0	0	0	20	0	0	0	0	0	0	0	0	0	0	0	0	0	23
assemblage-864-95	5	0	43	0	0	0	0	0	7	0	0	0	0	0	0	0	0	0	0	209	0	0	0	0	0	0	0	0	0	0	0	0	0	0	0	68	0	0	0	10	0	0	0	0	0	0	124	0	0	0	0	0	0	0	0	0	0	0	0	0	0	0	0	0	0	0	0	0	18	0	0	0	0	0	0	0	0	0	0	0	16
assemblage-124-770	0	0	0	0	0	0	0	0	0	0	0	0	0	0	0	0	0	0	23	140	0	0	0	0	0	0	0	0	0	0	0	0	0	0	0	123	15	0	0	0	0	0	0	0	0	0	146	0	0	0	0	0	0	0	0	0	0	0	0	0	0	0	0	0	0	0	22	0	0	0	0	0	0	0	0	0	0	0	0	0	31
assemblage-180-470	0	0	0	0	0	0	0	0	0	0	0	0	0	0	0	0	0	0	0	31	11	0	14	0	0	0	0	0	0	0	0	0	0	0	346	0	0	30	0	11	0	0	0	0	0	0	39	0	0	0	0	0	0	0	0	0	0	0	0	0	0	0	0	0	0	0	0	5	0	0	0	0	0	0	0	0	0	0	0	0	13
assemblage-530-360	0	0	94	0	0	0	0	0	0	0	0	0	0	0	0	0	0	0	0	92	0	0	0	0	0	21	0	0	0	0	0	0	0	0	0	131	0	0	0	37	0	0	0	0	0	0	91	0	7	0	0	0	0	0	0	0	0	0	0	0	0	0	0	0	0	0	0	0	10	5	0	0	0	0	0	0	0	0	0	0	12
assemblage-855-123	0	0	0	0	0	0	0	0	0	0	0	0	0	0	0	0	0	0	0	228	0	0	0	0	0	0	0	0	0	0	29	0	0	0	0	114	0	0	0	9	0	0	0	0	0	0	101	0	0	0	0	0	0	0	0	0	0	0	0	0	0	0	0	0	0	0	0	0	0	0	0	0	0	0	0	0	14	0	0	0	5
assemblage-924-941	0	0	0	11	0	0	0	0	31	0	0	0	0	0	0	0	0	0	44	63	0	0	0	0	0	0	0	22	0	0	18	0	0	0	0	63	0	0	0	136	0	0	0	0	0	0	103	0	0	0	0	0	0	0	0	0	0	0	0	0	0	0	0	0	0	0	0	0	0	0	0	0	0	0	0	0	0	0	0	0	9
assemblage-89-798	0	0	0	0	0	0	0	0	0	0	0	0	0	0	0	0	0	0	11	130	0	0	0	0	0	0	0	0	0	0	0	0	0	0	0	140	0	0	0	21	0	0	0	0	13	0	159	0	0	0	0	0	0	0	0	0	0	0	0	0	0	0	0	0	0	0	0	0	0	0	0	0	0	0	0	0	0	19	0	0	7
assemblage-408-809	0	0	0	0	0	0	0	0	0	0	0	0	0	0	0	0	0	0	0	87	14	0	19	0	0	0	0	0	0	0	0	0	0	0	116	0	0	33	0	33	0	0	0	0	0	0	165	0	0	0	0	0	0	0	0	17	0	0	0	0	0	0	0	0	0	0	0	10	0	0	0	0	0	0	0	0	0	0	0	0	6
assemblage-860-563	0	0	0	0	0	0	0	0	0	0	0	0	0	0	0	0	0	0	0	136	28	0	7	0	0	0	0	0	0	0	0	0	0	0	73	20	0	29	0	12	0	0	0	0	0	0	135	0	0	0	0	0	0	0	0	0	42	0	0	0	0	0	0	0	0	0	0	0	0	0	0	0	0	7	0	0	0	0	0	0	11
assemblage-968-844	0	0	0	0	0	0	0	0	0	0	0	0	0	0	0	0	0	0	0	20	11	0	0	0	0	0	0	0	0	0	0	0	0	0	323	0	0	37	0	2	0	0	0	0	0	0	72	0	0	0	0	0	0	0	0	0	0	0	0	0	0	0	0	0	0	0	0	14	0	0	0	0	0	0	0	0	0	0	0	0	21
assemblage-927-390	0	0	0	0	0	0	0	0	0	0	0	0	0	0	0	0	0	0	34	89	0	0	0	0	0	0	0	0	0	0	0	0	0	0	0	196	0	0	0	4	0	0	0	0	13	0	127	0	0	0	0	0	0	0	0	0	0	0	0	0	0	0	0	0	0	0	0	0	0	18	0	0	0	0	0	0	10	0	0	0	9
assemblage-419-432	0	0	0	0	0	0	0	5	0	0	0	0	0	0	0	0	0	12	0	230	0	0	0	0	0	0	0	0	0	0	0	0	0	0	0	0	0	0	0	0	0	0	0	0	0	0	106	0	0	0	0	0	0	0	16	0	0	0	0	0	0	0	87	0	0	0	0	36	0	0	0	0	0	0	0	0	0	0	0	0	8
assemblage-937-805	0	0	20	0	0	0	0	0	0	0	0	0	0	0	0	0	0	0	33	62	0	0	0	0	0	0	0	0	0	0	0	0	0	0	0	25	0	0	0	140	0	0	0	0	0	0	201	0	0	0	0	0	0	0	0	0	0	0	0	0	0	0	0	0	0	0	0	0	6	0	0	0	0	0	0	0	0	0	0	0	13
assemblage-141-138	0	0	0	0	0	0	0	0	16	0	0	0	0	0	0	0	0	0	0	121	0	0	0	0	0	0	0	0	0	8	51	0	0	0	8	130	0	0	0	9	0	0	0	0	0	0	124	0	0	22	0	0	0	0	0	0	0	0	0	0	0	0	0	0	0	0	0	0	0	0	0	0	0	0	0	0	0	0	0	0	11
assemblage-777-970	0	0	0	0	0	0	0	0	0	0	0	0	0	0	0	0	0	0	0	236	0	0	0	0	0	0	0	0	0	0	35	0	0	0	0	106	0	0	0	3	0	0	0	0	0	0	87	0	0	0	0	0	0	0	0	0	0	0	0	0	0	0	0	0	0	0	0	0	0	0	0	0	0	0	0	0	20	0	0	0	13
assemblage-767-570	0	0	71	0	0	0	0	0	0	0	0	0	0	0	0	0	0	0	0	79	0	0	0	0	0	11	0	0	0	0	0	0	0	0	0	147	0	0	0	41	0	0	0	0	0	0	115	0	0	0	0	0	0	0	0	0	0	0	0	0	0	0	0	0	0	0	0	0	14	6	0	0	0	0	0	0	0	0	0	0	16
assemblage-428-423	0	0	0	0	0	0	0	7	0	0	0	0	0	0	0	0	0	16	0	240	0	0	0	0	0	0	0	0	0	0	0	0	0	0	0	0	0	3	0	0	0	0	0	0	0	0	101	0	0	0	0	0	0	0	7	0	0	0	0	0	0	0	78	0	0	0	0	39	0	0	0	0	0	0	0	0	0	0	0	0	9
assemblage-604-759	0	0	0	5	0	0	0	0	25	0	0	0	0	0	0	0	0	0	53	77	0	0	0	0	0	0	0	20	0	0	16	0	0	0	0	70	0	0	0	112	0	0	0	0	0	0	117	0	0	0	0	0	0	0	0	0	0	0	0	0	0	0	0	0	0	0	0	0	0	0	0	0	0	0	0	0	0	0	0	0	5
assemblage-687-960	0	0	0	0	0	0	0	0	38	0	0	0	0	0	0	0	0	0	0	31	0	0	14	0	0	0	0	0	0	0	0	0	0	0	195	0	0	29	0	34	0	0	0	0	0	0	147	0	0	0	0	0	0	0	0	0	0	0	0	0	0	0	0	0	0	0	0	0	0	0	0	0	0	0	0	0	0	0	0	10	2
assemblage-181-106	0	0	0	0	0	0	41	0	0	0	0	0	0	0	0	0	0	0	0	85	10	0	10	0	0	0	0	0	0	0	0	0	0	0	117	0	0	38	0	32	0	0	0	0	0	0	141	0	0	0	0	0	8	0	0	0	6	0	0	0	0	0	0	0	0	0	0	0	0	0	0	0	0	0	0	0	0	0	0	0	12
assemblage-698-797	0	0	0	0	0	0	9	0	13	0	0	0	0	0	0	0	0	0	0	113	0	0	0	0	0	0	0	0	0	3	50	0	0	0	10	155	0	0	0	11	0	0	0	0	0	0	116	0	0	17	0	0	0	0	0	0	0	0	0	0	0	0	0	0	0	0	0	0	0	0	0	0	0	0	0	0	0	0	0	0	3
assemblage-906-831	0	0	0	0	0	0	37	0	0	0	0	0	0	0	0	0	0	0	0	43	0	0	0	0	0	0	0	0	0	66	0	0	0	0	81	172	0	0	0	29	0	0	0	0	0	0	50	0	0	0	0	0	0	0	0	0	9	0	0	0	0	0	0	0	0	0	0	0	0	0	0	0	0	0	0	0	0	0	0	0	13
assemblage-454-431	0	0	0	0	0	0	0	0	0	0	0	0	0	0	0	0	0	14	0	210	0	0	0	0	0	0	0	0	0	0	0	0	0	0	0	0	0	0	0	0	0	0	0	0	0	0	116	0	0	0	0	0	0	0	14	0	0	0	0	0	0	0	86	0	0	0	0	46	0	0	0	0	0	0	0	0	0	0	0	0	14
assemblage-262-925	0	0	0	0	0	0	0	0	0	0	0	0	0	0	0	0	0	0	0	25	0	0	0	0	0	0	0	0	0	0	0	0	0	0	197	0	0	74	0	10	0	0	0	0	0	0	188	0	0	0	0	0	0	0	0	0	0	0	0	0	0	0	0	0	0	0	0	0	0	0	0	0	0	0	0	0	0	0	0	0	6
assemblage-848-504	0	0	0	0	0	0	0	0	0	0	0	0	0	0	0	0	0	0	0	0	36	0	7	0	0	0	0	0	0	0	0	0	0	0	442	0	0	0	0	12	0	0	0	0	0	0	0	0	0	0	0	0	0	0	0	0	0	0	0	0	0	0	0	0	0	0	0	0	0	0	0	0	0	0	0	0	0	0	0	0	3
assemblage-831-161	0	0	0	0	0	0	0	0	122	0	0	0	0	0	0	0	0	0	0	57	49	0	0	0	0	0	0	0	0	0	0	0	0	0	98	17	0	0	0	12	0	0	0	0	0	0	133	0	0	0	0	0	0	0	0	0	0	0	0	0	0	0	0	0	0	0	0	0	0	0	0	0	0	0	0	0	0	0	0	0	12
assemblage-899-926	0	0	0	0	0	0	0	0	0	0	27	0	0	0	0	0	0	0	0	48	0	0	0	0	0	0	0	9	0	0	0	0	0	0	15	248	0	8	0	75	0	0	0	0	0	0	51	0	0	0	0	0	0	0	0	0	0	0	0	0	0	0	0	0	0	0	0	0	0	0	0	0	0	0	0	0	0	0	0	0	19
assemblage-756-597	0	0	14	0	0	0	0	0	0	0	0	0	0	0	0	0	0	0	32	71	0	0	0	0	0	0	0	6	0	0	0	0	0	0	0	29	0	0	0	143	0	0	0	0	0	0	183	0	0	0	0	0	0	0	0	0	0	0	0	0	0	0	0	0	0	0	0	0	14	0	0	0	0	0	0	0	0	0	0	0	8
assemblage-971-933	0	0	0	0	0	0	0	0	0	0	0	0	0	0	0	0	0	0	0	38	0	0	0	0	0	0	0	0	0	0	0	0	0	0	0	0	0	108	0	0	0	0	0	0	0	0	303	0	0	0	0	0	0	0	0	0	0	0	0	0	0	0	25	0	0	0	0	0	0	0	5	0	0	0	0	0	0	0	6	0	15
assemblage-902-848	0	0	0	0	0	0	83	0	8	0	6	0	0	0	0	0	0	0	0	88	0	0	0	0	0	0	0	0	0	0	0	0	0	0	140	0	0	27	0	3	22	0	0	0	0	0	102	0	0	0	0	0	0	8	0	0	0	0	0	0	0	0	0	0	0	0	0	0	0	0	0	0	0	0	0	0	0	0	0	0	13
assemblage-897-916	0	0	0	0	0	0	0	0	14	0	0	0	0	0	0	0	0	0	0	102	0	0	0	0	0	0	0	0	0	8	61	0	0	0	17	133	0	0	0	13	0	0	0	0	0	0	124	0	0	24	0	0	0	0	0	0	0	0	0	0	0	0	0	0	0	0	0	0	0	0	0	0	0	0	0	0	0	0	0	0	4
assemblage-249-243	0	0	0	0	0	0	0	0	127	0	0	0	0	0	0	0	0	0	0	41	39	0	0	0	0	0	0	0	0	0	0	8	0	0	99	13	0	0	0	8	0	0	0	0	0	0	146	0	0	0	0	0	0	0	0	0	0	0	0	0	0	0	0	0	0	0	0	0	0	0	0	0	0	0	0	0	0	0	0	0	19
assemblage-572-227	0	0	14	0	0	0	0	0	0	0	0	0	0	0	0	0	0	0	54	51	0	0	0	0	0	0	0	0	0	0	0	0	0	0	0	242	0	0	0	0	0	0	0	0	25	0	99	0	0	0	0	0	0	0	0	0	0	0	0	0	0	0	0	0	0	0	0	0	0	0	0	0	0	0	0	0	0	0	0	0	15
assemblage-297-850	0	0	0	0	0	0	0	0	0	0	0	0	0	0	0	0	0	0	15	8	0	0	0	0	0	0	0	0	0	0	0	0	0	0	0	287	0	0	0	0	0	0	0	0	46	0	120	0	0	0	0	0	0	0	0	0	0	0	0	0	0	0	0	0	0	0	16	0	0	0	0	0	0	0	0	0	0	0	0	0	8
assemblage-280-849	0	0	0	0	0	0	0	0	0	0	0	0	0	0	0	0	0	0	19	187	0	0	0	0	4	0	0	0	0	0	0	0	0	29	0	44	0	0	0	0	0	0	0	0	77	0	113	0	0	0	0	0	0	0	0	0	0	0	0	0	0	0	0	0	0	11	0	0	0	0	0	0	0	0	0	0	0	0	0	0	16
assemblage-373-790	0	0	0	0	13	0	0	0	0	0	0	0	0	0	0	0	0	0	0	51	0	0	156	0	0	0	0	0	0	0	0	0	0	0	0	0	0	0	0	186	0	0	0	0	0	0	4	0	0	0	0	0	0	0	0	0	72	7	0	0	0	0	0	0	0	0	0	0	0	0	0	0	0	0	0	0	0	0	0	0	11
assemblage-292-849	0	0	0	0	0	0	0	0	0	0	0	0	0	0	0	0	0	0	13	19	0	0	0	0	0	0	0	0	0	0	0	0	0	0	0	282	0	0	0	0	0	0	0	0	35	0	118	0	0	0	0	0	0	0	0	0	0	0	0	0	0	0	0	0	0	0	26	0	0	0	0	0	0	0	0	0	0	0	0	0	7
assemblage-963-933	0	0	0	0	0	0	0	0	0	0	0	0	0	6	0	0	0	0	0	43	0	0	0	0	0	0	0	0	0	0	0	0	0	0	0	0	0	116	0	0	0	0	0	0	0	0	285	0	0	0	0	0	0	0	0	0	0	0	0	0	0	0	24	0	0	0	0	0	0	0	6	0	0	0	0	0	0	0	6	0	14
assemblage-130-147	0	0	0	0	0	0	0	0	14	0	0	0	0	0	0	0	0	0	0	109	0	0	0	0	0	0	0	0	0	4	58	0	0	0	11	162	0	0	0	12	0	0	0	0	0	0	102	0	0	23	0	0	0	0	0	0	0	0	0	0	0	0	0	0	0	0	0	0	0	0	0	0	0	0	0	0	0	0	0	0	5
assemblage-990-752	0	0	0	0	0	0	30	0	0	0	0	0	0	0	0	0	0	0	0	78	29	0	11	0	0	0	0	0	0	0	0	0	0	0	140	0	0	34	0	22	0	0	0	0	0	0	134	0	0	0	0	0	8	0	0	0	7	0	0	0	0	0	0	0	0	0	0	0	0	0	0	0	0	0	0	0	0	0	0	0	7
assemblage-585-782	0	0	0	8	0	0	0	0	31	0	0	0	0	0	0	0	0	0	51	50	0	0	0	0	0	0	0	17	0	0	26	0	0	0	0	77	0	0	0	104	0	0	0	0	0	0	122	0	0	0	0	0	0	0	0	0	0	0	0	0	0	0	0	0	0	0	0	0	0	0	0	0	0	0	0	0	0	0	0	0	14
assemblage-505-367	0	0	0	0	0	0	0	0	0	0	0	0	0	0	0	0	0	0	45	114	0	0	0	0	0	0	0	0	0	0	0	0	0	0	0	150	0	0	0	6	0	0	0	0	16	0	121	0	0	0	0	0	0	0	0	0	0	0	0	0	0	0	0	0	0	0	0	0	0	20	0	0	0	0	0	0	8	0	0	0	20
assemblage-828-162	0	0	0	0	0	0	0	0	99	0	0	0	0	0	0	0	0	0	0	54	49	0	0	0	0	0	0	0	0	0	0	0	0	0	82	20	0	0	0	11	0	0	0	0	0	0	161	0	0	0	0	0	0	0	0	0	0	0	0	0	0	0	0	0	0	0	0	0	0	0	0	0	0	0	0	0	0	0	0	0	24
assemblage-116-774	0	0	0	0	0	0	0	0	0	0	0	0	0	0	0	0	0	0	14	126	0	0	0	0	0	0	0	0	0	0	0	0	0	0	0	162	0	0	0	24	0	3	0	0	6	0	143	0	0	0	0	0	0	0	0	0	0	0	0	0	0	0	0	0	0	0	0	0	0	0	0	0	0	0	0	0	0	12	0	0	10
assemblage-612-439	0	0	0	0	0	0	0	0	0	0	0	0	0	0	0	0	0	0	71	128	0	0	0	9	0	0	0	0	0	0	0	0	6	0	0	148	38	0	0	0	0	0	0	0	44	0	33	0	0	0	0	0	0	0	0	0	0	0	0	0	0	0	0	0	0	15	0	0	0	0	0	0	0	0	0	0	0	0	0	0	8
assemblage-986-762	0	0	0	0	0	0	0	0	18	0	0	0	0	0	0	0	0	0	0	27	0	0	11	0	0	0	0	0	0	0	0	0	0	0	192	0	0	35	0	49	0	0	0	0	0	0	148	0	0	0	0	0	0	0	0	0	0	0	0	0	0	0	0	0	0	0	0	0	0	0	0	0	0	0	0	0	0	0	0	3	17
assemblage-842-827	0	0	0	0	0	0	0	0	0	0	0	0	0	0	0	0	0	0	7	6	0	0	0	0	0	0	0	0	0	0	0	0	0	0	0	325	0	0	0	0	0	0	0	0	44	0	97	0	0	0	0	0	0	0	0	0	0	0	0	0	0	0	0	0	0	0	17	0	0	0	0	0	0	0	0	0	0	0	0	0	4
assemblage-727-310	0	0	0	0	0	0	0	0	0	0	0	0	0	0	0	0	0	0	20	147	0	0	0	0	0	0	0	0	0	0	0	0	0	0	0	135	0	0	0	21	0	0	0	0	9	0	133	0	0	0	0	0	0	0	0	0	0	0	0	0	0	0	0	0	0	0	0	0	0	0	0	0	0	0	0	0	0	23	0	0	12
assemblage-869-510	0	0	0	0	0	0	0	0	0	0	0	0	0	0	0	0	0	0	0	0	25	0	12	0	0	0	0	0	0	0	0	0	0	0	439	0	0	0	0	19	0	0	0	0	0	0	0	0	0	0	0	0	0	0	0	0	0	0	0	0	0	0	0	0	0	0	0	0	0	0	0	0	0	0	0	0	0	0	0	0	5
assemblage-747-973	3	0	32	0	0	0	0	0	5	0	0	0	0	0	0	5	0	0	0	191	0	0	0	0	0	0	0	0	0	0	5	0	0	0	0	85	0	0	0	10	0	0	0	0	0	0	144	0	0	0	0	0	0	0	0	0	0	0	0	0	0	0	0	0	0	0	0	0	13	0	0	0	0	0	0	0	0	0	0	0	7
assemblage-958-854	0	0	0	0	14	0	0	0	0	0	0	0	0	0	0	0	0	0	0	33	0	0	191	0	0	0	0	0	0	0	0	0	0	0	0	0	0	0	0	165	0	0	0	0	0	0	20	0	0	0	0	0	0	0	0	0	61	0	0	0	0	0	0	0	0	0	0	0	0	0	0	0	0	0	0	0	0	0	0	0	16
assemblage-951-364	0	0	0	0	0	0	0	0	0	0	0	0	0	0	0	0	0	0	13	98	0	0	0	0	0	0	0	6	0	0	0	0	0	0	0	99	0	0	0	42	0	0	0	0	0	0	212	0	0	0	0	0	0	0	0	0	0	0	0	0	0	0	0	0	0	0	0	0	0	0	0	0	0	0	19	0	0	0	0	0	11
assemblage-874-113	0	0	0	8	0	0	0	0	32	0	0	0	0	0	0	0	0	0	57	70	0	0	0	0	0	0	0	24	0	0	32	0	0	0	0	54	0	0	0	111	0	0	0	0	0	0	98	0	0	0	0	0	0	0	0	0	0	0	0	0	0	0	0	0	0	0	0	0	0	0	0	0	0	0	0	0	0	0	0	0	14
assemblage-493-666	0	0	0	0	0	0	0	0	0	4	0	0	22	0	0	0	0	0	0	0	10	0	106	0	0	0	0	0	0	0	0	0	0	0	45	0	0	0	0	303	0	0	0	0	0	0	0	0	0	0	0	0	0	0	0	0	0	0	0	0	0	0	0	0	0	0	0	0	0	0	0	0	0	0	0	0	0	0	0	0	10
assemblage-618-424	0	0	0	0	0	0	0	0	0	0	0	0	0	0	0	0	0	0	19	10	0	0	0	0	0	0	0	0	0	0	0	0	0	0	0	294	0	0	0	0	0	0	0	0	44	0	110	0	0	0	0	0	0	0	0	0	0	0	0	0	0	0	0	0	0	0	20	0	0	0	0	0	0	0	0	0	0	0	0	0	3
assemblage-274-943	0	0	0	0	0	11	0	0	0	0	0	5	0	0	0	0	0	0	0	30	0	0	33	0	0	0	0	0	0	0	0	0	0	0	250	0	0	0	0	0	0	0	0	0	0	0	152	0	0	0	0	0	0	0	0	0	5	0	0	0	3	0	0	0	0	0	0	0	0	0	0	0	0	0	0	0	0	0	0	0	11
assemblage-532-222	0	0	0	0	0	0	0	0	14	0	0	0	0	0	0	0	0	0	0	110	0	0	0	0	0	0	0	0	0	6	67	0	0	0	12	135	0	0	0	6	0	0	0	0	0	0	122	0	0	20	0	0	0	0	0	0	0	0	0	0	0	0	0	0	0	0	0	0	0	0	0	0	0	0	0	0	0	0	0	0	8
assemblage-946-393	0	0	0	0	0	0	0	0	0	0	0	0	0	0	0	0	0	0	8	101	0	0	0	0	0	0	0	5	0	0	0	0	0	0	0	106	0	0	0	39	0	0	0	0	0	0	212	0	0	0	0	0	0	0	0	0	0	0	0	0	0	0	0	0	0	0	0	0	0	0	0	0	0	0	14	0	0	0	0	0	15
assemblage-523-779	0	0	0	0	0	0	0	0	0	0	0	0	0	0	0	0	0	0	21	191	0	0	0	0	0	0	0	0	0	0	0	0	0	23	0	60	0	0	0	0	0	0	0	0	74	0	115	0	0	0	0	0	0	0	0	0	0	0	0	0	0	0	0	0	0	4	0	0	0	0	0	0	0	0	0	0	0	0	0	0	12
assemblage-931-759	0	0	0	0	0	0	0	0	0	0	0	0	0	0	0	0	0	0	0	9	106	0	0	0	0	0	0	0	0	0	0	0	0	0	104	0	0	66	0	0	0	0	0	0	0	0	109	0	0	0	0	7	0	0	0	0	0	0	0	0	0	0	0	38	0	0	0	41	0	0	0	0	0	0	0	0	0	0	0	0	20
assemblage-983-911	0	0	0	0	0	0	0	0	0	0	0	0	0	0	0	0	0	0	0	39	0	0	0	0	0	0	0	0	0	0	0	0	0	0	0	0	0	122	0	0	0	0	0	0	0	0	297	0	0	0	0	0	0	0	0	0	0	0	0	0	0	0	18	0	0	0	0	0	0	0	0	0	0	0	0	0	0	0	0	0	24
assemblage-495-669	0	0	0	0	0	0	0	0	0	8	0	0	18	0	0	0	0	0	0	0	25	0	91	0	0	0	0	0	0	0	0	0	0	0	39	0	0	0	0	297	0	0	0	0	0	0	0	0	0	0	0	0	0	0	0	0	9	0	0	0	0	0	0	0	0	0	0	0	0	0	0	0	0	0	0	0	0	0	0	0	13
assemblage-491-652	0	0	0	0	0	0	0	0	0	10	0	0	27	0	0	0	0	0	0	0	8	0	123	0	0	0	0	0	0	0	0	0	0	0	32	0	0	0	0	286	0	0	0	0	0	0	0	0	0	0	0	0	0	0	0	0	3	0	0	0	0	0	0	0	0	0	0	0	0	0	0	0	0	0	0	0	0	0	0	0	11
assemblage-667-963	0	0	0	0	0	0	0	0	23	0	0	0	0	0	0	0	0	0	0	24	0	0	8	0	0	0	0	0	0	0	0	0	0	0	179	5	0	24	0	46	0	0	0	0	0	0	172	0	0	0	0	0	0	0	0	0	0	0	0	0	6	0	0	0	0	0	0	0	0	0	0	0	0	0	0	0	0	0	0	9	4
assemblage-134-140	0	0	0	0	0	0	0	0	76	0	0	0	0	0	0	0	0	0	0	111	6	0	0	0	0	0	0	0	0	0	0	0	0	0	6	122	0	0	0	20	0	0	0	0	0	0	137	0	0	0	0	0	0	0	0	0	0	0	0	0	0	9	0	0	0	0	0	0	0	0	0	0	0	0	0	0	0	0	0	0	13
assemblage-283-928	0	0	0	0	0	0	0	0	0	0	0	6	0	0	0	0	0	0	0	40	0	0	31	0	0	0	0	0	0	0	0	0	0	0	211	0	0	0	0	0	0	0	0	0	0	0	178	0	0	0	0	0	0	0	0	0	10	0	0	0	6	0	0	0	0	0	0	0	0	0	0	0	0	0	0	0	0	0	0	0	18
assemblage-831-823	0	0	0	0	0	0	0	0	0	0	0	0	0	0	0	0	0	0	14	184	0	0	0	0	5	0	0	0	0	0	0	0	0	25	0	49	0	0	0	0	0	0	0	0	72	0	130	0	0	0	0	0	0	0	0	0	0	0	0	0	0	0	0	0	0	14	0	0	0	0	0	0	0	0	0	0	0	0	0	0	7
assemblage-902-948	0	0	0	9	0	0	0	0	0	0	0	0	0	0	0	0	0	0	0	196	0	8	0	0	0	0	0	15	0	0	12	0	0	0	0	45	0	0	0	14	0	0	0	0	0	0	167	0	0	0	0	0	0	0	0	0	0	0	0	0	0	0	0	0	0	0	0	0	0	18	0	0	0	0	0	0	0	0	0	0	16
assemblage-538-778	0	0	0	0	0	0	0	0	0	0	0	0	0	0	0	0	0	0	69	141	0	0	0	14	0	0	0	0	0	0	0	0	0	0	0	144	43	0	0	0	0	0	0	0	40	0	33	0	0	0	0	0	0	0	0	0	0	0	0	0	0	0	0	0	0	13	0	0	0	0	0	0	0	0	0	0	0	0	0	0	3
assemblage-964-845	0	0	0	0	0	0	0	0	0	0	0	0	0	0	0	0	0	0	0	7	104	0	8	0	0	0	0	0	0	0	0	0	0	0	96	0	0	70	0	0	0	0	0	0	0	0	115	0	0	0	0	12	0	0	0	0	5	0	0	0	0	0	0	33	0	0	0	28	0	0	0	0	0	12	0	0	0	0	0	0	10
assemblage-763-598	0	0	12	0	0	0	0	0	0	0	0	0	0	0	11	0	0	0	33	68	0	0	0	0	0	0	0	11	0	0	0	0	0	0	0	21	0	0	0	135	0	0	0	0	0	0	200	0	0	0	0	0	0	0	0	0	0	0	0	0	0	0	0	0	0	0	0	0	5	0	0	0	0	0	0	0	0	0	0	0	4
assemblage-601-779	0	0	42	0	0	0	0	0	10	0	0	0	0	0	0	10	0	0	0	179	0	0	0	0	0	0	0	0	0	0	0	0	0	0	0	91	0	0	0	20	0	0	0	0	0	0	121	0	0	0	0	0	0	0	0	0	0	0	0	0	0	0	0	0	0	0	0	0	18	0	0	0	0	0	0	0	0	0	0	0	9
assemblage-254-259	0	0	0	0	0	0	17	0	0	0	0	0	0	0	0	0	0	0	0	67	0	0	0	0	0	0	0	0	0	64	0	0	0	0	97	147	0	0	0	30	0	0	0	0	0	0	50	0	0	0	0	0	0	0	0	0	21	0	0	0	0	0	0	0	0	0	0	0	0	0	0	0	0	0	0	0	0	0	0	0	7
assemblage-901-846	0	0	0	0	0	0	31	0	0	0	0	0	0	0	0	0	0	0	0	73	0	0	0	0	0	0	0	0	0	58	0	0	0	0	71	170	0	0	0	16	0	0	0	0	0	0	37	0	0	0	0	0	0	0	0	0	27	0	0	0	0	0	0	0	0	0	0	0	0	0	0	0	0	0	0	0	0	0	0	0	17
assemblage-494-668	0	0	0	0	0	0	0	0	0	5	0	0	14	0	0	0	0	0	0	0	15	0	111	0	0	0	0	0	0	0	0	0	0	0	49	0	0	0	0	284	0	0	0	0	0	0	0	0	0	0	0	0	0	0	0	0	8	0	0	0	0	0	0	0	0	0	0	0	0	0	0	0	0	0	0	0	0	0	0	0	14
assemblage-595-777	0	0	0	10	0	0	0	0	0	0	0	0	0	0	0	0	0	0	0	169	0	0	0	0	0	0	0	26	0	0	17	0	0	0	0	57	0	0	0	23	0	0	0	0	0	0	160	0	0	0	0	0	0	0	0	0	0	0	0	0	0	0	0	0	0	0	0	0	0	20	0	0	0	0	0	0	0	0	0	0	18
assemblage-436-415	0	0	0	0	0	0	0	0	0	0	0	0	0	0	0	0	0	6	0	221	0	0	0	0	0	0	0	0	0	0	0	0	0	0	0	0	0	13	0	0	0	0	0	0	0	0	110	0	0	0	0	0	0	0	13	0	0	0	0	0	0	0	87	0	0	0	0	43	0	0	0	0	0	0	0	0	0	0	0	0	7
assemblage-945-378	0	0	21	0	0	0	0	0	0	0	0	0	0	0	0	0	0	0	24	85	0	0	0	0	0	0	0	0	0	0	0	0	0	0	0	121	0	0	0	42	0	0	0	0	6	0	169	0	0	0	0	0	0	0	0	0	0	0	0	0	0	0	0	0	0	0	0	0	0	3	0	0	0	0	0	0	0	0	0	0	29
assemblage-771-953	0	0	0	0	0	0	11	0	0	0	0	0	0	0	0	0	0	0	0	105	14	0	0	0	0	0	0	0	0	0	0	0	0	0	46	0	0	8	0	38	0	0	0	0	0	0	257	0	0	0	0	0	0	0	0	0	7	0	0	0	0	0	0	0	0	0	0	0	0	0	0	0	0	0	0	0	0	0	0	0	14
assemblage-760-951	0	0	0	0	0	0	11	0	0	0	0	0	0	0	0	0	0	0	0	106	14	0	0	0	0	0	3	0	0	0	0	0	0	0	50	0	0	13	0	46	0	0	0	0	0	0	248	0	0	0	0	0	0	0	0	0	6	0	0	0	0	0	0	0	0	0	0	0	0	0	0	0	0	0	0	0	0	0	0	0	3
assemblage-428-409	0	0	0	0	0	0	0	0	0	0	0	0	0	0	0	0	0	15	0	223	0	0	0	0	0	0	0	0	0	0	0	0	0	0	0	0	0	8	0	0	0	0	0	0	0	0	97	0	0	0	0	0	0	0	9	0	0	0	0	0	0	0	83	0	0	0	0	55	0	0	0	0	0	0	0	0	0	0	0	0	10
assemblage-955-925	0	0	0	0	0	0	0	0	0	0	0	0	0	4	0	0	0	0	0	46	0	0	0	0	0	0	0	0	0	0	0	0	0	0	0	0	0	139	0	0	0	0	0	0	0	0	289	0	0	0	0	0	0	0	0	0	0	0	0	0	0	0	9	0	0	0	0	0	0	0	0	0	0	0	0	0	0	0	0	0	13
assemblage-496-654	0	0	0	0	0	0	0	0	0	0	0	0	17	0	0	0	0	0	0	0	19	0	100	0	0	0	0	0	0	0	0	0	0	0	37	0	0	0	0	288	0	0	0	0	0	0	0	0	0	0	0	0	0	0	0	0	10	0	0	0	0	0	0	0	0	0	0	0	0	0	0	0	0	0	0	0	0	0	0	0	29
assemblage-978-756	0	0	0	0	0	0	37	0	0	0	0	0	0	0	0	0	0	0	0	112	19	0	11	0	0	0	0	0	0	0	0	0	0	0	126	0	0	29	0	27	0	0	0	0	0	0	116	0	0	0	0	0	11	0	0	0	7	0	0	0	0	0	0	0	0	0	0	0	0	0	0	0	0	0	0	0	0	0	0	0	5
assemblage-863-503	0	0	0	0	0	0	0	0	0	0	0	0	0	0	0	0	0	0	0	0	34	0	8	0	0	0	0	0	0	0	0	0	0	0	444	0	0	0	0	6	0	0	0	0	0	0	0	0	0	0	0	0	0	0	0	0	0	0	0	0	0	0	0	0	0	0	0	0	0	0	0	0	0	0	0	0	0	0	0	0	8
assemblage-843-802	0	0	0	0	0	0	0	0	0	0	0	0	0	0	0	0	0	0	13	168	0	0	0	0	5	0	0	0	0	0	0	0	0	26	0	47	5	0	0	0	0	0	0	0	67	0	142	0	0	0	0	0	0	0	0	0	0	0	0	0	0	0	0	0	0	17	0	0	0	0	0	0	0	0	0	0	0	0	0	0	10
assemblage-703-781	0	0	0	0	0	0	0	0	95	0	0	0	0	0	0	0	0	0	0	104	0	0	0	0	0	0	0	0	0	0	0	0	0	0	17	137	0	0	0	12	0	0	0	0	0	0	105	0	0	0	0	0	0	0	0	0	0	0	0	0	0	7	0	0	0	0	0	0	0	0	0	0	0	0	0	0	0	0	0	0	23
assemblage-243-235	0	0	0	0	0	0	0	0	119	0	0	0	0	0	0	0	0	0	0	63	41	0	0	0	0	0	0	0	0	0	0	3	0	0	83	15	0	0	0	16	0	0	0	0	0	0	155	0	0	0	0	0	0	0	0	0	0	0	0	0	0	0	0	0	0	0	0	0	0	0	0	0	0	0	0	0	0	0	0	0	5
assemblage-824-163	0	0	0	0	0	0	8	0	0	0	0	0	0	0	0	0	0	0	0	115	20	0	0	0	0	0	0	0	0	0	0	0	0	0	44	0	0	19	0	37	0	0	0	0	0	0	253	0	0	0	0	0	0	0	0	0	0	0	0	0	0	0	0	0	0	0	0	0	0	0	0	0	0	0	0	0	0	0	0	0	4
assemblage-751-589	0	0	0	0	0	0	0	0	0	0	0	0	0	0	0	0	0	0	0	130	0	0	0	0	0	0	0	4	0	0	0	0	0	0	0	99	0	0	0	27	0	0	0	0	0	0	207	0	0	0	0	0	0	0	0	0	0	0	0	0	0	0	0	0	0	0	0	0	0	0	0	0	0	0	19	0	0	0	0	0	14
assemblage-503-216	0	0	0	0	0	0	0	0	80	0	0	0	0	0	0	0	0	0	0	104	0	0	0	0	0	0	0	0	0	0	0	0	0	0	16	130	0	0	0	18	0	0	0	0	0	0	119	0	0	0	0	0	0	0	0	0	0	0	0	0	0	16	0	0	0	0	0	0	0	0	0	0	0	0	0	0	0	0	0	0	17
assemblage-444-418	0	0	0	0	0	0	0	14	0	0	0	0	0	0	0	0	0	16	0	209	0	0	0	0	0	0	0	0	0	0	0	0	0	0	0	0	0	14	0	0	0	0	0	0	0	0	96	0	0	0	0	0	0	0	16	0	0	0	0	0	0	0	68	0	0	0	0	57	0	0	0	0	0	0	0	0	0	0	0	0	10
assemblage-902-784	0	0	0	0	0	0	0	0	0	0	0	0	0	0	0	0	0	0	0	33	12	0	0	0	0	0	0	0	0	0	0	0	0	0	354	0	0	16	0	0	0	0	0	0	0	0	50	0	0	0	0	0	0	0	0	0	5	0	0	0	0	0	0	0	0	0	0	22	0	0	0	0	0	0	0	0	0	0	0	0	8
assemblage-564-224	0	0	15	0	0	0	0	0	0	0	0	0	0	0	0	0	0	0	43	46	0	0	0	0	0	0	0	0	0	0	0	0	0	0	0	249	0	0	0	0	0	0	4	0	42	0	92	0	0	0	0	0	0	0	0	0	0	0	0	0	0	0	0	0	0	0	0	0	0	0	0	0	0	0	0	0	0	0	0	0	9
assemblage-920-795	0	0	21	0	0	0	0	0	0	0	0	0	0	0	0	0	0	0	24	61	0	0	0	0	0	0	0	9	0	0	0	0	0	0	0	30	0	0	0	135	0	0	0	0	0	0	204	0	0	0	0	0	0	0	0	0	0	0	0	0	0	0	0	0	0	0	0	0	7	0	0	0	0	0	0	0	0	0	0	0	9
assemblage-951-379	0	0	0	0	0	0	0	0	0	0	0	0	0	0	0	0	0	0	0	111	0	0	0	0	0	0	0	0	0	0	0	0	0	0	0	105	0	0	0	28	0	0	0	0	0	0	205	0	0	0	0	0	0	0	0	0	0	0	0	0	0	0	0	0	0	0	0	0	0	0	0	0	0	0	25	0	0	0	0	0	26
assemblage-775-939	0	0	0	0	0	0	0	0	104	0	0	0	0	0	0	0	0	0	0	64	49	0	0	0	0	0	0	0	0	0	0	0	0	0	89	15	0	0	0	5	0	0	0	0	0	0	155	0	0	0	0	0	0	0	0	0	0	0	0	0	0	0	0	0	0	0	0	0	0	0	0	0	0	0	0	0	0	0	0	0	19
assemblage-975-756	0	20	0	0	0	0	0	0	0	0	0	0	0	0	0	0	12	0	0	43	24	0	0	0	0	0	0	0	0	10	0	0	0	0	133	83	0	13	0	8	0	0	0	0	0	0	85	0	0	0	14	0	0	0	0	0	31	0	0	0	0	0	0	0	0	0	0	0	0	0	0	0	0	0	0	0	0	0	0	19	5
assemblage-901-928	0	0	0	0	0	0	0	0	66	0	0	0	0	0	0	0	0	0	0	101	0	0	0	0	0	0	0	0	0	0	0	0	0	0	12	123	0	0	0	23	0	0	0	0	0	0	138	0	0	0	0	0	0	0	0	0	0	0	0	0	0	23	0	0	0	0	0	0	0	0	0	0	0	0	0	0	0	0	0	0	14
assemblage-692-760	0	0	0	0	0	0	26	0	122	0	0	0	0	0	0	0	0	0	0	98	8	0	0	0	0	0	0	0	0	0	0	0	0	0	65	40	0	0	0	53	0	0	0	0	0	0	72	0	0	0	0	0	0	0	0	0	0	0	0	0	0	0	0	0	0	0	0	0	0	0	0	0	0	0	0	0	0	0	0	0	16
assemblage-505-653	0	0	0	0	0	0	0	0	0	0	0	0	0	0	0	0	0	0	0	63	12	0	30	0	0	0	0	0	0	0	0	0	0	0	121	0	0	26	0	78	0	0	0	0	0	0	101	0	0	0	0	0	0	0	0	0	0	0	0	0	0	0	27	0	0	0	0	10	0	0	0	0	0	0	0	0	0	0	0	0	32
assemblage-255-237	0	0	0	0	0	0	0	0	132	0	0	0	0	0	0	0	0	0	0	62	46	0	0	0	0	0	0	0	0	0	0	0	0	0	83	14	0	0	0	11	0	0	0	0	0	0	130	0	0	0	0	0	0	0	0	0	0	0	0	0	0	0	0	0	0	0	0	0	0	0	0	0	0	0	0	0	0	0	0	0	22
assemblage-564-226	0	0	17	0	0	0	0	0	0	0	0	0	0	0	0	0	0	0	43	49	0	0	0	0	0	0	0	0	0	0	0	0	0	0	0	250	0	0	0	0	0	0	0	0	40	0	93	0	0	0	0	0	0	0	0	0	0	0	0	0	0	0	0	0	0	0	0	0	0	0	0	0	0	0	0	0	0	0	0	0	8
assemblage-941-790	0	0	0	0	0	0	0	0	0	0	0	0	0	0	0	0	0	0	9	109	0	0	0	0	0	0	0	0	0	0	0	0	0	0	0	104	0	0	0	30	0	0	0	0	0	0	218	0	0	0	0	0	0	0	0	0	0	0	0	0	0	0	0	0	0	0	0	0	0	0	0	0	0	0	18	0	0	0	0	0	12
assemblage-206-394	0	0	0	0	0	0	34	0	0	0	0	0	0	0	0	0	0	0	0	83	28	0	7	0	0	0	0	0	0	0	0	0	0	0	133	0	0	23	0	27	0	0	0	0	0	0	134	0	0	0	0	0	10	0	0	0	11	0	0	0	0	0	0	0	0	0	0	0	0	0	0	0	0	0	0	0	0	0	0	0	10
assemblage-947-379	0	0	20	0	0	0	0	0	0	0	0	0	0	0	7	0	0	0	44	65	0	0	0	0	0	0	0	4	0	0	0	0	0	0	0	28	0	0	0	151	0	0	0	0	0	0	176	0	0	0	0	0	0	0	0	0	0	0	0	0	0	0	0	0	0	0	0	0	0	0	0	0	0	0	0	0	0	0	0	0	5
assemblage-156-102	0	28	0	0	0	0	0	0	0	0	0	0	0	0	0	0	9	0	0	19	28	0	0	0	0	0	0	0	0	10	0	0	0	0	152	80	0	14	0	0	0	0	0	0	0	0	75	0	0	0	18	0	0	0	0	0	26	0	0	0	0	0	0	0	0	0	0	0	0	0	0	0	0	0	0	0	0	0	0	20	21
assemblage-885-841	0	0	0	0	0	0	10	0	0	0	0	0	0	0	0	0	0	0	0	103	21	0	0	0	0	0	0	0	0	0	0	0	0	0	40	0	0	18	0	32	0	0	0	0	0	0	266	0	0	0	0	0	0	0	0	0	0	0	0	0	0	0	0	0	0	0	0	0	0	0	0	0	0	0	0	0	0	0	0	0	10
assemblage-505-214	0	0	0	0	0	0	0	0	0	0	36	0	0	0	0	0	0	0	0	54	0	0	0	0	0	0	8	0	0	0	0	0	0	0	11	259	0	7	0	71	0	0	0	0	0	0	40	0	0	0	0	0	0	0	0	0	0	0	0	0	0	0	0	0	0	0	0	0	0	0	0	0	0	0	0	0	0	0	0	0	14
assemblage-858-122	9	0	36	0	0	0	0	0	12	0	0	0	0	0	0	8	0	0	0	205	0	0	0	0	0	0	0	0	0	0	4	0	0	0	0	72	0	0	0	10	0	0	0	0	0	0	111	0	0	0	0	0	0	0	0	0	0	0	0	0	0	0	0	0	0	0	0	0	21	0	0	0	0	0	0	6	0	0	0	0	6
assemblage-787-946	0	0	0	0	0	0	35	0	0	0	0	0	0	0	0	0	0	0	0	62	0	0	0	0	0	0	0	0	0	50	0	0	0	0	89	158	0	0	0	37	0	0	0	0	0	0	52	0	0	0	0	0	0	0	0	0	4	0	0	0	0	0	0	0	0	0	0	0	0	0	0	0	0	0	0	0	0	0	0	0	13
assemblage-171-84	0	0	0	0	0	0	38	0	32	0	0	0	0	0	0	0	0	0	0	20	0	0	0	0	0	0	0	0	0	0	0	0	0	0	202	0	0	21	0	0	0	0	0	0	0	0	145	0	0	0	0	0	0	0	0	0	32	0	0	0	0	0	0	0	0	0	0	0	0	0	0	0	0	0	0	0	0	0	0	3	7
assemblage-908-840	0	0	0	0	0	0	61	0	0	0	0	0	0	0	0	0	0	0	0	102	0	0	0	0	0	0	0	0	0	0	0	0	0	0	118	0	0	30	0	3	17	0	0	0	0	0	151	0	0	0	0	0	0	0	0	0	0	0	0	0	0	0	0	0	0	0	0	0	0	0	0	0	0	0	0	0	0	0	0	0	18
assemblage-965-927	0	0	0	0	0	0	0	0	0	0	0	0	0	9	0	0	0	0	0	52	0	0	0	0	0	0	0	0	0	0	0	0	0	0	0	0	0	121	0	0	0	0	0	0	0	0	282	10	0	0	0	0	0	0	0	0	0	0	0	0	0	0	11	0	0	0	0	0	0	0	0	0	0	0	0	0	0	0	0	0	15
assemblage-876-927	0	0	0	0	0	0	17	0	148	0	0	0	0	0	0	0	0	0	0	107	4	0	0	0	0	0	0	0	0	0	0	0	0	0	49	30	0	0	0	49	0	0	0	0	0	0	75	0	0	0	0	0	0	0	0	0	0	0	0	0	0	0	0	0	0	0	0	0	0	0	0	0	0	0	0	0	0	0	0	0	21
assemblage-199-476	0	0	0	0	0	0	0	0	0	0	0	0	0	0	0	0	0	0	0	91	25	0	3	0	0	0	0	0	0	0	0	0	0	0	125	0	0	26	0	38	0	0	0	0	0	0	144	0	0	0	0	0	0	0	0	19	0	0	0	0	0	0	0	0	0	0	0	11	0	0	0	0	0	0	0	0	0	0	0	0	18
assemblage-504-227	0	0	0	0	0	0	0	0	15	0	0	0	0	0	0	0	0	0	0	116	0	0	0	0	0	0	0	0	0	5	67	0	0	0	6	155	0	0	0	14	0	0	0	0	0	0	100	0	0	19	0	0	0	0	0	0	0	0	0	0	0	0	0	0	0	0	0	0	0	0	0	0	0	0	0	0	0	0	0	0	3
assemblage-595-776	0	0	0	13	0	0	0	0	10	0	0	0	0	0	0	0	0	0	0	176	0	0	0	0	0	0	0	16	0	0	9	0	0	0	0	72	0	0	0	12	0	0	0	0	0	0	169	0	0	0	0	0	0	0	0	0	0	0	0	0	0	0	0	0	0	0	0	0	0	12	0	0	0	0	0	0	0	0	0	0	11
assemblage-939-116	0	0	0	0	0	0	0	0	0	0	0	0	0	0	0	0	0	0	34	131	0	0	0	0	0	0	0	0	0	0	0	0	0	0	0	121	21	0	0	0	0	0	0	0	0	0	151	0	0	0	0	0	0	0	0	0	0	0	0	0	0	0	0	0	0	0	24	0	0	0	0	0	0	0	0	0	0	0	0	0	18
assemblage-752-302	0	0	0	0	0	0	0	0	0	0	0	0	0	0	0	0	0	0	41	114	0	0	0	0	0	0	0	0	0	0	0	0	0	0	0	129	9	0	0	6	0	0	0	0	0	0	152	0	0	0	0	0	0	0	0	0	0	0	0	0	0	0	0	0	0	0	24	0	0	0	0	0	0	0	0	0	0	0	0	0	25
assemblage-195-455	0	0	0	0	9	0	0	0	0	0	0	0	0	0	0	0	0	0	0	45	0	0	150	0	0	0	0	0	0	0	0	0	0	0	0	0	0	0	0	194	0	0	0	0	0	0	14	0	0	0	0	0	0	0	0	0	68	5	0	0	0	0	0	0	0	0	0	0	0	0	0	0	0	0	0	0	0	0	0	0	15
assemblage-718-296	0	0	0	0	0	0	0	0	0	0	0	0	0	0	0	0	0	0	78	120	0	0	0	0	0	0	0	0	0	0	0	0	0	0	0	119	0	0	0	9	0	0	0	0	109	0	27	0	0	0	0	0	0	0	0	0	0	0	0	0	0	0	0	0	0	13	0	0	0	0	0	0	0	0	0	0	0	0	0	0	25
assemblage-607-434	0	0	0	0	0	0	0	0	0	0	0	0	0	0	0	0	0	0	10	13	0	0	0	0	0	0	0	0	0	0	0	0	0	0	0	292	0	0	0	0	0	0	0	0	40	0	128	0	0	0	0	0	0	0	0	0	0	0	0	0	0	0	0	0	0	0	12	0	0	0	0	0	0	0	0	0	0	0	0	0	5
assemblage-859-809	0	0	0	0	0	0	0	0	0	0	0	0	0	0	0	0	0	0	69	136	0	0	0	7	0	0	0	0	0	0	0	0	0	0	0	132	52	0	0	0	0	0	0	0	33	0	30	0	0	0	0	0	0	0	0	0	0	0	0	0	0	0	0	0	0	16	0	0	0	0	0	0	0	0	0	0	0	0	0	0	25
assemblage-399-803	0	0	0	0	0	0	0	0	0	0	0	0	0	0	0	0	0	0	0	94	12	0	10	0	0	0	0	0	0	0	0	0	0	0	107	0	0	45	0	32	0	0	0	0	0	0	165	0	0	0	0	0	0	0	0	11	0	0	0	0	0	0	0	0	0	0	0	15	0	0	0	0	0	0	0	0	0	0	0	0	9
assemblage-397-779	0	0	0	0	0	0	0	0	0	0	0	0	0	0	0	0	0	0	0	20	4	0	0	0	0	0	0	0	0	0	0	0	0	0	334	0	0	24	0	7	0	0	0	0	0	0	69	0	0	0	0	0	0	0	0	0	0	0	0	0	0	0	0	0	0	0	0	30	0	0	0	0	0	0	0	0	0	0	0	0	12
assemblage-923-779	0	0	0	0	0	0	0	0	0	0	0	0	0	0	0	0	0	0	0	40	17	0	0	0	0	0	0	0	0	0	0	0	0	0	332	0	0	20	0	0	0	0	0	0	0	0	60	0	0	0	0	0	0	0	0	0	0	0	0	0	0	0	0	0	0	0	0	10	0	0	0	0	0	0	0	0	0	0	0	0	21
assemblage-859-499	0	0	0	0	0	0	0	0	0	0	0	0	0	0	0	0	0	0	0	0	24	0	11	0	0	0	0	0	0	0	0	0	0	0	451	0	0	0	0	9	0	0	0	0	0	0	0	0	0	0	0	0	0	0	0	0	0	0	0	0	0	0	0	0	0	0	0	0	0	0	0	0	0	0	0	0	0	0	0	0	5
assemblage-731-315	0	0	0	0	0	0	0	0	0	0	0	0	0	0	0	0	0	0	46	110	0	0	0	0	0	0	0	0	0	0	0	0	0	0	0	159	16	0	0	0	0	0	0	0	0	0	131	0	0	0	0	0	0	0	0	0	0	0	0	0	0	0	0	0	0	0	16	0	0	0	0	0	0	0	0	0	0	0	0	0	22
assemblage-935-118	0	0	0	0	0	0	0	0	0	0	0	0	0	0	0	0	0	0	68	128	0	0	0	0	0	0	0	0	0	0	0	0	0	0	0	120	0	0	0	15	0	0	0	0	106	0	34	0	0	0	0	0	0	0	0	0	0	0	0	0	0	0	0	0	0	13	0	0	0	0	0	0	0	0	0	0	0	0	0	0	16
assemblage-567-217	0	0	0	0	0	0	0	0	0	0	0	0	0	0	0	0	0	0	17	129	0	0	0	0	0	0	0	0	0	0	0	0	0	0	0	144	0	0	0	28	0	0	0	0	12	0	155	0	0	0	0	0	0	0	0	0	0	0	0	0	0	0	0	0	0	0	0	0	0	0	0	0	0	0	0	0	0	9	0	0	6
assemblage-918-961	0	0	0	0	0	0	0	0	0	0	0	0	0	0	0	0	0	0	0	215	0	0	0	0	0	0	0	0	0	0	23	0	0	0	0	125	0	0	0	16	0	0	0	0	0	0	98	0	0	0	0	0	0	0	0	0	0	0	0	0	0	0	0	0	0	0	0	0	0	0	0	0	0	0	0	0	12	0	0	0	11
assemblage-929-942	0	0	0	14	0	0	0	0	0	0	0	0	0	0	0	0	0	0	0	151	0	0	0	0	0	0	0	13	0	0	12	0	0	0	0	80	0	0	0	22	0	0	0	0	0	8	165	0	0	0	0	0	0	0	0	0	0	0	0	0	0	0	0	0	0	0	0	0	0	18	0	0	0	0	0	0	0	0	0	0	17
assemblage-287-849	0	0	0	0	0	0	0	0	0	0	0	0	0	0	0	0	0	0	85	145	0	0	0	0	0	0	0	0	38	0	0	0	0	0	0	14	7	0	0	0	0	0	0	1	3	0	65	0	0	0	0	0	0	0	0	0	0	0	0	0	0	0	0	0	0	13	119	0	0	0	0	0	0	0	0	0	0	0	0	0	10
assemblage-271-845	0	0	0	0	0	0	0	0	0	0	0	0	0	0	0	0	0	0	75	152	0	0	0	4	0	0	0	0	0	0	0	0	0	0	0	136	50	0	0	0	0	0	0	0	27	0	31	0	0	0	0	0	0	0	0	0	0	0	0	0	0	0	0	0	0	13	0	0	0	0	0	0	0	0	0	0	0	0	0	0	12
assemblage-131-138	0	0	0	0	0	0	0	0	7	0	0	0	0	0	0	0	0	0	0	102	0	0	0	0	0	0	0	0	0	5	58	0	0	0	21	152	0	0	0	10	0	0	0	0	0	0	119	0	0	18	0	0	0	0	0	0	0	0	0	0	0	0	0	0	0	0	0	0	0	0	0	0	0	0	0	0	0	0	0	0	8
assemblage-954-840	0	0	0	0	0	0	0	0	0	0	0	0	0	0	0	0	0	0	0	91	15	0	7	0	0	0	0	0	0	0	0	0	0	0	120	0	0	30	0	23	0	0	0	0	0	0	174	0	0	0	0	0	0	0	0	20	0	0	0	0	0	0	0	0	0	0	0	9	0	0	0	0	0	0	0	0	0	0	0	0	11
assemblage-572-224	0	0	0	0	0	0	0	0	0	0	0	0	0	0	0	0	0	0	74	164	0	0	0	0	0	0	0	0	0	0	0	0	0	0	0	97	0	0	0	7	0	0	0	0	106	0	22	0	0	0	0	0	0	0	0	0	0	0	0	0	0	0	0	0	0	17	0	0	0	0	0	0	0	0	0	0	0	0	0	0	13
assemblage-855-815	0	0	0	0	0	0	0	0	0	0	0	0	0	0	0	0	0	0	87	161	0	0	0	0	0	0	0	0	25	0	0	0	0	0	0	7	10	0	0	0	0	0	0	0	0	0	71	0	0	0	0	0	0	0	0	0	0	0	0	0	0	0	0	0	0	29	99	0	0	0	0	0	0	0	0	0	0	0	0	0	11
assemblage-905-827	0	0	0	0	0	0	84	0	0	0	0	0	0	0	0	0	0	0	0	94	0	0	0	0	0	0	0	0	0	0	0	0	0	0	124	0	0	32	0	14	18	0	0	0	0	0	119	0	0	0	0	0	0	6	0	0	0	0	0	0	0	0	0	0	0	0	0	0	0	0	0	0	0	0	0	0	0	0	0	0	9
assemblage-486-677	0	0	0	0	0	0	0	0	0	6	0	0	14	0	0	0	0	0	0	0	13	0	107	0	0	0	0	0	0	0	0	0	0	0	45	0	0	0	0	297	0	0	0	0	0	0	0	0	0	0	0	0	0	0	0	0	7	0	0	0	0	0	0	0	0	0	0	0	0	0	0	0	0	0	0	0	0	0	0	0	11
assemblage-926-782	0	0	0	0	0	0	0	0	0	0	0	0	0	0	0	0	0	0	0	6	123	0	5	0	0	0	0	0	0	0	0	0	0	0	104	0	0	52	0	0	0	0	0	0	0	0	108	0	0	0	0	0	0	0	0	0	0	0	0	0	0	0	0	47	0	0	0	33	0	0	0	0	0	4	0	0	0	0	0	0	18
assemblage-912-785	0	0	0	0	0	0	0	0	0	0	0	0	0	0	0	0	0	0	0	21	10	0	13	0	0	0	0	0	0	0	0	0	0	0	352	0	0	11	0	9	0	0	0	0	0	0	69	0	0	0	0	0	0	0	0	0	0	0	0	0	0	0	0	0	0	0	0	7	0	0	0	0	0	0	0	0	0	0	0	0	8
assemblage-920-952	0	0	0	14	0	0	0	0	19	0	0	0	0	0	0	0	0	0	27	75	0	0	0	0	0	0	0	27	0	0	27	0	0	0	0	84	0	0	0	101	0	0	0	0	0	0	117	0	0	0	0	0	0	0	0	0	0	0	0	0	0	0	0	0	0	0	0	0	0	0	0	0	0	0	0	0	0	0	0	0	9
assemblage-262-234	0	0	0	0	0	0	13	0	3	0	0	0	0	0	0	0	0	0	0	100	17	0	0	0	0	0	0	0	0	0	0	0	0	0	32	0	0	6	0	31	0	0	0	0	0	0	290	0	0	0	0	0	0	0	0	0	0	0	0	0	0	0	0	0	0	0	0	0	0	0	0	0	0	0	0	0	0	0	0	0	8
assemblage-779-935	0	0	0	0	0	0	36	0	0	0	0	0	0	0	0	0	0	0	0	68	0	0	0	0	0	0	0	0	0	37	0	0	0	0	89	162	0	0	0	27	0	0	0	0	0	0	48	0	0	0	0	0	0	0	0	0	19	0	0	0	0	0	0	0	0	0	0	0	0	0	0	0	0	0	0	0	0	0	0	0	14
assemblage-661-958	0	0	0	0	0	0	0	0	28	0	0	0	0	0	0	0	0	0	0	44	0	0	6	0	0	0	0	0	0	0	0	0	0	0	154	0	0	24	0	50	0	0	0	0	0	0	171	0	0	0	0	0	0	0	0	0	0	0	0	0	7	0	0	0	0	0	0	0	0	0	0	0	0	0	0	0	0	0	0	0	16
assemblage-905-835	0	0	0	0	0	0	26	0	0	0	0	0	0	0	0	0	0	0	0	58	0	0	0	0	0	0	0	0	0	62	0	0	0	0	70	174	0	0	0	36	0	0	0	0	0	0	37	0	0	0	0	0	0	0	0	0	22	0	0	0	0	0	0	0	0	0	0	0	0	0	0	0	0	0	0	0	0	0	0	0	15
assemblage-243-239	0	0	0	0	0	0	67	0	0	0	4	0	0	0	0	0	0	0	0	96	0	0	0	0	0	0	0	0	0	0	0	0	0	0	143	0	0	21	0	4	15	0	0	0	0	0	131	0	0	0	0	0	0	0	0	0	0	0	0	0	0	0	0	0	0	0	0	0	0	0	0	0	0	0	0	0	0	0	0	0	19
assemblage-628-437	0	0	0	0	0	0	0	0	0	0	0	0	0	0	0	0	0	0	86	166	0	0	0	0	0	0	0	0	40	0	0	0	0	0	0	8	0	0	0	0	0	0	0	0	0	0	75	0	0	0	0	0	0	0	0	0	0	0	0	0	0	0	0	0	0	11	95	0	0	0	0	0	0	0	0	0	0	0	0	0	19
assemblage-615-421	0	0	0	0	0	0	0	0	0	0	0	0	0	0	0	0	0	0	83	123	0	0	0	0	0	0	0	0	26	0	0	0	0	0	0	5	11	0	0	0	0	0	0	4	5	0	82	0	0	0	0	0	0	0	0	0	0	0	0	0	0	0	0	0	0	24	126	0	0	0	0	0	0	0	0	0	0	0	0	0	11
assemblage-844-496	0	0	0	0	0	0	0	0	0	0	0	0	0	0	0	0	0	0	0	0	38	0	16	0	0	0	0	0	0	0	0	0	0	0	434	0	0	0	0	7	0	0	0	0	0	0	0	0	0	0	0	0	0	0	0	0	0	0	0	0	0	0	0	0	0	0	0	0	0	0	0	0	0	0	0	0	0	0	0	0	5
assemblage-661-956	0	0	0	0	0	0	21	0	38	0	0	0	0	0	0	0	0	0	0	17	0	0	0	0	0	0	0	0	0	0	0	0	0	0	223	0	0	19	0	0	0	0	0	0	0	0	131	0	0	0	0	0	0	0	0	0	37	0	0	0	0	0	0	0	0	0	0	0	0	0	0	0	0	0	0	0	0	0	0	7	7
assemblage-939-810	0	0	15	0	0	0	0	0	0	0	0	0	0	0	0	0	0	0	37	65	0	0	0	0	0	0	0	6	0	0	0	0	0	0	0	17	0	0	0	146	0	0	0	0	0	0	203	0	0	0	0	0	0	0	0	0	0	0	0	0	0	0	0	0	0	0	0	0	0	0	0	0	0	0	0	0	0	0	0	0	11
assemblage-928-765	0	0	0	0	0	0	0	0	0	0	0	0	0	0	0	0	0	0	0	65	22	0	7	0	0	0	0	0	0	0	0	0	0	0	128	0	0	31	0	39	0	0	0	0	0	0	177	0	0	0	0	0	0	0	0	15	0	0	0	0	0	0	0	0	0	0	0	10	0	0	0	0	0	0	0	0	0	0	0	0	6
assemblage-928-796	0	0	0	0	0	0	0	0	0	0	0	0	0	0	0	0	0	0	28	88	0	0	0	0	0	0	0	0	0	0	0	0	0	0	0	166	0	0	0	15	0	0	0	0	28	0	148	0	0	0	0	0	0	0	0	0	0	0	0	0	0	0	0	0	0	0	0	0	0	14	0	0	0	0	0	0	8	0	0	0	5
assemblage-768-990	0	0	0	0	0	0	0	0	0	0	0	0	0	0	0	0	0	0	0	266	0	0	0	0	0	0	0	0	0	0	34	0	0	0	0	98	0	0	0	10	0	0	0	0	0	0	70	0	0	0	0	0	0	0	0	0	0	0	0	0	0	0	0	0	0	0	0	0	0	0	0	0	0	0	0	0	16	0	0	0	6
assemblage-877-553	0	0	0	0	0	0	0	0	0	0	0	0	0	0	0	0	0	0	0	17	0	0	0	0	0	0	0	0	0	0	0	0	0	0	238	0	0	66	0	15	0	0	0	0	0	0	153	0	0	0	0	0	0	0	0	0	0	0	0	0	0	0	0	0	0	0	0	0	0	0	0	0	0	0	0	0	0	0	0	0	11
assemblage-255-927	0	0	0	0	0	0	0	0	0	0	0	0	0	0	0	0	0	0	0	19	0	0	0	0	0	0	0	0	0	0	0	0	0	0	221	0	0	78	0	10	0	0	0	0	0	0	155	0	0	0	0	0	0	0	0	0	0	0	0	0	0	0	0	0	0	0	0	0	0	0	0	0	10	0	0	0	0	0	0	0	7
assemblage-746-583	0	0	0	0	0	0	0	0	0	0	0	0	0	0	0	0	0	0	43	95	0	0	0	0	0	0	0	0	0	0	0	0	0	0	0	173	0	0	0	7	0	0	0	0	28	0	107	0	0	0	0	0	0	0	0	0	0	0	0	0	0	0	0	0	0	0	0	0	0	19	0	0	0	0	0	0	15	0	0	0	13
assemblage-507-779	0	0	0	0	0	0	0	0	0	0	0	0	0	0	0	0	0	0	75	165	0	0	0	0	0	0	0	0	34	0	0	0	0	0	0	13	7	0	0	0	0	0	0	0	6	0	54	0	0	0	0	0	0	0	0	0	0	0	0	0	0	0	0	0	0	11	120	0	0	0	0	0	0	0	0	0	0	0	0	0	15
assemblage-199-466	0	0	0	0	9	0	0	0	0	0	0	0	0	0	0	0	0	0	0	54	0	0	181	0	0	0	0	0	0	0	0	0	0	0	0	0	0	0	0	178	0	0	0	0	0	0	12	0	0	0	0	0	0	0	0	0	55	0	0	0	0	0	0	0	0	0	0	0	0	0	0	0	0	0	0	0	0	0	0	0	11
assemblage-204-396	0	0	0	0	0	0	23	0	0	0	0	0	0	0	0	0	0	0	0	93	30	0	12	0	0	0	0	0	0	0	0	0	0	0	132	0	0	33	0	29	0	0	0	0	0	0	121	0	0	0	0	0	12	0	0	0	1	0	0	0	0	0	0	0	0	0	0	0	0	0	0	0	0	0	0	0	0	0	0	0	14
assemblage-94-494	0	0	0	0	0	0	0	0	0	0	0	0	0	0	0	0	0	0	0	17	0	0	0	0	0	0	0	0	0	0	0	0	0	0	232	0	0	89	0	10	0	0	0	0	0	0	141	0	0	0	0	0	0	0	0	0	0	0	0	0	0	0	0	0	0	0	0	0	0	0	0	0	4	0	0	0	0	0	0	0	7
assemblage-488-381	0	0	59	0	0	0	0	0	0	0	0	0	0	0	0	0	0	0	0	83	0	0	0	0	0	10	0	0	0	0	0	0	0	0	0	171	0	0	0	54	0	0	0	0	0	0	89	0	5	0	0	0	0	0	0	0	0	0	0	0	0	0	0	0	0	0	0	0	14	6	0	5	0	0	0	0	0	0	0	0	4
assemblage-887-564	0	0	0	0	9	0	0	0	67	0	0	0	0	0	0	0	0	0	0	0	0	0	23	0	0	0	0	0	0	0	0	0	0	0	196	0	0	6	26	130	0	0	0	0	0	0	10	0	0	0	0	0	0	0	0	0	0	0	0	0	0	0	0	0	0	0	0	0	0	0	0	0	0	0	0	0	0	0	0	9	24
assemblage-502-373	0	0	0	0	0	0	0	0	0	0	0	0	0	0	0	0	0	0	26	84	0	0	0	0	0	0	0	0	0	0	0	0	0	0	0	161	0	0	0	13	0	0	0	0	38	0	134	0	0	0	0	0	0	0	0	0	0	0	0	0	0	0	0	0	0	0	0	0	0	12	0	0	0	0	0	0	14	0	0	0	18
assemblage-928-943	10	0	38	0	0	0	0	0	6	0	0	0	0	0	0	0	0	0	0	187	0	0	0	0	0	0	0	0	0	0	3	0	0	0	0	86	0	0	0	24	0	0	0	0	0	0	122	0	0	0	0	0	0	0	0	0	0	0	0	0	0	0	0	0	0	0	0	0	15	0	0	0	0	0	0	0	0	0	0	0	9
assemblage-984-775	0	0	0	0	0	0	37	0	49	0	0	0	0	0	0	0	0	0	0	17	0	0	0	0	0	0	0	0	0	0	0	0	0	0	214	0	0	16	0	0	0	0	0	0	0	0	133	0	0	0	0	0	0	0	0	0	21	0	0	0	0	0	0	0	0	0	0	0	0	0	0	0	0	0	0	0	0	0	0	0	13
assemblage-896-831	0	0	0	0	0	0	9	0	0	0	0	0	0	0	0	0	0	0	0	105	16	0	0	0	0	0	0	0	0	0	0	0	0	0	45	0	0	13	0	36	0	0	0	0	0	0	260	0	0	0	0	0	0	0	0	0	0	0	0	0	0	0	0	0	0	0	0	0	0	0	0	0	0	0	0	0	0	0	0	0	16
assemblage-866-568	0	0	0	0	0	8	0	0	0	0	0	8	0	0	0	0	0	0	0	33	0	0	40	0	0	0	0	0	0	0	0	0	0	0	200	0	0	0	0	4	0	0	0	0	0	0	174	0	0	0	0	0	0	0	0	0	8	0	0	0	9	0	0	0	0	0	0	0	0	0	0	0	0	0	0	0	0	0	0	0	16
assemblage-190-406	0	18	0	0	0	0	0	0	0	0	0	0	0	0	0	0	10	0	0	35	25	0	0	0	0	0	0	0	0	14	0	0	0	0	163	45	0	16	0	12	0	0	0	0	0	0	82	0	0	0	15	0	0	0	0	0	32	0	0	0	0	0	0	0	0	0	0	0	0	0	0	0	0	0	0	0	0	0	0	24	9
assemblage-527-780	0	0	0	0	0	0	0	0	0	0	0	0	0	0	0	0	0	0	63	119	0	0	0	16	0	0	0	0	0	0	0	0	0	0	0	161	41	0	0	0	0	0	0	0	28	0	37	0	0	0	0	0	0	0	0	0	0	0	0	0	0	0	0	0	12	17	0	0	0	0	0	0	0	0	0	0	0	0	0	0	6
assemblage-936-773	0	0	0	0	0	0	0	0	0	0	0	0	0	0	0	0	0	0	0	6	101	0	0	0	0	0	0	0	0	0	0	0	0	0	138	0	0	59	0	0	0	0	0	0	0	0	96	0	0	0	0	7	0	0	0	0	0	0	0	0	0	0	0	36	0	0	0	31	0	0	0	0	0	7	0	0	0	0	0	0	19
assemblage-627-775	0	0	0	0	0	0	0	0	0	0	0	0	0	0	0	0	0	0	0	219	0	0	0	0	0	0	0	0	0	0	41	0	0	0	0	101	0	0	0	13	0	0	0	0	0	0	98	0	0	0	0	0	0	0	0	0	0	0	0	0	0	0	0	0	0	0	0	0	0	0	0	0	0	0	0	0	14	0	0	0	14
assemblage-602-776	0	0	0	0	0	0	0	0	0	0	0	0	0	0	0	0	0	0	0	241	0	0	0	0	0	0	0	0	0	0	43	0	0	0	0	102	0	0	0	1	0	0	0	0	0	0	85	0	0	0	0	0	0	0	0	0	0	0	0	0	0	0	0	0	0	0	0	0	0	0	0	0	0	0	0	0	12	0	0	0	16
assemblage-116-151	0	0	0	0	0	0	22	0	122	0	0	0	0	0	0	0	0	0	4	103	10	0	0	0	0	0	0	0	0	0	0	0	0	0	43	40	0	0	0	67	0	0	0	0	0	0	74	0	0	0	0	0	0	0	0	0	0	0	0	0	0	0	0	0	0	0	0	0	0	0	0	0	0	0	0	0	0	0	0	0	15
assemblage-97-795	0	0	4	0	0	0	0	0	0	0	0	0	0	0	0	0	0	0	55	108	0	0	0	0	0	0	0	0	0	0	0	0	0	0	0	147	0	0	0	6	0	0	0	0	47	0	104	0	0	0	0	0	0	0	0	0	0	0	0	0	0	0	0	0	0	0	9	0	0	0	0	0	0	0	0	0	0	0	0	0	20
assemblage-944-801	0	0	92	0	0	0	0	0	0	0	0	0	0	0	0	0	0	0	0	75	0	0	0	0	0	10	0	0	0	0	0	0	0	0	0	159	0	0	0	30	0	0	0	0	0	0	105	0	0	0	0	0	0	0	0	0	0	0	0	0	0	0	0	0	0	0	0	0	8	0	0	0	0	0	0	0	0	0	0	0	21
assemblage-745-591	0	0	0	0	0	0	0	0	0	0	0	0	0	0	0	0	0	0	33	102	0	0	0	0	0	0	0	0	0	0	0	0	0	0	0	141	0	0	0	9	0	0	0	0	28	0	137	0	0	0	0	0	0	0	0	0	0	0	0	0	0	0	0	0	0	0	0	0	0	27	0	0	0	0	0	0	9	0	0	0	14
assemblage-541-768	0	0	0	0	0	0	0	0	0	0	0	0	0	0	0	0	0	0	11	15	0	0	0	0	0	0	0	0	0	0	0	0	0	0	0	307	0	0	0	0	0	0	0	0	39	0	109	0	0	0	0	0	0	0	0	0	0	0	0	0	0	0	0	0	0	0	15	0	0	0	0	0	0	0	0	0	0	0	0	0	4
assemblage-1000-776	0	0	0	0	0	0	29	0	0	0	0	0	0	0	0	0	0	0	0	86	17	0	6	0	0	0	0	0	0	0	0	0	0	0	113	0	0	38	0	47	0	0	0	0	0	0	136	0	0	0	0	0	13	0	0	0	9	0	0	0	0	0	0	0	0	0	0	0	0	0	0	0	0	0	0	0	0	0	0	0	6
assemblage-956-899	0	0	0	0	0	0	0	0	0	0	0	0	0	9	0	0	0	0	0	60	0	0	0	0	0	0	0	0	0	0	0	0	0	0	0	0	0	109	0	0	0	0	0	0	0	0	292	0	0	0	0	0	0	0	0	0	0	0	0	0	0	0	11	0	0	0	0	0	0	0	4	0	0	0	0	0	0	0	0	0	15
assemblage-504-675	0	0	0	0	0	0	0	0	0	4	0	0	15	0	0	0	0	0	0	0	25	0	111	0	0	0	0	0	0	0	0	0	0	0	37	0	0	0	0	295	0	0	0	0	0	0	0	0	0	0	0	0	0	0	0	0	0	0	0	0	0	0	0	0	0	0	0	0	0	0	0	0	0	0	0	0	0	0	0	0	13
assemblage-983-757	0	0	0	0	0	0	0	0	28	0	0	0	0	0	0	0	0	0	0	39	0	0	10	0	0	0	0	0	0	0	0	0	0	0	194	11	0	23	0	34	0	0	0	0	0	0	136	0	0	0	0	0	0	0	0	0	0	0	0	0	5	0	0	0	0	0	0	0	0	0	0	0	0	0	0	0	0	0	0	5	15
assemblage-974-919	0	0	0	0	0	0	0	0	0	0	0	0	0	4	0	0	0	0	0	48	0	0	0	0	0	0	0	0	0	0	0	0	0	0	0	0	0	137	0	0	0	0	0	0	0	0	262	0	0	0	0	0	0	0	0	0	0	0	0	0	0	0	17	0	0	0	0	0	0	0	9	0	0	0	0	0	0	0	6	0	17
assemblage-774-931	0	0	0	0	0	0	0	0	154	0	0	0	0	0	0	0	0	0	0	45	35	0	0	0	0	0	0	0	0	0	0	2	0	0	85	20	0	0	0	10	0	0	0	0	0	0	131	0	0	0	0	0	0	0	0	0	0	0	0	0	0	0	0	0	0	0	0	0	0	0	0	0	0	0	0	0	0	0	0	0	18
assemblage-125-165	0	0	0	0	0	0	28	0	151	0	0	0	0	0	0	0	0	0	0	104	5	0	0	0	0	0	0	0	0	0	0	0	0	0	59	25	0	0	0	47	0	0	0	0	0	0	65	0	0	0	0	0	0	0	0	0	0	0	0	0	0	0	0	0	0	0	0	0	0	0	0	0	0	0	0	0	0	0	0	0	16
assemblage-497-361	0	0	0	0	0	0	0	0	0	0	0	0	0	0	0	0	0	0	35	87	0	0	0	0	0	0	0	0	0	0	0	0	0	0	0	150	0	0	0	10	0	0	0	0	36	0	128	0	0	0	0	0	0	0	0	0	0	0	0	0	0	0	0	0	0	0	0	0	0	21	0	0	0	0	0	0	15	0	0	0	18
assemblage-266-940	0	0	0	0	0	0	0	0	0	0	0	0	0	0	0	0	0	0	0	152	35	0	5	0	0	0	0	0	0	0	0	0	0	0	74	19	0	45	0	3	0	0	0	0	0	0	111	0	0	0	0	0	0	0	0	0	39	0	0	0	0	0	0	11	0	0	0	0	0	0	0	0	0	4	0	0	0	0	0	0	2
assemblage-103-772	0	0	0	0	0	0	0	0	0	0	0	0	0	0	0	0	0	0	31	114	0	0	0	0	0	0	0	0	0	0	0	0	0	0	0	141	11	0	0	0	0	0	0	0	0	0	143	0	0	0	0	0	0	0	0	0	0	0	0	0	0	0	0	0	0	0	36	0	0	0	0	0	0	0	0	0	0	0	0	0	24
assemblage-245-235	0	0	0	0	0	0	84	0	0	0	0	0	0	0	0	0	0	0	0	92	0	0	0	0	0	0	0	0	0	0	0	0	0	0	123	0	0	32	0	7	26	0	0	0	0	0	110	0	0	0	0	0	0	11	0	0	0	0	0	0	0	0	0	0	0	0	0	0	0	0	0	0	0	0	0	0	0	0	0	0	15
assemblage-419-440	0	0	0	0	0	0	0	0	0	0	0	0	0	0	0	0	0	18	0	234	0	0	0	0	0	0	0	0	0	0	0	0	0	0	0	0	0	0	0	0	0	0	0	0	0	0	107	0	0	0	0	0	0	0	11	0	0	0	0	0	0	0	85	0	0	0	0	37	0	0	0	0	0	0	0	0	0	0	0	0	8
assemblage-106-789	0	0	0	0	0	0	0	0	0	0	0	0	0	0	0	0	0	0	16	158	0	0	0	0	0	0	0	0	0	0	0	0	0	0	0	136	0	0	0	19	0	0	0	0	12	0	137	0	0	0	0	0	0	0	0	0	0	0	0	0	0	0	0	0	0	0	0	0	0	0	0	0	0	0	0	0	0	14	0	0	8
assemblage-393-805	0	0	0	0	17	0	0	0	0	0	0	0	0	0	0	0	0	0	0	47	0	0	147	0	0	0	0	0	0	0	0	0	0	0	0	0	0	0	0	191	0	0	0	0	0	0	9	0	0	0	0	0	0	0	0	0	73	0	0	0	0	0	0	0	0	0	0	0	0	0	0	0	0	0	0	0	0	0	0	0	16
assemblage-752-974	6	0	38	0	0	0	0	0	3	0	0	0	0	0	0	2	0	0	0	213	0	0	0	0	0	0	0	0	0	0	9	0	0	0	0	79	0	0	0	6	0	0	0	0	0	0	115	0	0	0	0	0	0	0	0	0	0	0	0	0	0	0	0	0	0	0	0	0	16	0	0	0	0	0	0	7	0	0	0	0	6
assemblage-922-961	0	0	0	7	0	0	0	0	0	0	0	0	0	0	0	0	0	0	0	178	0	6	0	0	0	0	0	18	0	0	7	0	0	0	8	69	0	0	0	17	0	0	0	0	0	0	158	0	0	0	0	0	0	0	0	0	0	0	0	0	0	0	0	0	0	0	0	0	0	16	0	0	0	0	0	0	0	0	0	0	16
assemblage-393-803	0	0	0	0	0	0	0	0	0	0	0	0	0	0	0	0	0	0	0	7	103	0	2	0	0	0	0	0	0	0	0	0	0	0	123	0	0	76	0	0	0	0	0	0	0	0	98	0	0	0	0	9	0	0	0	0	0	0	0	0	0	0	0	39	0	0	0	19	0	0	0	0	0	8	0	0	0	0	0	0	16
assemblage-739-314	0	0	0	0	0	0	0	0	0	0	0	0	0	0	0	0	0	0	74	123	0	0	0	0	0	0	0	0	0	0	0	0	0	0	0	96	0	0	0	9	0	0	0	0	137	0	28	0	0	0	0	0	0	0	0	0	0	0	0	0	0	0	0	0	0	18	0	0	0	0	0	0	0	0	0	0	0	0	0	0	15
assemblage-497-349	0	0	79	0	0	0	0	0	0	0	0	0	0	0	0	0	0	0	0	69	0	0	0	0	0	5	0	0	0	0	0	0	0	0	0	168	0	0	0	50	0	0	0	0	0	0	110	0	0	0	0	0	0	0	0	0	0	0	0	0	0	0	0	0	0	0	0	0	6	0	0	0	0	0	0	0	0	0	0	0	13
assemblage-248-931	0	0	0	0	0	0	0	0	0	0	0	0	0	0	0	0	0	0	0	136	27	0	8	0	0	0	0	0	0	0	0	0	0	0	65	19	0	47	0	7	0	0	0	0	0	0	114	0	0	0	4	0	0	0	0	0	50	0	0	0	0	0	0	11	0	0	0	0	0	0	0	0	0	9	0	0	0	0	0	0	3
assemblage-969-107	0	0	15	0	0	0	0	0	0	0	0	0	0	0	0	0	0	0	42	47	0	0	0	0	0	0	0	0	0	0	0	0	0	0	0	249	0	0	0	0	0	0	0	0	48	0	82	0	0	0	0	0	0	0	0	0	0	0	0	0	0	0	0	0	0	0	0	0	0	0	0	0	0	0	0	0	0	0	0	0	17
assemblage-711-781	0	0	0	0	0	0	15	0	115	0	0	0	0	0	0	0	0	0	5	96	16	0	0	0	0	0	0	0	0	0	0	0	0	0	60	37	0	0	0	55	0	0	0	0	0	0	90	0	0	0	0	0	0	0	0	0	0	0	0	0	0	0	0	0	0	0	0	0	0	0	0	0	0	0	0	0	0	0	0	0	11
assemblage-521-793	0	0	0	0	0	0	0	0	0	0	0	0	0	0	0	0	0	0	9	19	0	0	0	0	0	0	0	0	0	0	0	0	0	0	0	302	0	0	0	0	0	0	0	0	41	0	110	0	0	0	0	0	0	0	0	0	0	0	0	0	0	0	0	0	0	0	17	0	0	0	0	0	0	0	0	0	0	0	0	0	2
assemblage-968-117	0	0	0	0	0	0	0	0	0	0	0	0	0	0	0	0	0	0	65	122	0	0	0	0	0	0	0	0	0	0	0	0	0	0	0	90	0	0	0	14	0	0	0	0	129	0	38	0	0	0	0	0	0	0	0	0	0	0	0	0	0	0	0	0	0	12	0	0	0	0	0	0	0	0	12	0	0	0	0	0	18
assemblage-866-658	0	0	0	0	0	0	0	0	0	0	0	0	0	0	0	0	0	0	0	150	31	0	0	0	0	0	0	0	0	0	0	0	0	0	69	24	0	28	0	12	0	0	0	0	0	0	139	0	0	0	0	0	0	0	0	0	35	0	0	0	0	0	0	3	0	0	0	0	0	0	0	0	0	0	0	0	0	0	0	0	9
assemblage-114-780	0	0	11	0	0	0	0	0	0	0	0	0	0	0	0	0	0	0	49	27	0	0	0	0	0	0	0	0	0	0	0	0	0	0	0	266	0	0	0	0	0	0	0	0	31	0	95	0	0	0	0	0	0	0	0	0	0	0	0	0	0	0	0	0	0	0	0	0	0	0	0	0	0	0	0	0	0	0	0	0	21
assemblage-874-653	0	0	0	0	16	0	0	0	46	0	0	0	0	0	0	0	0	0	0	4	0	0	15	0	0	0	0	0	0	0	0	0	0	0	242	0	0	0	19	106	0	0	0	0	0	0	18	0	0	0	0	0	0	0	0	0	0	0	0	0	0	0	0	0	0	0	0	0	0	0	0	0	0	0	0	0	0	0	0	11	23
assemblage-771-946	0	0	0	0	0	0	0	0	0	0	0	0	0	0	0	0	0	0	0	238	0	0	0	0	0	0	0	0	0	0	36	0	0	0	0	108	0	0	0	1	0	0	0	0	0	0	89	0	0	0	0	0	0	0	0	0	0	0	0	0	0	0	0	0	0	0	0	0	0	0	0	0	0	0	0	0	10	0	0	0	18
assemblage-905-929	0	0	0	0	0	0	0	0	0	0	17	0	0	0	0	0	0	0	0	67	0	0	0	0	0	0	9	0	0	0	0	0	0	0	11	262	0	8	0	58	0	0	0	0	0	0	54	0	0	0	0	0	0	0	0	0	0	0	0	0	0	0	0	0	0	0	0	0	0	0	0	0	0	0	0	0	0	0	0	0	14
assemblage-843-512	0	0	0	0	0	0	0	0	0	0	0	0	0	0	0	0	0	0	0	0	32	0	9	0	0	0	0	0	0	0	0	0	0	0	453	0	0	0	0	3	0	0	0	0	0	0	0	0	0	0	0	0	0	0	0	0	0	0	0	0	0	0	0	0	0	0	0	0	0	0	0	0	0	0	0	0	0	0	0	0	3
assemblage-942-784	0	0	60	0	0	0	0	0	0	0	0	0	0	0	0	0	0	0	0	79	0	0	0	0	0	13	0	0	0	0	0	0	0	0	0	170	0	0	0	42	0	0	0	0	0	0	110	0	0	0	0	0	0	0	0	0	0	0	0	0	0	0	0	0	0	0	0	0	13	0	0	0	0	0	0	0	0	0	0	0	13
assemblage-135-471	0	0	0	0	0	0	0	0	0	0	0	0	0	0	0	0	0	0	0	24	0	0	0	0	0	0	0	0	0	0	0	0	0	0	229	0	0	72	0	14	0	0	0	0	0	0	155	0	0	0	0	0	0	0	0	0	0	0	0	0	0	0	0	0	0	0	0	0	0	0	0	0	0	0	0	0	0	0	0	0	6
assemblage-765-587	0	0	0	0	0	0	0	0	0	0	0	0	0	0	0	0	0	0	0	94	0	0	0	0	0	0	0	8	0	0	0	0	0	0	0	99	0	0	0	30	0	0	0	0	0	0	230	0	0	0	0	0	0	0	0	0	0	0	0	0	0	0	0	0	0	0	0	0	0	0	0	0	0	0	22	0	0	0	0	0	17
assemblage-902-934	0	0	0	0	0	0	0	0	0	0	23	0	0	0	0	0	0	0	0	56	0	0	0	0	0	0	6	0	0	0	0	0	0	0	7	262	0	15	0	74	0	0	0	0	0	0	32	0	0	14	0	0	0	0	0	0	0	0	0	0	0	0	0	0	0	0	0	0	0	0	0	0	0	0	0	0	0	0	0	0	11
assemblage-746-290	0	0	4	0	0	0	0	0	0	0	0	0	0	0	0	0	0	0	33	119	0	0	0	0	0	0	0	0	0	0	0	0	0	0	0	144	13	0	0	0	0	0	0	0	0	0	141	0	0	0	0	0	0	0	0	0	0	0	0	0	0	0	0	0	0	0	26	0	0	0	0	0	0	0	0	0	0	0	0	0	20
assemblage-862-661	0	0	0	0	0	0	0	0	0	0	0	0	0	0	0	0	0	0	0	18	0	0	0	0	0	0	0	0	0	0	0	0	0	0	224	0	0	68	0	8	0	0	0	0	0	0	174	0	0	0	0	0	0	0	0	0	0	0	0	0	0	0	0	0	0	0	0	0	0	0	0	0	0	0	0	0	0	0	0	0	8
assemblage-186-430	0	0	0	0	0	0	43	0	37	0	0	0	0	0	0	0	0	0	0	42	0	0	0	0	0	0	0	0	0	0	0	0	0	0	176	0	0	26	0	0	0	0	0	0	0	0	128	0	0	0	0	0	0	0	0	0	28	0	0	0	0	0	0	0	0	0	0	0	0	0	0	0	0	0	0	0	0	0	0	4	16
assemblage-959-848	0	0	0	0	0	0	0	0	0	0	0	0	0	0	0	0	0	0	0	0	102	0	6	0	0	0	0	0	0	0	0	0	0	0	110	0	0	95	0	0	0	0	0	0	0	0	103	0	0	0	0	0	0	0	0	0	0	0	0	0	0	0	0	25	0	0	0	24	0	0	0	0	0	0	0	0	0	0	0	0	35
assemblage-122-489	0	0	0	0	0	4	0	0	0	0	0	9	0	0	0	0	0	0	0	45	0	0	22	0	0	0	0	0	0	0	0	0	0	0	213	0	0	0	0	0	0	0	0	0	0	0	174	0	0	0	0	0	0	0	0	0	2	0	0	0	14	0	0	0	0	0	0	0	0	0	0	0	0	0	0	0	0	0	0	0	17
assemblage-522-758	0	0	0	0	0	0	0	0	0	0	0	0	0	0	0	0	0	0	6	154	0	0	0	0	0	0	0	0	0	0	0	0	0	30	0	50	0	0	0	0	0	0	0	0	72	0	158	0	0	0	0	0	0	0	0	0	0	0	0	0	0	0	0	0	0	8	0	0	0	0	0	0	0	0	0	0	0	0	0	0	22
assemblage-923-961	0	0	15	7	0	0	0	0	8	0	0	0	0	0	0	0	0	0	16	153	0	0	0	0	0	0	0	8	0	0	12	0	0	0	0	81	0	0	0	50	0	0	0	0	0	0	116	0	0	0	0	0	0	0	0	0	0	0	0	0	0	0	0	0	0	0	0	0	0	0	0	0	0	0	0	0	0	0	0	0	34
assemblage-176-91	0	0	0	0	0	0	40	0	47	0	0	0	0	0	0	0	0	0	0	23	0	0	0	0	0	0	0	0	0	0	0	0	0	0	189	0	0	26	0	0	0	0	0	0	0	0	119	0	0	0	0	0	0	0	0	0	41	0	0	0	0	0	0	0	0	0	0	0	0	0	0	0	0	0	0	0	0	0	0	0	15
assemblage-200-472	0	0	0	0	0	0	0	0	0	0	0	0	0	0	0	0	0	0	0	39	34	0	26	0	0	0	0	0	0	0	0	0	0	0	149	0	0	34	0	55	0	0	0	0	0	0	101	0	0	0	0	0	0	0	0	0	16	0	0	0	0	0	0	13	0	0	0	17	0	0	0	0	0	0	0	0	0	0	0	0	16
assemblage-953-864	0	0	0	0	0	0	0	0	0	0	0	0	0	0	0	0	0	0	0	81	18	0	12	0	0	0	0	0	0	0	0	0	0	0	119	0	0	33	0	35	0	0	0	0	0	0	161	0	0	0	0	0	0	0	0	17	0	0	0	0	0	0	0	0	0	0	0	9	0	0	0	0	0	0	0	0	0	0	0	0	15
assemblage-492-215	0	0	0	0	0	0	0	0	82	0	0	0	0	0	0	0	0	0	0	109	4	0	0	0	0	0	0	0	0	0	0	0	0	0	7	105	0	0	0	16	0	0	0	0	0	0	152	0	0	0	0	0	0	0	0	0	0	0	0	0	0	16	0	0	0	0	0	0	0	0	0	0	0	0	0	4	0	0	0	0	5
assemblage-706-788	0	0	0	0	0	0	0	0	0	0	33	0	0	0	0	0	0	0	0	65	0	0	0	0	0	0	0	11	0	0	0	0	0	0	15	256	0	7	0	64	0	0	0	0	0	0	29	0	0	5	0	0	0	0	0	0	0	0	0	0	0	0	0	0	0	0	0	0	0	0	0	0	0	0	0	0	0	0	0	0	15
assemblage-177-111	0	0	0	0	0	0	0	0	18	0	0	0	0	0	0	0	0	0	0	47	0	0	14	0	0	0	0	0	0	0	0	0	0	0	194	0	0	24	0	42	0	0	0	0	0	0	139	0	0	0	0	0	0	0	0	0	0	0	0	0	5	0	0	0	0	0	0	0	0	0	0	0	0	0	0	0	0	0	0	6	11
assemblage-172-461	0	0	0	0	20	0	0	0	0	0	0	0	0	0	0	0	0	0	0	52	0	0	166	0	0	0	0	0	0	0	0	0	0	0	0	0	0	0	0	169	0	0	0	0	0	0	13	0	0	0	0	0	0	0	0	0	63	0	0	0	0	0	0	0	0	0	0	0	0	0	0	0	0	0	0	0	0	0	0	0	17
assemblage-203-418	0	29	0	0	0	0	0	0	0	0	0	0	0	0	0	0	9	0	0	33	26	0	0	0	0	0	0	0	0	20	0	0	0	0	136	66	0	13	0	4	0	0	0	0	0	0	90	0	0	0	14	0	0	0	0	0	28	0	0	0	0	0	0	0	0	0	0	0	0	0	0	0	0	0	0	0	0	0	0	27	5
assemblage-174-110	0	24	0	0	0	0	0	0	0	0	0	0	0	0	0	0	8	0	0	48	36	0	0	0	0	0	0	0	0	10	0	0	0	0	161	65	0	13	0	5	0	0	0	0	0	0	52	0	0	0	13	0	0	0	0	0	35	0	0	0	0	0	0	0	0	0	0	0	0	0	0	0	0	0	0	0	0	0	0	17	13
assemblage-522-210	0	0	0	0	0	0	0	0	86	0	0	0	0	0	0	0	0	0	0	106	0	0	0	0	0	0	0	0	0	0	0	0	0	0	6	100	0	0	0	17	0	0	0	0	0	0	160	0	0	0	0	0	0	0	0	0	0	0	0	0	0	15	0	0	0	0	0	0	0	0	0	0	0	0	0	0	0	0	0	0	10
assemblage-297-854	0	0	0	0	0	0	0	0	0	0	0	0	0	0	0	0	0	0	77	132	0	0	0	10	0	0	0	0	0	0	0	0	0	0	0	138	48	0	0	0	0	0	0	0	33	0	40	0	0	0	0	0	0	0	0	0	0	0	0	0	0	0	0	0	0	9	0	0	0	0	0	0	0	0	0	0	0	0	0	0	13
assemblage-492-366	0	0	81	0	0	0	0	0	0	0	0	0	0	0	0	0	0	0	0	89	0	0	0	0	0	9	0	0	0	0	0	0	0	0	0	188	0	0	0	45	0	0	0	0	0	0	60	0	0	0	0	0	0	0	0	0	0	0	0	0	0	0	0	0	0	0	0	0	4	14	0	0	0	0	0	0	0	0	0	0	10
assemblage-962-848	0	0	0	0	0	0	0	0	0	0	0	0	0	0	0	0	0	0	0	32	13	0	0	0	0	0	0	0	0	0	0	0	0	0	341	0	0	22	0	7	0	0	0	0	0	0	57	0	0	0	0	0	0	0	0	0	0	0	0	0	0	0	0	0	0	0	0	21	0	0	0	0	0	0	0	0	0	0	0	0	7
assemblage-806-153	0	0	0	0	0	0	42	0	34	0	0	0	0	0	0	0	0	0	0	78	24	0	0	0	0	0	0	0	0	21	0	0	0	0	76	59	0	12	0	30	0	0	0	0	0	0	109	0	0	0	0	0	0	0	0	0	4	0	0	0	0	0	0	0	0	0	0	0	0	0	0	0	0	0	0	0	0	0	0	0	11
assemblage-282-940	0	0	0	0	20	0	0	0	69	0	0	0	0	0	0	0	0	0	0	0	0	0	22	0	0	0	0	0	0	0	0	0	0	0	198	0	0	0	14	120	0	0	0	0	0	0	19	0	0	0	0	0	0	0	0	0	0	0	0	0	0	0	0	0	0	0	0	0	0	0	0	0	0	0	0	0	0	0	0	16	22
assemblage-847-825	0	0	0	0	0	0	0	0	0	0	0	0	0	0	0	0	0	0	70	136	0	0	0	14	0	0	0	0	0	0	0	0	0	0	0	138	50	0	0	0	0	0	0	0	35	0	33	0	0	0	0	0	0	0	0	0	0	0	0	0	0	0	0	0	0	13	0	0	0	0	0	0	0	0	0	0	0	0	0	0	11
assemblage-582-219	0	0	10	0	0	0	0	0	0	0	0	0	0	0	0	0	0	0	44	30	0	0	0	0	0	0	0	0	0	0	0	0	0	0	0	257	0	0	0	0	0	0	0	0	36	0	105	0	0	0	0	0	0	0	0	0	0	0	0	0	0	0	0	0	0	0	0	0	0	0	0	0	0	0	0	0	0	0	0	0	18
assemblage-163-101	0	0	0	0	0	0	41	0	0	0	0	0	0	0	0	0	0	0	0	78	21	0	8	0	0	0	0	0	0	0	0	0	0	0	121	0	0	43	0	24	0	0	0	0	0	0	136	0	0	0	0	0	15	0	0	0	8	0	0	0	0	0	0	0	0	0	0	0	0	0	0	0	0	0	0	0	0	0	0	0	5
assemblage-856-509	0	0	0	0	0	0	0	0	0	0	0	0	0	0	0	0	0	0	0	0	25	0	14	0	0	0	0	0	0	0	0	0	0	0	456	0	0	0	0	1	0	0	0	0	0	0	0	0	0	0	0	0	0	0	0	0	0	0	0	0	0	0	0	0	0	0	0	0	0	0	0	0	0	0	0	0	0	0	0	0	4
assemblage-877-571	0	0	0	0	10	0	0	0	63	0	0	0	0	0	0	0	0	0	0	0	0	0	24	0	0	0	0	0	0	0	0	0	0	0	195	0	0	0	19	150	0	0	0	0	0	0	5	0	0	0	0	0	0	0	0	0	2	0	0	0	0	0	0	0	0	0	0	0	0	0	0	0	0	0	0	0	0	0	0	11	21
assemblage-856-504	0	0	0	0	0	0	0	0	0	0	0	0	0	0	0	0	0	0	0	0	33	0	14	0	0	0	0	0	0	0	0	0	0	0	447	0	0	0	0	0	0	0	0	0	0	0	0	0	0	0	0	0	0	0	0	0	0	0	0	0	0	0	0	0	0	0	0	0	0	0	0	0	0	0	0	0	0	0	0	0	6
assemblage-776-962	0	0	0	12	0	0	0	0	29	0	0	0	0	0	0	0	0	0	32	60	0	0	0	0	0	0	0	18	0	0	21	0	0	0	0	66	0	0	0	116	0	0	0	0	0	0	134	0	0	0	0	0	0	0	0	0	0	0	0	0	0	0	0	0	0	0	0	0	0	0	0	0	0	0	0	0	0	0	0	0	12
assemblage-859-100	7	0	28	0	0	0	0	0	7	0	0	0	0	0	0	7	0	0	0	196	0	0	0	0	0	0	0	0	0	0	0	0	0	0	0	72	0	0	0	10	0	0	0	0	0	0	124	0	0	0	0	0	0	0	0	0	0	0	0	0	0	0	0	0	0	0	0	0	31	0	0	0	0	0	0	0	0	0	0	0	18
assemblage-118-500	0	0	0	0	0	5	0	0	0	0	0	6	0	0	0	0	0	0	0	49	0	0	33	0	0	0	0	0	0	0	0	0	0	0	214	0	0	0	0	14	0	0	0	0	0	0	163	0	0	0	0	0	0	0	0	0	9	0	0	0	0	0	0	0	0	0	0	0	0	0	0	0	0	0	0	0	0	0	0	0	7
assemblage-964-125	0	0	0	0	0	0	0	0	0	0	0	0	0	0	0	0	0	0	73	105	0	0	0	0	0	0	0	0	0	0	0	0	0	0	0	98	0	0	0	15	0	0	0	0	117	0	56	0	0	0	0	0	0	0	0	0	0	0	0	0	0	0	0	0	0	19	0	0	0	0	0	0	0	0	0	0	0	0	0	0	17
assemblage-870-655	0	0	0	0	0	0	0	0	0	0	0	0	0	0	0	0	0	0	0	29	0	0	0	0	0	0	0	0	0	0	0	0	0	0	207	0	0	83	0	12	0	0	0	0	0	0	156	0	0	0	0	0	0	0	0	0	0	0	0	0	0	0	0	0	0	0	0	0	0	0	0	0	0	0	0	0	0	0	0	0	13
assemblage-777-950	0	0	0	0	0	0	69	0	0	0	0	0	0	0	0	0	0	0	0	107	0	0	0	0	0	0	0	0	0	0	0	0	0	0	139	0	0	21	0	5	22	0	0	0	0	0	114	0	0	0	0	0	0	0	0	0	0	0	0	0	0	0	0	0	0	0	0	0	0	0	0	0	0	0	0	0	0	0	0	0	23
assemblage-99-491	0	0	0	0	0	5	0	0	0	0	0	4	0	0	0	0	0	0	0	38	0	0	34	0	0	0	0	0	0	0	0	0	0	0	239	0	0	0	0	0	0	0	0	0	0	0	154	0	0	0	0	0	0	0	0	0	8	0	0	0	4	0	0	0	0	0	0	0	0	0	0	0	0	0	0	0	0	0	0	0	14
assemblage-664-969	0	29	0	0	0	0	0	0	0	0	0	0	0	0	0	0	13	0	0	22	32	0	0	0	0	0	0	0	0	8	0	0	0	0	137	75	0	15	0	0	0	0	0	0	0	0	87	0	0	0	11	0	0	0	0	0	37	0	0	0	0	0	0	0	0	0	0	0	0	0	0	0	0	0	0	0	0	0	0	22	12
assemblage-131-161	0	0	0	0	0	0	0	0	69	0	0	0	0	0	0	0	0	0	0	113	0	0	0	0	0	0	0	0	0	0	0	0	0	0	6	112	0	0	0	20	0	0	0	0	0	0	148	0	0	0	0	0	0	0	0	0	0	0	0	0	0	15	0	0	0	0	0	0	0	0	0	0	0	0	0	0	0	0	0	0	17
assemblage-937-796	0	0	11	0	0	0	0	0	0	0	0	0	0	0	0	0	0	0	25	58	0	0	0	0	0	0	0	9	0	0	0	0	0	0	0	26	0	0	0	153	0	0	0	0	0	0	206	0	0	0	0	0	0	0	0	0	0	0	0	0	0	0	0	0	0	0	0	0	6	0	0	0	0	0	0	0	0	0	0	0	6
assemblage-894-922	0	0	0	0	0	0	24	0	123	0	0	0	0	0	0	0	0	0	0	125	5	0	0	0	0	0	0	0	0	0	0	0	0	0	66	19	0	0	0	56	0	0	0	0	0	0	69	0	0	0	0	0	0	0	0	0	0	0	0	0	0	0	0	0	0	0	0	0	0	0	0	0	0	0	0	0	0	0	0	0	13
assemblage-201-413	0	25	0	0	0	0	0	0	0	0	0	0	0	0	0	0	9	0	0	34	37	0	0	0	0	0	0	0	0	17	0	0	0	0	134	74	0	10	0	0	0	0	0	0	0	0	87	0	0	0	6	0	0	0	0	0	35	0	0	0	0	0	0	0	0	0	0	0	0	0	0	0	0	0	0	0	0	0	0	21	11
assemblage-711-782	0	0	0	0	0	0	0	0	0	0	32	0	0	0	0	0	0	0	0	40	0	0	0	0	0	0	5	1	0	0	0	0	0	0	15	276	0	6	0	78	0	0	0	0	0	0	27	0	0	0	0	0	0	0	0	0	0	0	0	0	0	0	0	0	0	0	0	0	0	0	0	0	0	0	0	0	0	0	0	0	20
assemblage-766-990	0	0	0	12	0	0	0	0	20	0	0	0	0	0	0	0	0	0	40	60	0	0	0	0	0	0	0	20	0	0	25	0	0	0	0	62	0	0	0	124	0	0	0	0	0	0	128	0	0	0	0	0	0	0	0	0	0	0	0	0	0	0	0	0	0	0	0	0	0	0	0	0	0	0	0	0	0	0	0	0	9
assemblage-201-414	0	0	0	0	0	0	0	0	28	0	0	0	0	0	0	0	0	0	0	41	0	0	9	0	0	0	0	0	0	0	0	0	0	0	193	8	0	18	0	47	0	0	0	0	0	0	139	0	0	0	0	0	0	0	0	0	0	0	0	0	4	0	0	0	0	0	0	0	0	0	0	0	0	0	0	0	0	0	0	9	4
assemblage-494-231	0	0	0	0	0	0	14	0	132	0	0	0	0	0	0	0	0	0	0	105	9	0	0	0	0	0	0	0	0	0	0	0	0	0	59	27	0	0	0	52	0	0	0	0	0	0	93	0	0	0	0	0	0	0	0	0	0	0	0	0	0	0	0	0	0	0	0	0	0	0	0	0	0	0	0	0	0	0	0	0	9
assemblage-948-371	0	0	11	0	0	0	0	0	0	0	0	0	0	0	8	0	0	0	42	78	0	0	0	0	0	0	0	6	0	0	0	0	0	0	0	17	0	0	0	123	0	0	0	0	0	0	209	0	0	0	0	0	0	0	0	0	0	0	0	0	0	0	0	0	0	0	0	0	4	0	0	0	0	0	0	0	0	0	0	0	2
assemblage-515-363	0	0	2	0	0	0	0	0	0	0	0	0	0	0	0	0	0	0	0	119	0	0	0	0	0	0	0	0	0	0	0	0	0	0	0	93	0	0	0	43	0	0	0	0	0	0	205	0	0	0	0	0	0	0	0	0	0	0	0	0	0	0	0	0	0	0	0	0	0	0	0	0	0	0	15	0	0	0	0	0	23
assemblage-699-763	0	0	0	0	0	0	0	0	0	0	34	0	0	0	0	0	0	0	0	43	0	0	0	0	0	0	4	4	0	0	0	0	0	0	14	272	0	7	0	71	0	0	0	0	0	0	32	0	0	0	0	0	0	0	0	0	0	0	0	0	0	0	0	0	0	0	0	0	0	0	0	0	0	0	0	0	0	0	0	0	19
assemblage-658-957	0	0	0	0	0	0	42	0	0	0	0	0	0	0	0	0	0	0	0	72	17	0	9	0	0	0	0	0	0	0	0	0	0	0	110	0	0	40	0	41	0	0	0	0	0	0	136	0	0	0	0	0	11	0	0	0	8	0	0	0	0	0	0	0	0	0	0	0	0	0	0	0	0	0	0	0	0	0	0	0	14
assemblage-390-801	0	0	0	0	0	0	0	0	0	0	0	0	0	0	0	0	0	0	0	38	9	0	6	0	0	0	0	0	0	0	0	0	0	0	354	0	0	18	0	0	0	0	0	0	0	0	48	0	0	0	0	0	0	0	0	0	0	0	0	0	0	0	0	0	0	0	0	13	0	0	0	0	0	0	0	0	0	0	0	0	14
