Assemblage_Name	731267-2-4	3749783-3-1	8230970-2-4	6423098-2-4	3-2-4204994	2-3-7792204	8887134-3-6938719	7324550-3-9550430	3-3-4	7223456-2-1	3-9837191-4761405	6451885-2-4	2-3-6938719	3345191-2-4	3-2-6501075	2-3-5798998	4027533-3-1	7228456-2-6501075	1577405-6770190-0	2-3-4888530	6914244-6770190-0	5384053-2-1	2252645-2-4	2-3-9550430	7223456-7855379-1	3-1-1	2-7997331-1	3-2-2056382	3-1551518-4	4768616-3-1	2-3-3713198	5017079-9837191-2	4658182-3-1	4-2-2524402	4-2-4310486	3-2-4454439	4-2-6034034	3-2-5044732	4-6770190-0	3-3-768656	2-7456370-1	2-3-5802228	3-2-9805625	2-9577814-1	3-3-9633128	4-102889-0	3-9837191-2	7223456-2-1343576	9702822-3-9550430	8674426-2-4	4-2-0	1208493-2-1	2-3-4993864	1009471-2-4	6773518-3-1	2637905-7855379-1	4-6770190-3437720	2-3-1	5198575-9837191-2	2747976-3-1	8965155-2-4	5384053-2-5711963	2-3-8348342	2-5167037-1	3-2-4	3-2-9662476	4305613-2-4310486	2-3-1489320	3726941-3-1	3-6972019-6501075
assemblage-752-988	0	0	0	0	0	0	0	0	0	69	0	0	0	0	0	6	0	0	0	0	0	0	0	0	130	0	0	0	0	0	0	0	0	0	0	0	0	0	55	0	0	0	0	0	0	0	0	0	0	0	5	0	0	0	0	0	22	78	0	0	0	0	0	0	125	0	0	0	0	10
assemblage-868-649	0	0	0	0	0	0	0	0	0	0	0	0	0	0	0	36	0	0	0	0	0	47	0	0	0	0	0	0	0	0	0	0	0	0	0	0	0	0	0	0	0	0	0	0	11	0	203	0	0	0	13	0	0	0	0	0	0	154	0	0	0	0	0	0	32	0	0	0	0	4
assemblage-866-95	0	0	0	0	0	0	0	0	0	96	0	0	0	0	0	0	0	0	0	0	0	0	0	0	124	0	0	0	0	0	0	0	0	0	0	0	0	0	58	0	0	0	0	0	0	0	0	0	0	0	8	0	0	0	0	0	9	78	0	0	0	0	0	0	111	0	0	0	0	16
assemblage-671-963	0	0	0	0	0	0	0	0	0	67	0	0	0	0	0	58	0	0	0	0	0	0	0	15	0	0	0	0	0	0	0	0	0	0	0	0	27	0	0	0	0	0	0	0	0	0	79	0	0	0	90	0	0	0	0	0	0	116	0	0	0	0	0	0	26	0	0	0	0	22
assemblage-885-931	7	0	0	0	0	0	0	0	0	92	51	0	0	0	0	0	0	0	0	0	0	0	0	18	53	0	0	0	0	0	0	0	0	0	0	0	0	0	0	0	0	0	0	0	0	0	16	0	0	0	20	0	0	0	0	0	0	28	0	0	0	0	0	0	201	0	0	0	0	14
assemblage-829-151	0	4	0	0	0	0	0	0	0	52	0	0	0	0	0	5	0	0	0	0	0	0	0	0	26	0	0	0	0	0	0	0	0	0	0	0	0	0	0	0	0	0	0	0	0	0	41	0	0	0	28	0	0	0	0	0	0	29	0	0	0	0	0	0	310	0	0	0	0	5
assemblage-93-772	0	0	0	10	0	0	0	0	0	76	0	0	0	0	0	0	0	0	0	0	8	0	0	3	17	0	0	0	0	0	0	0	0	0	0	0	0	45	18	0	0	0	0	0	0	0	0	0	6	0	0	26	0	0	0	0	0	0	0	0	0	0	0	0	279	0	0	0	0	12
assemblage-953-850	0	0	0	0	0	0	0	0	0	0	0	0	0	0	0	0	0	0	0	0	0	31	0	0	0	0	0	0	0	0	0	25	0	0	0	0	0	0	0	0	0	0	0	0	108	0	149	0	0	0	28	0	0	0	0	0	0	91	0	0	0	0	31	0	31	0	0	0	0	6
assemblage-830-129	0	0	0	0	0	0	0	0	0	38	0	0	0	0	0	21	0	0	0	0	0	0	0	0	0	0	0	0	0	0	0	0	0	0	0	0	0	0	24	0	0	0	8	0	0	0	71	0	0	0	33	0	0	0	0	0	0	120	0	0	0	0	0	0	168	0	0	0	0	17
assemblage-207-398	0	0	0	0	0	0	0	0	0	7	0	0	0	0	0	40	0	0	0	0	0	6	0	0	28	0	0	0	0	0	0	0	0	0	0	0	0	0	37	0	0	0	0	0	0	0	52	0	0	0	9	0	0	0	0	0	0	248	0	9	0	0	0	0	52	0	0	0	0	12
assemblage-956-115	0	0	0	0	0	0	0	0	0	43	0	0	0	0	0	0	0	0	0	0	20	0	0	20	13	0	0	0	0	0	0	0	0	0	0	0	0	19	123	0	0	0	0	0	0	0	0	0	31	0	0	0	0	0	0	0	0	0	0	0	0	0	0	0	217	0	0	0	0	14
assemblage-375-787	0	0	0	0	0	0	0	0	0	0	0	0	10	0	0	0	0	0	0	0	0	76	0	0	0	0	0	0	0	0	0	0	0	0	0	0	0	0	0	0	0	0	0	0	0	0	13	0	0	0	8	0	0	0	0	0	0	244	0	0	0	14	22	0	95	0	0	0	0	18
assemblage-987-763	0	0	0	0	0	0	0	0	0	41	0	0	0	0	0	58	0	0	0	0	0	0	0	0	15	0	0	0	0	0	0	0	0	0	0	0	10	0	6	0	0	0	0	0	0	0	67	0	0	0	48	0	0	0	0	0	0	152	0	0	0	0	0	0	79	0	0	0	0	24
assemblage-300-862	0	0	0	50	0	0	0	0	0	0	0	0	0	0	112	0	0	0	0	0	0	0	0	0	0	0	0	0	0	0	0	0	0	0	0	0	0	31	0	0	0	0	0	0	0	88	0	0	0	0	0	0	0	0	0	0	0	0	0	0	0	0	0	0	195	0	0	0	0	24
assemblage-532-763	0	0	0	0	0	0	0	8	0	0	0	0	0	0	43	0	0	0	0	0	54	0	0	0	0	0	0	0	0	0	0	0	0	0	0	0	0	36	0	0	0	0	0	0	0	13	0	0	0	0	0	0	0	0	0	0	0	0	0	0	0	0	0	0	321	0	0	0	0	25
assemblage-181-462	0	0	0	0	0	0	0	0	0	0	0	0	0	0	0	0	0	0	0	0	0	49	0	0	0	0	0	0	0	0	0	24	0	0	0	0	0	0	0	0	0	0	0	0	123	0	134	0	0	0	27	0	0	0	0	0	0	86	0	0	0	0	29	0	19	0	0	0	0	9
assemblage-943-371	0	0	0	0	0	0	0	0	0	66	2	7	0	0	0	0	0	0	0	0	0	0	0	33	15	0	0	0	5	0	0	0	0	0	0	0	0	0	22	0	0	0	0	0	0	0	0	0	0	0	0	0	0	0	0	0	0	7	0	0	0	0	0	0	332	0	0	0	0	11
assemblage-866-109	0	0	0	0	0	0	0	0	0	176	11	0	0	0	0	7	0	0	9	0	0	0	0	4	66	0	0	0	0	0	0	0	0	0	0	0	0	0	75	0	0	0	0	0	0	0	0	0	0	0	19	0	0	0	0	0	5	0	0	0	0	0	0	0	120	0	0	0	0	8
assemblage-877-569	0	0	0	0	0	0	0	0	0	115	0	0	0	0	0	0	0	0	0	10	0	23	0	0	0	0	0	0	0	0	0	0	0	0	10	0	0	0	0	0	0	0	0	0	6	0	0	0	0	0	150	0	0	0	0	0	0	78	0	0	0	0	0	7	92	0	0	0	0	9
assemblage-877-568	0	0	0	0	0	0	0	0	0	101	0	0	0	0	0	0	0	0	0	6	0	17	0	0	0	0	0	0	0	0	0	0	0	0	25	0	0	0	0	0	0	0	0	0	6	0	0	0	0	0	150	0	0	0	0	0	0	67	0	0	0	0	0	9	107	0	0	0	0	12
assemblage-857-558	0	0	0	0	0	0	0	0	0	37	0	0	0	0	0	10	0	0	0	0	0	41	0	0	0	0	0	0	0	0	0	0	0	0	13	0	0	0	0	0	0	0	0	0	7	0	56	0	0	0	43	0	0	0	0	0	0	218	0	0	0	0	0	0	56	0	0	0	0	19
assemblage-510-208	0	0	0	0	0	0	0	0	0	68	0	0	0	0	0	38	0	0	0	0	0	0	0	0	55	0	0	0	0	0	0	0	0	0	0	0	0	0	0	0	0	0	0	0	0	0	30	7	0	0	54	0	0	0	0	0	0	0	0	0	0	0	0	0	233	0	0	0	0	15
assemblage-617-440	0	0	0	19	0	0	0	0	0	8	0	0	0	0	32	0	0	0	0	0	19	0	6	21	0	0	0	0	0	0	0	0	0	0	0	0	0	18	21	0	0	0	0	0	0	23	0	0	0	0	0	0	0	0	0	0	0	0	0	0	0	0	0	0	316	0	0	0	0	17
assemblage-881-672	0	0	0	0	0	0	0	0	0	56	0	0	0	0	0	0	0	0	0	0	0	98	0	0	0	0	0	0	0	0	0	0	0	0	0	0	0	0	0	0	0	0	0	0	1	0	0	0	0	0	14	0	0	0	0	0	0	264	0	0	0	0	0	0	56	0	0	0	0	11
assemblage-573-213	0	0	0	8	0	0	0	0	0	14	0	14	0	0	4	0	0	0	24	0	0	0	0	0	0	0	0	0	0	0	0	0	0	0	0	0	0	16	22	0	0	0	0	0	0	65	0	0	0	0	0	15	0	0	0	0	0	0	0	0	0	0	0	0	309	0	0	0	0	9
assemblage-637-432	0	0	0	0	0	0	0	0	0	11	0	0	0	0	0	0	0	0	0	0	1	0	0	0	0	0	0	19	0	0	0	0	0	0	0	0	0	0	49	0	0	0	0	0	0	0	0	0	0	0	0	0	0	0	0	0	0	0	0	0	0	0	0	0	401	0	0	0	0	19
assemblage-698-780	0	0	0	0	0	0	0	0	0	28	0	0	0	0	0	70	0	0	0	0	0	0	0	48	0	0	0	0	0	0	0	0	0	0	0	6	0	0	0	0	0	0	0	0	0	0	33	0	0	0	0	0	0	0	0	0	0	15	0	0	0	0	0	0	284	0	0	0	0	16
assemblage-863-648	0	0	0	0	0	0	0	0	0	88	0	0	0	0	0	0	0	0	0	0	0	21	0	0	0	0	0	0	0	0	0	0	0	0	21	0	0	0	0	0	0	0	0	0	11	0	0	0	0	0	156	0	0	0	0	0	0	88	0	0	0	0	0	7	93	0	0	0	0	15
assemblage-871-116	0	0	0	0	0	0	0	0	0	59	13	0	0	0	0	0	0	0	0	0	0	0	0	0	52	0	0	0	0	0	0	0	0	0	0	0	0	0	9	0	0	0	0	0	0	0	0	0	0	0	11	0	0	0	0	0	0	0	0	0	0	0	0	0	344	0	0	0	0	12
assemblage-239-219	0	2	0	0	0	0	0	0	0	34	0	0	0	0	0	4	0	0	0	0	0	0	0	0	28	0	0	0	0	0	0	0	0	0	0	0	0	0	0	0	0	0	0	0	0	0	57	0	0	0	19	0	0	0	0	0	0	23	0	0	0	0	0	0	321	0	0	0	0	12
assemblage-124-179	0	0	0	0	0	0	0	0	0	71	18	0	0	0	0	30	0	0	0	0	0	0	0	19	22	0	0	0	0	0	0	0	0	0	0	0	0	0	15	0	0	0	0	0	0	0	39	0	0	0	16	0	0	0	0	0	8	41	0	0	0	0	0	0	212	0	0	0	0	9
assemblage-961-129	0	0	0	41	0	0	0	0	0	79	7	0	0	0	0	0	0	0	3	0	80	0	0	4	54	0	0	0	0	0	0	0	0	0	0	0	0	57	59	0	0	0	0	0	0	0	0	0	0	0	0	5	0	0	0	0	0	0	0	0	0	0	0	0	99	0	0	0	0	12
assemblage-867-659	0	0	0	0	0	0	0	0	0	0	0	0	0	0	0	0	0	0	0	0	0	0	0	0	0	0	0	0	0	0	0	0	21	0	5	0	0	0	0	0	0	0	0	0	9	0	33	0	0	0	12	0	0	0	0	0	0	348	0	0	0	0	0	0	50	0	0	0	0	22
assemblage-908-762	0	0	0	0	0	0	0	0	0	0	0	0	15	0	0	0	0	0	0	0	0	76	0	0	0	0	0	0	0	0	0	0	0	0	0	0	0	0	0	0	0	0	0	0	13	0	16	0	0	0	3	0	0	0	0	0	0	211	0	0	0	17	28	0	111	0	0	0	0	10
assemblage-781-955	0	0	0	0	0	0	0	0	0	43	0	0	0	0	0	35	0	0	0	0	0	0	0	0	0	0	0	0	0	0	0	0	0	0	0	0	0	0	17	0	0	0	0	0	0	0	64	0	0	0	42	0	0	0	0	0	0	136	0	0	0	0	0	0	151	0	0	0	0	12
assemblage-94-496	0	0	0	0	0	0	0	0	0	0	0	0	0	0	0	28	0	0	0	0	0	42	0	0	0	0	0	0	0	0	0	0	0	0	0	0	0	0	0	0	0	0	0	0	4	0	205	0	0	0	11	0	0	0	0	0	0	161	0	0	0	0	0	0	35	0	0	0	0	14
assemblage-816-142	0	0	0	0	0	0	0	0	0	33	0	0	0	0	0	61	0	0	0	0	0	0	0	44	0	0	0	0	0	0	0	0	0	0	0	0	0	0	22	0	0	0	0	0	0	0	77	0	0	7	21	0	0	0	20	0	0	31	0	0	0	0	0	0	173	0	0	0	0	11
assemblage-818-149	0	0	0	0	0	0	0	0	0	34	0	0	0	0	0	95	0	0	0	0	0	0	0	0	39	0	0	0	0	0	0	0	0	0	0	0	0	0	49	0	0	0	0	0	0	0	22	0	0	0	0	0	0	0	0	0	0	46	0	0	0	0	0	0	209	0	0	0	0	6
assemblage-963-905	0	0	0	0	0	0	0	0	0	0	0	0	0	0	0	0	0	0	0	0	0	0	0	0	0	13	0	0	0	0	0	0	0	0	0	0	0	0	0	0	0	0	0	0	0	0	102	0	0	0	0	0	0	0	0	0	0	118	0	0	0	0	81	0	174	0	0	0	0	12
assemblage-844-834	0	0	0	51	0	0	0	0	0	0	0	0	0	0	110	0	0	0	0	0	0	0	0	0	0	0	0	0	0	0	0	0	0	0	0	0	0	25	0	0	0	0	0	0	0	72	0	0	0	0	0	0	0	0	0	0	0	0	0	0	0	0	0	0	223	0	0	0	0	19
assemblage-603-766	0	0	0	0	0	0	0	0	0	13	78	0	0	0	0	6	0	0	0	0	0	0	0	77	107	0	0	0	0	0	0	0	0	0	0	0	0	0	0	0	0	0	0	0	0	0	0	0	0	0	0	0	0	0	0	0	0	0	0	0	0	0	0	0	200	0	0	0	0	19
assemblage-672-954	0	0	0	0	0	0	0	0	0	6	0	0	0	0	0	28	0	0	0	0	0	0	0	0	10	0	0	0	0	0	0	0	0	0	0	0	0	0	0	0	0	0	0	0	0	0	43	0	0	0	9	0	0	0	0	0	0	158	0	0	0	0	0	0	241	0	0	0	0	5
assemblage-104-483	0	0	0	0	0	0	0	0	0	0	0	0	0	0	0	34	0	0	0	0	0	41	0	0	0	0	0	0	0	0	0	0	0	0	0	0	0	0	0	0	0	0	0	0	0	0	204	0	0	0	16	0	0	0	0	0	0	156	0	0	0	0	0	0	38	0	0	0	0	11
assemblage-289-864	0	0	0	63	0	0	0	0	0	0	0	0	0	0	95	0	0	0	0	0	0	0	0	0	0	0	0	0	0	0	0	0	0	0	0	0	0	23	0	0	0	0	0	0	0	84	0	0	0	0	0	0	0	0	0	0	0	0	0	0	0	0	0	0	219	0	0	0	0	16
assemblage-269-930	0	0	0	0	0	0	0	0	0	80	0	0	0	0	0	0	0	0	0	6	0	21	0	0	0	0	0	0	0	0	0	0	0	0	22	0	0	0	0	0	0	0	0	0	8	0	0	0	0	0	144	0	0	0	0	0	0	93	0	0	0	0	0	11	102	0	0	0	0	13
assemblage-176-112	0	0	0	0	0	0	0	0	0	0	0	0	0	0	0	48	0	0	0	0	0	14	0	0	50	0	0	0	0	0	0	0	0	0	0	0	0	0	31	0	0	0	0	0	0	0	34	0	0	0	11	0	0	0	0	0	0	263	0	0	0	0	0	0	35	0	0	0	0	14
assemblage-440-414	0	0	0	0	0	0	15	0	0	0	0	0	56	0	0	0	0	0	0	0	0	0	0	0	0	0	0	0	0	0	0	0	0	0	0	0	0	0	0	0	20	5	0	0	0	0	74	0	0	0	0	0	0	0	0	0	0	317	0	0	0	0	0	0	0	0	0	0	0	13
assemblage-570-232	0	0	0	7	0	0	0	0	0	89	0	0	0	0	0	0	0	0	0	0	1	0	0	4	8	0	0	0	0	0	0	0	0	0	0	0	0	48	28	0	0	0	0	0	0	0	0	0	11	0	0	16	0	0	0	0	0	0	0	0	0	0	0	0	279	0	0	0	0	9
assemblage-969-101	0	0	0	52	0	0	0	9	0	81	7	0	0	0	0	0	0	0	0	0	59	0	0	9	66	0	0	0	0	0	0	0	0	0	0	0	0	48	54	0	0	0	0	0	0	0	0	0	0	0	0	4	0	0	0	0	0	0	0	0	0	0	0	0	103	0	0	0	0	8
assemblage-632-438	0	0	0	0	0	0	0	0	0	5	0	0	0	0	45	0	0	0	0	0	39	0	0	0	0	0	0	0	0	0	0	0	0	0	0	0	0	33	0	0	0	0	0	0	0	13	0	0	0	0	0	0	0	0	0	0	0	0	0	0	0	0	0	0	359	0	0	0	0	6
assemblage-754-596	0	0	0	0	0	0	0	0	0	104	25	0	0	0	0	0	0	0	5	0	25	0	0	64	98	0	0	0	0	0	0	0	0	0	0	0	0	0	98	0	0	0	0	0	0	0	0	0	0	0	0	0	12	0	0	0	0	0	0	0	0	0	0	0	63	0	0	0	0	6
assemblage-753-307	0	0	0	12	0	0	0	0	0	107	0	0	0	0	0	0	0	0	0	0	6	0	0	8	12	0	0	0	0	0	0	0	0	0	0	0	0	33	18	0	0	0	0	0	0	0	0	0	11	0	0	19	0	0	0	0	0	0	0	0	0	0	0	0	262	0	0	0	0	12
assemblage-108-487	0	0	0	0	0	0	0	0	0	0	0	0	0	0	0	0	0	0	0	0	0	0	0	0	0	0	0	0	0	0	0	0	10	0	7	0	0	0	0	0	0	0	0	11	7	0	21	0	0	0	8	0	0	0	0	0	0	340	0	0	0	0	0	0	70	0	0	0	0	26
assemblage-843-805	0	0	0	0	0	0	0	0	0	1	0	0	0	0	39	0	0	7	0	0	37	0	0	6	0	0	0	0	0	0	0	0	0	0	0	0	0	33	6	0	0	0	0	0	0	12	0	0	0	0	0	0	0	0	0	0	0	0	0	0	0	0	0	0	350	0	0	0	0	9
assemblage-205-456	0	0	0	0	0	0	0	0	0	0	0	0	0	0	0	0	0	0	0	0	0	29	0	0	0	0	0	0	0	0	0	0	0	0	35	0	0	0	0	0	0	0	0	0	0	0	0	0	0	0	277	0	0	0	0	0	0	95	0	0	0	0	4	0	38	0	9	0	0	13
assemblage-719-315	0	0	0	0	0	0	0	0	0	36	0	8	0	0	8	0	0	0	16	0	0	0	0	0	0	0	0	0	0	0	0	0	0	0	0	0	0	18	15	0	0	0	0	0	0	65	0	0	0	0	0	16	0	0	0	0	0	0	0	0	0	0	0	0	296	0	0	0	0	22
assemblage-864-95	0	0	0	0	0	0	0	0	0	76	12	0	0	0	0	0	0	0	0	0	0	0	0	0	53	0	0	0	0	0	0	0	0	0	0	0	0	0	6	0	0	0	0	0	0	0	0	0	0	0	2	0	0	0	0	0	0	0	0	0	0	0	0	0	337	0	0	0	0	14
assemblage-124-770	0	0	0	5	0	0	0	0	0	21	0	5	0	0	7	0	0	0	16	0	0	0	0	0	0	0	0	0	0	0	0	0	0	0	0	0	0	28	15	0	0	0	0	0	0	74	0	0	0	0	0	16	0	0	0	0	0	0	0	0	0	0	0	0	299	0	0	0	0	14
assemblage-180-470	0	0	0	0	0	0	0	0	0	0	0	0	0	0	0	0	0	0	0	0	0	65	0	0	0	0	0	0	0	0	0	0	0	0	0	0	0	0	0	0	0	0	0	0	103	0	22	0	0	0	42	0	0	0	0	0	0	164	0	0	0	0	21	13	46	0	0	0	12	12
assemblage-530-360	0	0	0	0	0	0	0	0	0	98	11	0	0	0	0	0	0	0	9	0	21	0	0	56	125	0	0	0	0	0	0	0	0	0	0	0	0	0	96	0	0	0	0	0	0	0	0	0	0	0	0	6	16	0	0	0	0	0	0	0	0	0	0	0	60	0	0	0	0	2
assemblage-855-123	0	0	0	0	0	0	0	0	0	173	28	0	0	0	0	8	0	0	10	0	0	0	0	0	55	0	0	0	0	0	0	0	0	0	0	0	0	0	59	0	0	0	0	0	0	0	0	0	0	0	25	0	0	0	0	0	17	0	0	0	0	0	0	0	112	0	0	0	0	13
assemblage-924-941	0	0	0	0	0	0	0	0	0	16	70	0	0	7	0	7	0	0	0	0	0	0	0	75	104	0	0	0	0	0	0	0	0	0	0	0	0	0	8	0	0	0	0	0	0	0	0	0	0	0	0	0	0	0	0	0	0	6	0	0	0	0	0	0	189	0	0	0	0	18
assemblage-89-798	0	0	0	12	0	0	0	0	0	103	0	0	0	0	0	0	0	0	0	0	4	0	0	6	10	0	0	0	0	0	0	0	0	0	0	0	0	29	28	0	0	0	0	0	0	0	0	0	15	0	0	21	0	0	0	0	0	0	0	0	0	0	0	0	260	0	0	0	0	12
assemblage-408-809	0	0	0	0	0	0	0	0	0	0	0	0	16	0	0	0	0	0	0	0	0	68	0	0	0	0	0	0	0	0	0	0	0	0	0	0	0	0	0	0	0	0	0	0	7	0	42	0	0	0	6	0	0	0	0	0	0	222	0	0	0	9	14	0	105	0	0	0	0	11
assemblage-860-563	0	0	0	0	0	0	0	0	0	0	0	0	0	0	0	36	0	0	0	0	0	38	0	0	0	0	0	0	0	0	0	0	0	0	0	0	0	0	0	0	0	0	0	0	8	0	242	0	0	0	12	0	0	0	0	0	0	137	0	0	0	0	0	0	20	0	0	0	0	7
assemblage-968-844	0	0	0	0	0	0	0	0	0	0	0	0	0	0	0	0	0	0	0	0	0	43	0	0	0	0	0	0	0	0	0	0	0	0	0	0	0	0	0	0	0	0	0	0	131	0	23	0	0	0	53	0	0	0	0	0	0	163	0	0	0	0	16	16	36	0	0	0	8	11
assemblage-927-390	0	0	0	44	0	0	0	0	0	73	0	27	0	0	0	0	0	0	0	0	0	0	0	89	57	0	0	0	0	0	0	0	0	0	0	0	0	0	114	0	0	0	0	0	0	0	0	0	0	0	0	0	0	0	0	15	0	0	0	0	0	0	0	0	67	0	0	0	0	14
assemblage-419-432	0	0	0	0	0	0	10	0	0	0	0	0	66	0	0	0	0	0	0	0	0	0	0	0	0	0	0	0	0	0	0	0	0	0	0	0	0	0	0	0	13	18	0	0	0	0	90	0	0	0	0	0	0	0	0	0	0	287	0	0	0	0	1	0	0	0	0	0	0	15
assemblage-937-805	0	0	0	0	0	0	0	0	0	53	16	0	0	0	0	0	0	0	33	0	0	0	0	54	17	0	0	0	0	0	0	0	0	0	0	0	0	26	43	0	0	0	0	0	0	0	0	0	0	0	0	0	0	0	0	0	0	0	0	0	0	0	0	0	256	0	0	0	0	2
assemblage-141-138	9	0	0	0	0	0	0	0	0	75	58	0	0	0	0	0	0	0	0	0	0	0	0	14	56	0	0	0	0	0	0	0	0	0	0	0	0	0	0	0	0	0	0	0	0	0	10	0	0	0	23	0	0	0	0	0	0	22	0	0	0	0	0	0	220	0	0	0	0	13
assemblage-777-970	0	0	0	0	0	0	0	0	0	197	23	0	0	0	0	3	0	0	11	0	0	0	0	0	51	0	0	0	0	0	0	0	0	0	0	0	0	0	67	0	0	0	0	0	0	0	0	0	0	0	24	0	0	0	0	0	6	0	0	0	0	0	0	0	112	0	0	0	0	6
assemblage-767-570	0	0	0	0	0	0	0	0	0	77	22	0	0	0	0	0	0	0	5	0	17	0	0	55	148	0	0	0	0	0	0	0	0	0	0	0	0	0	95	0	0	0	0	0	0	0	0	0	0	0	0	0	15	0	0	0	0	0	0	0	0	0	0	0	53	0	0	0	0	13
assemblage-428-423	0	0	0	0	0	0	16	0	0	0	0	0	94	0	0	0	0	0	0	0	0	0	0	0	0	0	4	0	0	0	0	0	0	0	0	0	0	0	0	0	12	4	0	0	0	0	70	0	0	0	0	0	0	0	0	0	0	293	0	0	0	0	0	0	0	0	0	0	0	7
assemblage-604-759	0	0	0	0	0	0	0	0	0	20	80	0	0	4	0	17	0	0	0	0	0	0	0	70	94	0	0	0	0	0	0	0	0	0	0	0	0	0	9	0	0	0	0	0	0	0	0	0	0	0	0	0	0	0	0	0	0	4	0	0	0	0	0	0	190	0	0	0	0	12
assemblage-687-960	0	0	0	0	0	0	0	0	0	4	0	0	0	0	0	43	0	0	0	0	0	0	0	0	9	0	0	0	0	0	0	0	0	0	0	0	0	0	0	0	0	0	0	0	0	0	36	0	0	0	17	0	0	0	0	0	0	170	0	0	0	0	0	0	216	0	0	0	0	5
assemblage-181-106	0	14	0	0	0	0	0	0	0	34	0	0	0	0	0	63	0	0	0	0	0	0	0	0	0	0	0	0	0	0	0	0	0	0	0	0	0	0	0	0	0	0	0	0	0	0	122	0	0	0	64	0	0	0	0	0	0	121	0	0	0	0	0	0	71	0	0	0	0	11
assemblage-698-797	14	0	0	0	0	0	0	0	0	73	48	0	0	0	0	0	0	0	0	0	0	0	0	27	48	0	0	0	0	0	0	0	0	0	0	0	0	0	0	0	0	0	0	0	0	0	15	0	0	0	26	0	0	0	0	0	0	17	0	0	0	0	0	0	212	0	0	0	0	20
assemblage-906-831	0	0	0	0	0	0	0	0	0	44	0	0	0	0	0	52	0	0	0	0	0	0	0	57	0	0	0	0	0	0	0	0	0	0	0	0	0	0	10	0	0	0	0	0	0	0	87	0	0	5	11	0	0	0	22	0	0	39	0	0	0	0	0	0	159	0	0	0	0	14
assemblage-454-431	0	0	0	0	0	0	34	0	0	0	0	0	65	0	0	0	0	0	0	0	0	0	0	0	0	0	0	0	0	0	0	0	0	0	0	0	0	0	0	0	17	5	0	0	0	0	78	0	0	0	0	0	0	0	0	0	0	289	0	0	0	0	0	0	0	0	0	0	0	12
assemblage-262-925	0	0	0	0	0	0	0	0	0	73	0	0	0	0	0	0	0	0	0	0	0	90	0	0	0	0	0	0	0	0	0	0	0	0	0	0	0	0	0	0	0	0	0	0	4	0	0	0	0	0	18	0	0	0	0	0	0	258	0	0	0	0	3	0	51	0	0	0	0	3
assemblage-848-504	0	0	0	0	0	0	0	0	0	0	0	0	0	0	0	0	0	0	0	0	0	174	0	0	0	0	0	0	0	0	0	0	0	0	0	0	0	0	0	0	0	0	0	0	213	0	0	0	0	0	111	0	0	0	0	0	0	0	0	0	0	0	0	0	0	0	0	0	0	2
assemblage-831-161	0	0	0	0	0	0	0	0	0	28	0	0	0	0	0	108	0	0	0	0	0	0	0	0	29	0	0	0	0	0	0	0	0	0	0	0	0	0	46	0	0	0	0	0	0	0	14	0	0	0	0	0	0	0	0	0	0	56	0	0	0	0	0	0	212	0	0	0	0	7
assemblage-899-926	0	0	0	0	0	0	0	0	0	30	0	0	0	0	0	113	0	0	0	0	0	0	0	35	0	0	0	0	0	0	0	0	0	0	0	0	0	0	0	0	0	0	0	0	0	0	23	0	0	0	0	0	0	0	0	0	0	30	0	0	0	0	0	0	248	0	0	0	0	21
assemblage-756-597	0	0	0	0	0	0	0	0	0	44	21	0	0	0	0	0	0	0	39	0	0	0	0	58	12	0	0	0	0	0	0	0	0	0	0	0	0	26	31	0	0	0	0	0	0	0	0	0	0	0	0	0	0	0	0	0	0	0	0	0	0	0	0	0	262	0	0	0	0	7
assemblage-971-933	0	0	0	0	0	0	0	0	0	0	0	0	0	0	0	0	0	0	0	0	0	0	0	0	0	23	0	0	0	0	0	0	0	0	0	0	0	0	0	0	0	0	0	0	0	0	109	0	0	0	0	0	0	0	0	0	0	138	0	0	0	0	78	0	144	0	0	0	0	8
assemblage-902-848	0	0	0	0	0	0	0	0	0	41	0	0	0	0	0	27	0	0	0	0	0	0	0	0	0	0	0	0	0	0	0	0	0	0	0	0	0	0	29	0	0	0	0	0	0	0	78	0	0	0	38	0	0	0	0	0	0	110	0	0	0	0	0	0	160	0	0	0	0	17
assemblage-897-916	8	0	0	0	7	0	0	0	0	84	46	0	0	0	0	0	0	0	0	0	0	0	0	21	57	0	0	0	0	0	0	0	0	0	0	0	0	0	0	0	0	0	0	0	0	0	22	0	0	0	19	0	0	0	0	0	0	23	0	0	0	0	0	0	202	0	0	0	0	11
assemblage-249-243	0	0	0	0	0	0	0	0	0	39	0	0	0	0	0	87	0	0	0	0	0	0	0	0	39	0	0	0	0	0	0	0	0	0	0	0	0	0	59	0	0	0	0	0	0	0	14	0	0	0	0	0	0	0	0	0	0	51	0	0	0	0	0	0	205	0	0	0	0	6
assemblage-572-227	0	0	0	0	0	0	0	0	0	51	0	0	0	0	0	0	0	0	3	0	21	0	0	20	22	0	0	0	0	0	0	0	0	0	0	0	0	20	99	0	0	0	0	0	0	0	0	0	31	0	0	0	0	0	0	0	0	0	0	0	0	0	0	0	216	0	0	0	0	17
assemblage-297-850	0	0	0	0	0	0	0	0	0	27	0	0	0	0	0	0	0	0	0	0	0	0	17	61	0	0	0	0	0	0	0	0	0	0	0	0	0	11	13	0	0	0	0	0	0	0	0	0	16	0	0	0	0	0	0	0	0	0	0	0	0	0	0	0	332	10	0	0	0	13
assemblage-280-849	0	0	0	0	0	0	0	0	0	0	0	0	0	0	50	0	0	5	0	0	33	0	0	0	0	0	0	0	0	0	0	0	0	0	0	0	0	36	0	0	0	0	0	0	0	8	0	0	0	0	0	0	0	0	0	0	0	0	0	0	0	0	0	0	344	0	0	0	0	24
assemblage-373-790	0	0	0	0	0	6	0	0	0	0	0	0	0	0	0	0	0	0	0	0	0	32	0	0	0	0	0	0	0	0	0	0	0	0	35	0	0	0	0	0	0	0	0	0	0	0	0	0	0	0	238	0	0	0	0	0	0	124	0	0	0	0	2	0	43	0	12	0	0	8
assemblage-292-849	0	0	0	0	0	0	0	0	0	16	0	0	0	0	0	0	0	0	0	0	0	0	16	58	0	0	0	0	0	0	0	0	0	0	0	0	0	8	15	0	0	0	0	0	0	0	0	0	10	0	0	0	0	0	0	0	0	0	0	0	0	0	0	0	349	15	0	0	0	13
assemblage-963-933	0	0	0	0	0	0	0	0	0	0	0	0	0	0	0	0	0	0	0	0	0	0	0	0	0	9	0	0	0	0	0	0	0	0	0	0	0	0	0	0	0	0	0	0	0	0	118	0	0	0	0	0	0	0	0	0	0	138	0	0	0	0	77	0	147	0	0	0	0	11
assemblage-130-147	0	0	0	0	6	0	0	0	0	86	50	0	0	0	0	0	0	0	0	0	0	0	0	23	56	0	0	0	0	0	0	0	0	0	0	0	0	0	0	0	0	0	0	0	0	0	11	0	0	0	17	0	0	0	0	0	0	29	0	0	0	0	0	0	209	0	0	0	0	13
assemblage-990-752	0	9	0	0	0	0	0	0	0	58	0	0	0	0	0	67	0	0	0	0	0	0	0	0	0	0	0	0	0	0	0	0	0	0	0	0	0	0	0	0	0	0	0	0	0	0	133	0	0	0	56	0	0	0	0	0	0	103	0	0	0	0	0	0	59	0	0	0	0	15
assemblage-585-782	0	0	0	0	0	0	0	0	0	19	76	0	0	0	0	13	0	0	0	0	0	0	0	99	97	0	0	0	0	0	0	0	0	0	0	0	0	0	6	0	0	0	0	0	0	0	0	0	0	0	0	0	0	0	0	0	0	6	0	0	0	0	0	0	172	0	0	0	0	12
assemblage-505-367	0	0	0	33	0	0	0	0	0	66	0	32	0	0	0	0	0	0	2	0	0	0	0	79	75	0	0	0	0	0	0	0	0	0	0	0	0	0	119	0	0	0	0	0	0	0	0	0	0	0	0	0	0	0	0	23	0	0	0	0	0	0	0	0	68	0	0	0	0	3
assemblage-828-162	0	0	0	0	0	0	0	0	0	43	0	0	0	0	0	82	0	0	0	0	0	0	0	0	60	0	0	0	0	0	0	0	0	0	0	0	0	0	35	0	0	0	0	0	0	0	27	0	0	0	0	0	0	0	0	0	0	47	0	0	0	0	0	0	202	0	0	0	0	4
assemblage-116-774	0	0	0	5	0	0	0	0	0	88	0	0	0	0	0	0	0	0	0	0	4	0	0	6	13	0	0	0	0	0	0	0	0	0	0	0	0	29	16	0	0	0	0	0	0	0	0	0	11	0	0	22	0	0	0	0	0	0	0	0	0	0	0	0	293	0	0	0	0	13
assemblage-612-439	0	0	0	0	0	0	0	0	0	23	0	0	0	0	6	0	0	0	0	0	0	0	0	6	0	0	0	15	0	0	0	0	0	0	0	0	0	0	44	0	0	0	0	0	0	0	0	0	0	0	0	0	0	0	0	0	0	0	0	0	0	0	0	0	386	0	0	0	0	20
assemblage-986-762	0	0	0	0	0	0	0	0	0	19	0	0	0	0	0	30	0	0	0	0	0	0	0	0	7	0	0	0	0	0	0	0	0	0	0	0	0	0	0	0	0	0	0	0	0	0	36	0	0	0	16	0	0	0	0	0	0	133	0	0	0	0	0	0	255	0	0	0	0	4
assemblage-842-827	0	0	3	0	0	0	0	0	0	20	0	0	0	0	0	0	0	0	0	0	0	0	25	65	0	0	0	0	0	0	0	0	0	0	0	0	0	4	20	0	0	0	0	0	0	0	0	0	5	0	0	0	0	0	0	0	0	0	0	0	0	0	0	0	336	13	0	0	0	9
assemblage-727-310	0	0	0	11	0	0	0	0	0	91	0	0	0	0	0	0	0	0	0	0	7	0	0	0	13	0	0	0	0	0	0	0	0	0	0	0	0	39	19	0	0	0	0	0	0	0	0	0	9	0	0	17	0	0	0	0	0	0	0	0	0	0	0	0	277	0	0	0	0	17
assemblage-869-510	0	0	0	0	0	0	0	0	0	0	0	0	0	0	0	0	0	0	0	0	0	186	0	0	0	0	0	0	0	0	0	0	0	0	0	0	0	0	0	0	0	0	0	0	194	0	0	0	0	0	115	0	0	0	0	0	0	0	0	0	0	0	0	0	0	0	0	0	0	5
assemblage-747-973	0	0	0	0	0	0	0	0	0	62	12	0	0	0	0	0	0	0	0	0	0	0	0	3	49	0	0	0	0	0	0	0	0	0	0	0	0	0	7	0	0	0	0	0	0	0	0	0	0	0	7	0	0	0	0	0	0	0	0	0	0	0	0	0	352	0	0	0	0	8
assemblage-958-854	0	0	0	0	0	5	0	0	0	0	0	0	0	0	0	0	0	0	0	0	0	31	0	0	0	0	0	0	0	0	0	0	0	0	48	0	0	0	0	0	0	0	0	0	0	0	0	0	0	0	244	0	0	0	0	0	0	99	0	0	0	0	7	0	52	0	8	0	0	6
assemblage-951-364	0	0	0	0	0	0	0	0	0	73	17	0	0	0	0	0	0	0	0	0	0	0	0	40	13	0	0	0	6	0	0	0	0	0	0	0	0	0	23	0	0	0	0	0	0	0	0	0	0	0	0	0	0	0	0	0	0	3	0	0	0	0	0	0	317	0	0	0	0	8
assemblage-874-113	0	0	0	0	0	0	0	0	0	12	81	0	0	0	0	23	0	0	0	0	0	0	0	50	112	0	0	0	0	0	0	0	0	0	0	0	0	0	5	0	0	0	0	0	0	0	0	0	0	0	0	0	0	0	0	0	0	8	0	0	0	0	0	0	201	0	0	0	0	8
assemblage-493-666	0	0	0	0	0	0	0	0	11	0	0	0	0	0	0	0	0	0	0	0	0	76	0	0	0	0	0	0	0	0	0	0	0	0	8	0	0	0	0	3	0	0	0	0	0	0	0	0	0	0	390	0	0	0	0	0	0	0	0	0	0	0	0	0	0	0	0	0	0	12
assemblage-618-424	0	0	0	0	0	0	0	0	0	26	0	0	0	0	0	0	0	0	0	0	0	0	20	74	0	0	0	0	0	0	0	0	0	0	0	0	0	11	26	0	0	0	0	0	0	0	0	0	2	0	0	0	0	0	0	0	0	0	0	0	0	0	0	0	319	13	0	0	0	9
assemblage-274-943	0	0	0	0	0	0	0	0	0	0	0	0	0	0	0	0	0	0	0	0	0	0	0	0	0	0	0	0	0	0	0	0	24	0	0	0	0	0	0	0	0	0	0	0	12	0	28	0	0	0	8	0	0	0	0	0	0	335	0	0	0	0	0	0	74	0	0	0	0	19
assemblage-532-222	11	0	0	0	9	0	0	0	0	90	39	0	0	0	0	0	0	0	0	0	0	0	0	24	58	0	0	0	0	0	0	0	0	0	0	0	0	0	0	0	0	0	0	0	0	0	19	0	0	0	26	0	0	0	0	0	0	23	0	0	0	0	0	0	184	0	0	0	0	17
assemblage-946-393	0	0	0	0	0	0	0	0	0	60	6	0	0	0	0	0	0	0	0	0	0	0	0	34	19	0	0	0	11	0	0	0	0	0	0	0	0	0	11	0	0	0	0	0	0	0	0	0	0	0	0	0	0	0	0	0	0	0	0	0	0	0	0	0	345	0	0	0	0	14
assemblage-523-779	0	0	0	0	0	0	0	0	0	0	0	0	0	0	37	0	0	9	0	0	23	0	0	0	0	0	0	0	0	0	0	0	0	0	0	0	0	35	0	0	0	0	0	0	0	7	0	0	0	0	0	0	0	0	0	0	0	0	0	0	0	0	0	0	366	0	0	0	0	23
assemblage-931-759	0	0	0	0	0	0	0	0	0	0	0	0	0	0	0	0	0	0	0	0	0	49	0	0	0	0	0	0	0	0	0	24	0	0	0	0	0	0	0	0	0	0	0	0	93	0	160	0	0	0	14	0	0	0	0	0	0	99	0	0	0	0	20	0	31	0	0	0	0	10
assemblage-983-911	0	0	0	0	0	0	0	0	0	0	0	0	0	0	0	0	0	0	0	0	0	0	0	0	0	14	0	0	0	0	0	0	0	0	0	0	0	0	0	0	0	0	0	0	0	0	131	0	0	0	0	0	0	0	0	0	0	109	13	0	0	0	64	0	155	0	0	0	0	14
assemblage-495-669	0	0	0	0	0	0	0	0	14	0	0	0	0	0	0	0	0	0	0	0	0	92	0	0	0	0	0	0	0	0	0	0	0	10	0	0	0	0	0	0	0	0	0	0	0	0	0	0	0	0	374	0	0	0	0	0	0	0	0	0	0	0	0	0	0	0	0	0	0	10
assemblage-491-652	0	0	0	0	0	0	0	0	6	0	0	0	0	0	0	0	0	0	0	0	0	87	0	0	0	0	0	0	0	0	0	0	0	0	0	0	0	0	0	0	0	0	0	0	10	0	0	0	0	0	389	0	0	0	0	0	0	0	0	0	0	0	0	0	0	0	0	0	0	8
assemblage-667-963	0	0	0	0	0	0	0	0	0	11	0	0	0	0	0	22	0	0	0	0	0	0	0	0	15	0	0	0	0	0	0	0	0	0	0	0	0	0	0	0	0	0	0	0	0	0	43	0	0	0	10	0	0	0	0	0	0	144	0	0	0	0	0	0	248	0	0	0	0	7
assemblage-134-140	0	0	0	0	0	0	0	0	0	95	0	0	0	0	0	23	0	0	0	0	0	0	0	0	44	0	0	0	0	0	0	0	0	0	0	0	0	0	0	0	0	0	0	0	0	0	57	0	0	0	42	0	0	0	0	0	0	0	0	0	0	0	0	0	219	0	0	0	0	20
assemblage-283-928	0	0	0	0	0	6	0	0	0	0	0	0	0	0	0	0	0	0	0	0	0	0	0	0	0	0	0	0	0	0	0	0	28	0	0	0	0	0	0	0	0	0	0	1	9	0	24	0	0	0	5	0	0	0	0	0	0	325	0	0	0	0	0	0	89	0	0	0	0	13
assemblage-831-823	0	0	0	0	0	0	0	0	0	0	0	0	0	0	46	0	0	8	0	0	43	0	0	6	0	0	0	0	0	0	0	0	0	0	0	0	0	31	0	0	0	0	0	0	0	8	0	0	0	0	0	0	0	0	0	0	0	0	0	0	0	0	0	0	341	0	0	0	0	17
assemblage-902-948	0	0	0	9	0	0	0	0	0	86	0	0	0	0	0	6	0	0	0	0	0	0	0	0	105	0	0	0	0	0	0	0	0	0	0	0	0	0	58	0	0	0	0	0	0	0	0	0	0	0	14	0	0	0	0	0	15	58	0	0	0	0	0	0	142	0	0	0	0	7
assemblage-538-778	0	0	0	0	0	0	0	0	0	17	0	0	0	0	0	0	0	0	0	0	0	0	0	5	0	0	0	10	0	0	0	0	0	0	0	0	0	10	42	0	0	0	0	0	0	0	0	0	0	0	0	0	0	0	0	0	0	0	0	0	0	0	0	0	402	0	0	0	0	14
assemblage-964-845	0	0	0	0	0	0	0	0	0	0	0	0	0	0	0	0	0	0	0	0	0	39	0	0	0	0	0	0	0	0	0	21	0	0	0	0	0	0	0	0	0	0	0	0	91	0	157	0	0	0	19	0	0	0	0	0	0	111	0	0	0	0	21	0	35	0	0	0	0	6
assemblage-763-598	0	0	0	0	0	0	0	0	0	43	11	0	0	0	0	0	0	0	26	0	0	0	0	49	12	0	0	0	0	0	0	0	0	0	0	0	0	32	24	0	0	0	0	0	0	0	0	0	0	0	0	0	0	0	0	0	0	0	0	0	0	0	0	0	291	0	0	0	0	12
assemblage-601-779	0	0	0	0	0	0	0	0	0	62	10	0	0	0	0	0	0	0	0	0	0	0	0	8	34	0	0	0	0	0	0	0	0	0	0	0	0	0	8	0	0	0	0	0	0	0	0	0	0	0	3	0	0	0	0	0	0	0	0	0	5	0	0	0	364	0	0	0	0	6
assemblage-254-259	0	0	0	0	0	0	0	0	0	37	0	0	0	0	0	68	0	0	0	0	0	0	0	32	6	0	0	0	0	0	0	0	0	0	0	0	0	0	24	0	0	0	0	0	0	0	79	0	0	0	16	0	0	0	15	0	0	22	0	0	0	0	0	0	191	0	0	0	0	10
assemblage-901-846	0	0	0	0	0	0	0	0	0	42	0	0	0	0	0	61	0	0	0	0	0	0	0	51	3	0	0	0	0	0	0	0	0	0	0	0	5	0	18	0	0	0	0	0	0	0	95	0	0	8	10	0	0	0	18	0	0	28	0	0	0	0	0	0	158	0	0	0	0	3
assemblage-494-668	0	0	0	0	0	0	0	0	15	0	0	0	0	0	0	0	0	0	0	0	0	63	0	0	0	0	0	0	0	0	0	0	0	9	0	0	0	0	0	5	0	0	0	0	0	0	0	0	0	0	402	0	0	0	0	0	0	0	0	0	0	0	0	0	0	0	0	0	0	6
assemblage-595-777	0	0	0	0	0	0	0	0	0	87	0	0	0	0	0	3	0	0	0	0	0	0	0	0	112	0	0	0	0	0	0	0	0	0	0	0	0	0	65	0	0	0	0	0	0	0	0	0	0	0	6	0	0	0	0	0	25	68	0	0	0	0	0	0	118	0	0	0	0	16
assemblage-436-415	0	0	0	0	0	0	7	0	0	0	0	0	46	0	0	0	0	0	0	0	0	0	0	0	0	0	0	0	0	0	0	0	0	0	0	0	0	0	0	0	29	12	0	0	0	0	82	0	0	0	0	0	0	0	0	0	0	306	0	0	0	0	0	0	0	0	0	0	0	18
assemblage-945-378	0	0	0	11	0	0	0	0	0	74	22	7	0	0	0	0	0	0	14	0	0	0	0	57	55	0	0	0	0	0	0	0	0	0	0	0	0	9	66	0	0	0	0	0	0	0	0	0	0	0	0	0	0	0	0	6	0	0	0	0	0	0	0	0	157	0	0	0	0	22
assemblage-771-953	0	5	0	0	0	0	0	0	0	46	0	0	0	0	0	0	0	0	0	0	0	0	0	0	17	0	0	0	0	0	0	0	0	0	0	0	0	0	0	0	0	0	0	0	0	0	49	0	0	0	23	0	0	0	0	0	0	24	0	0	0	0	0	0	328	0	0	0	0	8
assemblage-760-951	0	16	0	0	0	0	0	0	0	46	0	0	0	0	0	9	0	0	0	0	0	0	0	0	17	0	0	0	0	0	0	0	0	0	0	0	0	0	4	0	0	0	0	0	0	0	64	0	0	0	27	0	0	0	0	0	0	25	0	0	0	0	0	0	287	0	0	0	0	5
assemblage-428-409	0	0	0	0	0	0	23	0	0	0	0	0	64	0	0	0	0	0	0	0	0	0	0	0	0	0	0	0	0	0	0	0	0	0	0	0	0	0	0	0	24	8	0	0	0	0	89	0	0	0	0	0	0	0	0	0	0	278	0	0	0	0	7	0	0	0	0	0	0	7
assemblage-955-925	0	0	0	0	0	0	0	0	0	0	0	0	0	0	0	0	0	0	0	0	0	0	0	0	0	25	0	0	0	0	0	0	0	0	0	0	0	0	0	0	0	0	0	0	0	0	117	0	0	0	0	0	0	0	0	0	0	106	0	0	0	0	83	0	157	0	0	0	0	12
assemblage-496-654	0	0	0	0	0	0	0	0	22	0	0	0	0	0	0	0	0	0	0	0	0	91	0	0	0	0	0	0	0	0	0	0	0	5	5	0	0	0	0	5	0	0	0	0	0	0	0	0	0	0	366	0	0	0	0	0	0	0	0	0	0	0	0	0	0	0	0	0	0	6
assemblage-978-756	0	0	0	0	0	0	0	0	0	55	0	0	0	0	0	74	0	0	0	0	0	0	0	0	0	0	0	0	0	0	0	0	0	0	0	0	0	0	0	0	0	0	0	0	0	0	113	0	0	0	58	0	0	0	0	0	0	125	0	0	0	0	0	0	62	0	0	0	0	13
assemblage-863-503	0	0	0	0	0	0	0	0	0	0	0	0	0	0	0	0	0	0	0	0	0	183	0	0	0	0	0	0	0	0	0	0	0	0	0	0	0	0	0	0	0	0	0	0	170	0	0	0	0	0	144	0	0	0	0	0	0	0	0	0	0	0	0	0	0	0	0	0	0	3
assemblage-843-802	0	0	0	0	0	0	0	0	0	11	0	0	0	0	35	0	0	6	0	0	30	0	0	0	0	0	0	0	0	0	0	0	0	0	0	0	0	35	0	0	0	0	0	0	0	11	0	0	0	0	0	0	0	0	0	0	0	0	0	0	0	0	0	0	362	0	0	0	0	10
assemblage-703-781	0	0	0	0	0	0	0	0	0	80	0	0	0	0	0	15	0	0	0	0	0	0	0	0	45	0	0	0	0	0	0	0	0	0	0	0	0	0	0	0	0	0	0	0	0	0	40	8	0	0	40	0	0	0	0	0	0	12	0	0	0	0	0	0	254	0	0	0	0	6
assemblage-243-235	0	0	0	0	0	0	0	0	0	37	0	0	0	0	0	87	0	0	0	0	0	0	0	0	42	0	0	0	0	0	0	0	0	0	0	0	0	0	55	0	0	0	0	0	0	0	17	0	0	0	0	0	0	0	0	0	0	57	0	0	0	0	0	0	201	0	0	0	0	4
assemblage-824-163	0	7	0	0	0	0	0	0	0	49	0	0	0	0	0	10	0	0	0	0	0	0	0	0	20	0	0	0	0	0	0	0	0	0	0	0	0	0	0	0	0	0	0	0	0	0	58	0	0	0	29	0	0	0	0	0	0	27	0	0	0	0	0	0	293	0	0	0	0	7
assemblage-751-589	0	0	0	0	0	0	0	0	0	70	8	0	0	0	0	0	0	0	0	0	0	0	0	26	22	0	0	0	9	0	0	0	0	0	0	0	0	0	14	0	0	0	0	0	0	0	0	0	0	0	0	0	0	0	0	0	0	0	0	0	0	0	0	0	343	0	0	0	0	8
assemblage-503-216	0	0	0	0	0	0	0	0	0	75	0	0	0	0	0	18	0	0	0	0	0	0	0	0	39	0	0	0	0	0	0	0	0	0	0	0	0	0	0	0	0	0	0	0	0	0	47	0	0	0	52	0	0	0	0	0	0	0	0	0	0	0	0	0	255	0	0	0	0	14
assemblage-444-418	0	0	0	0	0	0	9	0	0	0	0	0	85	0	0	0	0	0	0	0	0	0	0	0	0	0	0	0	0	0	0	0	0	0	0	0	0	0	0	0	13	6	0	0	0	0	60	0	0	0	0	0	0	0	0	0	0	318	0	0	0	0	0	0	0	0	0	0	0	9
assemblage-902-784	0	0	0	0	0	0	0	0	0	0	0	0	0	0	0	0	0	0	0	0	0	72	0	0	0	0	0	0	0	0	0	0	0	0	0	0	0	0	0	0	0	0	0	0	111	0	20	0	0	0	51	0	0	0	0	0	0	166	0	0	0	0	25	13	33	0	0	0	4	5
assemblage-564-224	0	0	0	0	0	0	0	0	0	39	0	10	0	0	0	0	0	0	0	0	22	0	0	24	14	0	0	0	0	0	0	0	0	0	0	0	0	15	108	0	0	0	0	0	0	0	0	0	36	0	0	0	0	0	0	0	0	0	0	0	0	0	0	0	220	0	0	0	0	12
assemblage-920-795	0	0	0	0	0	0	0	0	0	36	21	0	0	0	0	0	0	0	45	0	0	0	0	56	8	0	0	0	0	0	0	0	0	0	0	0	0	28	31	0	0	0	0	0	0	0	0	0	0	0	0	0	0	0	0	0	0	0	0	0	0	0	0	0	267	0	0	0	0	8
assemblage-951-379	0	0	0	0	0	0	0	0	0	71	9	0	0	0	0	0	0	0	0	0	0	0	0	40	22	0	0	0	9	0	0	0	0	0	0	0	0	0	16	0	0	0	0	0	0	0	0	0	0	0	0	0	0	0	0	0	0	6	0	0	0	0	0	0	321	0	0	0	0	6
assemblage-775-939	0	0	0	0	0	0	0	0	0	52	0	0	0	0	0	71	0	0	0	0	0	0	0	0	46	0	0	0	0	0	0	0	0	0	0	0	0	0	52	0	0	0	0	0	0	0	28	0	0	0	0	0	0	0	0	0	0	52	0	0	0	0	0	0	191	0	0	0	0	8
assemblage-975-756	0	0	0	0	0	0	0	0	0	70	0	0	0	0	0	86	0	0	0	0	0	0	0	16	0	0	0	0	0	0	0	0	0	0	0	0	41	0	0	0	0	0	0	0	0	0	80	0	0	0	71	0	0	0	0	0	0	84	0	0	0	0	0	0	35	0	0	0	0	17
assemblage-901-928	0	0	0	0	0	0	0	0	0	82	0	0	0	0	0	29	0	0	0	0	0	0	0	0	42	0	0	0	0	0	0	0	0	0	0	0	0	0	0	0	0	0	0	0	0	0	50	4	0	0	47	0	0	0	0	0	0	0	0	0	0	0	0	0	234	0	0	0	0	12
assemblage-692-760	0	0	0	0	0	0	0	0	0	72	0	0	0	0	0	0	0	0	0	0	0	0	0	0	42	0	0	0	0	0	0	0	0	0	0	0	0	0	60	0	0	0	0	0	0	0	71	0	0	0	0	0	0	0	0	0	27	97	0	0	0	0	0	0	115	0	0	0	0	16
assemblage-505-653	0	0	0	0	0	0	0	0	0	0	0	0	17	0	0	0	0	0	0	0	0	71	0	0	0	0	0	0	0	0	0	0	0	0	0	0	0	0	0	0	0	0	0	0	50	0	56	0	0	0	121	0	0	0	0	0	0	104	0	0	0	0	23	0	31	0	0	0	0	27
assemblage-255-237	0	0	0	0	0	0	0	0	0	29	0	0	0	0	0	72	0	0	0	0	0	0	0	0	39	0	0	0	0	0	0	0	0	0	0	0	0	0	60	0	0	0	0	0	0	0	26	0	0	0	0	0	0	0	0	0	0	66	0	0	0	0	0	0	195	0	0	0	0	13
assemblage-564-226	0	0	0	0	0	0	0	0	0	60	0	0	0	0	0	0	0	0	3	0	26	0	0	18	20	0	0	0	0	0	0	0	0	0	0	0	0	16	107	0	0	0	0	0	0	0	0	0	29	0	0	0	0	0	0	0	0	0	0	0	0	0	0	0	213	0	0	0	0	8
assemblage-941-790	0	0	0	0	0	0	0	0	0	62	3	0	0	0	0	0	0	0	0	0	0	0	0	33	25	0	0	0	14	0	0	0	0	0	0	0	0	0	8	0	0	0	0	0	0	0	0	0	0	0	0	0	0	0	0	0	0	0	0	0	0	0	0	0	340	0	0	0	0	15
assemblage-206-394	0	10	0	0	0	0	0	0	0	63	0	0	0	0	0	47	0	0	0	0	0	0	0	0	0	0	0	0	0	0	0	0	0	0	0	0	0	0	0	0	0	0	0	0	0	0	93	0	0	0	64	0	0	0	0	0	0	144	0	0	0	0	0	0	70	0	0	0	0	9
assemblage-947-379	0	0	0	0	0	0	0	0	0	41	23	0	0	0	0	0	0	0	43	0	0	0	0	54	8	0	0	0	0	0	0	0	0	0	0	0	0	32	24	0	0	0	0	0	0	0	0	0	0	0	0	0	0	0	0	0	0	0	0	0	0	0	0	0	266	0	0	0	0	9
assemblage-156-102	0	0	0	0	0	0	0	0	0	71	0	0	0	0	0	83	0	0	0	0	0	0	0	19	0	0	0	0	0	0	0	0	0	0	0	0	23	0	0	0	0	0	0	0	0	0	71	0	0	0	72	0	0	0	5	0	0	118	0	0	0	0	0	0	22	0	0	5	0	11
assemblage-885-841	0	12	0	0	0	0	0	0	0	65	0	0	0	0	0	14	0	0	0	0	0	0	0	0	21	0	0	0	0	0	0	0	0	0	0	0	0	0	0	0	0	0	0	0	0	0	49	0	0	0	18	0	0	0	0	0	0	31	0	0	0	0	0	0	286	0	0	0	0	4
assemblage-505-214	0	0	0	0	0	0	0	0	0	36	0	0	0	0	0	86	0	0	0	0	0	0	0	34	0	0	0	0	0	0	0	0	0	0	0	0	0	0	0	0	0	0	0	0	0	0	22	0	0	0	0	0	0	5	0	0	0	32	0	0	0	0	0	0	271	0	0	0	0	14
assemblage-858-122	0	0	0	0	0	0	0	0	0	70	16	0	0	0	0	0	0	0	0	0	0	0	0	6	55	0	0	0	0	0	0	0	0	0	0	0	0	0	7	0	0	0	0	0	0	0	0	0	0	0	11	0	0	0	0	0	0	0	0	0	0	0	0	0	329	0	0	0	0	6
assemblage-787-946	0	0	0	0	0	0	0	0	0	26	0	0	0	0	0	49	0	0	0	0	0	0	0	47	0	0	0	0	0	0	0	0	0	0	0	0	0	0	27	0	0	0	0	0	0	0	81	0	0	10	18	0	0	0	20	0	0	29	0	0	0	0	0	0	177	0	0	0	0	16
assemblage-171-84	0	0	0	0	0	0	0	0	0	5	0	0	0	0	0	53	0	0	0	0	0	10	0	0	27	0	0	0	0	0	0	0	0	0	0	0	0	0	42	0	0	0	0	0	0	0	38	0	0	0	9	0	0	0	0	0	0	260	0	0	0	0	0	0	43	0	0	0	0	13
assemblage-908-840	0	0	0	0	0	0	0	0	0	51	0	0	0	0	0	39	0	0	0	0	0	0	0	0	0	0	0	0	0	0	0	0	0	0	0	0	0	0	29	0	0	0	0	0	0	0	66	0	0	0	26	0	0	0	0	0	0	111	0	0	0	0	0	0	158	0	0	0	0	20
assemblage-965-927	0	0	0	0	0	0	0	0	0	0	0	0	0	0	0	0	0	0	0	0	0	0	0	0	0	17	0	0	0	0	0	0	0	0	0	0	0	0	0	0	0	0	0	0	0	0	125	0	0	0	0	0	0	0	0	0	0	124	0	0	0	0	86	0	143	0	0	0	0	5
assemblage-876-927	0	0	0	0	0	0	0	0	0	77	0	0	0	0	0	0	0	0	0	0	0	0	0	0	36	0	0	0	0	0	0	0	0	0	0	0	0	0	62	0	0	0	0	0	0	0	72	0	0	0	13	0	0	0	0	0	41	84	0	0	0	0	0	0	103	0	0	0	0	12
assemblage-199-476	0	0	0	0	0	0	0	0	0	0	0	0	13	0	0	0	0	0	0	0	0	65	0	0	0	0	0	0	0	0	0	0	0	0	0	0	0	0	0	0	0	0	0	0	5	0	26	0	0	0	10	0	0	0	0	0	0	245	0	0	0	15	17	0	86	0	0	0	0	18
assemblage-504-227	0	0	0	0	0	0	0	0	0	88	42	0	0	0	0	0	0	0	0	0	0	0	0	22	72	0	0	0	0	0	0	0	0	0	0	0	0	0	0	0	0	0	0	0	0	0	15	0	0	0	22	0	0	0	0	0	0	21	0	0	0	0	0	0	197	0	0	0	0	21
assemblage-595-776	0	0	0	5	0	0	0	0	0	68	0	0	0	0	0	0	0	0	0	0	0	0	0	0	113	0	0	0	0	0	0	0	0	0	0	0	0	0	65	0	0	0	0	0	0	0	0	0	0	0	0	0	0	0	0	0	18	71	0	0	0	0	0	0	146	0	0	0	0	14
assemblage-939-116	0	0	0	0	0	0	0	0	0	34	0	8	0	0	6	0	0	0	24	0	0	0	0	0	6	0	0	0	0	0	0	0	0	0	0	0	0	26	17	0	0	0	0	0	0	75	0	0	0	0	0	23	0	0	0	0	0	0	0	0	0	0	0	0	270	0	0	0	0	11
assemblage-752-302	0	0	0	5	0	0	0	0	0	30	0	10	0	0	2	0	0	0	21	0	0	0	0	0	0	0	0	0	0	0	0	0	0	0	0	0	0	11	25	0	0	0	0	0	0	59	0	0	0	0	0	26	0	0	0	0	0	0	0	0	0	0	0	0	296	0	0	0	0	15
assemblage-195-455	0	0	0	0	0	9	0	0	0	0	0	0	0	0	0	0	0	0	0	0	0	38	0	0	0	0	0	0	0	0	0	0	0	0	36	0	0	0	0	0	0	0	0	0	0	0	0	0	0	0	258	0	0	0	0	0	0	91	0	0	0	0	2	0	47	0	7	0	0	12
assemblage-718-296	0	0	0	39	0	0	0	8	0	61	3	0	0	0	0	0	0	0	8	0	76	0	0	0	52	0	0	0	0	0	0	0	0	0	0	0	0	64	56	0	0	0	0	0	0	0	0	0	0	0	0	0	0	0	0	0	0	0	0	0	0	0	0	0	117	0	0	0	0	16
assemblage-607-434	0	0	8	0	0	0	0	0	0	20	0	0	0	0	0	0	0	0	0	0	0	0	15	60	0	0	0	0	0	0	0	0	0	0	0	0	0	6	25	0	0	0	0	0	0	0	0	0	6	0	0	0	0	0	0	0	0	0	0	0	0	0	0	0	331	16	0	0	0	13
assemblage-859-809	0	0	0	0	0	0	0	0	0	21	0	0	0	0	8	0	0	0	0	0	0	0	0	7	0	0	0	13	0	0	0	0	0	0	0	0	0	0	35	0	0	0	0	0	0	0	0	0	0	0	0	0	0	0	0	0	0	0	0	0	0	0	0	0	397	0	0	0	0	19
assemblage-399-803	0	0	0	0	0	0	0	0	0	0	0	0	10	0	0	0	0	0	0	0	0	61	0	0	0	0	0	0	0	9	0	0	0	0	0	0	0	0	0	0	0	0	0	0	7	0	25	0	0	0	6	0	0	0	0	0	0	232	0	0	0	11	35	0	94	0	0	0	0	10
assemblage-397-779	0	0	0	0	0	0	0	0	0	7	0	0	0	0	0	0	0	0	0	0	0	70	0	0	0	0	0	0	0	0	0	0	0	0	0	0	0	0	0	0	0	0	0	0	91	0	16	0	0	0	43	0	0	0	0	0	0	204	0	0	0	0	16	9	33	0	0	0	0	11
assemblage-923-779	0	0	0	0	0	0	0	0	0	0	0	0	0	0	0	0	0	0	0	0	0	90	0	0	0	0	0	0	0	0	0	0	0	0	0	0	0	0	0	0	0	0	0	0	104	0	14	0	0	0	50	0	0	0	0	0	0	161	0	0	0	0	10	15	39	0	0	0	7	10
assemblage-859-499	0	0	0	0	0	0	0	0	0	0	0	0	0	0	0	0	0	0	0	0	0	165	0	0	0	0	0	0	0	0	0	0	0	0	0	0	0	0	0	0	0	0	0	0	187	0	0	0	0	0	144	0	0	0	0	0	0	0	0	0	0	0	0	0	0	0	0	0	0	4
assemblage-731-315	0	0	0	0	0	0	0	0	0	27	0	13	0	0	6	0	0	0	17	0	0	0	0	0	10	0	0	0	0	0	0	0	0	0	0	0	0	9	35	0	0	0	0	0	0	63	0	0	0	0	0	18	0	0	0	0	0	0	0	0	0	0	0	0	289	0	0	0	0	13
assemblage-935-118	0	0	0	35	0	0	0	11	0	92	7	0	0	0	0	0	0	0	0	0	67	0	0	0	64	0	0	0	0	0	0	0	0	0	0	0	0	50	56	0	0	0	0	0	0	0	0	0	0	0	0	0	0	0	0	0	0	0	0	0	0	0	0	0	103	0	0	0	0	15
assemblage-567-217	0	0	0	10	0	0	0	0	0	97	0	0	0	0	0	0	0	0	0	0	6	0	0	16	6	0	0	0	0	0	0	0	0	0	0	0	0	42	29	0	0	0	0	0	0	0	0	0	15	0	0	19	0	0	0	0	0	0	0	0	0	0	0	0	252	0	0	0	0	8
assemblage-918-961	0	0	0	0	0	0	0	0	0	171	16	0	0	0	0	8	0	0	4	0	0	0	0	0	74	0	0	0	0	0	0	0	0	0	0	0	0	0	67	0	0	0	0	0	0	0	0	0	0	0	20	0	0	0	0	0	12	7	0	0	0	0	0	0	113	0	0	0	0	8
assemblage-929-942	0	0	0	0	0	0	0	0	0	69	0	0	0	0	0	0	0	0	0	0	0	0	0	0	125	0	0	0	0	0	0	0	0	0	0	0	0	0	71	0	0	0	0	0	0	0	0	0	0	0	6	0	0	0	0	0	8	60	0	0	0	0	0	0	144	0	0	0	0	17
assemblage-287-849	0	0	0	59	0	0	0	0	0	0	0	0	0	0	96	0	0	0	0	0	0	0	0	0	0	0	0	0	0	0	0	0	0	0	0	0	0	25	0	0	0	0	0	0	0	90	0	0	0	0	0	0	0	0	0	0	0	0	0	0	0	0	0	0	210	0	0	0	0	20
assemblage-271-845	0	0	0	0	0	0	0	0	0	12	0	0	0	0	0	0	0	0	0	0	0	0	0	8	0	0	0	6	0	0	0	0	0	0	0	0	0	4	36	0	0	0	0	0	0	0	0	0	5	0	0	0	0	0	0	0	0	0	0	0	0	0	0	0	409	0	0	0	0	20
assemblage-131-138	0	0	0	0	0	0	0	0	0	85	62	0	0	0	0	4	0	0	0	0	0	0	0	15	60	0	0	0	0	0	0	0	0	0	0	0	0	0	0	0	0	0	0	0	0	0	14	0	0	0	27	0	0	0	0	0	0	26	0	0	0	0	0	0	194	0	0	0	0	13
assemblage-954-840	0	0	0	0	0	0	0	0	0	0	0	0	8	0	0	0	0	0	0	0	0	51	0	0	0	0	0	0	0	0	0	0	0	0	0	0	0	0	0	0	0	0	0	0	9	0	28	0	0	0	7	0	0	0	0	0	0	231	0	0	0	15	35	0	103	0	0	0	0	13
assemblage-572-224	0	0	0	56	0	0	0	6	0	57	14	0	0	0	0	0	0	0	0	0	76	0	0	0	67	0	0	0	0	0	0	0	0	0	0	0	0	52	66	0	0	0	0	0	0	0	0	0	0	0	0	0	0	0	0	0	0	0	0	0	0	0	0	0	90	0	0	0	0	16
assemblage-855-815	0	0	0	74	0	0	0	0	0	0	0	0	0	0	83	0	0	0	0	0	0	0	0	0	0	0	0	0	0	0	0	0	0	0	0	0	0	34	0	0	0	0	0	0	0	93	0	0	0	0	0	0	0	0	0	0	0	0	0	0	0	0	0	0	204	0	0	0	0	12
assemblage-905-827	0	0	0	0	0	0	0	0	0	45	0	0	0	0	0	39	0	0	0	0	0	0	0	0	0	0	0	0	0	0	0	0	0	0	0	0	0	0	13	0	0	0	0	0	0	0	79	0	0	0	36	0	0	0	0	0	0	120	0	0	0	0	0	0	160	0	0	0	0	8
assemblage-486-677	0	0	0	0	0	0	0	0	19	0	0	0	0	0	0	0	0	0	0	0	0	74	0	0	0	0	0	0	0	0	0	0	0	12	14	0	0	0	0	0	0	0	0	0	0	0	0	0	0	0	370	0	0	0	0	0	0	0	0	0	0	0	0	0	0	0	0	0	0	11
assemblage-926-782	0	0	0	0	0	0	0	0	0	0	0	0	0	0	0	0	0	0	0	0	0	47	0	0	0	0	0	0	0	0	0	19	0	0	6	0	0	0	0	0	0	0	0	0	108	0	139	0	0	0	25	0	0	0	0	0	0	92	0	0	0	0	19	0	41	0	0	0	0	4
assemblage-912-785	0	0	0	0	0	0	0	0	0	0	0	0	0	0	0	0	0	0	0	0	0	76	0	0	0	0	0	0	0	0	0	0	0	0	0	0	0	0	0	0	0	0	0	0	111	0	20	0	0	0	60	0	0	0	0	0	0	147	0	0	0	0	12	9	51	0	0	0	8	6
assemblage-920-952	0	0	0	0	0	0	0	0	0	22	88	0	0	0	0	14	0	0	0	0	0	0	0	85	78	0	0	0	0	0	0	0	0	0	0	0	0	0	0	0	0	0	0	0	0	0	0	0	0	0	0	0	0	0	0	0	0	8	0	0	0	0	0	0	188	0	0	0	0	17
assemblage-262-234	0	5	0	0	0	0	0	0	0	44	0	0	0	0	0	13	0	0	0	0	0	0	0	0	28	0	0	0	0	0	0	0	0	0	0	0	0	0	0	0	0	0	0	0	0	0	42	0	0	0	27	0	0	0	0	0	0	27	0	0	0	0	0	0	307	0	0	0	0	7
assemblage-779-935	0	0	0	0	0	0	0	0	0	34	0	0	0	0	0	62	0	0	0	0	0	0	0	36	0	0	0	0	0	0	0	0	0	0	0	0	0	0	17	0	0	0	0	0	0	0	91	0	0	12	10	0	0	0	22	0	0	35	0	0	0	0	0	0	170	0	0	0	0	11
assemblage-661-958	0	0	0	0	0	0	0	0	0	8	0	0	0	0	0	40	0	0	0	0	0	0	0	0	6	0	0	0	0	0	0	0	0	0	0	0	0	0	0	0	0	0	0	0	0	0	48	0	0	0	9	0	0	0	0	0	0	141	0	0	0	0	0	0	244	0	0	0	0	4
assemblage-905-835	0	0	0	0	0	0	0	0	0	28	0	0	0	0	0	58	0	0	0	0	0	0	0	49	0	0	0	0	0	0	0	0	0	0	0	0	9	0	13	0	0	0	0	0	0	0	77	0	0	6	15	0	0	0	24	0	0	37	0	0	0	0	0	0	174	0	0	0	0	10
assemblage-243-239	0	0	0	0	0	0	0	0	0	56	0	0	0	0	0	31	0	0	0	0	0	0	0	0	0	0	0	0	0	0	0	0	0	0	0	0	0	0	14	0	0	0	0	0	0	0	67	0	0	0	32	0	0	0	0	0	0	110	0	0	0	0	0	0	183	0	0	0	0	7
assemblage-628-437	0	0	0	72	0	0	0	0	0	0	0	0	0	0	104	0	0	0	0	0	5	0	0	0	0	0	0	0	0	0	0	0	0	0	0	0	0	33	0	0	0	0	0	0	0	87	0	0	0	0	0	0	0	0	0	0	0	0	0	0	0	0	0	0	178	0	0	0	0	21
assemblage-615-421	0	0	0	53	0	0	0	0	0	0	0	0	0	0	110	0	0	0	0	0	0	0	0	0	0	0	0	0	0	0	0	0	0	0	0	0	0	50	0	0	0	0	0	0	0	92	0	0	0	0	0	0	0	0	0	0	0	0	0	0	0	0	0	0	177	0	0	0	0	18
assemblage-844-496	0	0	0	0	0	0	0	0	0	0	0	0	0	0	0	0	0	0	0	0	0	198	0	0	0	0	0	0	0	0	0	0	0	0	0	0	0	0	0	0	0	0	0	0	179	0	0	0	0	0	120	0	0	0	0	0	0	0	0	0	0	0	0	0	0	0	0	0	0	3
assemblage-661-956	0	0	0	0	0	0	0	0	0	0	0	0	0	0	0	42	0	0	0	0	0	9	0	0	35	0	0	0	0	0	0	0	0	0	0	0	0	0	40	0	0	0	0	0	0	0	50	0	0	0	7	0	0	0	0	0	0	252	0	0	0	0	0	0	43	0	0	0	0	22
assemblage-939-810	0	0	0	0	0	0	0	0	0	56	14	0	0	0	0	0	0	0	28	0	0	0	0	57	5	0	0	0	0	0	0	0	0	0	0	0	0	36	25	0	0	0	0	0	0	0	0	0	0	0	0	0	0	0	0	0	0	0	0	0	0	0	0	0	275	0	0	0	0	4
assemblage-928-765	0	0	0	0	0	0	0	0	0	0	0	0	12	0	0	0	0	0	0	6	0	72	0	0	0	0	0	0	0	0	0	0	0	0	0	0	0	0	0	0	0	0	0	0	4	0	18	0	0	0	6	0	0	0	0	0	0	254	0	0	0	13	22	0	86	0	0	0	0	7
assemblage-928-796	0	0	0	31	0	0	0	0	0	71	0	27	0	0	0	0	0	0	0	0	0	0	0	59	68	0	0	0	0	0	0	0	0	0	0	0	0	0	134	0	0	0	0	0	0	0	0	0	0	0	0	0	0	0	0	23	0	0	0	0	0	0	0	0	74	0	0	0	0	13
assemblage-768-990	0	0	0	0	0	0	0	0	0	166	15	0	0	0	0	12	0	0	3	0	0	0	0	8	56	0	0	0	0	0	0	0	0	0	0	0	0	0	91	0	0	0	0	0	0	0	0	0	0	0	11	0	0	0	0	0	8	0	0	0	0	0	0	0	127	0	0	0	0	3
assemblage-877-553	0	0	0	0	0	0	0	0	0	74	0	0	0	0	0	0	0	0	0	0	0	97	0	0	0	0	0	0	0	0	0	0	0	0	0	0	0	0	0	0	0	0	0	0	3	0	0	0	0	0	13	0	0	0	0	0	0	249	0	0	0	0	0	0	53	0	0	0	0	11
assemblage-255-927	0	0	0	0	0	0	0	0	0	80	0	0	0	0	0	0	0	0	0	0	0	110	0	0	0	0	0	0	0	0	0	0	0	0	0	0	0	0	0	0	0	0	0	0	3	0	0	0	0	0	20	0	0	0	0	0	0	223	0	0	0	0	7	0	52	0	0	0	0	5
assemblage-746-583	0	0	0	39	0	0	0	0	0	69	0	29	0	0	0	0	0	0	0	0	0	0	0	76	57	0	0	0	0	0	0	0	0	0	0	0	0	0	94	0	0	0	0	0	0	0	0	0	0	0	0	0	0	0	0	21	0	0	0	0	0	0	0	0	101	0	0	0	0	14
assemblage-507-779	0	0	0	83	0	0	0	0	0	0	0	0	0	0	103	0	0	0	0	0	0	0	0	0	0	0	0	0	0	0	0	0	0	0	0	0	0	22	7	0	0	0	0	0	0	70	0	0	0	0	0	0	0	0	0	0	0	0	0	0	0	0	0	0	186	0	0	0	0	29
assemblage-199-466	0	0	0	0	0	8	0	0	0	0	0	0	0	0	0	0	0	0	0	0	0	35	0	0	0	0	0	0	0	0	0	0	0	0	50	0	0	0	0	0	0	0	0	0	0	0	0	0	0	0	260	0	0	0	0	0	0	93	0	0	0	0	6	0	31	0	9	0	0	8
assemblage-204-396	0	13	0	0	0	0	0	0	0	52	0	0	0	0	0	72	0	0	0	0	0	0	0	0	0	0	0	0	0	0	0	0	0	0	0	0	0	0	0	0	0	0	0	0	0	0	122	0	0	0	65	0	0	0	0	0	0	95	0	0	0	0	0	0	65	0	0	0	0	16
assemblage-94-494	0	0	0	0	0	0	0	0	0	61	0	0	0	0	0	0	0	0	0	0	0	98	0	0	0	0	0	0	0	0	0	0	0	0	0	0	0	0	0	0	0	0	0	0	0	0	0	0	0	0	25	0	0	0	0	0	0	237	0	0	0	0	8	0	54	0	0	0	0	17
assemblage-488-381	0	0	0	0	0	0	0	0	0	84	31	0	0	0	0	0	0	0	7	0	29	0	0	59	103	0	0	0	0	0	0	0	0	0	0	0	0	0	99	0	0	0	0	0	0	0	0	0	0	0	0	0	14	0	0	0	0	0	0	0	0	0	0	0	69	0	0	0	0	5
assemblage-887-564	0	0	0	0	0	0	0	0	0	79	0	0	0	0	0	0	0	0	0	8	0	25	0	0	0	0	0	0	0	0	0	0	0	0	16	0	0	0	0	0	0	0	0	0	0	0	0	0	0	0	158	0	0	0	0	0	0	94	0	0	0	0	0	5	93	0	0	0	0	22
assemblage-502-373	0	0	0	38	0	0	0	0	0	62	0	31	0	0	0	0	0	0	0	0	0	0	0	79	67	0	0	0	0	0	0	0	0	0	0	0	0	0	121	0	0	0	0	0	0	0	0	0	0	0	0	0	0	0	0	26	0	0	0	0	0	0	0	0	62	0	0	0	0	14
assemblage-928-943	0	0	0	0	0	0	0	0	0	66	21	0	0	0	0	0	0	0	0	0	0	0	0	7	44	0	0	0	0	0	0	0	0	0	0	0	0	0	12	0	0	0	0	0	0	0	0	0	0	0	0	0	0	0	0	0	0	0	0	0	0	0	0	0	338	0	0	0	0	12
assemblage-984-775	0	0	0	0	0	0	0	0	0	9	0	0	0	0	0	53	0	0	0	0	0	6	0	0	21	0	0	0	0	0	0	0	0	0	0	0	0	0	34	0	0	0	0	0	0	0	44	0	0	0	13	0	0	0	0	0	0	264	0	0	0	0	0	0	37	0	0	0	0	19
assemblage-896-831	0	5	0	0	0	0	0	0	0	46	0	0	0	0	0	6	0	0	0	0	0	0	0	0	26	0	0	0	0	0	0	0	0	0	0	0	0	0	0	0	0	0	0	0	0	0	39	0	0	0	21	0	0	0	0	0	0	21	0	0	0	0	0	0	329	0	0	0	0	7
assemblage-866-568	0	0	0	0	0	0	0	0	0	0	0	0	0	0	0	0	0	0	0	0	0	0	0	0	0	0	0	0	0	0	0	0	21	0	11	0	0	0	0	0	0	0	0	8	8	0	26	0	0	0	0	0	0	0	0	0	0	337	0	0	0	0	0	0	74	0	0	0	0	15
assemblage-190-406	0	0	0	0	0	0	0	0	0	71	0	0	0	0	0	99	0	0	0	0	0	0	0	11	0	0	0	0	0	0	0	0	9	0	0	0	20	0	0	0	0	0	0	0	0	0	71	0	0	0	67	0	0	0	0	0	0	98	0	0	0	0	0	0	41	0	0	3	0	10
assemblage-527-780	0	0	0	0	0	0	0	0	0	12	0	0	0	0	0	0	0	0	0	0	0	0	0	6	0	0	0	11	0	0	0	0	0	0	0	0	0	11	55	0	0	0	0	0	0	0	0	0	2	0	0	0	0	0	0	0	0	0	0	0	0	0	0	0	391	0	0	0	0	12
assemblage-936-773	0	0	0	0	0	0	0	0	0	0	0	0	0	0	0	0	0	0	0	0	0	34	0	0	0	0	0	0	0	0	0	27	0	0	0	0	0	0	0	0	0	0	0	0	112	0	139	0	0	0	25	0	0	0	0	0	0	104	0	0	0	0	18	0	31	0	0	0	0	10
assemblage-627-775	0	0	0	0	0	0	0	0	0	191	24	0	0	0	0	4	0	0	2	0	0	0	0	8	80	0	0	0	0	0	0	0	0	0	0	0	0	0	49	0	0	0	0	0	0	0	0	0	0	0	17	0	0	0	0	0	8	7	0	0	0	0	0	0	103	0	0	0	0	7
assemblage-602-776	0	0	0	0	0	0	0	0	0	198	16	0	0	0	0	8	0	0	6	0	0	0	0	0	66	0	0	0	0	0	0	0	0	0	0	0	0	0	63	0	0	0	0	0	0	0	0	0	0	0	17	0	0	0	0	0	7	3	0	0	0	0	0	0	108	0	0	0	0	8
assemblage-116-151	0	0	0	0	0	0	0	0	0	71	0	0	0	0	0	0	0	0	0	0	0	0	0	0	39	0	0	0	0	0	0	0	0	0	0	0	0	0	59	0	0	0	0	0	0	0	56	0	0	0	8	0	0	0	0	0	45	96	0	0	0	0	0	0	118	0	0	0	0	8
assemblage-97-795	0	0	0	10	0	0	0	0	0	68	0	0	0	0	0	0	0	0	11	0	30	0	0	10	23	0	0	0	0	0	0	0	0	0	0	0	0	34	63	0	0	0	0	0	0	17	0	0	5	0	0	10	0	0	0	0	0	0	0	0	0	0	0	0	206	0	0	0	0	13
assemblage-944-801	0	0	0	0	0	0	0	0	0	98	16	0	0	0	0	0	0	0	6	0	15	0	0	41	117	0	0	0	0	0	0	0	0	0	0	0	0	0	86	0	0	0	0	0	0	0	0	0	0	0	0	0	21	0	0	0	0	0	0	0	0	0	0	0	88	0	0	0	0	12
assemblage-745-591	0	0	0	53	0	0	0	0	0	75	12	31	0	0	0	0	0	0	0	0	0	0	0	62	72	0	0	0	0	0	0	0	0	0	0	0	0	0	102	0	0	0	0	0	0	0	0	0	0	0	0	0	0	0	0	14	0	0	0	0	0	0	0	0	70	0	0	0	0	9
assemblage-541-768	0	0	0	0	0	0	0	0	0	21	0	0	0	0	0	0	0	0	0	0	0	0	21	68	0	0	0	0	0	0	0	0	0	0	0	0	0	7	19	0	0	0	0	0	0	0	0	0	7	0	0	0	0	0	0	0	0	0	0	0	0	0	0	0	325	14	0	0	0	18
assemblage-1000-776	0	8	0	0	0	0	0	0	0	57	0	0	0	0	0	62	0	0	0	0	0	0	0	0	0	0	0	0	0	0	0	0	0	0	0	0	0	0	0	0	0	0	0	0	0	0	103	0	0	0	64	0	0	0	0	0	0	103	0	0	0	0	0	0	90	0	0	0	0	13
assemblage-956-899	0	0	0	0	0	0	0	0	0	0	0	0	0	0	0	0	0	0	0	0	0	0	0	0	0	14	0	0	0	0	0	0	0	0	0	0	0	0	0	0	0	0	0	0	0	0	117	0	0	0	0	0	0	0	0	0	0	113	0	0	0	0	87	0	159	0	0	0	0	10
assemblage-504-675	0	0	0	0	0	0	0	0	19	0	0	0	0	0	0	0	0	0	0	0	0	77	0	0	0	0	0	0	0	0	0	0	0	0	0	0	0	0	0	0	0	0	0	0	0	0	0	0	0	0	383	0	0	0	0	0	0	0	0	0	0	0	0	0	0	0	0	0	0	21
assemblage-983-757	0	0	0	0	0	0	0	0	0	7	0	0	0	0	0	40	0	0	0	0	0	0	0	0	7	0	0	0	0	0	0	0	0	0	0	0	0	0	0	0	0	0	0	0	0	0	40	0	0	0	16	0	0	0	0	0	0	143	0	0	0	0	0	0	242	0	0	0	0	5
assemblage-974-919	0	0	0	0	0	0	0	0	0	0	0	0	0	0	0	0	0	0	0	0	0	0	0	0	0	17	0	0	0	0	0	0	0	0	0	0	0	0	0	0	0	0	0	0	0	0	128	0	0	0	0	0	0	0	0	0	0	93	0	0	0	0	93	0	152	0	0	0	0	17
assemblage-774-931	0	0	0	0	0	0	0	0	0	24	0	0	0	0	0	102	0	0	0	0	0	0	0	0	30	0	0	0	0	0	0	0	0	0	0	0	0	0	48	0	0	0	0	0	0	0	21	0	0	0	0	0	0	0	0	0	0	37	0	0	0	0	0	0	229	0	0	0	0	9
assemblage-125-165	0	0	0	0	0	0	0	0	0	72	0	0	0	0	0	0	0	0	0	0	0	0	0	0	42	0	0	0	0	0	0	0	0	0	0	0	0	0	57	0	0	0	0	0	0	0	69	0	0	0	5	0	0	0	0	0	36	98	0	0	0	0	0	0	116	0	0	0	0	5
assemblage-497-361	0	0	0	48	0	0	0	0	0	69	0	27	0	0	0	0	0	0	5	0	0	0	0	72	72	0	0	0	0	0	0	0	0	0	0	0	0	0	129	0	0	0	0	0	0	0	0	0	0	0	0	0	0	0	0	16	0	0	0	0	0	0	0	0	56	0	0	0	0	6
assemblage-266-940	0	0	0	0	0	0	0	0	0	0	0	0	0	0	0	37	0	0	0	0	0	25	0	0	0	0	0	0	0	0	10	0	0	0	0	0	0	0	0	0	0	0	0	0	6	0	241	0	0	0	14	0	0	0	0	0	0	127	0	0	0	0	0	0	36	0	0	0	0	4
assemblage-103-772	0	0	0	8	0	0	0	0	0	18	0	10	0	0	7	0	0	0	21	0	0	0	0	0	0	0	0	0	0	0	0	0	0	0	0	0	0	10	33	0	0	0	0	0	0	71	0	0	0	0	0	18	0	0	0	0	0	0	0	0	0	0	0	0	289	0	0	0	0	15
assemblage-245-235	0	0	0	0	0	0	0	0	0	43	0	0	0	0	0	30	0	0	0	0	0	0	0	0	0	0	0	0	0	0	0	0	0	0	0	0	0	0	17	0	0	0	0	0	0	0	77	0	0	0	28	0	0	0	0	0	0	109	0	0	0	0	0	0	173	0	0	0	0	23
assemblage-419-440	0	0	0	0	0	0	16	0	0	0	0	0	59	0	0	0	0	0	0	0	0	0	0	0	0	0	0	0	0	0	0	0	0	0	0	0	0	0	0	0	14	5	0	0	0	0	89	0	0	0	0	0	0	0	0	0	0	302	0	0	0	0	0	0	0	0	0	0	0	15
assemblage-106-789	0	0	0	18	0	0	0	0	0	92	0	0	0	0	0	0	0	0	8	0	10	0	0	6	8	0	0	0	0	0	0	0	0	0	0	0	0	36	24	0	0	0	0	0	0	0	0	0	9	0	0	21	0	0	0	0	0	0	0	0	0	0	0	0	255	0	0	0	0	13
assemblage-393-805	0	0	0	0	0	0	0	0	0	0	0	0	0	0	0	0	0	0	0	0	0	31	0	0	0	0	0	0	0	0	0	0	0	0	49	0	0	0	0	0	0	0	0	0	0	0	0	0	0	0	262	0	0	0	0	0	0	102	0	0	0	0	5	0	28	0	10	0	0	13
assemblage-752-974	0	0	0	0	0	0	0	0	0	65	22	0	0	0	0	0	0	0	0	0	0	0	0	4	48	0	0	0	0	0	0	0	0	0	0	0	0	0	9	0	0	0	0	0	0	0	0	0	0	0	6	0	0	0	0	0	0	0	0	0	7	0	0	0	332	0	0	0	0	7
assemblage-922-961	0	0	0	6	0	0	0	0	0	94	0	0	0	0	0	0	0	0	0	0	0	0	0	0	113	0	0	0	0	0	0	0	0	0	0	0	0	0	68	0	0	0	0	0	0	0	0	0	0	0	8	0	0	0	0	0	19	62	0	0	0	0	0	0	112	0	0	0	0	18
assemblage-393-803	0	0	0	0	0	0	0	0	0	0	0	0	0	0	0	0	0	0	0	0	0	41	0	0	0	0	0	0	0	0	0	27	0	0	0	0	0	0	0	0	0	0	0	0	92	0	147	0	0	0	23	0	0	0	0	0	0	110	0	0	0	0	30	0	21	0	0	0	0	9
assemblage-739-314	0	0	0	37	0	0	0	10	0	92	9	0	0	0	0	0	0	0	7	0	67	0	0	0	52	0	0	0	0	0	0	0	0	0	0	0	0	63	48	0	0	0	0	0	0	0	0	0	0	0	0	11	0	0	0	0	0	0	0	0	0	0	0	0	89	0	0	0	0	15
assemblage-497-349	0	0	0	0	0	0	0	0	0	98	17	0	0	0	0	0	0	0	9	0	11	0	0	76	120	0	0	0	0	0	0	0	0	0	0	0	0	0	91	0	0	0	0	0	0	0	0	0	0	0	0	0	9	0	0	0	0	0	0	0	0	0	0	0	54	0	0	0	0	15
assemblage-248-931	0	0	0	0	0	0	0	0	0	0	0	0	0	0	0	32	0	0	0	0	0	31	0	0	0	0	0	0	0	0	0	0	0	0	0	0	0	0	0	0	0	0	0	0	10	0	238	0	0	0	17	0	0	0	0	0	0	136	0	0	0	0	0	0	24	0	0	0	0	12
assemblage-969-107	0	0	0	0	0	0	0	0	0	31	0	0	0	0	0	0	0	0	0	0	24	0	0	22	17	0	0	0	0	0	0	0	0	0	0	0	0	13	95	0	0	0	0	0	0	0	0	0	27	0	0	0	0	0	0	0	0	0	0	0	0	0	0	0	257	0	0	0	0	14
assemblage-711-781	0	0	0	0	0	0	0	0	0	71	0	0	0	0	0	0	0	0	0	0	0	0	0	0	47	0	0	0	0	0	0	0	0	0	0	0	0	0	64	0	0	0	0	0	0	0	60	0	0	0	14	0	0	0	0	0	33	101	0	0	0	0	0	0	100	0	0	0	0	10
assemblage-521-793	0	0	0	0	0	0	0	0	0	25	0	0	0	0	0	0	0	0	0	0	0	0	12	66	0	0	0	0	0	0	0	0	0	0	0	0	0	6	16	0	0	0	0	0	0	0	0	0	5	0	0	0	0	0	0	0	0	0	0	0	0	0	0	0	338	18	0	0	0	14
assemblage-968-117	0	0	0	30	0	0	0	9	0	80	4	0	0	0	0	0	0	0	4	0	63	0	0	4	72	0	0	0	0	0	0	0	0	0	0	0	0	68	58	0	0	0	0	0	0	0	0	0	0	0	0	9	0	0	0	0	0	0	0	0	0	0	0	0	91	0	0	0	0	8
assemblage-866-658	0	0	0	0	0	0	0	0	0	0	0	0	0	0	0	31	0	0	0	0	0	38	0	0	0	0	0	0	0	0	0	0	0	0	0	0	0	0	0	0	0	0	0	0	4	0	201	0	0	0	20	0	0	0	0	0	0	140	0	0	0	0	0	0	49	0	0	0	0	17
assemblage-114-780	0	0	0	0	0	0	0	0	0	42	0	2	0	0	0	0	0	0	0	0	21	0	0	19	10	0	0	0	0	0	0	0	0	0	0	0	0	20	106	0	0	0	0	0	0	0	0	0	45	0	0	0	0	0	0	0	0	0	0	0	0	0	0	0	220	0	0	0	0	15
assemblage-874-653	0	0	0	0	0	0	0	0	0	105	0	0	0	0	0	0	0	0	0	0	0	15	0	0	0	0	0	0	0	0	0	0	0	0	18	0	0	0	0	0	0	0	0	0	5	0	0	0	0	0	145	0	0	0	0	0	0	94	0	0	0	0	0	8	95	0	0	0	0	15
assemblage-771-946	0	0	0	0	0	0	0	0	0	184	31	0	0	0	0	6	0	0	7	0	0	0	0	0	56	0	0	0	0	0	0	0	0	0	0	0	0	0	77	0	0	0	0	0	0	0	0	0	0	0	16	0	0	0	0	0	8	0	0	0	0	0	0	0	107	0	0	0	0	8
assemblage-905-929	0	0	0	0	0	0	0	0	0	30	0	0	0	0	0	87	0	0	0	0	0	0	0	61	0	0	0	0	0	0	0	0	0	0	0	0	0	0	0	0	0	0	0	0	0	0	23	0	0	0	0	0	0	0	0	0	0	27	0	0	0	0	0	0	250	0	0	0	0	22
assemblage-843-512	0	0	0	0	0	0	0	0	0	0	0	0	0	0	0	0	0	0	0	0	0	202	0	0	0	0	0	0	0	0	0	0	0	0	0	0	0	0	0	0	0	0	0	0	166	0	0	0	0	0	125	0	0	0	0	0	0	0	0	0	0	0	0	0	0	0	0	0	0	7
assemblage-942-784	0	0	0	0	0	0	0	0	0	91	24	0	0	0	0	0	0	0	7	0	17	0	0	73	112	0	0	0	0	0	0	0	0	0	0	0	0	0	90	0	0	0	0	0	0	0	0	0	0	0	0	0	12	0	0	0	0	0	0	0	0	0	0	0	68	0	0	0	0	6
assemblage-135-471	0	0	0	0	0	0	0	0	0	62	0	0	0	0	0	0	0	0	0	0	0	115	0	0	0	0	0	0	0	0	0	0	0	0	0	0	0	0	0	0	0	0	0	0	8	0	0	0	0	0	5	0	0	0	0	0	0	242	0	0	0	0	0	0	53	0	0	0	0	15
assemblage-765-587	0	0	0	0	0	0	0	0	0	77	5	0	0	0	0	0	0	0	0	0	0	0	0	20	20	0	0	0	19	0	0	0	0	0	0	0	0	0	12	0	0	0	0	0	0	0	0	0	0	0	0	0	0	0	0	0	0	12	0	0	0	0	0	0	319	0	0	0	0	16
assemblage-902-934	0	0	0	0	0	0	0	0	0	27	0	0	0	0	0	88	0	0	0	0	0	0	0	49	0	0	0	0	0	0	0	0	0	0	0	7	0	0	0	0	0	0	0	0	0	0	38	0	0	0	0	0	0	0	0	0	0	28	0	0	0	0	0	0	251	0	0	0	0	12
assemblage-746-290	0	0	0	8	0	0	0	0	0	18	0	12	0	0	4	0	0	0	24	0	0	0	0	0	0	0	0	0	0	0	0	0	0	0	0	0	0	15	23	0	0	0	0	0	0	75	0	0	0	0	0	22	0	0	0	0	0	0	0	0	0	0	0	0	287	0	0	0	0	12
assemblage-862-661	0	0	0	0	0	0	0	0	0	64	0	0	0	0	0	0	0	0	0	0	0	113	0	0	0	0	0	0	0	0	0	0	0	0	0	0	0	0	0	0	0	0	0	0	0	0	0	0	0	0	22	0	0	0	0	0	0	227	0	0	0	0	0	0	56	0	0	0	0	18
assemblage-186-430	0	0	0	0	0	0	0	0	0	7	0	0	0	0	0	39	0	0	0	0	0	13	0	0	30	0	0	0	0	0	0	0	0	0	0	0	0	0	38	0	0	0	0	0	0	0	50	0	0	0	11	0	0	0	0	0	0	254	0	5	0	0	0	0	46	0	0	0	0	7
assemblage-959-848	0	0	0	0	0	0	0	0	0	0	0	0	0	0	0	0	0	0	0	0	0	42	0	0	0	0	0	0	0	0	0	21	0	0	0	0	0	0	0	0	0	0	0	0	109	0	158	0	0	0	17	0	0	0	0	0	0	104	0	0	0	0	21	0	21	0	0	0	0	7
assemblage-122-489	0	0	0	0	0	0	0	0	0	0	0	0	0	0	0	0	0	0	0	0	0	0	0	0	0	0	0	0	0	0	0	0	13	0	5	0	0	0	0	0	0	0	0	5	14	0	24	0	0	0	7	0	0	0	0	0	0	346	0	0	0	0	0	0	75	0	0	0	0	11
assemblage-522-758	0	0	0	0	0	0	0	0	0	8	0	0	0	0	39	0	0	4	0	0	37	0	0	0	0	0	0	0	0	0	0	0	0	0	0	0	0	33	0	0	0	0	0	0	0	10	0	0	0	0	0	0	0	0	0	0	0	0	0	0	0	0	0	0	353	0	0	0	0	16
assemblage-923-961	0	0	0	0	0	0	0	0	0	93	30	0	0	0	0	7	0	0	0	0	0	0	0	21	89	0	0	0	0	0	0	0	0	0	0	0	0	0	25	0	0	0	0	0	0	0	0	0	0	0	6	0	0	0	0	0	10	23	0	0	0	0	0	0	188	0	0	0	0	8
assemblage-176-91	0	0	0	0	0	0	0	0	0	10	0	0	0	0	0	31	0	0	0	0	0	10	0	0	35	0	0	0	0	0	0	0	0	0	0	0	0	0	43	0	0	0	0	0	0	0	65	0	0	0	17	0	0	0	0	0	0	236	0	5	0	0	0	0	36	0	0	0	0	12
assemblage-200-472	0	0	0	0	0	0	0	0	0	0	0	0	0	0	0	0	0	0	0	0	0	59	0	0	0	0	0	0	0	0	0	5	0	0	14	0	0	0	0	0	0	0	0	0	60	0	49	0	0	0	72	0	0	0	0	0	0	137	0	0	0	0	17	0	51	0	0	0	0	36
assemblage-953-864	0	0	0	0	0	0	0	0	0	0	0	0	13	0	0	0	0	0	0	0	0	53	0	0	0	0	0	0	0	0	0	0	0	0	0	0	0	0	0	0	0	0	0	0	16	0	17	0	0	0	6	0	0	0	0	0	0	221	0	0	0	24	27	0	106	0	0	0	0	17
assemblage-492-215	0	0	0	0	0	0	0	0	0	68	0	0	0	0	0	29	0	0	0	0	0	0	0	0	38	0	0	0	0	0	0	0	0	0	0	0	0	0	0	0	0	0	0	0	0	0	43	5	0	0	47	0	0	0	0	0	0	0	0	0	0	0	0	0	259	0	0	0	0	11
assemblage-706-788	0	0	0	0	0	0	0	0	0	27	0	0	0	0	0	80	0	0	0	0	0	0	0	58	0	0	0	0	0	0	0	0	0	0	0	0	0	0	0	0	0	0	0	0	0	0	28	0	0	0	0	0	0	2	0	0	0	30	0	0	0	0	0	0	264	0	0	0	0	11
assemblage-177-111	0	0	0	0	0	0	0	0	0	5	0	0	0	0	0	44	0	0	0	0	0	0	0	0	13	0	0	0	0	0	0	0	0	0	0	0	0	0	0	0	0	0	0	0	0	0	41	0	0	0	13	0	0	0	0	0	0	132	0	0	0	0	0	0	245	0	0	0	0	7
assemblage-172-461	0	0	0	0	0	6	0	0	0	0	0	0	0	0	0	0	0	0	0	0	0	31	0	0	0	0	0	0	0	0	0	0	0	0	39	0	0	0	0	0	0	0	0	0	0	0	0	0	0	0	242	0	0	0	0	0	0	108	0	0	0	0	10	0	43	0	11	0	0	10
assemblage-203-418	0	0	0	0	0	0	0	0	0	69	0	0	0	0	0	81	0	0	0	0	0	0	0	13	0	0	0	0	0	0	0	0	0	0	0	0	27	0	0	0	0	0	0	0	0	0	71	0	0	0	68	0	0	0	11	0	0	99	0	0	0	0	0	0	40	0	0	11	0	10
assemblage-174-110	0	0	0	0	0	0	0	0	0	56	0	0	0	0	0	87	0	0	0	0	0	0	0	18	0	0	0	0	0	0	0	0	0	0	0	0	26	0	0	0	0	0	0	0	0	0	74	0	0	0	82	0	0	0	7	0	0	109	0	0	0	0	0	0	25	0	0	7	0	9
assemblage-522-210	0	0	0	0	0	0	0	0	0	77	0	0	0	0	0	28	0	0	0	0	0	0	0	0	38	0	0	0	0	0	0	0	0	0	0	0	0	0	0	0	0	0	0	0	0	0	33	0	0	0	38	0	0	0	0	0	0	7	0	0	0	0	0	0	267	0	0	0	0	12
assemblage-297-854	0	0	0	0	0	0	0	0	0	16	0	0	0	0	0	0	0	0	0	0	0	0	0	7	0	0	0	12	0	0	0	0	0	0	0	0	0	0	37	0	0	0	0	0	0	0	0	0	4	0	0	0	0	0	0	0	0	0	0	0	0	0	0	0	402	0	0	0	0	22
assemblage-492-366	0	0	0	0	0	0	0	0	0	91	20	0	0	0	0	0	0	0	5	0	16	0	0	55	98	0	0	0	0	0	0	0	0	0	0	0	0	0	104	0	0	0	0	0	0	0	0	0	0	0	0	0	8	0	0	0	0	0	0	0	0	0	0	0	97	0	0	0	0	6
assemblage-962-848	0	0	0	0	0	0	0	0	0	5	0	0	0	0	0	0	0	0	0	0	0	72	0	0	0	0	0	0	0	0	0	0	0	0	0	0	0	0	0	0	0	0	0	0	94	0	19	0	0	0	45	0	0	0	0	0	0	185	0	0	0	0	12	11	46	0	0	0	5	6
assemblage-806-153	0	0	0	0	0	0	0	0	0	49	0	0	0	0	0	44	0	0	0	0	0	0	0	14	20	0	0	0	0	0	0	0	0	0	0	0	0	0	22	0	0	0	0	0	0	0	60	0	0	0	18	0	0	0	2	0	0	57	0	0	0	0	0	0	204	0	0	0	0	10
assemblage-282-940	0	0	0	0	0	0	0	0	0	86	0	0	0	0	0	0	0	0	0	5	0	11	0	0	0	0	0	0	0	0	0	0	0	0	14	0	0	0	0	0	0	0	0	0	8	0	0	0	0	0	176	0	0	0	0	0	0	81	0	0	0	0	0	8	98	0	0	0	0	13
assemblage-847-825	0	0	0	0	0	0	0	0	0	22	0	0	0	0	0	0	0	0	0	0	7	0	0	3	0	0	0	10	0	0	0	0	0	0	0	0	0	11	40	0	0	0	0	0	0	0	0	0	0	0	0	0	0	0	0	0	0	0	0	0	0	0	0	0	389	0	0	0	0	18
assemblage-582-219	0	0	0	0	0	0	0	0	0	35	0	8	0	0	0	0	0	0	0	0	23	0	0	23	23	0	0	0	0	0	0	0	0	0	0	0	0	27	108	0	0	0	0	0	0	0	0	0	41	0	0	0	0	0	0	0	0	0	0	0	0	0	0	0	203	0	0	0	0	9
assemblage-163-101	0	11	0	0	0	0	0	0	0	44	0	0	0	0	0	64	2	0	0	0	0	0	0	0	0	0	0	0	0	0	0	0	0	0	0	0	0	0	0	0	0	0	0	0	0	0	110	0	0	0	58	0	0	0	0	0	0	99	0	0	0	0	0	0	99	0	0	0	0	13
assemblage-856-509	0	0	0	0	0	0	0	0	0	0	0	0	0	0	0	0	0	0	0	0	0	190	0	0	0	0	0	0	0	0	0	0	0	0	0	0	0	0	0	0	0	0	0	0	184	0	0	0	0	0	123	0	0	0	0	0	0	0	0	0	0	0	0	0	0	0	0	0	0	3
assemblage-877-571	0	0	0	0	0	0	0	0	0	86	0	0	0	0	0	0	0	0	0	6	0	16	0	0	0	0	0	0	0	0	0	0	0	0	13	0	0	0	0	0	0	0	0	0	6	0	0	0	0	0	170	0	0	0	0	0	0	92	0	0	0	0	0	8	95	0	0	0	0	8
assemblage-856-504	0	0	0	0	0	0	0	0	0	0	0	0	0	0	0	0	0	0	0	0	0	166	0	0	0	0	0	0	0	0	0	0	0	0	0	0	0	0	0	0	0	0	0	0	207	0	0	0	0	0	123	0	0	0	0	0	0	0	0	0	0	0	0	0	0	0	0	0	0	4
assemblage-776-962	0	0	0	0	0	0	0	0	0	12	85	0	0	0	0	6	0	0	0	0	0	0	0	66	122	0	0	0	0	0	0	0	0	0	0	0	0	0	5	0	0	0	0	0	0	0	0	0	0	0	0	0	0	0	0	0	0	10	0	0	0	0	0	0	181	0	0	0	0	13
assemblage-859-100	0	0	0	0	0	0	0	0	0	58	23	0	0	0	0	0	0	0	0	0	0	0	0	0	45	0	0	0	0	0	0	0	0	0	0	0	0	0	5	0	0	0	0	0	0	0	0	0	0	0	7	0	0	0	0	0	0	0	0	0	0	0	0	0	348	0	0	0	0	14
assemblage-118-500	0	0	0	0	0	9	0	0	0	0	0	0	0	0	0	0	0	0	0	0	0	0	0	0	0	0	0	0	0	0	0	0	22	0	9	0	0	0	0	0	0	0	0	6	5	0	27	0	0	0	13	0	0	0	0	0	0	337	0	0	0	0	0	0	62	0	0	0	0	10
assemblage-964-125	0	0	0	45	0	0	0	0	0	60	5	0	0	0	0	0	0	0	7	0	70	0	0	4	57	0	0	0	0	0	0	0	0	0	0	0	0	59	60	0	0	0	0	0	0	0	0	0	0	0	0	6	0	0	0	0	0	0	0	0	0	0	0	0	119	0	0	0	0	8
assemblage-870-655	0	0	0	0	0	0	0	0	0	60	0	0	0	0	0	0	0	0	0	0	0	102	0	0	0	0	0	0	0	0	0	0	0	0	0	0	0	0	0	0	0	0	0	0	9	0	0	0	0	0	20	0	0	0	0	0	0	225	0	0	0	0	3	0	70	0	0	0	0	11
assemblage-777-950	0	0	0	0	0	0	0	0	0	47	0	0	0	0	0	45	0	0	0	0	0	0	0	0	0	0	0	0	0	0	0	0	0	0	0	0	0	0	20	0	0	0	0	0	0	0	63	0	0	0	47	0	0	0	0	0	0	108	0	0	0	0	0	0	148	0	0	0	0	22
assemblage-99-491	0	0	0	0	0	2	0	0	0	0	0	0	0	0	0	0	0	0	0	0	0	0	0	0	0	0	0	0	0	0	0	0	27	0	0	0	0	0	0	0	0	0	0	5	5	0	34	0	0	0	10	0	0	0	0	0	0	337	0	0	0	0	0	0	62	0	0	0	0	18
assemblage-664-969	0	0	0	0	0	0	0	0	0	61	0	0	0	0	0	82	0	0	0	0	0	0	0	10	0	0	0	0	0	0	0	0	7	0	0	0	32	0	0	0	0	0	0	0	0	0	80	0	0	0	63	0	0	0	0	0	0	125	0	0	0	0	0	0	29	0	0	0	0	11
assemblage-131-161	0	0	0	0	0	0	0	0	0	85	0	0	0	0	0	28	0	0	0	0	0	0	0	0	31	0	0	0	0	0	0	0	0	0	0	0	0	0	0	0	0	0	0	0	0	0	32	0	0	0	48	0	0	0	0	0	0	11	0	0	0	0	0	0	253	0	0	0	0	12
assemblage-937-796	0	0	0	0	0	0	0	0	0	44	19	0	0	0	0	0	0	0	40	0	0	0	0	49	9	0	0	0	0	0	0	0	0	0	0	0	0	45	36	0	0	0	0	0	0	0	0	0	0	0	0	0	0	0	0	0	0	0	0	0	0	0	0	0	251	0	0	0	0	7
assemblage-894-922	0	0	0	0	0	0	0	0	0	54	0	0	0	0	0	0	0	0	0	0	0	0	0	0	44	0	0	0	0	0	0	0	0	0	0	0	0	0	57	0	0	0	0	0	0	0	64	0	0	0	6	0	0	0	0	0	40	107	0	0	0	0	0	0	116	0	0	0	0	12
assemblage-201-413	0	0	0	0	0	0	0	0	0	78	0	0	0	0	0	89	0	0	0	0	0	0	0	12	0	0	0	0	0	0	0	0	0	0	0	0	26	0	0	0	0	0	0	0	0	0	70	0	0	0	75	0	0	0	4	0	0	95	0	0	0	0	0	0	41	0	0	0	0	10
assemblage-711-782	0	0	0	0	0	0	0	0	0	27	0	0	0	0	0	92	0	0	0	0	0	0	0	44	0	0	0	0	0	0	0	0	0	0	0	0	0	0	0	0	0	0	0	0	0	0	27	0	0	0	0	0	0	0	0	0	0	34	0	0	0	0	0	0	257	0	0	0	0	19
assemblage-766-990	0	0	0	0	0	0	0	0	0	24	98	0	0	7	0	15	0	0	0	0	0	0	0	57	111	0	0	0	0	0	0	0	0	0	0	0	0	0	0	0	0	0	0	0	0	0	0	0	0	0	0	0	0	0	0	0	0	11	0	0	0	0	0	0	162	0	0	0	0	15
assemblage-201-414	0	0	0	0	0	0	0	0	0	6	0	0	0	0	0	51	0	0	0	0	0	0	0	0	10	0	0	0	0	0	0	0	0	0	0	0	0	0	0	0	0	0	0	0	0	0	43	0	0	0	8	0	0	0	0	0	0	141	0	0	0	0	0	0	240	0	0	0	0	1
assemblage-494-231	0	0	0	0	0	0	0	0	0	49	0	0	0	0	0	0	0	0	0	0	0	0	0	0	34	0	0	0	0	0	0	0	0	0	0	0	0	0	72	0	0	0	0	0	0	0	74	0	0	0	6	0	0	0	0	0	42	89	0	0	0	0	0	0	120	0	0	0	0	14
assemblage-948-371	0	0	0	0	0	0	0	0	0	43	16	0	0	0	0	0	0	0	38	0	0	0	0	49	14	0	0	0	0	0	0	0	0	0	0	0	0	41	49	0	0	0	0	0	0	0	0	0	0	0	0	0	0	0	0	0	0	0	0	0	0	0	0	0	246	0	0	0	0	4
assemblage-515-363	0	0	0	0	0	0	0	0	0	63	10	0	0	0	0	0	0	0	0	0	0	0	0	47	25	0	0	0	11	0	0	0	0	0	0	0	0	0	18	0	0	0	0	0	0	0	0	0	0	0	0	0	0	0	0	0	0	8	0	0	0	0	0	0	308	0	0	0	0	10
assemblage-699-763	0	0	0	0	0	0	0	0	0	29	0	0	0	0	0	78	0	0	0	0	0	0	0	57	0	0	0	0	0	0	0	0	0	0	0	0	0	0	0	0	0	0	0	0	0	0	27	0	0	0	0	0	0	0	0	0	0	24	0	0	0	0	0	0	266	0	0	0	0	19
assemblage-658-957	0	9	0	0	0	0	0	0	0	43	0	0	0	0	0	41	8	0	0	0	0	0	0	0	0	0	0	0	0	0	0	0	0	0	0	0	0	0	0	0	0	0	0	0	0	0	136	0	0	0	58	0	0	0	0	0	0	127	0	0	0	0	0	0	72	0	0	0	0	6
assemblage-390-801	0	0	0	0	0	0	0	0	0	3	0	0	0	0	0	0	0	0	0	0	0	72	0	0	0	0	0	0	0	0	0	0	0	0	0	0	0	0	0	0	0	0	0	0	108	0	28	0	0	0	42	0	0	0	0	0	0	161	0	0	0	0	26	13	40	0	0	0	4	3
