Assemblage_Name	1765219-8415992-2060195	2326857-2-2060195	5268085-8415992-2060195	0-2-8500411	8891729-8652226-1292827	2-1989281-341232	4885425-8979183-491565	4885425-9328057-794016	0-2034706-2060195	4885425-0-3395526	0-8415992-453625	7883922-4586245-7814458	642869-7998449-0	4885425-2238226-794016	642869-3623268-0	0-8415992-2060195	2-1-1600550	642869-4150028-6644674	6862757-5864143-2060195	4885425-8119092-1433874	0-3938010-2060195	8007406-1-4	0-9891128-2060195	1513079-8508547-415626	642869-0-0	5167017-5527570-2060195	6806550-7111232-2060195	0-5766442-2060195	2-1-3	0-45194-2060195	2-1989281-7814458	1795557-8415992-2060195	642869-4150028-0	0-8415992-7930389	4861287-4846002-2060195	8007406-8430335-4	0-2638435-2060195	0-1913323-2060195	4-0-2803005	3208973-8508547-0	1795557-3633412-2060195	8952968-8415992-2060195	9769673-0-794016	4885425-8119092-8291650	0-8415992-6239633	1-2207802-1292827	642869-4150028-3611495	2736619-0-794016	0-3054152-2060195	2-6763299-7814458	0-7708601-2060195	0-3083502-2060195	5887267-1-3	6737329-8119092-1433874	5202635-8415992-6239633	6979408-2-5423091	5167017-8415992-1749644	1513079-8508547-0	9327075-2658322-5423091	1602152-0-794016	2-1-6106553	4885425-2554139-794016	642869-4150028-1953464	4885425-0-8832100	1513079-8339740-0	0-6329587-2060195	5167017-8415992-2060195	0-6875237-2060195	0-4331010-2060195	642869-4150028-7285187	0-529390-2060195	4885425-0-794016	7883922-1989281-7814458	0-3083502-3871257	5167017-2628892-2060195	642869-8406953-0	2869821-2-2060195	4551655-4150028-0	0-8415992-6571495	2419490-2268523-2060195	642869-4150028-1302741	0-3817699-2060195	642869-3470499-0	4885425-8979183-794016	4885425-0-7899961	8128284-0-1292827	2419490-8415992-2060195	3322270-0-794016	1-0-1292827	4451617-1-3	0-8415992-4787054	8007406-5234965-4	2708778-0-794016	0-2-2060195	1288865-8415992-2060195	0-4846002-2060195	340569-8415992-2060195	2-1-7814458	4-0-794016	8891729-8652226-1037127	1-8652226-1292827	1513079-8508547-2246434	8177876-8415992-7930389	4885425-0-1433874	6763212-1-4	2904541-0-0	0-8132196-2060195	2970147-8415992-2060195	0-8415992-5624016	7620549-0-794016	4-4124911-794016	6979408-2658322-5423091	2985302-4150028-0
assemblage-752-988	0	0	0	0	0	0	0	0	0	0	0	0	0	0	0	163	0	0	0	0	0	0	0	0	0	0	0	0	0	0	0	0	76	0	0	0	0	0	0	0	0	0	0	0	0	0	0	0	0	0	0	37	0	0	0	0	0	0	0	0	0	0	0	0	0	0	0	0	0	17	7	116	0	0	0	0	0	0	0	0	0	0	0	0	0	0	22	0	0	0	0	0	0	0	19	0	0	0	0	0	0	0	0	0	0	0	0	0	0	0	0	0	43
assemblage-868-649	0	0	0	0	0	0	0	0	0	0	0	0	0	0	0	94	0	0	0	0	3	69	0	0	53	0	0	0	0	0	138	0	0	0	0	0	0	0	0	0	0	0	0	0	0	0	0	0	0	0	0	0	0	0	0	0	0	0	0	0	0	0	0	0	0	0	7	0	0	0	0	0	0	0	0	0	0	0	0	0	0	0	0	0	0	0	0	0	0	0	0	0	0	8	0	0	0	0	74	0	10	0	0	0	0	0	12	0	0	0	0	0	32
assemblage-866-95	0	0	0	0	0	0	0	0	0	0	0	0	0	0	0	144	0	0	0	0	0	0	0	0	0	0	0	0	0	0	0	0	83	0	0	0	0	0	0	0	0	0	0	0	0	0	0	0	0	0	0	22	0	0	0	0	0	0	0	0	0	0	0	0	0	0	0	0	0	13	9	145	0	0	0	0	6	0	0	0	0	0	0	0	0	0	24	0	0	0	0	0	0	0	25	0	0	0	0	0	0	0	0	0	0	0	0	0	0	0	0	0	29
assemblage-671-963	0	0	0	0	0	4	0	0	0	0	0	0	0	0	0	15	0	0	0	0	0	68	0	0	25	0	0	0	30	0	203	0	0	0	0	0	0	0	0	0	0	0	0	0	0	0	0	0	0	0	0	0	0	0	0	0	0	0	0	0	0	0	0	0	0	0	12	0	0	0	0	11	0	0	0	0	0	0	0	0	0	0	0	0	0	0	0	0	42	0	0	0	0	32	0	0	0	0	45	0	0	0	0	0	0	0	0	0	0	0	0	0	13
assemblage-885-931	0	0	0	0	0	0	0	0	0	0	0	0	0	0	0	153	0	0	0	0	0	3	0	0	0	0	0	0	27	0	20	0	50	0	0	5	0	0	0	0	0	0	0	0	0	0	0	0	0	0	0	0	0	0	0	0	0	0	0	0	0	0	0	0	0	0	0	0	0	0	0	181	0	0	0	0	10	0	0	0	0	0	0	0	0	0	0	0	0	0	0	0	11	0	0	0	0	0	0	0	0	0	0	11	0	0	0	5	0	0	0	0	24
assemblage-829-151	0	0	0	0	0	0	0	0	0	0	0	0	0	0	0	28	0	0	0	0	0	0	0	0	0	0	0	0	13	0	54	0	8	0	0	0	0	0	0	0	0	0	0	0	0	0	0	0	0	0	0	0	0	0	0	0	0	0	0	0	0	0	0	0	0	0	58	0	0	0	0	61	90	0	0	0	0	0	0	0	0	0	0	0	7	0	0	0	0	19	0	0	0	71	0	0	0	0	0	0	0	0	0	82	0	0	0	0	0	0	0	0	9
assemblage-93-772	0	0	0	0	0	0	0	0	0	0	0	0	0	0	0	89	0	0	0	0	0	0	0	0	0	0	0	0	0	0	0	0	69	39	0	0	0	5	0	0	0	0	35	0	0	0	0	0	0	0	0	0	0	0	0	0	0	0	0	0	0	0	12	0	0	0	0	0	0	0	0	173	0	0	0	0	0	0	0	0	0	0	0	0	0	0	0	0	0	0	0	0	0	0	0	20	0	0	0	0	0	0	0	0	0	0	0	0	45	0	0	0	13
assemblage-953-850	0	0	0	0	0	0	0	0	0	0	0	0	0	0	0	15	0	0	0	0	0	91	0	0	127	0	0	0	78	0	0	0	0	0	0	0	0	0	0	0	0	0	0	0	0	0	0	0	0	0	0	0	0	0	0	0	0	0	0	0	0	0	0	0	0	0	0	0	0	0	0	0	0	0	0	0	0	0	0	0	0	0	0	0	0	0	0	0	0	0	0	0	0	42	0	0	0	0	77	0	43	0	0	0	0	0	15	0	0	0	0	0	12
assemblage-830-129	0	0	0	0	0	0	0	5	0	0	0	0	0	0	0	28	0	0	0	0	0	0	0	0	0	0	0	0	19	0	66	0	30	0	0	0	0	0	0	0	0	0	0	0	0	0	0	0	0	0	0	0	0	0	0	0	4	0	0	12	0	0	0	0	0	0	34	0	0	0	0	72	58	0	0	0	0	0	0	0	0	0	0	0	0	0	0	0	0	0	0	0	0	67	0	0	0	0	67	0	0	0	0	0	0	0	0	0	0	0	0	0	38
assemblage-207-398	0	0	0	0	0	0	0	0	0	0	0	0	0	0	0	0	0	0	0	0	0	32	0	0	0	22	0	0	28	0	79	0	0	0	0	0	0	0	0	0	0	0	0	0	0	0	0	0	0	0	0	0	0	0	0	0	0	0	0	0	0	0	0	0	0	0	38	0	0	0	0	0	0	0	6	0	0	0	0	0	0	0	0	0	0	0	0	0	58	0	0	0	0	24	0	0	0	0	183	0	6	0	0	0	0	0	0	0	0	0	0	0	24
assemblage-956-115	0	0	0	0	0	0	0	0	0	0	0	0	0	0	0	130	0	0	0	13	0	0	0	0	0	0	0	4	0	0	0	0	18	0	0	0	0	0	0	0	24	0	0	0	17	0	0	0	0	0	17	0	0	0	11	0	0	0	0	0	0	0	0	0	0	0	0	0	0	0	0	194	0	0	0	0	0	0	0	0	0	0	0	31	0	0	0	0	0	0	0	0	0	0	0	0	0	0	0	0	0	0	0	0	0	0	0	0	17	0	0	0	24
assemblage-375-787	0	0	0	0	0	0	0	0	0	0	0	0	0	0	0	0	8	0	0	0	0	15	0	0	36	0	0	0	24	0	76	0	32	0	0	0	0	0	40	0	0	0	0	0	0	0	0	0	0	0	0	0	0	0	0	0	0	0	0	0	0	0	0	0	0	0	0	0	0	0	0	48	0	0	0	0	0	0	0	0	0	0	0	0	0	0	0	0	0	0	0	0	0	13	0	0	0	0	146	0	34	0	0	0	0	0	0	0	0	0	0	0	28
assemblage-987-763	0	0	0	0	0	0	0	0	0	0	0	0	0	0	0	34	0	0	0	0	0	42	0	0	5	7	0	0	60	0	133	0	7	0	0	0	0	0	0	0	0	0	0	0	0	0	0	0	0	0	0	0	0	0	0	0	0	0	0	0	0	0	0	0	0	0	27	0	0	0	0	35	5	0	0	0	0	0	0	0	0	0	0	0	0	0	0	0	35	0	0	0	0	29	0	0	0	0	52	0	0	0	0	6	0	0	0	0	0	0	0	0	23
assemblage-300-862	0	0	0	0	0	0	0	0	0	0	16	0	0	0	0	179	0	0	0	0	0	0	0	0	0	0	0	10	0	0	0	0	16	0	0	0	0	0	0	0	20	0	0	0	0	0	0	0	0	0	0	0	0	0	0	0	0	0	0	0	0	17	12	0	0	0	0	0	0	0	0	60	0	0	0	0	0	0	4	0	0	0	0	0	0	0	0	0	0	0	0	0	0	0	0	80	0	0	0	0	0	0	0	0	0	0	0	0	62	0	0	0	24
assemblage-532-763	0	0	0	0	0	0	0	0	0	23	0	0	0	0	0	139	0	0	0	0	0	0	0	0	0	0	0	30	0	0	0	0	27	0	0	0	0	0	0	0	0	0	0	0	0	0	0	0	0	0	0	0	0	0	0	0	0	0	0	0	0	0	34	0	0	0	0	13	0	0	0	80	0	0	0	0	0	0	0	0	0	0	0	33	0	0	0	0	0	0	0	0	0	0	0	75	0	0	0	0	0	0	0	0	0	0	0	0	37	0	0	0	9
assemblage-181-462	0	0	0	0	0	0	0	0	0	0	0	0	0	0	0	11	0	0	0	0	0	97	0	0	122	0	0	0	53	0	0	0	0	0	0	0	0	0	0	0	0	0	0	0	0	0	0	0	0	0	0	0	0	0	0	0	0	8	0	0	0	0	0	0	0	0	0	0	0	0	0	0	0	0	0	0	0	0	0	0	0	0	0	0	0	0	0	0	0	0	0	0	0	55	0	0	0	0	67	0	46	0	0	0	0	0	21	0	0	0	0	0	20
assemblage-943-371	0	0	0	0	0	0	0	0	0	0	0	0	0	10	0	161	0	0	0	18	0	6	0	0	0	0	0	0	0	0	0	12	20	0	0	0	0	7	0	0	8	0	0	0	0	0	0	0	0	0	0	46	0	0	0	0	0	0	0	0	0	0	0	0	0	0	0	0	0	0	0	156	0	0	0	0	0	0	0	0	0	0	0	0	0	0	28	0	0	0	0	0	0	0	0	5	0	0	0	0	0	0	0	0	0	0	0	0	0	0	0	0	23
assemblage-866-109	0	0	15	0	0	0	0	0	0	0	0	0	0	0	0	157	0	0	0	0	0	14	0	0	0	0	0	0	78	0	0	0	52	0	0	27	0	0	0	0	0	6	0	0	0	0	0	0	0	0	0	0	0	0	0	0	0	0	0	0	0	0	0	0	0	0	0	0	0	0	0	122	0	0	0	0	5	0	0	0	0	0	0	0	0	0	0	0	0	0	0	0	0	0	0	4	0	0	0	0	0	0	0	0	0	0	0	0	0	0	0	0	20
assemblage-877-569	0	0	0	0	24	0	0	0	0	0	0	0	0	0	0	38	0	0	0	0	0	0	0	0	0	0	0	0	66	0	8	0	28	0	0	0	0	0	2	0	0	0	0	0	0	0	0	0	0	0	0	0	0	0	0	0	0	3	0	0	0	0	0	0	0	0	58	0	0	0	0	10	0	0	0	0	0	0	0	0	0	0	0	0	0	0	0	0	101	0	0	0	0	100	0	0	0	0	12	6	26	0	0	0	0	0	0	0	0	0	0	0	18
assemblage-877-568	0	0	0	0	30	0	0	0	4	0	0	0	0	0	0	47	0	0	0	0	0	0	0	0	0	0	0	0	56	0	6	0	38	0	0	0	0	0	0	0	0	0	0	0	0	0	0	0	0	0	0	0	0	0	0	0	0	6	0	0	0	0	0	0	0	0	68	0	0	0	0	13	0	0	0	0	0	0	0	0	0	0	0	0	0	0	0	0	82	0	0	0	0	88	0	0	0	0	8	14	21	0	0	0	0	0	0	0	0	0	0	0	19
assemblage-857-558	0	0	0	0	3	0	0	0	0	0	0	0	0	0	0	41	0	0	0	0	0	20	0	0	20	0	0	0	36	0	82	0	11	0	0	0	0	0	18	0	0	0	0	0	0	0	0	0	0	0	0	0	0	0	0	0	0	21	0	0	0	0	0	0	0	0	26	0	0	0	0	22	0	0	0	0	0	0	0	0	0	0	0	0	0	0	0	0	51	0	0	0	0	45	0	0	0	0	60	0	27	0	0	0	0	0	0	0	0	0	0	0	17
assemblage-510-208	0	0	0	0	0	0	0	0	0	0	0	0	0	0	0	94	0	0	0	0	0	8	0	0	0	0	0	0	22	0	44	0	73	0	0	0	0	0	0	0	0	0	0	0	0	0	0	0	16	0	0	0	9	0	0	0	0	0	0	0	0	0	0	0	0	0	0	0	0	14	0	112	0	0	0	0	0	0	0	0	0	0	0	0	12	0	0	0	0	0	0	0	0	25	0	21	0	0	0	0	0	0	0	42	0	0	0	0	0	0	0	0	8
assemblage-617-440	0	0	0	0	0	0	7	0	0	2	0	0	0	0	0	111	0	0	0	0	0	0	0	0	0	0	0	31	0	0	0	0	18	11	0	0	0	0	0	0	0	0	0	0	0	0	0	0	0	0	0	0	0	0	0	0	0	0	0	0	0	5	64	0	0	0	0	6	0	0	0	118	0	0	0	0	0	0	0	0	0	0	0	20	0	0	0	0	0	0	0	0	0	0	0	51	0	0	0	0	0	0	0	0	0	0	0	0	26	0	0	0	30
assemblage-881-672	0	0	0	0	0	0	0	0	0	0	0	0	0	0	0	9	0	0	0	0	0	0	0	0	0	0	0	0	19	0	22	0	0	0	0	0	0	0	58	0	0	0	0	0	0	0	0	0	0	0	0	0	0	0	0	0	0	52	0	0	0	0	0	0	0	0	17	0	0	0	0	12	0	0	0	0	0	0	0	0	0	0	0	0	0	0	0	0	108	0	0	0	0	0	0	0	0	0	116	0	72	0	0	0	0	0	0	0	0	0	0	0	15
assemblage-573-213	0	0	0	0	0	0	0	0	0	0	0	0	0	0	0	284	0	0	0	0	0	0	0	0	0	0	0	0	0	0	0	0	0	0	0	0	0	0	0	0	0	0	0	0	0	0	0	0	0	0	0	0	0	0	0	0	0	0	0	0	0	0	0	0	0	0	0	26	0	0	0	77	0	0	0	0	0	0	0	0	0	0	0	0	0	0	0	0	0	0	0	0	0	0	0	76	0	0	0	0	0	0	0	0	0	0	0	0	22	0	0	0	15
assemblage-637-432	0	0	0	0	0	0	0	0	0	0	0	0	0	0	0	95	0	0	0	0	0	0	0	0	0	0	0	40	0	0	0	0	6	2	0	0	0	0	0	0	0	0	10	0	0	0	0	0	0	0	0	0	0	0	0	0	0	0	0	0	0	0	172	0	0	0	0	0	0	0	0	131	0	0	0	0	0	0	0	0	0	0	0	0	0	0	0	0	0	0	0	0	0	0	0	8	0	0	0	0	0	0	0	0	0	0	0	0	8	0	0	0	28
assemblage-698-780	0	0	0	0	0	0	0	0	0	0	0	0	0	0	0	27	0	0	0	0	0	47	0	0	0	0	0	0	91	0	0	0	62	0	0	0	0	0	0	0	0	0	0	0	0	0	0	0	0	0	0	0	0	0	0	0	0	0	0	0	0	0	0	0	0	0	12	0	0	0	0	10	55	0	0	0	11	0	0	0	0	0	0	0	0	0	0	0	0	0	0	0	0	12	0	0	0	0	0	0	0	0	0	143	0	0	0	0	0	0	0	0	30
assemblage-863-648	0	0	0	0	21	0	0	0	0	0	0	0	0	0	0	49	0	0	0	0	0	0	0	0	0	0	0	0	63	0	8	0	25	0	0	0	0	0	6	0	0	0	0	0	0	0	0	0	0	0	0	0	0	0	0	0	0	10	0	0	0	0	0	0	0	0	70	0	0	0	0	2	0	0	0	0	0	0	0	0	0	0	0	0	0	0	0	0	87	0	0	0	0	103	0	0	0	0	11	9	23	0	0	0	0	0	0	0	0	0	0	0	13
assemblage-871-116	0	0	0	0	0	0	0	0	0	0	0	0	0	0	0	129	0	0	0	44	0	0	0	0	0	0	0	0	20	0	7	0	158	0	0	0	0	0	0	0	0	0	0	0	0	0	0	0	8	0	0	0	0	12	0	0	0	0	0	0	0	0	0	9	0	0	0	0	0	0	0	36	0	0	0	0	4	0	0	7	0	0	0	0	0	0	0	0	0	0	0	0	0	0	0	19	0	0	0	0	0	0	0	26	0	0	0	0	0	0	0	0	21
assemblage-239-219	0	0	0	0	0	0	0	0	0	0	0	0	0	0	0	25	0	0	0	0	0	0	0	0	0	0	0	0	21	0	49	0	11	0	0	0	0	0	0	0	0	0	0	0	0	0	0	0	0	0	0	0	0	0	0	0	0	0	0	0	0	0	0	0	0	0	54	0	0	0	0	62	107	0	0	0	0	0	0	0	0	0	0	0	0	0	0	0	0	27	0	0	0	60	0	0	0	0	0	0	0	0	0	72	0	0	0	0	0	0	0	0	12
assemblage-124-179	0	0	0	0	0	0	0	0	0	0	0	0	0	0	0	120	0	0	0	0	0	25	0	0	0	0	0	0	37	0	27	0	72	0	0	0	0	0	0	0	0	0	0	0	0	0	0	0	0	0	0	0	0	0	0	0	0	0	0	0	0	0	0	0	0	0	0	0	0	0	0	63	29	0	0	8	2	0	0	0	0	0	0	0	0	0	0	0	0	0	0	0	0	12	0	0	0	0	0	0	0	0	0	52	0	0	0	0	0	0	0	0	53
assemblage-961-129	0	0	0	0	0	0	0	0	0	0	40	0	0	0	0	290	0	0	0	0	0	0	0	0	0	0	0	0	0	0	0	0	10	6	0	0	0	0	0	0	0	0	0	0	0	0	0	0	0	0	0	0	0	0	0	0	0	0	0	0	0	0	23	0	0	0	0	0	0	0	0	80	0	0	0	0	0	0	0	0	0	0	0	0	0	0	0	0	0	0	0	0	0	0	0	14	0	0	0	0	0	0	0	0	0	0	0	0	23	0	0	0	14
assemblage-867-659	0	0	0	0	0	0	0	0	0	0	0	0	0	0	0	6	0	0	0	0	0	0	0	0	27	0	0	0	85	0	160	0	0	0	0	0	0	0	0	0	0	0	0	0	0	0	0	0	0	0	0	0	0	0	0	0	0	19	0	0	0	0	0	0	0	0	0	0	0	0	0	60	0	0	0	0	0	0	0	0	0	0	0	0	0	0	0	0	0	0	0	0	0	71	0	0	0	0	39	0	0	0	0	0	0	0	0	0	0	0	0	0	33
assemblage-908-762	0	0	0	0	0	0	0	0	0	0	0	0	0	0	0	0	0	0	0	0	0	17	0	0	53	0	0	0	33	0	71	0	48	0	0	0	0	0	38	0	0	0	0	0	0	6	0	0	0	0	0	0	0	0	0	0	0	0	0	0	0	0	0	0	0	0	0	0	0	0	0	41	0	0	0	0	0	0	0	0	0	0	0	0	0	0	0	0	5	0	0	0	0	10	0	0	0	0	124	0	37	0	0	0	0	0	0	0	0	0	0	0	17
assemblage-781-955	0	0	0	0	0	0	0	4	0	0	0	0	0	0	0	30	0	0	0	0	0	0	0	0	0	0	0	0	25	0	44	0	23	0	0	0	0	0	0	0	0	0	0	0	0	0	0	0	0	0	0	0	0	0	0	0	10	0	0	16	0	0	0	0	0	0	54	0	0	0	0	89	61	0	0	0	0	0	0	0	0	0	0	0	0	0	0	0	0	0	0	0	0	80	0	0	0	0	47	0	0	0	0	0	0	0	0	0	0	0	0	0	17
assemblage-94-496	0	0	0	0	0	0	0	0	0	0	0	0	0	0	0	74	0	0	0	0	10	84	0	0	37	0	0	0	0	0	136	0	3	0	0	0	0	0	0	0	0	0	0	0	0	0	0	0	0	0	0	0	0	0	0	0	0	0	0	0	0	0	0	0	0	0	12	0	0	0	0	0	0	0	0	0	0	0	0	0	0	0	0	0	0	0	0	0	0	0	11	0	0	7	0	0	0	0	84	0	7	0	0	0	0	0	10	0	0	0	0	0	25
assemblage-816-142	0	0	0	0	0	0	0	0	0	0	0	0	0	0	0	110	0	7	0	0	0	23	0	0	0	0	0	0	37	0	72	0	142	0	0	0	0	0	0	0	0	0	0	0	0	0	6	0	0	0	0	0	0	0	0	0	5	0	0	0	0	0	0	0	0	0	29	0	0	0	0	0	0	0	0	0	0	0	0	0	0	0	4	0	0	0	0	0	0	0	0	0	0	0	0	0	0	0	32	0	0	0	0	10	0	0	0	0	0	0	0	0	23
assemblage-818-149	0	0	0	0	0	1	0	0	0	0	0	0	0	0	0	85	0	0	0	0	0	0	0	0	0	0	0	0	16	0	107	0	0	0	0	0	0	0	0	0	0	0	0	0	0	0	0	0	0	0	0	0	0	0	0	0	0	0	0	0	0	0	0	0	0	0	42	0	0	0	0	27	0	0	0	0	0	0	0	0	0	0	0	0	0	0	0	0	16	0	0	0	0	19	0	0	0	0	61	0	0	0	0	103	0	0	0	0	0	0	0	0	23
assemblage-963-905	0	0	0	0	0	0	0	0	0	0	0	0	0	0	0	0	0	0	0	0	0	69	0	0	0	0	0	0	327	0	4	0	0	0	0	0	0	0	0	0	0	0	0	0	0	0	0	0	0	0	0	0	0	0	0	0	0	0	0	0	20	0	0	0	0	0	0	0	0	0	0	0	0	0	0	0	0	0	0	0	0	0	0	0	0	0	0	0	0	0	0	0	0	0	0	0	0	10	12	0	0	0	0	0	39	0	0	0	0	0	0	6	13
assemblage-844-834	0	0	0	0	0	0	0	0	0	0	10	0	0	0	0	205	0	0	0	0	0	0	0	0	0	0	0	6	0	0	0	0	14	0	0	0	0	0	0	0	11	0	0	0	0	0	0	0	0	0	0	0	0	0	0	0	0	0	0	0	0	14	15	0	0	0	0	0	0	0	0	65	0	0	0	0	0	5	0	0	0	0	0	0	0	0	0	0	0	0	0	0	0	0	0	79	0	0	0	0	0	0	0	0	0	0	0	0	59	0	0	0	17
assemblage-603-766	0	0	0	0	0	0	0	0	0	0	0	0	0	0	0	210	0	0	0	0	0	80	0	0	0	0	0	0	35	0	0	0	10	0	0	0	0	0	0	0	0	0	0	0	0	0	0	0	0	0	0	0	0	0	0	0	0	0	0	0	0	0	0	0	0	0	0	0	0	0	0	31	4	0	0	0	0	0	0	0	0	0	0	0	0	0	0	0	0	0	0	0	0	0	0	0	0	0	0	0	0	0	0	96	0	0	0	0	0	0	0	0	34
assemblage-672-954	0	0	0	0	0	0	0	0	0	0	0	0	0	0	0	69	0	0	0	0	0	23	0	0	0	0	0	0	86	0	100	0	14	0	0	0	0	0	0	0	0	0	0	0	0	0	0	0	0	0	0	0	0	0	0	0	0	0	0	0	0	0	0	0	0	0	14	0	0	0	0	57	17	0	0	0	0	0	0	0	0	0	0	0	0	0	0	0	21	0	0	0	0	53	0	0	0	0	0	4	0	0	0	22	0	0	0	0	0	0	0	0	20
assemblage-104-483	0	0	0	0	0	0	0	0	0	0	0	0	0	0	0	86	0	0	0	0	0	89	0	0	52	0	0	0	0	0	140	0	0	0	0	0	0	0	0	0	0	0	0	0	0	0	0	0	0	0	0	0	0	0	0	0	0	0	0	0	0	0	0	0	0	0	4	0	0	0	0	0	0	0	0	0	0	0	0	0	0	0	0	0	0	0	0	0	0	0	8	0	0	5	0	0	0	0	82	0	3	0	0	0	0	0	4	0	0	0	0	0	27
assemblage-289-864	0	0	0	0	0	0	0	0	0	0	17	0	0	0	0	187	0	0	0	0	0	0	0	0	0	0	0	12	0	0	0	0	6	0	0	0	0	0	0	0	11	0	0	0	0	0	0	0	0	0	0	0	0	0	0	0	0	0	0	0	0	32	19	0	0	0	0	0	0	0	0	53	0	0	0	0	0	0	0	0	0	0	0	0	0	0	0	0	0	0	0	0	0	0	0	77	0	0	0	0	0	0	0	0	0	0	0	0	66	0	0	0	20
assemblage-269-930	0	0	0	0	20	0	0	0	4	0	0	0	0	0	0	56	0	0	0	0	0	0	0	0	0	0	0	0	61	0	8	0	25	0	0	0	0	0	0	0	0	0	0	0	0	0	0	0	0	0	0	0	0	0	0	0	0	9	0	0	0	0	0	0	0	0	58	0	0	0	0	0	0	0	0	0	0	0	0	0	0	0	0	0	0	0	0	0	102	0	0	0	0	98	0	0	0	0	4	4	34	0	0	0	0	0	0	0	0	0	0	0	17
assemblage-176-112	0	0	0	0	0	0	0	0	0	0	0	0	0	0	0	3	0	0	0	0	0	32	0	0	0	19	0	0	46	0	91	0	0	0	0	0	0	0	0	0	0	0	0	0	0	0	0	0	0	0	0	0	0	0	0	0	0	0	0	0	0	0	0	0	0	0	33	0	0	0	0	0	0	0	0	0	0	0	0	0	0	0	0	0	0	0	0	0	58	0	0	0	0	9	0	0	0	0	174	0	7	0	0	0	0	0	0	0	0	0	0	0	28
assemblage-440-414	0	0	0	0	0	0	0	0	0	0	0	0	0	0	0	0	80	0	0	0	0	0	0	0	0	0	0	0	38	0	0	0	0	0	0	0	0	0	0	0	0	0	0	0	0	0	0	0	0	0	0	0	0	0	0	98	0	0	0	0	0	0	0	0	0	0	0	0	0	0	0	8	0	0	0	0	0	0	0	0	0	0	0	0	0	0	0	0	0	0	0	0	0	0	0	0	0	0	249	0	0	0	0	0	0	0	0	0	0	0	0	13	14
assemblage-570-232	0	0	0	0	0	0	0	0	0	0	0	0	0	0	0	91	0	0	0	0	0	0	0	0	0	0	0	0	0	0	0	0	84	43	0	0	0	0	0	0	0	0	32	0	0	0	0	0	0	0	0	0	0	0	0	0	0	0	0	0	0	0	16	0	0	0	0	0	0	0	0	173	0	0	0	0	0	0	0	0	0	0	0	0	0	0	0	0	0	0	0	0	0	0	0	19	0	0	0	0	0	0	0	0	0	0	0	0	17	0	0	0	25
assemblage-969-101	0	0	0	0	0	0	0	0	0	0	39	0	0	0	0	278	0	0	0	0	0	0	0	0	0	0	0	0	0	0	0	0	0	8	0	0	0	0	0	0	0	0	0	0	0	0	0	0	0	0	0	0	0	0	0	0	0	0	0	0	0	0	27	0	0	0	0	0	0	0	0	82	0	0	0	0	0	0	0	0	0	0	0	0	0	0	5	0	0	0	0	0	0	0	0	9	0	0	0	0	0	0	0	0	0	0	0	0	33	0	0	0	19
assemblage-632-438	0	0	0	0	0	0	0	0	0	14	0	0	0	0	0	150	0	0	0	0	0	0	6	0	0	0	0	22	0	0	0	0	30	0	0	0	0	0	0	0	0	0	0	0	0	0	0	0	0	0	0	0	0	0	0	0	0	0	0	0	0	0	22	0	0	0	0	15	0	0	0	62	0	0	0	0	0	0	0	0	0	0	0	29	0	0	0	0	0	0	0	0	0	0	0	78	0	0	0	0	0	0	0	0	0	0	0	0	65	0	0	0	7
assemblage-754-596	0	0	0	0	0	0	0	0	0	0	0	0	0	0	0	199	0	0	0	12	0	0	0	0	0	0	0	0	0	0	0	0	53	25	0	0	0	0	0	0	0	0	0	0	0	0	0	0	0	0	0	0	0	0	0	0	0	0	0	0	0	0	0	0	0	0	0	0	0	0	0	167	0	0	0	0	0	0	0	0	0	0	0	0	0	0	0	0	0	0	0	0	0	0	0	7	0	0	0	0	0	0	0	0	0	0	0	0	0	0	0	0	37
assemblage-753-307	0	0	0	0	0	0	0	0	0	0	0	0	0	0	0	99	0	0	0	0	0	0	0	0	0	0	0	0	0	0	0	0	57	35	0	0	0	0	0	0	0	0	19	0	0	0	0	0	0	0	0	0	0	0	0	0	0	0	0	0	0	0	12	0	0	0	0	0	0	0	0	202	0	0	0	0	0	0	0	0	0	0	0	0	0	0	0	0	0	0	0	0	0	0	0	23	0	0	0	0	0	0	0	0	0	0	0	0	28	0	0	0	25
assemblage-108-487	0	0	0	0	0	0	0	0	0	0	0	0	0	0	0	15	0	0	0	0	0	0	0	0	23	0	0	0	61	0	184	0	0	0	0	0	0	0	0	0	0	0	0	0	0	0	0	0	0	0	0	0	0	0	0	0	0	19	0	0	0	0	0	0	0	0	0	0	0	0	0	76	0	0	0	0	0	0	0	0	0	0	0	0	0	0	0	0	0	0	0	0	0	57	0	0	0	0	43	0	0	0	0	0	0	0	0	0	0	0	0	0	22
assemblage-843-805	0	0	0	0	0	0	0	0	0	18	0	0	0	0	0	128	0	0	0	0	0	0	0	0	0	0	0	40	0	0	0	0	28	0	0	0	0	0	0	0	0	0	0	0	0	0	0	0	0	0	0	0	0	0	0	0	0	0	0	0	0	0	31	0	0	0	0	16	0	0	0	60	0	0	0	0	0	0	0	0	0	0	0	34	0	0	0	0	0	0	0	0	0	0	0	90	0	0	0	0	0	0	0	0	0	0	0	0	38	0	0	0	17
assemblage-205-456	0	0	0	8	0	0	0	0	0	0	0	0	0	0	0	203	0	0	0	0	0	0	0	0	0	0	0	0	36	0	0	0	0	0	0	0	0	0	0	37	0	0	0	0	0	0	0	0	0	0	0	0	0	0	0	0	0	19	0	0	0	0	0	0	0	0	0	0	0	0	0	0	0	0	0	0	0	0	0	0	0	0	0	0	0	0	0	0	0	0	0	0	0	117	0	0	0	0	44	0	0	0	0	0	0	0	0	0	0	0	7	0	29
assemblage-719-315	0	0	0	0	0	0	0	0	0	0	0	0	0	0	0	229	0	0	0	0	0	0	0	0	0	0	0	0	0	0	0	0	0	0	0	0	0	0	0	0	0	0	0	0	0	0	0	0	0	0	0	0	0	0	0	0	0	0	0	0	0	0	0	0	0	0	0	34	0	0	0	83	0	0	0	0	0	0	0	0	0	0	0	0	0	0	0	0	0	0	0	0	0	0	0	92	0	0	0	0	0	0	0	0	0	0	0	0	31	0	0	0	31
assemblage-864-95	0	0	0	0	0	0	0	0	0	0	0	0	0	0	0	111	0	0	0	29	0	0	0	0	0	0	0	0	25	0	0	0	155	0	0	0	0	0	0	0	0	0	0	0	0	0	0	0	13	0	0	0	0	11	0	0	0	0	0	0	0	0	0	8	0	0	0	0	0	0	0	54	0	0	0	0	13	0	0	20	0	0	0	0	0	0	0	0	0	0	0	0	0	0	0	9	0	0	0	0	0	0	0	10	0	0	0	0	0	0	0	0	42
assemblage-124-770	0	0	0	0	0	0	0	0	0	0	0	0	0	0	0	262	0	0	0	0	0	0	0	0	0	0	0	0	0	0	0	0	0	0	0	0	0	0	0	0	0	0	0	0	0	0	0	0	0	0	0	0	0	0	0	0	0	0	0	0	0	0	0	0	0	0	0	22	0	0	0	68	0	0	0	0	0	0	0	0	0	0	0	0	0	0	0	0	0	0	0	0	0	0	0	92	0	0	0	0	0	0	0	0	0	0	0	0	31	0	0	0	25
assemblage-180-470	0	0	0	0	0	0	0	0	0	0	0	0	0	0	0	7	0	0	0	0	0	0	0	0	50	0	0	0	90	0	0	0	0	0	0	0	0	0	0	0	0	0	0	0	0	0	0	0	0	0	0	0	0	0	0	0	0	92	0	0	0	0	0	0	0	0	0	0	0	0	0	0	0	0	0	0	0	0	0	0	0	0	0	0	0	0	0	0	25	0	0	0	0	75	0	0	0	0	42	0	85	0	0	0	0	0	0	0	0	0	0	0	34
assemblage-530-360	0	0	0	0	0	0	0	0	0	0	0	0	0	0	0	219	0	0	0	16	0	0	0	0	0	0	0	0	0	0	0	0	60	24	0	0	0	0	0	0	0	0	0	0	0	0	0	0	0	0	0	0	0	0	0	0	0	0	0	0	0	0	0	0	0	0	0	0	0	0	0	141	0	0	0	0	0	0	0	0	4	0	0	0	0	0	0	0	0	0	0	0	0	0	0	9	0	0	0	0	0	0	3	0	0	0	0	0	0	0	0	0	24
assemblage-855-123	0	0	9	0	0	0	0	0	0	0	0	0	0	0	0	159	0	0	0	0	0	3	0	0	0	0	0	0	53	0	0	0	69	0	0	30	0	0	0	0	0	0	0	0	0	0	0	0	0	0	0	0	0	0	0	0	0	0	0	0	0	0	0	0	0	0	0	0	0	0	0	138	0	0	0	0	3	0	0	0	0	0	0	0	0	0	0	0	0	0	0	0	0	0	0	0	1	0	0	0	0	0	0	6	0	0	0	0	0	0	0	0	29
assemblage-924-941	0	0	0	0	0	0	0	0	0	0	0	0	0	0	0	202	0	0	0	0	0	89	0	0	0	0	0	0	28	0	0	0	10	0	0	0	0	0	0	0	0	0	0	0	0	0	0	0	0	0	0	6	0	0	0	0	0	0	0	0	0	0	0	0	0	0	0	0	0	0	0	46	11	0	0	0	0	0	0	0	0	6	0	0	0	0	0	0	0	0	0	0	0	0	0	0	0	0	0	0	0	0	0	87	0	0	0	0	0	0	0	0	15
assemblage-89-798	0	0	0	0	0	0	0	0	0	0	0	0	0	0	0	77	0	0	0	0	0	0	0	0	0	0	0	0	0	0	0	0	61	63	0	0	0	0	0	0	0	0	24	0	0	0	0	0	0	0	0	0	0	0	0	0	0	0	0	0	0	0	17	0	0	0	0	0	0	0	0	207	0	0	0	0	0	0	0	0	0	0	0	0	0	0	0	0	0	0	0	0	0	0	0	13	0	0	0	0	0	0	0	0	0	0	0	0	27	0	0	0	11
assemblage-408-809	0	0	0	0	0	0	0	0	0	0	0	0	0	0	0	0	0	0	0	0	0	10	0	0	51	0	0	0	17	0	79	0	37	0	0	0	0	0	43	0	0	0	0	0	0	4	0	0	0	0	0	0	0	0	0	0	0	0	0	0	0	0	0	0	0	0	0	0	0	0	0	30	0	0	0	0	0	0	0	0	0	0	0	0	0	0	0	0	0	0	0	0	0	11	0	0	0	0	176	0	24	0	0	0	0	0	0	0	0	0	0	0	18
assemblage-860-563	0	0	0	0	0	0	0	0	0	0	0	0	0	0	0	99	0	0	0	0	0	98	0	0	52	0	0	0	0	0	121	0	10	0	0	0	0	0	0	0	0	0	0	0	0	0	0	0	0	0	0	0	0	0	0	0	0	0	0	0	0	0	0	0	0	0	3	0	0	0	0	0	0	0	0	0	0	0	0	0	0	0	0	0	0	0	0	0	0	0	0	0	0	0	0	0	0	0	79	0	3	0	0	0	0	0	10	0	0	0	0	0	25
assemblage-968-844	0	0	0	0	3	0	0	0	0	0	0	0	0	0	0	11	0	0	0	0	0	0	0	0	45	0	0	0	95	0	0	0	0	0	0	0	0	0	0	0	0	0	0	0	0	0	0	0	0	0	0	0	0	0	0	0	0	91	0	0	0	0	0	0	0	0	0	0	0	0	0	0	0	0	0	0	0	0	0	0	0	0	0	0	0	0	0	0	24	0	0	0	0	51	0	0	0	0	60	0	77	0	0	0	0	0	0	0	0	0	0	0	43
assemblage-927-390	0	0	0	0	0	0	0	0	0	0	0	0	0	0	0	159	0	0	0	34	0	0	0	0	0	0	0	0	21	0	0	0	31	0	0	0	0	0	0	0	0	0	0	0	0	0	0	0	0	0	0	21	0	0	0	0	0	0	0	0	0	0	0	0	0	0	0	0	7	0	0	116	0	0	0	0	0	0	0	0	0	0	0	0	0	0	25	0	0	0	0	0	0	0	0	0	0	0	0	0	0	0	0	0	0	0	0	0	70	0	0	0	16
assemblage-419-432	0	0	0	0	0	0	0	0	0	0	0	0	0	0	0	0	78	0	0	0	0	0	0	0	0	0	0	0	46	0	0	0	0	0	0	0	0	0	0	0	0	0	0	0	0	0	0	0	0	0	0	0	0	0	0	100	0	0	0	0	0	0	0	0	0	0	0	0	0	0	0	17	0	0	0	0	0	0	0	0	0	0	0	0	0	0	0	0	0	0	0	0	0	0	0	0	0	0	227	0	0	0	0	0	0	0	0	0	0	0	0	9	23
assemblage-937-805	0	0	0	0	0	0	0	0	0	0	0	0	0	0	0	251	0	0	0	20	0	9	0	0	0	0	0	0	0	0	0	0	57	46	0	0	0	0	0	0	0	0	0	0	56	0	0	0	0	0	0	0	0	0	0	0	0	0	0	0	0	0	0	0	0	0	0	0	0	0	0	32	0	0	0	0	0	0	0	0	0	0	0	0	0	0	0	0	0	0	0	0	0	0	0	9	0	0	0	0	0	0	0	7	0	0	0	0	0	0	0	0	13
assemblage-141-138	0	0	0	0	0	0	0	0	0	0	0	0	0	0	0	178	0	0	0	0	0	7	0	0	0	0	0	0	25	0	17	0	59	0	0	7	0	0	0	0	0	0	0	0	0	0	0	0	0	0	0	0	0	0	0	0	0	0	0	0	0	0	0	0	0	0	0	0	0	0	0	149	0	0	0	0	7	0	0	0	0	0	0	0	0	0	0	0	0	0	0	0	7	0	0	0	0	0	0	0	0	0	0	0	0	0	0	17	0	0	0	0	27
assemblage-777-970	0	0	13	0	0	0	0	0	0	0	0	0	0	0	0	149	0	0	0	0	0	10	0	0	0	0	0	0	43	0	0	0	66	0	0	27	0	0	0	0	0	0	0	0	0	0	0	0	0	0	0	0	0	0	0	0	0	0	0	0	0	0	0	0	0	0	0	0	0	0	0	149	0	0	0	0	0	0	0	0	0	0	0	0	0	0	0	0	0	0	0	0	0	0	0	0	0	0	0	0	0	0	0	5	0	0	0	0	0	0	0	0	38
assemblage-767-570	0	0	0	0	0	0	0	0	0	0	0	0	0	0	0	201	0	0	0	18	0	0	0	0	0	0	0	0	0	0	0	0	69	27	0	0	0	0	0	0	0	0	0	0	0	0	0	0	0	0	0	0	0	0	0	0	0	0	0	0	0	0	0	0	0	0	0	0	0	0	0	128	0	0	0	0	0	0	0	0	0	0	0	0	0	0	0	0	0	0	0	0	0	0	0	18	0	0	0	0	0	0	10	0	0	0	0	0	0	0	0	0	29
assemblage-428-423	0	0	0	0	0	0	0	0	0	0	0	0	0	0	0	0	61	0	0	0	0	0	0	0	0	0	0	0	46	0	0	0	0	0	0	0	0	0	0	0	0	0	0	0	0	0	0	0	0	0	0	0	0	0	0	115	0	0	7	0	0	0	0	0	0	0	0	0	0	0	0	12	0	0	0	0	0	0	0	0	0	0	0	0	0	0	0	0	0	0	0	0	0	0	0	0	0	0	232	0	0	0	0	0	0	0	0	0	0	0	0	12	15
assemblage-604-759	0	0	0	0	0	0	0	0	0	0	0	0	0	0	0	189	0	0	0	0	0	71	0	0	0	0	0	0	44	0	0	0	12	0	0	0	0	0	0	0	0	0	0	0	0	0	0	0	0	0	0	9	0	0	0	0	0	0	0	0	0	0	0	0	0	0	0	0	0	0	0	40	9	0	0	0	0	0	0	0	0	0	0	0	0	0	0	0	0	0	0	0	0	0	0	0	0	0	0	0	0	0	0	103	0	0	0	0	0	0	0	0	23
assemblage-687-960	0	0	0	0	0	0	0	0	0	0	0	0	0	0	0	77	0	0	0	0	0	8	0	0	0	0	0	0	64	0	106	0	11	0	0	0	0	0	0	0	0	0	0	0	0	0	0	0	0	0	0	0	0	0	0	0	0	0	0	0	0	0	0	0	0	0	27	0	0	0	0	65	21	0	0	0	0	0	0	0	0	0	0	0	0	0	0	0	39	0	0	0	0	31	0	0	0	0	0	6	0	0	0	25	0	0	0	0	0	0	0	0	20
assemblage-181-106	0	0	0	0	0	0	0	0	0	0	0	0	0	0	0	21	0	0	0	0	0	33	0	0	0	0	0	0	69	0	135	0	4	0	0	0	0	0	0	0	0	0	0	0	0	0	0	0	0	15	0	0	0	0	0	0	0	0	0	0	0	0	0	0	0	0	72	0	0	0	0	69	0	0	0	0	0	0	0	0	0	0	0	0	0	0	0	0	0	0	0	0	0	68	0	0	0	0	0	0	0	0	0	0	0	0	0	0	0	0	0	0	14
assemblage-698-797	0	0	0	0	0	0	0	0	0	0	0	0	0	0	0	157	0	0	0	0	0	10	0	0	0	0	0	0	30	0	11	0	56	0	0	13	0	0	0	0	0	0	0	0	0	0	0	0	0	0	0	0	0	0	0	0	0	0	0	0	0	0	0	0	0	0	0	0	0	0	0	167	0	0	0	0	15	0	0	0	0	0	0	0	0	0	0	0	0	0	0	0	0	0	0	0	0	0	0	0	0	0	0	7	0	0	0	7	0	0	0	0	27
assemblage-906-831	0	0	0	0	0	0	0	0	0	0	0	0	0	0	0	80	0	8	0	0	0	38	0	0	0	0	0	0	42	0	84	0	146	0	0	0	0	0	0	0	0	0	0	0	0	0	0	0	0	0	0	0	0	0	0	0	0	0	0	0	0	0	0	0	0	0	22	0	0	0	0	0	0	0	0	0	0	0	0	0	0	0	0	0	0	0	0	0	0	0	0	5	0	0	0	0	0	0	44	0	0	0	0	4	0	0	0	0	0	0	0	0	27
assemblage-454-431	0	0	0	0	0	0	0	0	0	0	0	0	0	0	0	0	67	0	0	0	0	0	0	0	0	0	0	0	31	0	0	0	0	0	0	0	0	0	0	0	0	0	0	0	0	0	0	0	0	0	0	0	0	0	0	95	0	0	0	0	0	0	0	0	0	0	0	0	0	0	0	19	0	0	0	0	0	0	0	0	0	0	0	0	0	0	0	0	0	0	0	0	0	0	0	0	0	0	259	0	0	0	0	0	0	0	0	0	0	0	0	14	15
assemblage-262-925	0	0	0	0	0	0	0	0	0	0	0	0	0	0	0	4	0	0	0	0	0	0	0	0	0	0	0	0	26	0	27	0	0	0	0	0	0	0	43	0	0	0	0	0	0	0	0	0	0	0	0	0	0	0	0	0	0	46	0	0	0	0	0	0	0	0	18	0	0	0	0	18	0	0	0	0	0	0	0	0	0	0	0	0	0	0	0	0	122	0	0	0	0	0	0	0	0	0	109	0	80	0	0	0	0	0	0	0	0	0	0	0	7
assemblage-848-504	0	0	0	0	0	0	0	0	0	0	0	0	0	0	0	0	0	0	0	0	0	0	0	0	214	0	0	0	0	0	0	0	0	0	0	0	0	0	0	0	0	0	0	0	0	0	0	0	0	0	0	0	0	0	0	0	0	0	0	0	0	0	0	0	0	0	0	0	0	0	0	0	0	0	0	0	0	0	0	0	0	0	0	0	0	2	0	0	134	0	0	0	0	13	0	0	0	0	0	0	81	0	0	0	0	42	0	0	0	0	0	0	14
assemblage-831-161	0	0	0	0	0	3	0	0	0	0	0	0	0	0	0	92	0	0	0	0	0	0	0	0	0	0	0	0	19	0	103	0	0	0	0	0	0	0	0	0	0	0	0	0	0	0	0	0	0	0	0	0	0	0	0	0	0	0	0	0	0	0	0	0	0	0	48	0	0	0	0	27	0	0	0	0	0	0	0	0	0	0	0	0	0	0	0	0	11	0	0	0	0	25	0	0	0	0	64	0	0	0	0	96	0	0	0	0	0	0	0	0	12
assemblage-899-926	0	0	0	0	0	0	0	0	0	0	0	0	0	0	0	17	0	0	0	0	0	30	0	0	0	0	0	0	102	0	0	0	77	0	0	0	0	0	0	0	0	0	0	0	0	0	0	0	0	0	0	0	0	0	0	0	0	0	0	0	0	0	0	0	0	0	12	0	0	0	0	15	63	0	0	0	18	0	0	0	0	0	0	0	0	0	0	0	0	0	0	0	0	10	0	0	0	0	0	0	0	0	0	128	0	0	0	0	0	0	0	0	28
assemblage-756-597	0	0	0	0	0	0	0	0	0	0	0	0	0	0	0	238	0	0	0	17	0	10	0	0	0	0	0	0	0	0	0	0	70	37	0	0	0	0	0	0	0	0	0	0	63	0	0	0	0	0	0	0	0	0	0	0	0	0	0	0	0	0	0	0	0	0	0	0	0	0	0	29	0	0	0	0	0	0	0	0	0	0	0	0	0	0	0	0	0	0	0	0	0	0	0	9	0	0	0	0	0	0	0	9	0	0	0	0	0	0	0	0	18
assemblage-971-933	0	0	0	0	0	0	0	0	0	0	0	0	0	0	0	0	0	0	0	0	0	60	0	0	0	0	0	0	317	0	7	0	0	0	0	0	0	0	0	0	0	0	0	0	0	0	0	0	0	0	0	0	0	0	0	0	0	0	0	0	16	0	0	0	0	0	0	0	0	0	0	0	0	0	0	0	0	0	0	0	0	0	0	0	0	0	0	0	0	0	0	0	0	0	0	0	0	29	6	0	0	0	0	0	36	0	0	0	0	0	0	16	13
assemblage-902-848	0	0	0	0	0	0	0	9	0	0	0	0	0	0	0	35	0	0	0	0	0	0	0	0	0	0	0	0	18	0	54	0	28	0	0	0	0	0	0	0	0	0	0	0	0	0	0	0	0	0	0	0	0	0	0	0	6	0	0	9	0	0	0	0	0	0	46	0	0	0	0	80	52	0	0	0	0	0	0	0	0	0	0	0	0	0	0	0	0	0	0	0	0	79	0	0	0	0	61	0	0	0	0	0	0	0	0	0	0	0	0	0	23
assemblage-897-916	0	0	0	0	0	0	0	0	0	0	0	0	0	0	0	148	0	10	0	0	0	9	0	0	0	0	0	0	33	0	8	0	69	0	0	6	0	0	0	0	0	0	0	0	0	0	0	0	0	0	0	0	0	0	0	0	0	0	0	0	0	0	0	0	0	4	0	0	0	0	0	159	0	0	0	0	19	0	0	0	0	0	0	0	0	0	0	0	0	0	0	0	6	0	0	0	0	0	0	0	0	0	0	6	0	0	0	5	0	0	0	0	18
assemblage-249-243	0	0	0	0	0	0	0	0	0	0	0	0	0	0	0	87	0	0	0	0	0	0	0	0	0	0	0	0	30	0	107	0	0	0	0	0	0	0	0	0	0	0	0	0	0	0	0	0	0	0	0	0	0	0	0	0	0	0	0	0	0	0	0	0	0	0	33	0	0	0	0	35	0	0	0	0	0	0	0	0	0	0	0	0	0	0	0	0	19	0	0	0	0	25	0	0	0	0	45	0	0	0	0	98	0	0	0	0	0	0	0	0	21
assemblage-572-227	0	0	0	0	0	0	0	0	0	0	0	0	0	0	0	128	0	0	0	7	0	0	0	0	0	0	0	13	0	0	0	0	33	0	0	0	0	0	0	0	13	0	0	0	12	0	0	0	0	0	6	0	0	0	0	0	0	0	0	0	0	0	0	0	0	0	0	0	0	0	0	231	0	0	0	0	0	0	0	0	0	0	0	23	0	0	0	0	0	0	0	0	0	0	0	0	0	0	0	0	0	0	0	0	0	0	0	0	17	0	0	0	17
assemblage-297-850	0	0	0	0	0	0	15	0	0	0	0	0	0	0	0	31	0	0	0	0	0	0	0	0	0	0	0	56	0	0	0	0	12	50	0	0	0	0	0	0	0	0	0	0	0	0	0	0	0	0	0	0	0	0	0	0	0	0	0	0	0	0	44	0	0	0	0	0	0	0	0	176	0	0	0	0	0	0	0	0	0	0	0	54	0	0	0	5	0	0	0	0	0	0	0	32	0	0	0	0	0	0	0	0	0	0	0	0	0	10	0	0	15
assemblage-280-849	0	0	0	0	0	0	0	0	0	23	0	0	0	0	0	101	0	0	0	0	0	0	4	0	0	0	0	37	0	0	0	0	18	0	0	0	0	0	0	0	0	0	0	0	0	0	0	0	0	0	0	0	0	0	0	0	0	0	0	0	0	0	41	0	0	0	0	21	0	0	0	63	0	0	0	0	0	0	0	0	0	0	0	42	0	0	0	0	0	0	0	0	0	0	0	99	0	0	0	0	0	0	0	0	0	0	0	0	46	0	0	0	5
assemblage-373-790	0	0	0	0	0	0	0	0	0	0	0	0	0	0	0	187	7	0	0	0	0	0	0	0	0	0	0	0	33	0	0	0	0	0	0	0	0	0	0	38	0	0	0	0	0	0	0	0	0	0	0	0	0	0	0	0	0	18	0	0	0	0	0	0	0	0	0	0	0	0	0	0	0	0	0	0	0	0	0	0	0	0	0	0	0	0	0	0	0	0	0	0	0	133	0	0	0	0	38	0	0	0	0	0	0	0	0	0	0	0	17	0	29
assemblage-292-849	0	0	0	0	0	0	17	0	0	0	0	0	0	0	0	40	0	0	0	0	0	0	0	0	0	0	0	71	0	0	0	0	13	44	0	0	0	0	0	0	0	0	0	0	0	0	0	0	0	0	0	0	0	0	0	0	0	0	0	0	0	0	43	0	0	0	0	0	0	0	0	164	0	0	0	0	0	0	0	0	0	0	0	58	0	0	0	4	0	0	0	0	0	0	0	14	0	0	0	0	0	0	0	0	0	0	0	0	0	11	0	0	21
assemblage-963-933	0	0	0	0	0	0	0	0	0	0	0	0	0	0	0	0	0	0	0	0	0	71	0	0	0	0	0	0	334	0	10	0	0	0	0	0	0	0	0	0	0	0	0	0	0	0	0	0	0	0	0	0	0	0	0	0	0	0	0	0	11	0	0	0	0	0	0	0	0	0	0	0	0	0	0	0	0	0	0	0	0	0	0	0	0	0	0	0	0	0	0	0	0	0	0	0	0	17	7	0	0	0	0	0	33	0	0	0	0	0	0	0	17
assemblage-130-147	0	0	0	0	0	0	0	0	0	0	0	0	0	0	0	164	0	0	0	0	0	7	0	0	0	0	0	0	25	0	14	0	63	0	0	8	0	0	0	0	0	0	0	0	0	0	0	0	0	0	0	0	0	0	0	0	0	0	0	0	0	0	0	0	0	0	0	0	0	0	0	172	0	0	0	0	8	0	0	0	0	0	0	0	0	0	0	0	0	0	0	0	9	0	0	0	0	0	0	0	0	0	0	0	0	0	0	0	0	0	0	0	30
assemblage-990-752	0	0	0	0	0	0	0	0	0	0	0	0	0	0	0	21	0	0	0	0	0	52	0	0	0	0	0	0	66	0	130	0	4	0	0	0	0	0	0	0	0	0	0	0	0	0	0	0	0	18	0	0	0	0	0	0	0	0	0	0	0	0	0	0	0	0	79	0	0	0	0	69	0	0	0	0	0	0	0	0	0	0	0	0	0	0	0	0	0	0	0	0	0	44	0	0	0	0	10	0	0	0	0	0	0	0	0	0	0	0	0	0	7
assemblage-585-782	0	0	0	0	0	0	0	0	0	0	0	0	0	0	0	201	0	0	0	0	0	69	0	0	0	0	0	0	29	0	0	0	8	0	0	0	0	0	0	0	0	0	0	0	0	0	0	0	0	0	0	0	0	0	0	0	0	0	0	0	0	0	0	0	0	0	0	0	0	0	0	52	11	0	0	0	0	0	0	0	0	0	0	0	0	0	0	0	0	0	0	0	0	0	0	0	0	0	0	0	0	0	0	91	0	0	0	0	0	0	0	0	39
assemblage-505-367	0	0	0	0	0	0	0	0	0	0	0	0	0	0	0	157	0	0	0	28	0	0	0	0	0	0	0	0	13	0	0	0	32	0	0	0	0	0	0	0	0	0	0	1	0	0	0	7	0	0	0	11	0	0	0	0	0	0	0	0	0	0	0	0	0	0	0	0	3	0	0	108	0	0	0	0	0	0	0	0	0	0	0	0	0	0	38	0	0	0	0	0	0	0	0	0	0	0	0	0	0	0	0	0	0	0	0	0	80	0	0	0	22
assemblage-828-162	0	0	0	0	0	0	0	0	0	0	0	0	0	0	0	91	0	0	0	0	0	0	0	0	0	0	0	0	37	0	115	0	0	0	0	0	0	0	0	0	0	0	0	0	0	0	0	0	0	0	0	0	0	0	0	0	0	0	0	0	0	0	0	0	0	0	47	0	0	0	0	26	0	0	0	0	0	0	0	0	0	0	0	0	0	0	0	0	19	0	0	0	0	14	0	0	0	0	49	0	0	0	0	78	0	0	0	0	0	0	0	0	24
assemblage-116-774	0	0	0	0	0	0	0	0	0	0	0	0	0	0	0	79	0	0	0	0	0	0	0	0	0	0	0	0	0	0	0	0	59	31	0	0	0	0	0	0	0	0	30	0	0	0	0	0	0	0	0	0	0	0	0	0	0	0	0	0	0	0	17	0	0	0	0	0	0	0	0	207	0	0	0	0	0	0	0	0	0	0	0	0	0	0	0	0	0	0	0	0	0	0	0	26	0	0	0	0	0	0	0	0	0	0	0	0	26	0	0	0	25
assemblage-612-439	0	0	0	0	0	0	0	0	0	0	0	0	0	0	0	105	0	0	0	0	0	0	0	0	0	0	0	22	0	0	0	0	7	0	0	0	0	0	0	0	0	0	6	0	0	0	0	0	0	0	0	0	0	0	0	0	0	0	0	0	0	0	207	0	0	0	0	0	0	0	0	117	0	0	0	0	0	0	0	0	0	0	0	0	0	0	0	0	0	0	0	0	0	0	0	5	0	0	0	0	0	0	0	0	0	0	0	0	6	0	0	0	25
assemblage-986-762	0	0	0	0	0	0	0	0	0	0	0	0	0	0	0	56	0	0	0	0	0	16	0	0	0	0	0	0	67	0	102	0	22	0	0	0	0	0	0	0	0	0	0	0	0	0	0	0	0	0	0	0	0	0	0	0	0	0	0	0	0	0	0	0	0	0	25	0	0	0	0	65	21	0	0	0	0	0	0	0	0	0	0	0	0	0	0	0	31	0	0	0	0	41	0	0	0	0	0	8	0	0	0	28	0	0	0	0	0	0	0	0	18
assemblage-842-827	0	0	0	0	0	0	8	0	0	0	0	0	0	0	0	39	0	0	0	0	0	0	0	0	0	0	0	68	0	0	0	0	12	46	0	0	0	0	0	0	0	0	0	0	0	0	0	0	0	0	0	0	0	0	0	0	0	0	0	0	0	0	22	0	0	0	0	0	0	0	0	192	0	0	0	0	0	0	0	0	0	0	0	47	0	0	0	6	0	0	0	0	0	0	0	30	0	0	0	0	0	0	0	0	0	0	0	0	0	16	0	0	14
assemblage-727-310	0	0	0	0	0	0	0	0	0	0	0	0	0	0	0	77	0	0	0	0	0	0	0	0	0	0	0	0	0	0	0	0	73	40	0	0	0	0	0	0	0	0	34	0	0	0	0	0	0	0	0	0	0	0	0	0	0	0	0	0	0	0	19	0	0	0	0	0	0	0	0	192	0	0	0	0	0	0	0	0	0	0	0	0	0	0	0	0	0	0	0	0	0	0	0	28	0	0	0	0	0	0	0	0	0	0	0	0	18	0	0	0	19
assemblage-869-510	0	0	0	0	0	0	0	0	0	0	0	0	0	0	0	0	0	0	0	0	0	0	0	0	189	0	0	0	0	0	0	0	0	0	0	0	0	0	0	0	0	0	0	0	0	0	0	0	0	0	0	0	0	0	0	0	0	0	0	0	0	0	0	0	0	0	0	0	0	0	0	0	0	0	0	0	0	0	0	0	0	0	0	0	0	5	0	0	162	0	0	0	0	19	0	0	0	0	0	0	57	0	0	0	0	39	0	0	0	0	0	0	29
assemblage-747-973	0	0	0	0	0	0	0	0	0	0	0	0	0	0	0	127	0	0	0	46	0	5	0	0	0	0	0	0	23	0	0	0	168	0	0	0	0	0	0	0	0	0	0	0	0	0	0	0	13	0	0	0	0	6	0	0	0	0	0	0	0	0	0	0	0	0	0	0	0	0	0	46	0	0	0	0	6	0	0	4	0	0	0	0	0	0	0	0	0	0	0	0	0	0	0	26	0	0	0	0	0	0	0	14	0	0	0	0	0	0	0	0	16
assemblage-958-854	0	0	0	0	0	0	0	0	0	0	0	0	0	0	0	203	0	0	0	0	0	4	0	0	0	0	0	0	20	0	0	0	0	0	0	0	0	0	0	32	0	0	0	0	0	0	0	0	0	0	0	0	0	0	0	0	0	17	0	0	0	0	0	0	0	0	0	0	0	0	0	0	0	0	0	0	0	0	0	0	0	0	0	0	0	0	0	0	0	0	0	0	0	144	0	0	0	0	32	0	0	0	0	0	0	0	0	0	0	0	14	0	34
assemblage-951-364	0	0	0	0	0	0	0	0	0	0	0	0	0	5	0	167	0	0	0	26	0	5	0	0	0	0	0	0	0	0	0	7	16	0	0	0	0	14	0	0	8	0	0	0	0	0	0	0	0	0	0	53	0	0	0	0	0	0	0	0	0	0	0	0	0	0	0	0	0	0	0	139	0	0	0	0	0	0	0	0	0	0	0	0	0	0	24	0	0	0	0	0	0	0	0	0	0	0	0	0	0	0	0	0	0	0	0	0	0	0	0	0	36
assemblage-874-113	0	0	0	0	0	0	0	0	0	0	0	3	0	0	0	202	0	0	0	0	0	79	0	0	0	0	0	0	27	0	0	0	19	0	0	0	0	0	0	0	0	0	0	0	0	0	0	0	0	0	0	4	0	0	0	0	0	0	0	0	0	0	0	0	0	0	0	0	0	0	0	37	12	0	0	0	0	0	0	0	0	0	0	0	0	0	0	0	0	0	0	0	0	0	0	0	0	0	0	0	0	0	0	100	0	0	0	0	0	0	0	0	17
assemblage-493-666	0	0	0	0	0	0	0	0	0	0	0	0	0	0	0	38	0	0	0	0	0	0	0	13	12	0	0	0	0	0	0	0	0	0	0	0	0	0	0	38	0	0	0	0	0	0	0	0	0	0	0	0	0	0	0	0	0	161	0	0	0	0	0	0	3	0	0	0	0	0	0	0	0	0	0	0	0	0	0	0	0	0	0	0	0	0	0	0	0	0	0	0	0	211	0	0	0	0	0	0	0	0	0	0	0	3	0	0	0	0	0	0	21
assemblage-618-424	0	0	0	0	0	0	23	0	0	0	0	0	0	0	0	34	0	0	0	0	0	0	0	0	0	0	0	74	0	0	0	0	12	37	0	0	0	0	0	0	0	0	0	0	2	0	0	0	0	0	0	0	0	0	0	0	0	0	0	0	0	0	22	0	0	0	0	0	0	0	0	178	0	0	0	0	0	0	0	0	0	0	0	52	0	0	0	8	0	0	0	0	0	0	0	38	0	0	0	0	0	0	0	0	0	0	0	0	0	14	0	0	6
assemblage-274-943	0	0	0	0	0	0	0	0	0	0	0	0	0	0	0	11	0	0	0	0	0	0	0	0	20	0	0	0	70	0	196	0	0	0	0	0	0	0	0	0	0	0	0	0	0	0	0	0	0	0	0	0	0	0	0	0	0	25	0	0	0	0	0	0	0	0	0	0	0	0	0	71	0	0	0	0	0	0	0	0	0	0	0	0	0	0	0	0	0	0	0	0	0	47	0	0	0	0	32	0	0	0	0	0	0	0	8	0	0	0	0	0	20
assemblage-532-222	0	0	0	0	0	0	0	0	0	0	0	0	0	0	0	138	0	0	0	0	0	12	0	0	0	0	0	0	25	0	10	0	81	0	0	6	0	0	0	0	0	0	0	0	0	0	0	0	0	0	0	0	0	0	0	0	0	0	0	0	0	0	0	0	0	7	0	0	0	0	0	175	0	0	0	0	14	0	0	0	0	0	0	0	0	0	0	0	0	0	0	0	6	0	0	0	0	0	0	0	0	0	0	0	0	0	0	10	0	0	0	0	16
assemblage-946-393	0	0	0	0	0	0	0	0	0	0	0	0	0	0	0	184	0	0	0	17	0	7	0	0	0	0	0	0	0	0	0	8	23	0	0	0	0	4	0	0	8	0	0	0	0	0	0	0	0	0	0	40	0	0	0	0	0	0	0	0	0	0	0	0	0	0	0	0	0	0	0	163	0	0	0	0	0	0	0	0	0	0	0	0	0	0	21	0	0	0	0	0	0	0	0	0	0	0	0	0	0	0	0	0	0	0	0	0	0	0	0	0	25
assemblage-523-779	0	0	0	0	0	0	0	0	0	22	0	0	0	0	0	124	0	0	0	0	0	0	4	0	0	0	0	36	0	0	0	0	23	0	0	0	0	0	0	0	0	0	0	0	0	0	0	0	0	0	0	0	0	0	0	0	0	0	0	0	0	0	23	0	0	0	0	20	0	0	0	58	0	0	0	0	0	0	0	0	0	0	0	52	0	0	0	0	0	0	0	0	0	0	0	89	0	0	0	0	0	0	0	0	0	0	0	0	37	0	0	0	12
assemblage-931-759	0	0	0	0	0	0	0	0	0	0	0	0	0	0	0	25	0	0	0	0	0	90	0	0	112	0	0	0	66	0	0	0	0	0	0	0	0	0	0	0	0	0	0	0	0	0	0	0	0	0	0	0	0	0	0	0	0	0	0	0	0	0	0	0	0	0	0	0	0	0	0	0	0	0	0	0	0	0	0	0	0	0	0	0	0	0	0	0	0	0	0	0	0	43	0	0	0	0	103	0	31	0	0	0	0	0	15	0	0	0	0	0	15
assemblage-983-911	0	0	0	0	0	0	0	0	0	0	0	0	0	0	0	0	0	0	0	0	0	53	0	0	0	0	0	0	333	0	9	0	0	0	0	0	0	0	0	0	0	0	0	0	0	0	0	0	0	0	0	0	0	0	0	0	0	0	0	0	20	0	0	0	0	0	0	0	0	0	0	0	0	0	0	0	0	0	0	0	0	0	0	0	0	0	0	0	0	0	0	0	0	0	0	0	0	27	5	0	0	0	0	0	47	0	0	0	0	0	0	0	6
assemblage-495-669	0	0	0	0	0	0	0	0	0	0	0	0	0	0	0	39	0	0	0	0	0	0	0	10	22	0	0	0	0	0	0	0	0	0	0	0	0	0	0	35	0	0	0	0	0	0	0	0	0	0	0	0	0	0	0	0	0	162	0	0	0	0	0	0	0	0	0	0	0	0	0	0	0	0	0	0	0	0	0	0	0	0	0	0	0	0	0	0	0	0	0	0	0	206	0	0	0	0	0	0	0	0	0	0	0	10	0	0	0	0	0	0	16
assemblage-491-652	0	0	0	0	0	0	0	0	0	0	0	0	0	0	0	45	0	0	0	0	0	0	0	3	15	0	0	0	0	0	0	0	0	0	0	0	0	0	0	30	0	0	0	0	0	0	0	0	0	0	0	0	0	0	0	0	0	168	0	0	0	0	0	0	0	0	0	0	0	0	0	0	0	0	0	0	0	0	0	0	0	0	0	0	0	0	0	0	0	0	0	0	0	219	0	0	0	0	0	0	0	5	0	0	0	0	0	0	0	0	0	0	15
assemblage-667-963	0	0	0	0	0	0	0	0	0	0	0	0	0	0	0	76	0	0	0	0	0	6	0	0	0	0	0	0	87	0	96	0	11	0	0	0	0	0	0	0	0	0	0	0	0	0	0	0	0	0	0	0	0	0	0	0	0	0	0	0	0	0	0	0	0	0	32	0	0	0	0	57	22	0	0	0	0	0	0	0	0	0	0	0	0	0	0	0	26	0	0	0	0	47	0	0	0	0	0	7	0	0	0	13	0	0	0	0	0	0	0	0	20
assemblage-134-140	0	0	0	0	0	0	0	0	0	0	0	0	0	0	0	100	0	0	0	0	0	0	0	0	0	0	0	0	25	0	51	0	90	0	0	0	0	0	0	0	0	0	0	0	0	0	0	0	21	0	0	0	11	0	0	0	0	0	0	0	0	0	0	0	0	0	0	0	0	13	0	69	0	0	0	0	0	0	0	0	0	0	0	0	15	0	0	0	0	0	0	0	0	25	0	28	0	0	0	0	0	0	0	36	0	0	0	0	0	0	0	0	16
assemblage-283-928	0	0	0	0	0	0	0	0	0	0	0	0	0	0	0	5	0	0	0	0	0	0	0	0	40	0	0	0	69	0	179	0	13	0	0	0	0	0	0	0	0	0	0	0	0	0	0	0	0	0	0	0	0	0	0	0	0	20	0	0	0	0	0	0	0	0	0	0	0	0	0	74	0	0	0	0	0	0	0	0	0	0	0	0	0	0	0	0	0	0	0	0	0	64	0	0	0	0	23	0	0	0	0	0	0	0	0	0	0	0	0	0	13
assemblage-831-823	0	0	0	0	0	0	0	0	0	32	0	0	0	0	0	127	0	0	0	0	0	0	0	0	0	0	0	30	0	0	0	0	23	0	0	0	0	0	0	0	0	0	0	0	0	0	0	0	0	0	0	0	0	0	0	0	0	0	0	0	0	0	38	0	0	0	0	24	0	0	0	62	0	0	0	0	0	0	0	0	0	0	0	36	0	0	0	0	0	0	0	0	0	0	0	86	0	0	0	0	0	0	0	0	0	0	0	0	33	0	0	0	9
assemblage-902-948	0	0	0	0	0	0	0	0	0	0	0	0	0	0	0	165	0	0	0	0	0	0	0	0	0	0	0	0	0	0	0	0	94	0	0	0	0	0	0	0	0	0	0	0	0	0	0	0	0	0	0	24	0	0	0	0	0	0	0	0	0	0	0	0	0	0	0	0	0	11	10	114	0	0	0	0	0	0	0	0	0	0	0	0	0	0	18	0	0	0	0	0	0	0	40	0	0	0	0	0	0	0	0	0	0	0	0	0	0	0	0	0	24
assemblage-538-778	0	0	0	0	0	0	0	0	0	0	0	0	0	0	0	102	0	0	0	0	0	0	0	0	0	0	0	43	0	0	0	0	6	0	0	0	0	0	0	0	0	0	13	0	0	0	0	0	0	0	0	0	0	0	0	0	0	0	0	0	0	0	186	0	0	0	0	0	0	0	0	106	0	0	0	0	0	0	0	0	0	0	0	0	0	0	0	0	0	0	0	0	0	0	0	3	0	0	0	0	0	0	0	0	0	0	0	0	7	0	0	0	34
assemblage-964-845	0	0	0	0	0	0	0	0	0	0	0	0	0	0	0	23	0	0	0	0	0	113	0	0	112	0	0	0	71	0	0	0	0	0	0	0	0	0	0	0	0	0	0	0	0	0	0	0	0	0	0	0	0	0	0	0	0	0	0	0	0	0	0	0	0	0	0	0	0	0	0	0	0	0	0	0	0	0	0	0	0	0	0	0	0	0	0	0	0	0	0	0	0	40	0	0	0	0	93	0	24	0	0	0	0	0	15	0	0	0	0	0	9
assemblage-763-598	0	0	0	0	0	0	0	0	0	0	0	0	0	0	0	243	0	0	0	12	0	11	0	0	0	0	0	0	0	0	0	0	74	42	0	0	0	0	0	0	0	0	0	0	48	0	0	0	0	0	0	0	0	0	0	0	0	0	0	0	0	0	0	0	0	0	0	0	0	0	0	39	0	0	0	0	0	0	0	0	0	0	0	0	0	0	0	0	0	0	0	0	0	0	0	4	0	0	0	0	0	0	0	16	0	0	0	0	0	0	0	0	11
assemblage-601-779	0	0	0	0	0	0	0	0	0	0	0	0	0	0	0	129	0	0	0	46	0	0	0	0	0	0	0	0	36	0	5	0	153	0	0	0	0	0	0	0	0	0	0	0	0	0	0	0	12	0	0	0	0	6	0	0	0	0	0	0	0	0	0	0	0	0	0	0	0	0	0	33	0	0	0	0	0	0	0	10	0	0	0	0	0	0	0	0	0	0	0	0	0	0	0	30	0	0	0	0	0	0	0	20	0	0	0	0	0	0	0	0	20
assemblage-254-259	0	0	0	0	0	0	0	0	0	0	0	0	0	0	0	70	0	8	0	0	0	34	0	0	0	0	0	0	37	0	106	0	131	0	0	0	0	0	0	0	0	0	0	0	0	0	0	0	0	0	0	0	0	0	0	0	9	0	0	0	0	0	0	0	0	0	26	0	0	0	0	0	0	0	0	0	0	0	0	0	0	0	2	0	0	0	0	0	0	0	0	0	0	0	0	0	0	0	32	0	0	0	0	14	0	0	0	0	0	0	0	0	31
assemblage-901-846	0	0	0	0	0	0	0	0	0	0	0	0	0	0	0	91	0	7	0	0	0	44	0	0	0	0	0	0	41	0	77	0	146	0	0	0	0	0	0	0	0	0	0	0	0	0	0	0	0	0	0	0	0	0	0	0	7	0	0	0	0	0	0	0	0	0	23	0	0	0	0	0	0	0	0	0	0	0	0	0	0	0	0	0	0	0	0	0	0	0	0	0	0	0	0	0	0	0	26	0	0	0	0	13	0	0	0	0	0	0	0	0	25
assemblage-494-668	0	0	0	0	0	0	0	0	0	0	0	0	0	0	0	21	0	0	0	0	0	0	0	6	18	0	0	0	0	0	0	0	0	0	0	0	0	0	0	44	0	0	0	0	0	0	0	0	0	0	0	0	0	0	0	0	0	154	0	0	0	0	0	0	0	0	0	0	0	0	0	0	0	0	0	0	0	0	0	0	0	0	0	0	0	0	0	0	0	0	0	0	0	230	0	0	0	0	0	0	0	7	0	0	0	6	0	0	0	0	0	0	14
assemblage-595-777	0	0	0	0	0	0	0	0	0	0	0	0	0	0	0	155	0	0	0	0	0	0	0	0	0	0	0	0	0	0	0	0	81	0	0	0	0	0	0	0	0	0	0	0	0	0	0	0	0	0	0	24	0	0	0	0	0	0	0	0	0	0	0	0	0	0	0	0	0	8	10	130	7	0	0	0	0	0	0	0	0	0	0	0	0	0	19	0	0	0	0	0	0	0	31	0	0	0	0	0	0	0	0	8	0	0	0	0	0	0	0	0	27
assemblage-436-415	0	0	0	0	0	0	0	0	0	0	0	0	0	0	0	0	81	0	0	0	0	0	0	0	0	0	0	0	37	0	0	0	0	0	0	0	0	0	0	0	0	0	0	0	0	0	0	0	0	0	0	0	0	0	0	105	0	0	3	0	0	0	0	0	0	0	0	0	0	0	0	11	0	0	0	0	0	0	0	0	0	0	0	0	0	0	0	0	0	0	0	0	0	0	0	0	0	0	237	0	0	0	0	0	0	0	0	0	0	0	0	17	9
assemblage-945-378	0	0	0	0	0	0	0	0	0	0	0	0	0	0	0	187	0	0	0	23	0	3	0	0	0	0	0	0	0	0	0	0	47	18	0	0	0	0	0	0	0	0	0	0	15	0	0	0	0	0	0	17	0	0	0	0	0	0	0	0	0	0	0	0	0	0	0	0	0	0	0	110	0	0	0	0	0	0	0	0	0	0	0	0	0	0	8	0	0	0	0	0	0	0	0	0	0	0	0	0	0	0	0	0	0	0	0	0	25	0	0	0	47
assemblage-771-953	0	0	0	0	0	0	0	0	0	0	0	0	0	0	0	28	0	0	0	0	0	0	0	0	0	0	0	0	15	0	48	0	7	0	0	0	0	0	0	0	0	0	0	0	0	0	0	0	0	0	0	0	0	0	0	0	0	0	0	0	0	0	0	0	0	0	58	0	0	0	0	47	74	0	0	0	0	0	0	0	0	0	0	0	6	0	0	0	0	23	0	0	0	86	0	0	0	0	0	0	0	0	0	99	0	0	0	0	0	0	0	0	9
assemblage-760-951	0	0	0	0	0	0	0	0	0	0	0	0	0	0	0	33	0	0	0	0	0	0	0	0	0	0	0	0	12	0	43	0	13	0	0	0	0	0	0	0	0	0	0	0	0	0	0	0	0	0	0	0	0	0	0	0	0	0	0	0	0	0	0	0	0	0	64	0	0	0	0	52	75	0	0	0	0	0	0	0	0	0	0	0	2	0	0	0	0	21	0	0	0	65	0	0	0	0	0	0	0	0	0	109	0	0	0	0	0	0	0	0	11
assemblage-428-409	0	0	0	0	0	0	0	0	0	0	0	0	0	0	0	0	79	0	0	0	0	0	0	0	0	0	0	0	45	0	0	0	0	0	0	0	0	0	0	0	0	0	0	0	0	0	0	0	0	0	0	0	0	0	0	102	0	0	5	0	0	0	0	0	0	0	0	0	0	0	0	17	0	0	0	0	0	0	0	0	0	0	0	0	0	0	0	0	0	0	0	0	0	0	0	0	0	0	213	0	0	0	0	0	0	0	0	0	0	0	0	11	28
assemblage-955-925	0	0	0	0	0	0	0	0	0	0	0	0	0	0	0	0	0	0	0	0	0	73	0	0	0	0	0	0	326	0	9	0	0	0	0	0	0	0	0	0	0	0	0	0	0	0	0	0	0	0	0	0	0	0	0	0	0	0	0	0	12	0	0	0	0	0	0	0	0	0	0	0	0	0	0	0	0	0	0	0	0	0	0	0	0	0	0	0	0	0	0	0	0	0	0	0	0	24	9	0	0	0	0	0	38	0	0	0	0	0	0	0	9
assemblage-496-654	0	0	0	0	0	0	0	0	0	0	0	0	0	0	0	30	0	0	0	0	0	0	0	0	14	0	0	0	0	0	0	0	0	0	0	0	0	0	0	45	0	0	0	0	0	0	0	0	0	0	0	0	0	0	0	0	0	161	0	0	0	0	0	0	0	0	0	0	0	0	0	0	0	0	0	0	0	0	0	0	0	0	0	0	0	0	0	0	0	0	0	0	0	211	0	0	0	0	0	0	0	8	0	0	0	0	0	0	0	0	0	0	31
assemblage-978-756	0	0	0	0	0	0	0	0	0	0	0	0	0	0	0	24	0	0	0	0	0	49	0	0	0	0	0	0	56	0	141	0	8	0	0	0	0	0	0	0	0	0	0	0	0	0	0	0	0	23	0	0	0	0	0	0	0	0	0	0	0	0	0	0	0	0	56	0	0	0	0	64	0	0	0	0	0	0	0	0	0	0	0	0	0	0	0	0	0	0	0	0	0	58	0	0	0	0	7	0	0	0	0	0	0	0	0	0	0	0	0	0	14
assemblage-863-503	0	0	0	0	0	0	0	0	0	0	0	0	0	0	0	0	0	0	0	0	0	0	0	0	208	0	0	0	0	0	0	0	0	0	0	0	0	0	0	0	0	0	0	0	0	0	0	0	0	0	0	0	0	0	0	0	0	0	0	0	0	0	0	0	0	0	0	0	0	0	0	0	0	0	0	0	0	0	0	0	0	0	0	0	0	0	0	0	131	0	0	0	0	17	0	0	0	0	0	0	70	0	0	0	0	47	0	0	0	0	0	0	27
assemblage-843-802	0	0	0	0	0	0	0	0	0	22	0	0	0	0	0	117	0	0	0	0	0	0	0	0	0	0	0	28	0	0	0	0	31	0	0	0	0	0	0	0	0	0	0	0	0	0	0	0	0	0	0	0	0	0	0	0	0	0	0	0	0	0	32	0	0	0	0	19	0	0	0	67	0	0	0	0	0	0	0	0	0	0	0	44	0	0	0	0	0	0	0	0	0	0	0	88	0	0	0	0	0	0	0	0	0	0	0	0	45	0	0	0	7
assemblage-703-781	0	0	0	0	0	0	0	0	0	0	0	0	0	0	0	75	0	0	0	0	0	0	0	0	0	0	0	0	33	0	59	0	82	0	0	0	0	0	0	0	0	0	0	0	0	0	0	0	22	0	0	0	8	0	0	0	0	0	0	0	0	0	0	0	0	0	0	0	0	8	0	111	0	0	0	0	0	0	0	0	0	0	0	0	15	0	0	0	0	0	0	0	0	17	0	22	0	0	0	0	0	0	0	39	0	0	0	0	0	0	0	0	9
assemblage-243-235	0	0	0	0	0	0	0	0	0	0	0	0	0	0	0	66	0	0	0	0	0	0	0	0	0	0	0	0	32	0	120	0	0	0	0	0	0	0	0	0	0	0	0	0	0	0	0	0	0	0	0	0	0	0	0	0	0	0	0	0	0	0	0	0	0	0	43	0	0	0	0	28	0	0	0	0	0	0	0	0	0	0	0	0	0	0	0	0	15	0	0	0	0	29	0	0	0	0	59	0	0	0	0	86	0	0	0	0	0	0	0	0	22
assemblage-824-163	0	0	0	0	0	0	0	0	0	0	0	0	0	0	0	26	0	0	0	0	0	0	0	0	0	0	0	0	7	0	50	0	14	0	0	0	0	0	0	0	0	0	0	0	0	0	0	0	0	0	0	0	0	0	0	0	0	0	0	0	0	0	0	0	0	0	46	0	0	0	0	61	76	0	0	0	0	0	0	0	0	0	0	0	4	0	0	0	0	22	0	0	0	69	0	0	0	0	0	0	0	0	0	111	0	0	0	0	0	0	0	0	14
assemblage-751-589	0	0	0	0	0	0	0	0	0	0	0	0	0	8	0	153	0	0	0	27	0	12	0	0	0	0	0	0	0	0	0	8	24	0	0	0	0	9	0	0	5	0	0	0	0	0	0	0	0	0	0	35	0	0	0	0	0	0	0	0	0	0	0	0	0	0	0	0	0	0	0	179	0	0	0	0	0	0	0	0	0	0	0	0	0	0	12	0	0	0	0	0	0	0	0	0	0	0	0	0	0	0	0	0	0	0	0	0	7	0	0	0	21
assemblage-503-216	0	0	0	0	0	0	0	0	0	0	0	0	0	0	0	107	0	0	0	0	0	2	0	0	0	0	0	0	40	0	49	0	82	0	0	0	0	0	0	0	0	0	0	0	0	0	0	0	22	0	0	0	7	0	0	0	0	0	0	0	0	0	0	0	0	0	0	0	0	10	0	107	0	0	0	0	0	0	0	0	0	0	0	0	14	0	0	0	0	0	0	0	0	14	0	14	0	0	0	0	0	0	0	28	0	0	0	0	0	0	0	0	4
assemblage-444-418	0	0	0	0	0	0	0	0	0	0	0	0	0	0	0	0	55	0	0	0	0	0	0	0	0	0	0	0	51	0	0	0	0	0	0	0	0	0	0	0	0	0	0	0	0	0	0	0	0	0	0	0	0	0	0	107	0	0	2	0	0	0	0	0	0	0	0	0	0	0	0	16	0	0	0	0	0	0	0	0	0	0	0	0	0	0	0	0	0	0	0	0	0	0	0	0	0	0	234	0	0	0	0	0	0	0	0	0	0	0	0	20	15
assemblage-902-784	0	2	0	0	7	0	0	0	0	0	0	0	0	0	0	9	0	0	0	0	0	0	0	0	47	0	0	0	93	0	0	0	0	0	0	0	0	0	0	0	0	0	0	0	0	0	0	0	0	0	0	0	0	0	0	0	0	90	0	0	0	0	0	0	0	0	0	0	0	0	0	0	0	0	0	0	0	0	0	0	0	0	0	0	0	0	0	0	31	0	0	0	0	55	0	0	0	0	46	0	95	0	0	0	0	0	0	0	0	0	0	0	25
assemblage-564-224	0	0	0	0	0	0	0	0	0	0	0	0	0	0	0	154	0	0	0	13	0	0	0	0	0	0	0	14	0	0	0	0	28	0	0	0	0	0	0	0	16	0	0	0	5	0	0	0	0	0	7	0	0	0	0	0	0	0	0	0	0	0	0	0	0	0	0	0	0	0	0	196	0	0	0	0	0	0	0	0	0	0	0	27	0	0	0	0	0	0	0	0	0	0	0	0	0	0	0	0	0	0	0	0	0	0	0	0	15	0	0	0	25
assemblage-920-795	0	0	0	0	0	0	0	0	0	0	0	0	0	0	0	259	0	0	0	19	0	8	0	0	0	0	0	0	0	0	0	0	51	36	0	0	0	0	0	0	0	0	0	0	72	0	0	0	0	0	0	0	0	0	0	0	0	0	0	0	0	0	0	0	0	0	0	0	0	0	0	25	0	0	0	0	0	0	0	0	0	0	0	0	0	0	0	0	0	0	0	0	0	0	0	1	0	0	0	0	0	0	0	12	0	0	0	0	0	0	0	0	17
assemblage-951-379	0	0	0	0	0	0	0	0	0	0	0	0	0	0	0	155	0	0	0	27	0	2	0	0	0	0	0	0	0	0	0	0	16	0	0	0	0	14	0	0	6	0	0	0	0	0	0	0	0	0	0	61	0	0	0	0	0	0	0	0	0	0	0	0	0	0	0	0	0	0	0	171	0	0	0	0	0	0	0	0	0	0	0	0	0	0	12	0	0	0	0	0	0	0	0	0	0	0	0	0	0	0	0	0	0	0	0	0	9	0	0	0	27
assemblage-775-939	0	0	0	0	0	0	0	0	0	0	0	0	0	0	0	84	0	0	0	0	0	0	0	0	0	0	0	0	32	0	95	0	0	0	0	0	0	0	0	0	0	0	0	0	0	0	0	0	0	0	0	0	0	0	0	0	0	0	0	0	0	0	0	0	0	0	35	0	0	0	0	35	0	0	0	0	0	0	0	0	0	0	0	0	0	0	0	0	17	0	0	0	0	21	0	0	0	0	71	0	0	0	0	95	0	0	0	0	0	0	0	0	15
assemblage-975-756	0	0	0	0	0	2	0	0	0	0	0	0	0	0	0	37	0	0	0	0	0	63	0	0	15	0	0	0	17	0	229	0	0	0	0	0	0	0	0	0	0	0	0	0	0	0	0	0	0	0	0	0	0	0	0	0	0	0	0	0	0	0	0	0	0	0	16	0	0	0	0	0	0	0	0	0	0	0	0	0	0	0	0	0	0	0	0	0	27	0	0	0	0	30	0	0	0	0	43	0	0	0	0	0	0	0	0	0	0	0	0	0	21
assemblage-901-928	0	0	0	0	0	0	0	0	0	0	0	0	0	0	0	89	0	0	0	0	0	5	0	0	0	0	0	0	49	0	63	0	85	0	0	0	0	0	0	0	0	0	0	0	0	0	0	0	14	0	0	0	5	0	0	0	0	0	0	0	0	0	0	0	0	0	0	0	0	10	0	85	0	0	0	0	0	0	0	0	0	0	0	0	11	0	0	0	0	0	0	0	0	17	0	18	0	0	0	0	0	0	0	43	0	0	0	0	0	0	0	0	6
assemblage-692-760	0	0	0	0	0	0	0	0	0	0	0	0	0	0	0	193	0	0	0	0	0	18	0	0	0	0	0	0	2	0	50	0	111	0	0	0	21	0	0	0	0	0	0	0	0	0	0	0	0	0	0	0	0	0	0	0	0	0	0	0	0	0	0	0	0	0	0	0	0	0	0	8	14	0	0	20	0	0	0	0	0	0	0	0	0	0	0	0	0	0	0	0	0	9	0	0	0	0	0	0	0	0	0	26	0	0	0	0	0	0	0	0	28
assemblage-505-653	0	0	0	0	0	0	0	0	0	0	0	0	0	0	0	6	17	0	0	0	0	10	0	0	62	0	0	0	90	0	0	0	0	0	0	0	0	0	0	11	0	0	0	0	0	0	0	0	0	0	0	0	0	0	0	27	0	39	0	0	0	0	0	0	0	0	0	0	0	0	0	0	0	0	0	0	0	0	0	0	0	0	0	0	0	0	0	0	44	0	0	0	0	63	0	0	0	5	54	0	18	0	0	0	7	16	0	0	0	0	0	7	24
assemblage-255-237	0	0	0	0	0	0	0	0	0	0	0	0	0	0	0	100	0	0	0	0	0	0	0	0	0	0	0	0	25	0	100	0	0	0	0	0	0	0	0	0	0	0	0	0	0	0	0	0	0	0	0	0	0	0	0	0	0	0	0	0	0	0	0	0	0	0	28	0	0	0	0	43	0	0	0	0	0	0	0	0	0	0	0	0	0	0	0	0	7	0	0	0	0	28	0	0	0	0	55	0	0	0	0	91	0	0	0	0	0	0	0	0	23
assemblage-564-226	0	0	0	0	0	0	0	0	0	0	0	0	0	0	0	141	0	0	0	10	0	0	0	0	0	0	0	16	0	0	0	0	21	0	0	0	0	0	0	0	9	0	0	0	21	0	0	0	0	0	11	0	0	0	8	0	0	0	0	0	0	0	0	0	0	0	0	0	0	0	0	189	0	0	0	0	0	0	0	0	0	0	0	26	0	0	0	0	0	0	0	0	0	0	0	0	0	0	0	0	0	0	0	0	0	0	0	0	11	0	0	0	37
assemblage-941-790	0	0	0	0	0	0	0	0	0	0	0	0	0	0	0	138	0	0	0	20	0	10	0	0	0	0	0	0	0	0	0	8	21	0	0	0	0	5	0	0	6	0	0	0	0	0	0	0	0	0	0	64	0	0	0	0	0	0	0	0	0	0	0	0	0	0	0	0	0	0	0	177	0	0	0	0	0	0	0	0	0	0	0	0	0	0	27	0	0	0	0	0	0	0	0	0	0	0	0	0	0	0	0	0	0	0	0	0	5	0	0	0	19
assemblage-206-394	0	0	0	0	0	0	0	0	0	0	0	0	0	0	0	18	0	0	0	0	0	48	0	0	0	0	0	0	53	0	137	0	8	0	0	0	0	0	0	0	0	0	0	0	0	0	0	0	0	14	0	0	0	0	0	0	0	0	0	0	0	0	0	0	0	0	55	0	0	0	0	81	0	0	0	0	0	0	0	0	0	0	0	0	0	0	0	0	0	0	0	0	0	68	0	0	0	0	0	0	0	0	0	0	0	0	0	0	0	0	0	0	18
assemblage-947-379	0	0	0	0	0	0	0	0	0	0	0	0	0	0	0	234	0	0	0	12	0	10	0	0	0	0	0	0	0	0	0	0	58	40	0	0	0	0	0	0	0	0	0	0	75	0	0	0	0	0	0	0	0	0	0	0	0	0	0	0	0	0	0	0	0	0	0	0	0	0	0	32	0	0	0	0	0	0	0	0	0	8	0	0	0	0	0	0	0	0	0	0	0	0	0	5	0	0	0	0	0	0	0	13	0	0	0	0	0	0	0	0	13
assemblage-156-102	0	0	0	0	0	10	0	0	0	0	0	0	0	0	0	34	0	0	0	0	0	62	0	0	14	0	0	0	32	0	215	0	0	0	0	0	0	0	0	0	0	0	0	0	0	0	0	0	0	0	0	0	0	0	0	0	0	0	0	0	0	0	0	0	0	0	19	0	0	0	0	2	0	0	0	0	0	0	0	0	0	0	0	0	0	0	0	0	27	0	0	0	0	28	0	0	0	0	44	0	0	0	0	0	0	0	0	0	0	0	0	0	13
assemblage-885-841	0	0	0	0	0	0	0	0	0	0	0	0	0	0	0	30	0	0	0	0	0	0	0	0	0	0	0	0	16	0	51	0	4	0	0	0	0	0	0	0	0	0	0	0	0	0	0	0	0	0	0	0	0	0	0	0	0	0	0	0	0	0	0	0	0	0	64	0	0	0	0	56	63	0	0	0	0	0	0	0	0	0	0	0	10	0	0	0	0	27	0	0	0	80	0	0	0	0	0	0	0	0	0	86	0	0	0	0	0	0	0	0	13
assemblage-505-214	0	0	0	0	0	0	0	0	0	0	0	0	0	0	0	26	0	0	0	0	0	48	0	0	0	0	3	0	103	0	0	0	62	0	0	0	0	0	0	0	0	0	0	0	0	0	0	0	0	0	0	0	0	0	0	0	0	0	0	0	0	0	0	0	0	0	7	0	0	0	0	6	66	0	0	0	12	0	0	0	0	0	0	0	0	0	0	0	0	0	0	0	0	9	0	0	0	0	0	0	0	0	0	137	0	0	0	0	0	0	0	0	21
assemblage-858-122	0	0	0	0	0	0	0	0	0	0	0	0	0	0	0	110	0	0	0	39	0	0	0	0	0	0	0	0	20	0	8	0	165	0	0	0	0	0	0	0	0	0	0	0	0	0	0	0	13	0	0	0	0	6	0	0	0	0	0	0	0	0	0	0	0	0	0	0	0	0	0	60	0	0	0	0	0	0	0	13	0	0	0	0	0	0	0	0	0	0	0	0	0	0	0	19	0	0	0	0	0	0	0	25	0	0	0	0	0	0	0	0	22
assemblage-787-946	0	0	0	0	0	0	0	0	0	0	0	0	0	0	0	109	0	6	0	0	0	37	0	0	0	0	0	0	26	0	74	0	153	0	0	0	0	0	0	0	0	0	0	0	0	0	12	0	0	0	0	0	0	0	0	0	7	0	0	0	0	0	0	0	0	0	22	0	0	0	0	0	0	0	0	0	0	0	0	0	0	0	5	0	0	0	0	0	0	0	0	0	0	0	0	0	0	0	27	0	0	0	0	9	0	0	0	0	0	0	0	0	13
assemblage-171-84	0	0	0	0	0	0	0	0	0	0	0	0	0	0	0	0	0	0	0	0	0	40	0	0	0	32	0	0	22	0	82	0	0	0	0	0	0	0	0	0	0	0	0	0	0	0	0	0	0	0	0	0	0	0	0	0	0	0	0	0	0	0	0	0	0	0	42	0	0	0	0	0	0	0	7	0	0	0	0	0	0	0	0	0	0	0	0	0	72	0	0	0	0	11	0	0	0	0	170	0	0	0	0	0	0	0	0	0	0	0	0	0	22
assemblage-908-840	0	0	0	0	0	0	0	2	0	0	0	0	0	0	0	38	0	0	0	0	0	0	0	0	0	0	0	0	20	0	73	0	15	0	0	0	0	0	0	0	0	0	0	0	0	0	0	0	0	0	0	0	0	0	0	0	4	0	0	15	0	0	0	0	0	0	37	0	0	0	0	84	50	0	0	0	0	0	0	0	0	0	0	0	0	0	0	0	0	0	0	0	0	66	0	0	0	0	67	0	0	0	0	0	0	0	0	0	0	0	0	0	29
assemblage-965-927	0	0	0	0	0	0	0	0	0	0	0	0	0	0	0	0	0	0	0	0	0	85	0	0	0	0	0	0	323	0	10	0	0	0	0	0	0	0	0	0	0	0	0	0	0	0	0	0	0	0	0	0	0	0	0	0	0	0	0	0	17	0	0	0	0	0	0	0	0	0	0	0	0	0	0	0	0	0	0	0	0	0	0	0	0	0	0	0	0	0	0	0	0	0	0	0	0	18	5	0	0	0	0	0	30	0	0	0	0	0	0	0	12
assemblage-876-927	0	0	0	0	0	0	0	0	0	0	0	0	2	0	0	194	0	0	0	0	0	25	0	0	0	0	0	0	0	0	55	0	99	0	0	0	20	0	0	0	0	0	0	0	0	0	0	0	0	0	0	0	0	0	0	0	0	0	0	0	0	0	0	0	0	0	0	0	0	0	0	0	17	0	0	16	0	0	0	0	0	0	0	0	0	0	0	0	0	0	0	0	0	10	0	0	0	0	0	0	0	0	0	31	0	0	0	0	0	0	0	0	31
assemblage-199-476	0	0	0	0	0	0	0	0	0	0	0	0	0	0	0	0	0	0	0	0	0	11	0	0	49	0	0	0	25	0	56	0	27	0	0	0	0	0	37	0	0	0	0	0	0	6	0	0	0	0	0	0	0	0	0	0	0	0	0	0	0	0	0	0	0	0	0	0	0	0	0	57	0	0	0	0	0	0	0	0	0	0	0	0	0	0	0	0	0	0	0	0	0	19	0	0	0	0	138	0	39	0	0	0	0	0	0	0	0	0	0	0	36
assemblage-504-227	0	0	0	0	0	0	0	0	0	0	0	0	0	0	0	173	0	0	0	0	0	4	0	0	0	0	0	0	22	0	10	0	51	0	0	6	0	0	0	0	0	0	0	0	0	0	0	0	0	0	0	0	0	0	0	0	0	0	0	0	0	0	0	0	0	0	0	0	0	0	0	169	0	0	0	0	17	0	0	0	0	0	0	0	0	0	0	0	0	0	0	0	7	6	0	0	0	0	0	0	0	0	0	10	0	0	0	8	0	0	0	0	17
assemblage-595-776	0	0	0	0	0	0	0	0	0	0	0	0	0	0	0	154	0	0	0	0	0	0	0	0	0	0	0	0	0	0	0	0	96	0	0	0	0	0	0	0	0	0	0	0	0	0	0	0	2	0	0	30	0	0	0	0	0	0	0	0	0	0	0	0	0	0	0	0	0	10	7	122	0	0	0	0	0	0	0	0	0	0	0	0	0	0	26	0	0	0	0	0	0	0	26	0	0	0	0	0	0	0	0	0	0	0	0	0	0	0	0	0	27
assemblage-939-116	0	0	0	0	0	0	0	0	0	0	0	0	0	0	0	258	0	0	0	0	0	0	0	0	0	0	0	0	0	0	0	0	0	0	0	0	0	0	0	0	0	0	0	0	0	0	0	0	0	0	0	0	0	0	0	0	0	0	0	0	0	0	0	0	0	0	0	29	0	0	0	79	0	0	0	0	0	0	0	0	0	0	0	0	0	0	0	0	0	0	0	0	0	0	0	94	0	0	0	0	0	0	0	0	0	0	0	0	22	0	0	0	18
assemblage-752-302	0	0	0	0	0	0	0	0	0	0	0	0	0	0	0	273	0	0	0	0	0	0	0	0	0	0	0	0	0	0	0	0	0	0	0	0	0	0	0	0	0	0	0	0	0	0	0	0	0	0	0	0	0	0	0	0	0	0	0	0	0	0	0	0	0	0	0	27	0	0	0	57	0	0	0	0	0	0	0	0	0	0	0	0	0	0	0	0	0	0	0	0	0	0	0	98	0	0	0	0	0	0	0	0	0	0	0	0	19	0	0	0	26
assemblage-195-455	9	0	0	0	0	0	0	0	0	0	0	0	0	0	0	190	9	0	0	0	0	0	0	0	0	0	0	0	22	0	0	0	0	0	0	0	0	0	0	28	0	0	0	0	0	0	0	0	0	0	0	0	0	0	0	0	0	31	0	0	0	0	0	0	0	0	0	0	0	0	0	0	0	0	0	0	0	0	0	0	0	0	0	0	0	0	0	0	0	0	0	0	0	146	0	0	0	0	35	0	0	0	0	0	0	0	0	0	0	0	9	0	21
assemblage-718-296	0	0	0	0	0	0	0	0	0	0	32	0	0	0	0	272	0	0	0	0	0	0	0	0	0	0	0	0	0	0	0	0	0	4	0	0	0	0	0	0	0	0	0	0	0	0	0	0	0	0	0	0	0	0	0	0	0	0	0	0	0	0	23	0	0	0	0	0	0	0	0	95	0	0	0	0	0	0	0	0	0	0	0	0	0	0	7	0	0	0	0	0	0	0	0	16	0	0	0	0	0	0	0	0	0	0	0	0	41	0	0	0	10
assemblage-607-434	0	0	0	0	0	0	26	0	0	0	0	0	0	0	0	39	0	0	0	0	0	0	0	0	0	0	0	56	0	0	0	0	17	50	0	0	0	0	0	0	0	0	0	0	4	0	0	0	0	0	0	0	0	0	0	0	0	0	0	0	0	0	39	0	0	0	0	0	0	0	0	181	0	0	0	0	0	0	0	0	0	0	0	46	0	0	0	8	0	0	0	0	0	0	0	17	0	0	0	0	0	0	0	0	0	0	0	0	0	5	0	0	12
assemblage-859-809	0	0	0	0	0	0	0	0	0	0	0	0	0	0	0	85	0	0	0	0	0	0	0	0	0	0	0	31	0	0	0	0	9	0	5	0	0	0	0	0	0	0	0	0	0	0	0	0	0	0	0	0	0	0	0	0	0	0	0	0	0	0	175	0	0	0	0	9	0	0	0	142	0	0	0	0	0	0	0	0	0	0	0	0	0	0	0	0	0	0	0	0	0	0	0	12	0	0	0	0	0	0	0	0	0	0	0	0	5	0	0	0	27
assemblage-399-803	0	0	0	0	0	0	0	0	0	0	0	0	0	0	0	0	15	0	0	0	0	23	0	0	34	0	0	0	21	0	78	0	26	0	0	0	0	0	30	0	0	0	0	0	0	0	0	0	0	0	0	0	0	0	0	0	0	0	0	0	0	0	0	0	0	0	0	0	0	0	0	40	0	0	0	0	0	0	0	0	0	0	0	0	0	0	0	0	0	0	0	0	0	19	0	0	0	0	156	0	43	0	0	0	0	0	0	0	0	0	0	0	15
assemblage-397-779	0	0	0	0	0	0	0	0	0	0	0	0	0	0	0	9	0	0	0	0	0	0	0	0	43	0	0	0	107	0	0	0	0	0	0	0	0	0	0	0	0	0	0	0	0	0	0	0	0	0	0	0	0	0	0	0	0	84	0	0	0	0	0	0	0	0	0	0	0	0	0	5	0	0	0	0	0	0	0	0	0	0	0	0	0	0	0	0	22	0	0	0	0	45	0	0	0	0	76	0	72	0	0	0	0	0	0	0	0	0	0	0	37
assemblage-923-779	0	0	0	0	0	0	0	0	0	0	0	0	0	0	0	6	0	0	0	0	0	0	0	0	55	0	0	0	111	0	0	0	0	0	0	0	0	0	0	0	0	0	0	0	0	0	0	0	0	0	0	0	0	0	0	0	0	80	0	0	0	0	0	0	0	0	0	0	0	0	0	0	0	0	0	0	0	0	0	0	0	0	0	0	0	0	0	0	25	0	0	0	0	51	0	0	0	0	46	0	83	0	0	0	0	0	0	0	0	0	0	0	43
assemblage-859-499	0	0	0	0	0	0	0	0	0	0	0	0	0	0	0	0	0	0	0	0	0	0	0	0	224	0	0	0	0	0	0	0	0	0	0	0	0	0	0	0	0	0	0	0	0	0	0	0	0	0	0	0	0	0	0	0	0	0	0	0	0	0	0	0	0	0	0	0	0	0	0	0	0	0	0	0	0	0	0	0	0	0	0	0	0	3	0	0	132	0	0	0	0	22	0	0	0	0	0	0	79	0	0	0	0	25	0	0	0	0	0	0	15
assemblage-731-315	0	0	0	0	0	0	0	0	0	0	0	0	0	0	0	253	0	0	0	0	0	0	0	0	0	0	0	0	0	0	0	0	0	0	0	0	0	0	0	0	0	0	0	0	0	0	0	0	0	0	0	0	0	0	0	0	0	0	0	0	0	0	0	0	0	0	0	25	0	0	0	96	0	0	0	0	0	0	0	0	0	0	0	0	0	0	0	0	0	0	0	0	0	0	0	89	0	0	0	0	0	0	0	0	0	0	0	0	18	0	0	0	19
assemblage-935-118	0	0	0	0	0	0	0	0	0	0	20	0	0	0	0	308	0	0	0	0	0	0	0	0	0	0	0	0	0	6	0	0	6	6	0	0	0	0	0	0	0	0	0	0	0	0	0	0	0	0	0	0	0	0	0	0	0	0	0	0	0	0	17	0	0	0	0	0	0	0	0	69	0	0	0	0	0	0	0	0	0	0	0	0	0	0	7	0	0	0	0	0	0	0	0	13	0	0	0	0	0	0	0	0	0	0	0	0	40	0	0	0	8
assemblage-567-217	0	0	0	0	0	0	0	0	0	0	0	0	0	0	0	88	0	0	0	0	0	0	0	0	0	0	0	0	0	0	0	0	52	40	0	0	0	0	0	0	0	0	27	0	0	0	0	0	0	0	0	0	0	0	0	0	0	0	0	0	0	0	10	0	0	0	0	0	0	0	0	207	0	0	0	0	0	0	0	0	0	0	0	0	0	0	0	0	0	0	0	0	0	0	0	22	0	0	0	0	0	0	0	0	0	0	0	0	35	0	0	0	19
assemblage-918-961	0	0	10	0	0	0	0	0	0	0	0	0	0	0	0	176	0	0	0	0	0	9	0	0	0	0	0	0	49	0	0	0	58	0	0	13	0	0	0	0	0	0	0	0	0	0	0	0	0	0	0	0	0	0	0	0	0	0	0	0	0	0	0	0	0	0	0	0	0	6	0	142	0	0	0	0	5	0	0	0	0	0	0	0	0	0	0	0	0	0	0	0	0	0	0	0	7	0	0	0	0	0	0	7	0	0	0	0	0	0	0	0	18
assemblage-929-942	0	0	0	0	0	0	0	0	0	0	0	0	0	0	0	154	0	0	0	0	0	0	0	0	0	0	0	0	0	0	0	0	91	0	0	0	0	0	0	0	0	0	0	0	0	0	0	0	5	0	0	29	0	0	0	0	0	0	0	0	0	0	0	0	0	0	0	0	0	13	7	114	0	0	0	0	0	0	0	0	0	0	0	0	0	0	20	0	0	0	0	0	0	0	31	0	0	0	0	0	0	0	0	0	0	0	0	0	0	0	0	0	36
assemblage-287-849	0	0	0	0	0	0	0	0	0	0	7	0	0	0	0	185	0	0	0	0	0	0	0	0	0	0	0	12	0	0	0	0	13	0	0	0	0	0	0	0	11	0	0	0	0	0	0	0	0	0	0	0	0	0	0	0	0	0	0	0	0	19	12	0	0	0	0	0	0	0	0	64	0	0	0	0	0	12	0	0	0	0	0	0	0	0	0	0	0	0	0	0	0	0	0	75	0	0	0	0	0	0	0	0	0	0	0	0	73	0	0	0	17
assemblage-271-845	0	0	0	0	0	0	0	0	0	0	0	0	0	0	0	92	0	0	0	0	0	0	0	0	0	0	0	29	0	0	0	0	6	0	0	0	0	0	0	0	0	0	0	0	0	0	0	0	0	0	0	0	0	0	0	0	0	0	0	0	0	0	236	0	0	0	0	2	0	0	0	88	0	0	0	0	0	0	0	0	0	0	0	0	0	0	0	0	0	0	0	0	0	0	0	9	0	0	0	0	0	0	0	0	0	0	0	0	8	0	0	0	30
assemblage-131-138	0	0	0	0	0	0	0	0	0	0	0	0	0	0	0	142	0	0	0	0	0	9	0	0	0	0	0	0	28	0	15	0	59	0	0	7	0	0	0	0	0	0	0	0	0	0	0	0	0	0	0	0	0	0	0	0	0	0	0	0	0	0	0	0	0	0	0	0	0	0	0	173	0	0	0	0	15	0	0	0	0	0	0	0	0	0	0	0	0	0	0	0	0	0	0	0	0	0	0	0	0	0	0	10	0	0	0	7	0	0	0	0	35
assemblage-954-840	0	0	0	0	0	0	0	0	0	0	0	0	0	0	0	0	5	0	0	0	0	15	0	0	39	0	0	0	29	0	56	0	29	0	0	0	0	0	40	0	0	0	0	0	0	0	0	0	0	0	0	0	0	0	0	0	0	0	0	0	11	0	0	0	0	0	0	0	0	0	0	35	0	0	0	0	0	0	0	0	0	0	0	0	0	0	0	0	0	0	0	0	0	26	0	0	0	0	166	0	40	0	0	0	0	0	0	0	0	0	0	0	9
assemblage-572-224	0	0	0	0	0	0	0	0	0	0	20	0	0	0	0	311	0	0	0	0	0	0	0	0	0	0	0	0	0	0	0	0	0	2	0	0	0	0	0	0	0	0	0	0	0	0	0	0	0	0	0	0	0	0	0	0	0	0	0	0	0	0	14	0	0	0	0	0	0	0	0	77	0	0	0	0	0	0	0	0	0	0	0	0	0	0	11	0	0	0	0	0	0	0	0	12	0	0	0	0	0	0	0	0	0	0	0	0	29	0	0	0	24
assemblage-855-815	0	0	0	0	0	0	0	0	0	0	23	0	0	0	0	177	0	0	0	0	0	0	0	0	0	0	0	6	0	0	0	0	11	0	0	0	0	0	0	0	20	0	0	0	0	0	0	0	0	0	0	0	0	0	0	0	0	0	0	0	0	19	10	0	0	0	0	0	0	0	0	54	0	0	0	0	0	0	0	0	0	0	0	0	0	0	0	0	0	0	0	0	0	0	0	81	0	0	0	0	0	0	0	0	0	0	0	0	70	0	0	0	29
assemblage-905-827	0	0	0	0	0	0	0	0	0	0	0	0	0	0	0	31	0	0	0	0	0	0	0	0	0	0	0	0	27	0	56	0	25	0	0	0	0	0	0	0	0	0	0	0	0	0	0	0	0	0	0	0	0	0	0	0	7	0	0	10	0	0	0	0	0	0	45	0	0	0	0	86	51	0	0	0	0	0	0	0	0	0	0	0	0	0	0	0	0	0	0	0	0	89	0	0	0	0	42	0	0	0	0	0	0	0	0	0	0	0	0	0	31
assemblage-486-677	0	0	0	0	0	0	0	0	0	0	0	0	0	0	0	39	0	0	0	0	0	0	0	3	15	0	0	0	0	0	0	0	0	0	0	0	0	0	0	38	0	0	0	0	0	0	0	0	0	0	0	0	0	0	0	0	0	184	0	0	0	0	0	0	8	0	0	0	0	0	0	0	0	0	0	0	0	0	0	0	0	0	0	0	0	0	0	0	0	0	0	0	0	196	0	0	0	0	0	0	0	0	0	0	0	0	0	0	0	0	0	0	17
assemblage-926-782	0	0	0	0	0	0	0	0	0	0	0	0	0	0	0	19	0	0	0	0	0	82	0	0	144	0	0	0	65	0	0	0	0	0	0	0	0	0	0	0	0	0	0	0	0	0	0	0	0	0	0	0	0	0	0	0	0	0	0	0	0	0	0	0	0	0	0	0	0	0	0	0	0	0	0	0	0	0	0	0	0	0	0	0	0	0	0	0	0	0	0	0	0	37	0	0	0	0	74	0	45	0	0	0	0	0	19	0	0	0	0	0	15
assemblage-912-785	0	0	0	0	0	0	0	0	0	0	0	0	0	0	0	10	0	0	0	0	0	0	0	0	37	0	0	0	132	0	0	0	0	0	0	0	0	0	0	0	0	0	0	0	0	0	0	0	0	0	0	0	0	0	0	0	0	76	0	0	0	0	0	0	0	0	0	0	0	0	0	0	0	0	0	0	0	0	0	0	0	0	0	0	0	0	0	0	29	0	0	0	0	47	0	0	0	0	43	0	96	0	0	0	0	0	0	0	0	0	0	9	21
assemblage-920-952	0	0	0	0	0	0	0	0	0	0	0	0	0	0	0	201	0	0	0	0	0	82	0	0	0	0	0	0	30	0	0	0	4	0	0	0	0	0	0	0	0	0	0	0	0	0	0	0	0	0	0	0	0	0	0	0	0	0	0	0	0	0	0	0	0	0	0	0	0	0	0	37	13	0	0	0	0	0	0	0	0	0	0	0	0	0	0	0	0	0	0	0	0	0	0	0	0	0	0	0	0	0	0	105	0	0	0	0	0	0	0	0	28
assemblage-262-234	0	0	0	0	0	0	0	0	0	0	0	0	0	0	0	40	0	0	0	0	0	0	0	0	0	0	0	0	7	0	42	0	14	0	0	0	0	0	0	0	0	0	0	0	0	0	0	0	0	0	0	0	0	0	0	0	0	0	0	0	0	0	0	0	0	0	42	0	0	0	0	55	72	0	0	0	0	0	0	0	0	0	0	0	7	0	0	0	0	16	0	0	0	71	0	0	0	0	0	0	0	0	0	121	0	0	0	0	0	0	0	0	13
assemblage-779-935	0	0	0	0	0	0	0	0	0	0	0	0	0	0	0	76	0	8	0	0	0	38	0	0	0	0	0	0	45	0	90	0	146	0	0	0	0	0	0	0	0	0	0	0	0	0	4	0	0	0	0	0	0	0	0	0	6	0	0	0	0	0	0	0	0	0	18	0	0	0	0	7	0	0	0	0	0	0	0	0	0	0	0	0	0	0	0	0	0	0	0	0	0	0	0	0	0	0	28	0	0	0	0	14	0	0	0	0	0	0	0	0	20
assemblage-661-958	0	0	0	0	0	0	0	0	0	0	0	0	0	0	0	74	0	0	0	0	0	12	0	0	0	0	0	0	72	0	103	0	14	0	0	0	0	0	0	0	0	0	0	0	0	0	0	0	0	0	0	0	0	0	0	0	0	0	0	0	0	0	0	0	0	0	16	0	0	0	0	67	19	0	0	0	0	0	0	0	0	0	0	0	0	0	0	0	29	0	0	0	0	60	0	0	0	0	0	10	0	0	0	18	0	0	0	0	0	0	0	0	6
assemblage-905-835	0	0	0	0	0	0	0	0	0	0	0	0	0	0	0	93	0	7	0	0	0	44	0	0	0	0	0	0	47	0	79	0	137	0	0	0	0	0	0	0	0	0	0	0	0	0	9	0	0	0	0	0	0	0	0	0	0	0	0	0	0	0	0	0	0	0	18	0	0	0	0	0	0	0	0	0	0	0	0	0	0	0	0	0	0	0	0	0	0	0	0	0	0	0	0	0	0	0	40	0	0	0	0	0	0	0	0	0	0	0	0	0	26
assemblage-243-239	0	0	0	0	0	0	0	8	0	0	0	0	0	0	0	28	0	0	0	0	0	0	0	0	0	0	0	0	19	0	44	0	25	0	0	0	0	0	0	0	0	0	0	0	0	0	0	0	0	0	0	0	0	0	0	0	0	0	0	11	0	0	0	0	0	0	36	0	0	0	0	100	71	0	0	0	0	0	0	0	0	0	0	0	0	0	0	0	0	0	0	0	0	66	0	0	0	0	58	0	0	0	0	0	0	0	0	0	0	0	0	0	34
assemblage-628-437	0	0	0	0	0	0	0	0	0	0	11	0	0	0	0	203	0	0	0	0	0	0	0	0	0	0	0	11	0	0	0	0	15	0	0	0	0	0	0	0	12	0	0	0	0	0	0	0	0	0	0	0	0	0	0	0	0	0	0	0	0	21	12	0	0	0	0	0	0	0	0	62	0	0	0	0	0	0	0	0	0	0	0	0	0	0	0	0	0	0	0	0	0	0	0	66	0	0	0	0	0	0	0	0	0	0	0	0	62	0	0	0	25
assemblage-615-421	0	0	0	0	0	0	0	0	0	0	7	0	0	0	0	170	0	0	0	0	0	0	0	0	0	0	0	10	0	0	0	0	9	0	0	0	0	0	0	0	14	0	0	0	0	0	0	0	0	0	0	0	0	0	0	0	0	0	0	0	0	28	14	0	0	0	0	0	0	0	0	57	0	0	0	0	0	8	0	0	0	0	0	0	0	0	0	0	0	0	0	0	0	0	0	109	0	0	0	0	0	0	0	0	0	0	0	0	53	0	0	0	21
assemblage-844-496	0	0	0	0	0	0	0	0	0	0	0	0	0	0	0	0	0	0	0	0	0	0	0	0	232	0	0	0	0	0	0	0	0	0	0	0	0	0	0	0	0	0	0	0	0	0	0	0	0	0	0	0	0	0	0	0	0	0	0	0	0	0	0	0	0	0	0	0	0	0	0	0	0	0	0	0	0	0	0	0	0	0	0	0	0	12	0	0	137	0	0	0	0	9	0	0	0	0	0	0	68	0	0	0	0	31	0	0	0	0	0	0	11
assemblage-661-956	0	0	0	0	0	0	0	0	0	0	0	0	0	0	0	6	0	0	0	0	0	33	0	0	0	28	0	0	36	0	71	0	0	0	0	0	0	0	0	0	0	0	0	0	0	0	0	0	0	0	0	0	0	0	0	0	0	0	0	0	0	0	0	0	0	0	31	0	0	0	0	0	0	0	6	0	0	0	0	0	0	0	0	0	0	0	0	0	68	0	0	0	0	25	0	0	0	0	175	0	3	0	0	0	0	0	0	0	0	0	0	0	18
assemblage-939-810	0	0	0	0	0	0	0	0	0	0	0	0	0	0	0	217	0	0	0	21	0	12	0	0	0	0	0	0	0	0	0	0	69	58	0	0	0	0	0	0	0	0	0	0	54	0	0	0	0	0	0	0	0	0	0	0	0	0	0	0	0	0	0	0	0	0	0	0	0	0	0	30	0	0	0	0	0	0	0	0	0	0	0	0	0	0	0	0	0	0	0	0	0	0	0	6	0	0	0	0	0	0	0	14	0	0	0	0	0	0	0	0	19
assemblage-928-765	0	0	0	0	0	0	0	0	0	0	0	0	0	0	0	0	0	0	0	0	0	14	0	0	46	0	0	0	25	0	77	0	40	0	0	0	0	0	36	0	0	0	0	0	0	0	0	0	0	0	0	0	0	0	0	0	0	0	0	0	0	0	0	0	0	0	0	0	0	0	0	41	0	0	0	0	0	0	0	0	0	0	0	0	0	0	0	0	0	0	0	0	0	18	0	0	0	0	149	0	35	0	0	0	0	0	0	0	0	0	0	0	19
assemblage-928-796	0	0	0	0	0	0	0	0	0	0	0	0	0	0	0	138	0	0	0	25	0	0	0	0	0	0	0	0	22	0	0	0	17	0	0	0	0	0	0	0	0	0	0	0	0	0	0	8	0	0	0	20	0	0	0	0	0	0	0	0	0	0	0	0	0	0	0	0	6	0	0	115	0	0	0	0	0	0	0	0	0	0	0	0	0	0	21	0	0	0	0	0	0	0	0	0	0	0	0	0	0	0	0	0	0	0	0	0	108	0	0	0	20
assemblage-768-990	0	0	8	0	0	0	0	0	0	0	0	0	0	0	0	151	0	0	0	0	0	11	0	0	0	0	0	0	45	0	0	0	65	0	0	21	0	0	0	0	0	0	0	0	0	0	0	0	0	0	0	0	0	0	0	0	0	0	0	0	0	0	0	0	0	0	0	0	0	0	0	151	0	0	0	0	0	0	0	0	0	0	0	0	0	0	0	0	0	0	0	0	0	0	0	8	0	0	0	0	0	0	0	15	0	0	0	0	0	0	0	0	25
assemblage-877-553	0	0	0	0	0	0	0	0	0	0	0	0	0	0	0	7	0	0	0	0	0	0	0	0	0	0	0	0	15	0	25	0	0	0	0	0	0	0	48	0	0	0	0	0	0	0	0	0	0	0	0	0	0	0	0	0	0	70	0	0	0	0	0	0	0	0	12	0	0	0	0	10	0	0	0	0	0	0	0	0	0	0	0	0	0	0	0	0	107	0	0	0	0	6	0	0	0	0	118	0	77	0	0	0	0	0	0	0	0	0	0	0	5
assemblage-255-927	0	0	0	0	0	0	0	0	0	0	0	0	0	0	0	15	0	0	0	0	0	0	0	0	0	0	0	0	17	0	24	0	0	0	0	0	0	0	53	0	0	0	0	0	0	0	0	0	0	0	0	0	0	0	0	0	0	39	0	0	0	0	0	0	0	0	19	0	0	0	0	14	0	0	0	0	0	0	0	0	0	0	0	0	0	0	0	0	123	0	0	0	0	0	0	0	0	0	126	0	61	0	0	0	0	0	0	0	0	0	0	0	9
assemblage-746-583	0	0	0	0	0	0	0	0	0	0	0	0	0	0	0	146	0	0	0	30	0	0	0	0	0	0	0	0	12	0	0	0	19	0	0	0	0	0	0	0	0	0	0	0	0	0	0	5	0	0	0	23	0	0	0	0	0	0	0	0	0	0	0	0	0	0	0	0	0	0	0	118	0	0	0	0	0	0	0	0	0	0	0	0	0	0	40	0	0	0	0	0	0	0	0	0	0	0	0	0	0	0	0	0	0	0	0	0	87	0	0	0	20
assemblage-507-779	0	0	0	0	0	0	0	0	0	0	15	0	0	0	0	209	0	0	0	0	0	0	0	0	0	0	0	7	0	0	0	0	15	0	0	0	0	0	0	0	18	0	0	0	0	0	0	0	0	0	0	0	0	0	0	0	0	0	0	0	0	14	22	0	0	0	0	0	0	0	0	62	0	0	0	0	0	0	0	0	0	0	0	0	0	0	0	0	0	0	0	0	0	0	0	75	0	0	0	0	0	0	0	0	0	0	0	0	47	0	0	0	16
assemblage-199-466	0	0	0	0	0	0	0	0	0	0	0	0	0	0	0	212	0	0	0	0	0	0	0	0	0	0	0	0	26	0	0	0	0	0	0	0	0	0	0	21	0	0	0	0	0	0	0	0	0	0	0	0	0	0	0	0	0	23	0	0	0	0	0	0	0	0	0	0	0	0	0	0	0	0	0	0	0	0	0	0	0	0	0	0	0	0	0	0	0	0	0	0	0	149	0	0	0	0	43	0	0	0	0	0	0	0	0	0	0	0	4	0	22
assemblage-204-396	0	0	0	0	0	0	0	0	0	0	0	0	0	0	0	24	0	0	0	0	0	58	0	0	0	0	0	0	59	0	134	0	5	0	0	0	0	0	0	0	0	0	0	0	0	0	0	0	0	20	0	0	0	0	0	0	0	0	0	0	0	0	0	0	0	0	46	0	0	0	0	64	0	0	0	0	0	0	0	0	0	0	0	0	0	0	0	0	0	0	0	0	0	62	0	0	0	0	7	0	0	0	0	0	0	0	0	0	0	0	0	0	21
assemblage-94-494	0	0	0	0	0	0	0	0	0	0	0	0	0	0	0	8	0	0	0	0	0	0	0	0	0	0	0	0	15	0	17	0	0	0	0	0	0	0	44	0	0	0	0	0	0	0	0	0	0	0	0	0	0	0	0	0	0	58	0	0	0	0	0	0	0	0	5	0	0	0	0	3	0	0	0	0	0	0	0	0	0	0	0	0	0	0	0	0	129	0	0	0	0	0	0	0	0	0	133	0	76	0	0	0	0	0	0	0	0	0	0	0	12
assemblage-488-381	0	0	0	0	0	0	0	0	0	0	0	0	0	0	0	213	0	0	0	13	0	0	0	0	0	0	0	0	0	0	0	0	75	35	0	0	0	0	0	0	0	0	0	0	0	0	0	0	0	0	0	0	0	0	0	0	0	0	0	0	0	0	0	0	0	0	0	0	0	0	0	129	0	0	0	0	0	0	0	0	2	0	0	0	0	0	0	0	0	0	0	0	0	0	0	6	0	0	0	0	0	0	7	0	0	0	0	0	0	0	0	0	20
assemblage-887-564	0	0	0	0	26	0	0	0	0	0	0	0	0	0	0	52	0	0	0	0	0	0	0	0	0	0	0	0	66	0	0	0	32	0	0	0	0	0	4	0	0	0	0	0	0	0	0	0	0	0	0	0	0	0	0	0	0	8	0	0	0	0	0	0	0	0	60	0	0	0	0	9	0	0	0	0	0	0	0	0	0	0	0	0	0	0	0	0	74	0	0	0	0	121	0	0	0	0	11	7	15	0	0	0	0	0	0	0	0	0	0	0	15
assemblage-502-373	0	0	0	0	0	0	0	0	0	0	0	0	0	0	0	171	0	0	0	26	0	0	0	0	0	0	0	0	10	0	0	0	32	0	0	0	0	0	0	0	0	0	0	8	0	0	0	0	0	0	0	18	0	0	0	0	0	0	0	0	0	0	0	0	0	0	0	0	4	0	0	113	0	0	0	0	0	0	0	0	0	0	0	0	0	0	28	0	0	0	0	0	0	0	0	0	0	0	0	0	0	0	0	0	0	0	0	0	71	0	0	0	19
assemblage-928-943	0	0	0	0	0	0	0	0	0	0	0	0	0	0	0	133	0	0	0	35	0	0	0	0	0	0	0	0	24	0	0	0	154	0	0	0	0	0	0	0	0	0	0	0	0	0	0	0	12	0	0	0	0	4	0	0	0	0	0	0	0	0	0	7	0	0	0	0	0	0	0	48	0	0	0	0	3	0	0	14	0	0	0	0	0	0	0	0	0	0	0	0	0	0	0	16	0	0	0	0	0	0	0	19	0	0	0	0	0	0	0	0	31
assemblage-984-775	0	0	0	0	0	0	0	0	0	0	0	0	0	0	0	6	0	0	0	0	0	35	0	0	0	17	0	0	43	0	83	0	0	0	0	0	0	0	0	0	0	0	0	0	0	0	0	0	0	0	0	0	0	0	0	0	0	0	0	0	0	0	0	0	0	0	20	0	0	0	0	0	0	0	4	0	0	0	0	0	0	0	0	0	0	0	0	0	68	0	0	0	0	23	0	0	0	0	170	0	9	0	0	0	0	0	0	0	0	0	0	0	22
assemblage-896-831	0	0	0	0	0	0	0	0	0	0	0	0	0	0	0	35	0	0	0	0	0	0	0	0	0	0	0	0	10	0	51	0	8	0	0	0	0	0	0	0	0	0	0	0	0	0	0	0	0	0	0	0	0	0	0	0	0	0	0	0	0	0	0	0	0	0	52	0	0	0	0	51	69	0	0	0	0	0	0	0	0	0	0	0	6	0	0	0	0	17	0	0	0	89	0	0	0	0	0	0	0	0	0	101	0	0	0	0	0	0	0	0	11
assemblage-866-568	0	0	0	0	0	0	0	0	0	0	0	0	0	0	0	12	0	0	0	0	0	0	0	0	27	0	0	0	65	0	175	0	0	0	0	0	0	0	0	0	0	0	0	0	0	0	0	0	0	0	0	0	0	0	0	0	0	16	0	0	0	0	0	0	0	0	0	0	0	0	0	73	0	0	0	0	0	0	0	0	0	0	0	0	0	0	0	0	0	0	0	0	0	59	0	0	0	0	51	0	0	0	0	0	0	0	5	0	0	0	0	0	17
assemblage-190-406	0	0	0	0	0	6	0	0	0	0	0	0	0	0	0	27	0	0	0	0	0	81	0	0	21	0	0	0	21	0	211	0	0	0	0	0	0	0	0	0	0	0	0	0	0	0	0	0	0	0	0	0	0	0	0	0	0	0	0	0	0	0	0	0	0	0	21	0	0	0	0	0	0	0	0	0	0	0	0	0	0	0	0	0	0	0	0	0	36	0	0	0	0	18	0	0	0	0	36	0	0	0	0	0	0	0	0	0	0	0	0	0	22
assemblage-527-780	0	0	0	0	0	0	0	0	0	0	0	0	0	0	0	122	0	0	0	0	0	0	0	0	0	0	0	31	0	0	0	0	15	0	1	0	0	0	0	0	0	0	4	0	0	0	0	0	0	0	0	0	0	0	0	0	0	0	0	0	0	0	177	0	0	0	0	0	0	0	0	92	0	0	0	0	0	0	0	0	0	0	0	0	0	0	0	0	0	0	0	0	0	0	0	15	0	0	0	0	0	0	0	0	0	0	0	0	10	0	0	0	33
assemblage-936-773	0	0	0	0	0	0	0	0	0	0	0	0	0	0	0	31	0	0	0	0	0	82	0	0	126	0	0	0	72	0	0	0	0	0	0	0	0	0	0	0	0	0	0	0	0	0	0	0	0	0	0	0	0	0	0	0	0	0	0	0	0	0	0	0	0	0	0	0	0	0	0	0	0	0	0	0	0	0	0	0	0	0	0	0	0	0	0	0	0	0	0	0	0	38	0	0	0	0	84	0	27	0	0	0	0	0	17	0	0	0	0	0	23
assemblage-627-775	0	0	16	0	0	0	0	0	0	0	0	0	0	0	0	166	0	0	0	0	0	9	0	0	0	0	0	0	55	0	0	0	58	0	0	17	0	0	0	0	0	0	0	0	0	0	0	0	0	0	0	0	0	0	0	0	0	0	0	0	0	0	0	0	0	0	0	0	0	0	0	152	0	0	0	0	0	0	0	0	0	0	0	0	0	0	0	0	0	0	0	0	0	0	0	5	0	0	0	0	0	0	0	5	0	0	0	0	0	0	0	0	17
assemblage-602-776	0	0	9	0	0	0	0	0	0	0	0	0	0	0	0	177	0	0	0	0	0	5	0	0	0	0	0	0	41	0	0	0	66	0	0	28	0	0	0	0	0	0	0	0	0	0	0	0	0	0	0	0	0	0	0	0	0	0	0	0	0	0	0	0	0	0	0	0	0	0	0	135	0	0	0	0	6	0	0	0	0	0	0	0	0	0	0	0	0	0	0	0	0	0	0	0	3	0	0	0	0	0	0	8	0	0	0	0	0	0	0	0	22
assemblage-116-151	0	0	0	0	0	0	0	0	0	0	0	0	0	0	0	170	0	0	0	0	0	25	0	0	0	0	0	0	0	0	57	0	107	0	0	0	17	0	0	0	0	0	0	0	0	0	0	0	0	0	0	0	0	0	0	0	0	0	0	0	0	0	0	0	0	0	0	0	0	0	0	4	18	0	0	23	0	0	0	0	0	0	0	0	0	0	0	0	0	0	0	0	0	13	0	0	0	0	0	0	0	0	0	29	0	0	0	0	0	0	0	0	37
assemblage-97-795	0	0	0	0	0	0	0	0	0	0	13	0	0	0	0	191	0	0	0	0	0	0	0	0	0	0	0	0	0	0	0	0	39	17	0	0	0	0	0	0	0	0	8	0	0	0	0	0	0	0	0	0	0	0	0	0	0	0	0	0	0	0	8	0	0	0	0	6	0	0	0	130	0	0	0	0	0	0	0	0	0	0	0	9	0	0	0	0	0	0	0	0	0	0	0	29	0	0	0	0	0	0	0	0	0	0	0	0	23	0	0	0	27
assemblage-944-801	0	0	0	0	0	0	0	0	0	0	0	0	0	0	0	215	0	0	0	8	0	0	0	0	0	0	0	0	0	0	0	0	70	31	0	0	0	0	0	0	0	0	0	0	0	0	0	0	0	0	0	0	0	0	0	0	0	0	0	0	0	0	0	0	0	0	0	0	0	0	0	132	0	0	0	0	0	0	0	0	11	0	0	0	0	0	0	0	0	0	0	0	0	0	0	6	0	0	0	0	0	0	0	0	0	0	0	0	0	0	0	0	27
assemblage-745-591	0	0	0	0	0	0	0	0	0	0	0	0	0	0	0	150	0	0	0	25	0	0	0	0	0	0	0	0	21	0	0	0	20	0	0	0	0	0	0	0	0	0	0	8	0	0	0	0	0	0	0	13	0	0	0	0	0	0	0	0	0	0	0	0	0	0	0	0	7	0	0	136	0	0	0	0	0	0	0	0	0	0	0	0	0	0	15	0	0	0	0	0	0	0	0	0	0	0	0	0	0	0	0	0	0	0	0	0	82	0	0	0	23
assemblage-541-768	0	0	0	0	0	0	23	0	0	0	0	0	0	0	0	28	0	0	0	0	0	0	0	0	0	0	0	84	0	0	0	0	8	27	0	0	0	0	0	0	0	0	0	0	3	0	0	0	0	0	0	0	0	0	0	0	0	0	0	0	0	0	24	0	0	0	0	0	0	0	0	183	0	0	0	0	0	0	0	0	0	0	0	57	0	0	0	9	0	0	0	0	0	0	0	22	0	0	0	0	0	0	0	0	0	0	0	0	0	11	0	0	21
assemblage-1000-776	0	0	0	0	0	0	0	0	0	0	0	0	0	0	0	12	0	0	0	0	0	45	0	0	0	0	0	0	71	0	144	0	7	0	0	0	0	0	0	0	0	0	0	0	0	0	0	0	0	25	0	0	0	0	0	0	0	0	0	0	0	0	0	0	0	0	59	0	0	0	0	65	0	0	0	0	0	0	0	0	0	0	0	0	0	0	0	0	6	0	0	0	0	56	0	0	0	0	0	0	0	0	0	0	0	0	0	0	0	0	0	0	10
assemblage-956-899	0	0	0	0	0	0	0	0	0	0	0	0	0	0	0	0	0	0	0	0	0	78	0	0	0	0	0	0	325	0	1	0	0	0	0	0	0	0	0	0	0	0	0	0	0	0	0	0	0	0	0	0	0	0	0	0	0	0	0	0	11	0	0	0	0	0	0	0	0	0	0	0	0	0	0	0	0	0	0	0	0	0	0	0	0	0	0	0	0	0	0	0	0	0	0	0	0	21	8	0	0	0	0	0	38	0	0	0	0	0	0	0	18
assemblage-504-675	0	0	0	0	0	0	0	0	0	0	0	0	0	0	0	29	0	0	0	0	0	0	0	7	22	0	0	0	0	0	0	0	0	0	0	0	0	0	0	43	0	0	0	0	0	0	0	0	0	0	0	0	0	0	0	0	0	161	0	0	0	0	0	0	0	0	0	0	0	0	0	0	0	0	0	0	0	0	0	0	0	0	0	0	0	0	0	0	0	0	0	0	0	216	0	0	0	0	0	0	0	4	0	0	0	6	0	0	0	0	0	0	12
assemblage-983-757	0	0	0	0	0	0	0	0	0	0	0	0	0	0	0	64	0	0	0	0	0	10	0	0	0	0	0	0	64	0	94	0	14	0	0	0	0	0	0	0	0	0	0	0	0	0	0	0	0	0	0	0	0	0	0	0	0	0	0	0	0	0	0	0	0	0	20	0	0	0	0	80	21	0	0	0	0	0	0	0	0	0	0	0	0	0	0	0	32	0	0	0	0	45	0	0	0	0	0	12	0	0	0	19	0	0	0	0	0	0	0	0	25
assemblage-974-919	0	0	0	0	0	0	0	0	0	0	0	0	0	0	0	0	0	0	0	0	0	82	0	0	0	0	0	0	322	0	7	0	0	0	0	0	0	0	0	0	0	0	0	0	0	0	0	0	0	0	0	0	0	0	0	0	0	0	0	0	8	0	0	0	0	0	0	0	0	0	0	0	0	0	0	0	0	0	0	0	0	0	0	0	0	0	0	0	0	0	0	0	0	0	0	0	0	17	7	0	0	0	0	0	46	0	0	0	0	0	0	4	7
assemblage-774-931	0	0	0	0	0	7	0	0	0	0	0	0	0	0	0	82	0	0	0	0	0	0	0	0	0	0	0	0	25	0	83	0	0	0	0	0	0	0	0	0	0	0	0	0	0	0	0	0	0	0	0	0	0	0	0	0	0	0	0	0	0	0	0	0	0	0	50	0	0	0	0	30	0	0	0	0	0	0	0	0	0	0	0	0	0	0	0	0	17	0	0	0	0	19	0	0	0	0	62	0	0	0	0	101	0	0	0	0	0	0	0	0	24
assemblage-125-165	0	0	0	0	0	0	0	0	0	0	0	0	0	0	0	181	0	0	10	0	0	28	0	0	0	0	0	0	0	0	42	0	116	0	0	0	14	0	0	0	0	0	0	0	0	0	0	0	0	0	0	0	0	0	0	0	0	0	0	0	0	0	0	0	0	0	0	0	0	0	0	0	19	0	0	20	0	0	0	0	0	0	0	0	0	0	0	0	0	0	0	0	0	8	0	0	0	0	10	0	0	0	0	25	0	0	0	0	0	0	0	0	27
assemblage-497-361	0	0	0	0	0	0	0	0	0	0	0	0	0	0	0	150	0	0	0	29	0	0	0	0	0	0	0	0	14	0	0	0	27	0	0	0	0	0	0	0	0	0	0	0	0	0	0	0	0	0	0	19	0	0	0	0	0	0	0	0	0	0	0	0	0	0	0	0	3	0	0	135	0	0	0	0	0	0	0	0	0	0	0	0	0	0	24	0	0	0	0	0	0	0	0	0	0	0	0	0	0	0	0	0	0	0	0	0	80	0	0	0	19
assemblage-266-940	0	0	0	0	0	0	0	0	0	0	0	0	0	0	4	78	0	0	0	0	13	86	0	0	41	0	0	0	0	0	142	0	0	0	0	0	0	0	0	0	0	0	0	0	0	0	0	0	0	0	0	0	0	0	0	0	0	0	0	0	0	0	0	0	0	0	8	0	0	0	0	0	0	0	0	0	0	0	0	0	0	0	0	0	0	0	0	0	0	0	0	0	0	7	0	0	0	0	93	0	2	0	0	0	0	0	13	0	0	0	0	0	13
assemblage-103-772	0	0	0	0	0	0	0	0	0	0	0	0	0	0	0	244	0	0	0	0	0	0	0	0	0	0	0	0	0	0	0	0	0	0	0	0	0	0	0	0	0	0	0	0	0	0	0	0	0	0	0	0	0	0	0	0	0	0	0	0	0	0	0	0	0	0	0	25	0	0	0	84	0	0	0	0	0	0	0	0	0	0	0	0	0	0	0	0	0	0	0	0	0	0	0	96	0	0	0	0	0	0	0	0	0	0	0	0	32	0	0	0	19
assemblage-245-235	0	0	0	0	0	0	0	11	0	0	0	0	0	0	0	36	0	0	0	0	0	0	0	0	0	0	0	0	20	0	49	0	24	0	0	0	0	0	0	0	0	0	0	0	0	0	0	0	0	0	0	0	0	0	0	0	0	0	0	7	0	0	0	0	0	0	41	0	0	0	0	99	49	0	0	0	0	0	0	0	0	0	0	0	0	0	0	0	8	0	0	0	0	63	0	0	0	0	72	0	0	0	0	0	0	0	0	0	0	0	0	0	21
assemblage-419-440	0	0	0	0	0	0	0	0	0	0	0	0	0	0	0	0	65	0	0	0	0	0	0	0	0	0	0	0	38	0	0	0	0	0	0	0	0	0	0	0	0	0	0	0	0	0	0	0	0	0	0	0	0	0	0	109	0	0	0	0	0	0	0	0	0	0	0	0	0	0	0	12	0	0	0	0	0	0	0	0	0	0	0	0	0	0	0	0	0	0	0	0	0	0	0	0	0	0	248	0	0	0	0	0	0	0	0	0	0	0	0	19	9
assemblage-106-789	0	0	0	0	0	0	0	0	0	0	0	0	0	0	0	93	0	0	0	0	0	0	0	0	0	0	0	0	0	0	0	0	38	32	0	0	0	0	0	0	0	0	20	0	0	0	0	0	0	0	0	0	0	0	0	0	0	0	0	0	0	0	18	0	0	0	0	0	0	0	0	214	0	0	0	0	0	0	0	0	0	0	0	0	0	0	0	0	0	0	0	0	0	0	0	29	0	0	0	0	0	0	0	0	0	0	0	0	24	0	0	0	32
assemblage-393-805	0	0	0	0	0	0	0	0	0	0	0	0	0	0	0	191	9	0	0	0	0	0	0	0	0	0	0	0	29	0	0	0	0	0	0	0	0	0	0	28	0	0	0	0	0	0	0	0	0	0	0	0	0	0	0	0	0	21	0	0	0	0	0	0	0	0	0	0	0	0	0	0	0	0	0	0	0	0	0	0	0	0	0	0	0	0	0	0	0	0	0	0	0	156	0	0	0	0	41	0	0	0	0	0	0	0	0	0	0	0	4	0	21
assemblage-752-974	0	0	0	0	0	0	0	0	0	0	0	0	0	0	0	118	0	0	0	37	0	0	0	0	0	0	0	0	28	0	0	0	175	0	0	0	0	0	0	0	0	0	0	0	0	0	0	0	10	0	0	0	0	5	0	0	0	0	0	0	0	0	0	4	0	0	0	0	0	0	0	41	0	0	0	0	6	0	0	12	0	0	0	0	0	0	0	0	0	0	0	0	0	0	0	20	0	0	0	0	0	0	0	15	0	0	0	0	0	0	0	0	29
assemblage-922-961	0	0	0	0	0	0	0	0	0	0	0	0	0	0	0	182	0	0	0	0	0	0	0	0	0	0	0	0	0	0	0	0	86	0	0	6	0	0	0	0	0	0	0	0	0	0	0	0	0	0	0	43	0	0	0	0	0	0	0	0	0	0	0	0	0	0	0	0	0	15	4	97	0	0	0	0	0	0	0	0	0	0	0	0	0	0	21	0	0	0	0	0	0	0	16	0	0	0	0	0	0	0	0	0	0	0	0	0	0	0	0	0	30
assemblage-393-803	0	0	0	0	0	0	0	0	0	0	0	0	0	0	0	19	0	0	0	0	0	93	0	0	118	0	0	0	75	0	0	0	0	0	0	0	0	0	0	0	0	0	0	0	0	0	0	0	0	0	0	0	0	0	0	0	0	0	0	0	0	0	0	0	0	0	0	0	0	0	0	0	0	0	0	0	0	0	0	0	0	0	0	0	0	0	0	0	0	0	0	0	0	44	0	0	0	0	84	0	28	0	0	0	0	0	20	0	0	0	0	0	19
assemblage-739-314	0	0	0	0	0	0	0	0	0	0	28	0	0	0	0	277	0	0	0	0	0	0	0	0	0	0	0	0	0	0	0	0	4	0	0	0	0	0	0	0	0	0	0	0	0	0	0	0	0	0	0	0	0	0	0	0	0	0	0	0	0	0	18	0	0	0	0	0	0	0	0	90	0	0	0	0	0	0	0	0	0	0	0	0	0	0	15	0	0	0	0	0	0	0	0	14	0	0	0	0	0	0	0	0	0	0	0	0	34	0	0	0	20
assemblage-497-349	0	0	0	0	0	0	0	0	0	0	0	0	0	0	0	197	0	0	0	12	0	0	0	0	0	0	0	0	0	0	0	0	48	34	0	0	0	0	0	0	0	0	0	0	0	0	0	0	0	0	0	0	0	0	0	0	0	0	0	0	0	0	0	0	0	0	0	0	0	0	0	155	0	0	0	0	0	0	0	0	0	0	0	0	0	0	0	0	0	0	0	0	0	0	0	13	0	0	0	0	0	0	9	0	0	0	0	0	0	0	0	0	32
assemblage-248-931	0	0	0	0	0	0	0	0	0	0	0	0	0	0	5	82	0	0	0	0	8	92	0	0	59	0	0	0	0	0	116	0	4	0	0	0	0	0	0	0	0	0	0	0	0	0	0	0	0	0	0	0	0	0	0	0	0	0	0	0	0	0	0	0	0	0	0	0	0	0	0	0	0	0	0	0	0	0	0	0	0	0	0	0	0	0	0	0	0	0	0	0	0	0	0	0	0	0	68	0	0	0	0	0	0	0	21	0	0	0	0	0	45
assemblage-969-107	0	0	0	0	0	0	0	0	0	0	0	0	0	0	0	129	0	0	0	20	0	0	0	0	0	0	0	14	0	0	0	0	32	0	0	0	0	0	0	0	5	0	0	0	12	0	0	0	0	0	8	0	0	0	5	0	0	0	0	0	0	0	0	0	0	0	0	0	0	0	0	199	0	0	0	0	0	0	0	0	0	0	0	35	0	0	0	0	0	0	0	0	0	0	0	0	0	0	0	0	0	0	0	0	0	0	0	0	25	0	0	0	16
assemblage-711-781	0	0	0	0	0	0	0	0	0	0	0	0	3	0	0	187	0	0	0	0	0	26	0	0	0	0	0	0	0	0	61	0	108	0	0	0	29	0	0	0	0	0	0	0	0	0	0	0	0	0	0	0	0	0	0	0	0	0	0	0	0	0	0	0	0	0	0	0	0	0	0	7	17	0	0	11	0	0	0	0	0	0	0	0	0	0	0	0	0	0	0	0	0	3	0	0	0	0	0	0	0	0	0	18	0	0	0	0	0	0	0	0	30
assemblage-521-793	0	0	0	0	0	0	33	0	0	0	0	0	0	0	0	32	0	0	0	0	0	0	0	0	0	0	0	76	0	0	0	0	10	35	0	0	0	0	0	0	0	0	0	0	9	0	0	0	0	0	0	0	0	0	0	0	0	0	0	0	0	0	30	0	0	0	0	0	0	0	0	165	0	0	0	0	0	0	0	0	0	0	0	45	0	0	0	10	0	0	0	0	0	0	0	30	0	0	0	0	0	0	0	0	0	0	0	0	0	13	0	0	12
assemblage-968-117	0	0	0	0	0	0	0	0	0	0	53	0	0	0	0	290	0	0	0	0	0	0	0	0	0	0	0	0	0	0	0	0	5	4	0	0	0	0	0	0	0	0	0	0	6	0	0	0	0	0	0	0	0	0	0	0	0	0	0	0	0	0	22	0	0	0	0	0	0	0	0	64	0	0	0	0	0	0	0	0	0	0	0	0	0	0	0	0	0	0	0	0	0	0	0	13	0	0	0	0	0	0	0	0	0	0	0	0	27	0	0	0	16
assemblage-866-658	0	0	0	0	0	0	0	0	0	0	0	0	0	0	8	83	0	0	0	0	6	100	0	0	41	0	0	0	0	0	141	0	5	0	0	0	0	0	0	0	0	0	0	0	0	0	0	0	0	0	0	0	0	0	0	0	0	0	0	0	0	0	0	0	0	0	5	0	0	0	0	0	0	0	0	0	0	0	0	0	0	0	0	0	0	0	0	0	0	0	2	0	0	1	0	0	0	0	65	0	9	0	0	0	0	0	16	0	0	0	0	0	18
assemblage-114-780	0	0	0	0	0	0	0	0	0	0	0	0	0	0	0	142	0	0	0	12	0	0	0	0	0	0	0	12	0	0	0	0	26	0	0	0	0	0	0	0	24	0	0	0	13	0	0	0	0	0	9	0	0	0	4	0	0	0	0	0	0	0	0	0	0	0	0	0	0	0	0	183	0	0	0	0	0	0	0	0	0	0	0	36	0	0	0	0	0	0	0	0	0	0	0	0	0	0	0	0	0	0	0	0	0	0	0	0	24	0	0	0	15
assemblage-874-653	0	0	0	0	40	0	0	0	0	0	0	0	0	0	0	44	0	0	0	0	0	0	0	0	0	0	0	0	57	0	11	0	31	0	0	0	0	0	3	0	0	0	0	0	0	0	0	0	0	0	0	0	0	0	0	0	0	12	0	0	0	0	0	0	0	0	58	0	0	0	0	2	0	0	0	0	0	0	0	0	0	0	0	0	0	0	0	0	92	0	0	0	0	84	0	0	0	0	17	7	26	0	0	0	0	0	0	0	0	0	0	0	16
assemblage-771-946	0	0	15	0	0	0	0	0	0	0	0	0	0	0	0	153	0	0	0	0	0	11	0	0	0	0	0	0	40	0	0	0	77	0	0	21	0	0	0	0	0	0	0	0	0	0	0	0	0	0	0	0	0	0	0	0	0	0	0	0	0	0	0	0	0	0	0	0	0	0	0	143	0	0	0	0	9	0	0	0	0	0	0	0	0	0	0	0	0	0	0	0	0	0	0	0	0	0	0	0	0	0	0	5	0	0	0	0	0	0	0	0	26
assemblage-905-929	0	0	0	0	0	0	0	0	0	0	0	0	0	0	0	31	0	0	0	0	0	46	0	0	0	0	0	0	94	0	0	0	62	0	0	0	0	0	0	0	0	0	0	0	0	0	0	0	0	0	0	0	0	0	0	0	0	0	0	0	0	0	0	0	0	0	15	0	0	0	0	8	65	0	0	0	23	0	0	0	0	0	0	0	0	0	0	0	0	0	0	0	0	19	0	0	0	0	0	0	0	0	0	118	0	0	0	0	0	0	0	0	19
assemblage-843-512	0	0	0	0	0	0	0	0	0	0	0	0	0	0	0	0	0	0	0	0	0	0	0	0	209	0	0	0	0	0	0	0	0	0	0	0	0	0	0	0	0	0	0	0	0	0	0	0	0	0	0	0	0	0	0	0	0	0	0	0	0	0	0	0	0	0	0	0	0	0	0	0	0	0	0	0	0	0	0	0	0	0	0	0	0	4	0	0	137	0	0	0	0	17	0	0	0	0	0	0	73	0	0	0	0	37	0	0	0	0	0	0	23
assemblage-942-784	0	0	0	0	0	0	0	0	0	0	0	0	0	0	0	194	0	0	0	18	0	0	0	0	0	0	0	0	0	0	0	0	61	23	0	0	0	0	0	0	0	0	0	0	0	0	0	0	0	0	0	0	0	0	0	0	0	0	0	0	0	0	0	0	0	0	0	0	0	0	0	156	0	0	0	0	0	0	0	0	0	0	0	0	0	0	0	0	0	0	0	0	0	0	0	0	0	0	0	0	0	0	7	0	0	0	0	0	0	0	0	0	41
assemblage-135-471	0	0	0	0	0	0	0	0	0	0	0	0	0	0	0	5	0	0	0	0	0	0	0	0	0	0	0	0	18	0	26	0	0	0	0	0	0	0	57	0	0	0	0	0	0	0	0	0	0	0	0	0	0	0	0	0	0	47	0	0	0	0	0	0	0	0	8	0	0	0	0	10	0	0	0	0	0	0	0	0	0	0	0	0	0	0	0	0	128	0	0	0	0	0	0	0	0	0	121	0	70	0	0	0	0	0	0	0	0	0	0	0	10
assemblage-765-587	0	0	0	0	0	0	0	0	0	0	0	0	0	5	0	175	0	0	0	15	0	0	0	0	0	0	0	0	0	0	0	10	19	0	0	0	0	5	0	0	9	0	0	0	0	0	0	0	0	0	0	58	0	0	0	0	0	0	0	0	0	0	0	0	0	0	0	0	0	0	0	164	0	4	0	0	0	0	0	0	0	0	0	0	0	0	12	0	0	0	0	0	0	0	0	0	0	0	0	0	0	0	0	0	0	0	0	0	0	0	0	0	24
assemblage-902-934	0	0	0	0	0	0	0	0	0	0	0	0	0	0	0	23	0	0	0	0	0	31	0	0	0	0	0	0	108	0	0	0	58	0	0	0	0	0	0	0	0	0	0	0	0	0	0	0	0	0	0	0	0	0	0	0	0	0	0	0	0	0	0	0	0	0	27	0	0	0	0	5	61	0	0	0	16	0	0	0	0	0	0	0	0	0	0	0	0	0	0	0	0	8	0	0	0	0	0	0	0	0	0	144	0	0	0	0	0	0	0	0	19
assemblage-746-290	0	0	0	0	0	0	0	0	0	0	0	0	0	0	0	256	0	0	0	0	0	0	0	0	0	0	0	0	0	0	0	0	0	0	0	0	0	0	0	0	0	0	0	0	0	0	0	0	0	0	0	0	0	0	0	0	0	0	0	0	0	0	0	0	0	0	0	29	0	0	0	70	0	0	0	0	0	0	0	0	0	0	0	0	0	0	0	0	0	0	0	0	0	0	0	93	0	0	0	0	0	0	0	0	0	0	0	0	27	0	0	0	25
assemblage-862-661	0	0	0	0	0	0	0	0	0	0	0	0	0	0	0	11	0	0	0	0	0	0	0	0	0	0	0	0	18	0	24	0	0	0	0	0	0	0	38	0	0	0	0	0	0	0	0	0	0	0	0	0	0	0	0	0	0	45	0	0	0	0	0	0	0	0	19	0	0	0	0	19	0	0	0	0	0	0	0	0	0	0	0	0	0	0	0	0	100	0	0	0	0	0	0	0	0	0	131	0	84	0	0	0	0	0	0	0	0	0	0	0	11
assemblage-186-430	0	0	0	0	0	0	0	0	0	0	0	0	0	0	0	6	0	0	0	0	0	44	0	0	0	21	0	0	30	0	100	0	0	0	0	0	0	0	0	0	0	0	0	0	0	0	0	0	0	0	0	0	0	0	0	0	0	0	0	0	0	0	0	0	0	0	32	0	0	0	0	0	0	0	0	0	0	0	0	0	0	0	0	0	0	0	0	0	53	0	0	0	0	10	0	0	0	0	187	0	4	0	0	0	0	0	0	0	0	0	0	0	13
assemblage-959-848	0	0	0	0	0	0	0	0	0	0	0	0	0	0	0	19	0	0	0	0	0	106	0	0	116	0	0	0	62	0	0	0	0	0	0	0	0	0	0	0	0	0	0	0	0	0	0	0	0	0	0	0	0	0	0	0	0	0	0	0	0	0	0	0	0	0	0	0	0	0	0	0	0	0	0	0	0	0	0	0	0	0	0	0	0	0	0	0	0	0	0	0	0	30	0	0	0	0	89	0	40	0	0	0	0	0	18	0	0	0	0	0	20
assemblage-122-489	0	0	0	0	0	0	0	0	0	0	0	0	0	0	0	17	0	0	0	0	0	6	0	0	46	0	0	0	67	0	155	0	0	0	0	0	0	0	0	0	0	0	0	0	0	0	0	0	0	0	0	0	0	0	0	0	0	12	0	0	0	0	0	0	0	0	0	0	0	0	0	73	0	0	0	0	0	0	0	0	0	0	0	0	0	0	0	0	0	0	0	0	0	52	0	0	0	0	46	0	0	0	0	0	0	0	5	0	0	0	0	0	21
assemblage-522-758	0	0	0	0	0	0	0	0	0	22	0	0	0	0	0	121	0	0	0	0	0	0	0	0	0	0	0	42	0	0	0	0	41	0	0	0	0	0	0	0	0	0	0	0	0	0	0	0	0	0	0	0	0	0	0	0	0	0	0	0	0	0	31	0	0	0	0	24	0	0	0	40	0	0	0	0	0	0	0	0	0	0	0	40	0	0	0	0	0	0	0	0	0	0	0	98	0	0	0	0	0	0	0	0	0	0	0	0	30	0	0	0	11
assemblage-923-961	0	0	0	0	0	0	0	0	0	0	0	0	0	0	0	174	0	0	0	13	0	27	0	0	0	0	0	0	31	0	0	0	70	0	0	5	0	0	0	0	0	0	0	0	0	0	0	0	0	0	0	6	0	0	0	0	0	0	0	0	0	0	0	0	0	0	0	0	0	0	0	77	0	0	0	0	0	0	0	0	0	0	0	0	0	0	3	0	0	0	0	0	0	0	8	4	0	0	0	0	0	0	0	20	0	0	0	0	0	0	0	0	62
assemblage-176-91	0	0	0	0	0	0	0	0	0	0	0	0	0	0	0	0	0	0	0	0	0	33	0	0	0	28	0	0	28	0	59	0	0	0	0	0	0	0	0	0	0	0	0	0	0	0	0	0	0	0	0	0	0	0	0	0	0	0	0	0	0	0	0	0	0	0	35	0	0	0	0	0	0	0	5	0	0	0	0	0	0	0	0	0	0	0	0	0	61	0	0	0	0	19	0	0	0	0	204	0	2	0	0	0	0	0	0	0	0	0	0	0	26
assemblage-200-472	0	0	0	0	0	0	0	0	0	0	0	0	0	0	0	54	0	0	0	0	0	34	0	0	51	0	0	0	64	0	20	0	13	0	0	0	0	0	12	13	0	0	0	0	0	0	0	0	0	0	0	0	0	0	0	0	0	24	0	0	0	0	0	0	0	0	0	0	0	0	0	16	0	0	0	0	0	0	0	0	0	0	0	0	0	0	0	0	7	0	0	0	0	52	0	0	0	0	75	0	41	0	0	0	0	0	0	0	0	0	0	0	24
assemblage-953-864	0	0	0	0	0	0	0	0	0	0	0	0	0	0	0	0	7	0	0	0	0	19	0	0	43	0	0	0	31	0	80	0	42	0	0	0	0	0	48	0	0	0	0	0	0	0	0	0	0	0	0	0	0	0	0	0	0	0	0	0	0	0	0	0	0	0	0	0	0	0	0	22	0	0	0	0	0	0	0	0	0	0	0	0	0	0	0	0	0	0	0	0	0	23	0	0	0	0	133	0	30	0	0	0	0	0	0	0	0	0	0	0	22
assemblage-492-215	0	0	0	0	0	0	0	0	0	0	0	0	0	0	0	97	0	0	0	0	0	0	0	0	0	0	0	0	30	0	58	0	67	0	0	0	0	0	0	0	0	0	0	0	0	0	0	0	18	0	0	0	11	0	0	0	0	0	0	0	0	0	0	0	0	0	0	0	0	7	0	110	0	0	0	0	0	0	0	0	0	0	0	0	22	0	0	0	0	0	0	0	0	10	0	27	0	0	0	0	0	0	0	34	0	0	0	0	0	0	0	0	9
assemblage-706-788	0	0	0	0	0	0	0	0	0	0	0	0	0	0	0	30	0	0	0	0	0	35	0	0	0	0	0	0	116	0	4	0	50	0	0	0	0	0	0	0	0	0	0	0	0	0	0	0	0	0	0	0	0	0	0	0	0	0	0	0	0	0	0	0	0	0	4	0	0	0	0	8	49	0	0	0	18	0	0	0	0	0	0	0	0	0	0	0	0	0	0	0	0	18	0	0	0	0	0	0	0	0	0	153	0	0	0	0	0	0	0	0	15
assemblage-177-111	0	0	0	0	0	0	0	0	0	0	0	0	0	0	0	77	0	0	0	0	0	12	0	0	0	0	0	0	63	0	94	0	14	0	0	0	0	0	0	0	0	0	0	0	0	0	0	0	0	0	0	0	0	0	0	0	0	0	0	0	0	0	0	0	0	0	15	0	0	0	0	71	26	0	0	0	0	0	0	0	0	0	0	0	0	0	0	0	38	0	0	0	0	37	0	0	0	0	0	7	0	0	0	22	0	0	0	0	0	0	0	0	24
assemblage-172-461	0	0	0	0	0	0	0	0	0	0	0	0	0	0	0	200	11	0	0	0	0	0	0	0	0	0	0	0	25	0	0	0	0	0	0	0	0	0	0	24	0	0	0	0	0	0	0	0	0	0	0	0	0	0	0	0	0	21	0	0	0	0	0	0	0	0	0	0	0	0	0	0	0	0	0	0	0	0	0	0	0	0	0	0	0	0	0	0	0	0	0	0	0	153	0	0	0	0	36	0	0	0	0	0	0	0	0	0	0	0	13	0	17
assemblage-203-418	0	0	0	0	0	7	0	0	0	0	0	0	0	0	0	30	0	0	0	0	0	67	0	0	18	0	0	0	16	0	232	0	0	0	0	0	0	0	0	0	0	0	0	0	0	0	0	0	0	0	0	0	0	0	0	0	0	0	0	0	0	0	0	0	0	0	14	0	0	0	0	0	0	0	0	0	0	0	0	0	0	0	0	0	0	0	0	0	31	0	0	0	0	25	0	0	0	0	43	0	0	0	0	0	0	0	0	0	0	0	0	0	17
assemblage-174-110	0	0	0	0	0	0	0	0	0	0	0	0	0	0	0	27	0	0	0	0	0	71	0	0	23	0	0	0	25	0	240	0	0	0	0	0	0	0	0	0	0	0	0	0	0	0	0	0	0	0	0	0	0	0	0	0	0	0	0	0	0	0	0	0	0	0	9	0	0	0	0	5	0	0	0	0	0	0	0	0	0	0	0	0	0	0	0	0	25	0	0	0	0	15	0	0	0	0	42	0	0	0	0	0	0	0	0	0	0	0	0	0	18
assemblage-522-210	0	0	0	0	0	0	0	0	0	0	0	0	0	0	0	98	0	0	0	0	0	0	0	0	0	0	0	0	39	0	52	0	69	0	0	0	0	0	0	0	0	0	0	0	0	0	0	0	16	0	0	0	7	0	0	0	0	0	0	0	0	0	0	0	0	0	0	0	0	21	0	101	0	0	0	0	0	0	0	0	0	0	0	0	13	0	0	0	0	0	0	0	0	23	0	6	0	0	0	0	0	0	0	43	0	0	0	0	0	0	0	0	12
assemblage-297-854	0	0	0	0	0	0	0	0	0	0	0	0	0	0	0	101	0	0	0	0	0	0	0	0	0	0	0	30	0	0	0	0	6	0	0	0	0	0	0	0	0	0	0	0	0	0	0	0	0	0	0	0	0	0	0	0	0	0	0	0	0	0	184	0	0	0	0	0	0	0	0	137	0	0	0	0	0	0	0	0	0	0	0	0	0	0	0	0	0	0	0	0	0	0	0	5	0	0	0	0	0	0	0	0	0	0	0	0	1	0	0	0	36
assemblage-492-366	0	0	0	0	0	0	0	0	0	0	0	0	0	0	0	193	0	0	0	18	0	0	0	0	0	0	0	0	0	0	0	0	61	37	0	0	0	0	0	0	0	0	0	0	0	0	0	0	0	0	0	0	0	0	0	0	0	0	0	0	0	0	0	0	0	0	0	0	0	0	0	155	0	0	0	0	0	0	0	0	0	0	0	0	0	0	0	0	0	0	0	0	0	0	0	4	0	0	0	0	0	0	7	0	0	0	0	0	0	0	0	0	25
assemblage-962-848	0	0	0	0	6	0	0	0	0	0	0	0	0	0	0	2	0	0	0	0	0	0	0	0	48	0	0	0	107	0	0	0	0	0	0	0	0	0	0	0	0	0	0	0	0	0	0	0	0	0	0	0	0	0	0	0	0	84	0	0	0	0	0	0	0	0	0	0	0	0	0	0	0	0	0	0	0	0	0	0	0	0	0	0	0	0	0	0	25	0	0	0	0	52	0	0	0	0	58	0	79	0	0	0	0	0	0	0	0	0	0	0	39
assemblage-806-153	0	0	0	0	0	0	0	0	0	0	0	0	0	0	0	51	0	0	0	0	0	11	0	0	0	0	0	0	19	0	76	0	51	0	0	0	0	0	0	0	0	0	0	0	0	0	0	0	0	0	0	0	0	0	0	0	0	0	0	0	0	0	0	0	0	0	50	0	0	0	0	52	25	0	0	0	0	0	0	0	0	0	0	0	0	0	0	0	1	5	0	0	0	45	0	0	0	0	37	0	0	0	0	46	0	0	0	0	0	0	0	0	31
assemblage-282-940	0	0	0	0	35	0	0	0	4	0	0	0	0	0	0	37	0	0	0	0	0	0	0	0	0	0	0	0	96	0	3	0	19	0	0	0	0	0	7	0	0	0	0	0	0	0	0	0	0	0	0	0	0	0	0	0	0	10	0	0	0	0	0	0	0	0	42	0	0	0	0	2	0	0	0	0	0	0	0	0	0	0	0	0	0	0	0	0	77	0	0	0	0	112	0	0	0	0	12	6	26	0	0	0	0	0	0	0	0	0	0	0	12
assemblage-847-825	0	0	0	0	0	0	0	0	0	0	0	0	0	0	0	112	0	0	0	0	0	0	0	0	0	0	0	21	0	0	0	0	6	0	0	0	0	0	0	0	0	0	9	0	0	0	0	0	0	0	0	0	0	0	0	0	0	0	0	0	0	0	203	0	0	0	0	8	0	0	0	96	0	0	0	0	0	0	0	0	0	0	0	0	0	0	0	0	0	0	0	0	0	0	0	14	0	0	0	0	0	0	0	0	0	0	0	0	9	0	0	0	22
assemblage-582-219	0	0	0	0	0	0	0	0	0	0	0	0	0	0	0	146	0	0	0	17	0	0	0	0	0	0	0	16	0	0	0	0	30	0	0	0	0	0	0	0	17	0	0	0	17	0	0	0	0	0	6	0	0	0	7	0	0	0	0	0	0	0	0	0	0	0	0	0	0	0	0	189	0	0	0	0	0	0	0	0	0	0	0	23	0	0	0	0	0	0	0	0	0	0	0	0	0	0	0	0	0	0	0	0	0	0	0	0	16	0	0	0	16
assemblage-163-101	0	0	0	0	0	0	0	0	0	0	0	0	0	0	0	34	0	0	0	0	0	52	0	0	0	0	0	0	56	0	137	0	6	0	0	0	0	0	0	0	0	0	0	0	0	0	0	0	0	6	0	0	0	0	0	0	0	0	0	0	0	0	0	0	0	0	58	0	0	0	0	73	0	0	0	0	0	0	0	0	0	0	0	0	0	0	0	0	0	0	0	0	0	57	0	0	0	0	5	0	0	0	0	0	0	0	0	0	0	0	0	0	16
assemblage-856-509	0	0	0	0	0	0	0	0	0	0	0	0	0	0	0	0	0	0	0	0	0	0	0	0	224	0	0	0	0	0	0	0	0	0	0	0	0	0	0	0	0	0	0	0	0	0	0	0	0	0	0	0	0	0	0	0	0	0	0	0	0	0	0	0	0	0	0	0	0	0	0	0	0	0	0	0	0	0	0	0	0	0	0	0	0	9	0	0	121	0	0	0	0	15	0	0	0	0	0	0	59	0	0	0	0	52	0	0	0	0	0	0	20
assemblage-877-571	0	0	0	0	15	0	0	0	0	0	0	0	0	0	0	48	0	0	0	0	0	0	0	0	0	0	0	0	66	0	5	0	21	0	0	0	0	0	12	0	0	0	0	0	0	0	0	0	0	0	0	0	0	0	0	0	0	7	0	0	0	0	0	0	0	0	59	0	0	0	0	12	0	0	0	0	0	0	0	0	0	0	0	0	0	0	0	0	112	0	0	0	0	93	0	0	0	0	10	0	19	0	0	0	0	0	0	0	0	0	0	0	21
assemblage-856-504	0	0	0	0	0	0	0	0	0	0	0	0	0	0	0	0	0	0	0	0	0	0	0	0	232	0	0	0	0	0	0	0	0	0	0	0	0	0	0	0	0	0	0	0	0	0	0	0	0	0	0	0	0	0	0	0	0	0	0	0	0	0	0	0	0	0	0	0	0	0	0	0	0	0	0	0	0	0	0	0	0	0	0	0	0	0	0	0	117	0	0	0	0	21	0	0	0	0	0	0	78	0	0	0	0	28	0	0	0	0	0	0	24
assemblage-776-962	0	0	0	0	0	0	0	0	0	0	0	0	0	0	0	176	0	0	0	0	0	73	0	0	0	0	0	0	52	0	0	0	18	0	0	0	0	0	0	0	0	0	0	0	0	0	0	0	0	0	0	0	0	0	0	0	0	0	0	0	0	0	0	0	0	0	0	0	0	0	0	46	0	0	0	0	0	0	0	0	0	0	0	0	0	0	0	0	0	0	0	0	0	0	0	0	0	0	0	0	0	0	0	93	0	0	0	0	0	0	0	0	42
assemblage-859-100	0	0	0	0	0	0	0	0	0	0	0	0	0	0	0	117	0	0	0	54	0	0	0	0	0	0	0	0	16	0	0	0	155	0	0	0	0	0	0	0	0	0	0	0	0	0	0	0	25	0	0	0	0	8	0	0	0	0	0	0	0	0	0	9	0	0	0	0	0	0	0	47	0	0	0	0	5	0	0	8	0	0	0	0	0	0	0	0	0	0	0	0	0	0	0	20	0	0	0	0	0	0	0	12	0	0	0	0	0	0	0	0	24
assemblage-118-500	0	0	0	0	0	0	0	0	0	0	0	0	0	0	0	8	0	0	0	0	0	0	0	0	35	0	0	0	69	0	180	0	6	0	0	0	0	0	0	0	0	0	0	0	0	0	0	0	0	0	0	0	0	0	0	0	0	12	0	0	0	0	0	0	0	0	0	0	0	0	0	67	0	0	0	0	0	0	0	0	0	0	0	0	0	0	0	0	0	0	0	0	0	73	0	0	0	0	30	0	0	0	0	0	0	0	0	0	0	0	0	0	20
assemblage-964-125	0	0	0	0	0	0	0	0	0	0	28	0	0	0	0	294	0	0	0	0	0	0	0	0	0	0	0	0	0	0	0	0	0	7	0	0	0	0	0	0	0	0	0	0	0	0	0	0	0	0	0	0	0	0	0	0	0	0	0	0	0	0	18	0	0	0	0	0	0	0	0	74	0	0	0	0	0	0	0	0	0	0	0	0	0	0	0	0	0	0	0	0	0	0	0	15	0	0	0	0	0	0	0	0	0	0	0	0	35	0	0	0	29
assemblage-870-655	0	0	0	0	0	0	0	0	0	0	0	0	0	0	0	13	0	0	0	0	0	0	0	0	0	0	0	0	14	0	12	0	0	0	0	0	0	0	36	0	0	0	0	0	0	0	0	0	0	0	0	0	0	0	0	0	0	65	0	0	0	0	0	0	0	0	13	0	0	0	0	16	0	0	0	0	0	0	0	0	0	0	0	0	0	0	0	0	129	0	0	0	0	3	0	0	0	0	121	0	68	0	0	0	0	0	0	0	0	0	0	0	10
assemblage-777-950	0	0	0	0	0	0	0	6	0	0	0	0	0	0	0	34	0	0	0	0	0	0	0	0	0	0	0	0	30	0	59	0	17	0	0	0	0	0	0	0	0	0	0	0	0	0	0	0	0	0	0	0	0	0	0	0	0	0	0	8	0	0	0	0	0	6	40	0	0	0	0	78	56	0	0	0	0	0	0	0	0	0	0	0	0	0	0	0	0	0	0	0	0	79	0	0	0	0	53	0	0	0	0	0	0	0	0	0	0	0	0	0	34
assemblage-99-491	0	0	0	0	0	0	0	0	0	0	0	0	0	0	0	9	0	0	0	0	0	0	0	0	30	0	0	0	55	0	204	0	0	0	0	0	0	0	0	0	0	0	0	0	0	0	0	0	0	0	0	0	0	0	0	0	0	21	0	0	0	0	0	0	0	0	0	0	0	0	0	58	0	0	0	0	0	0	0	0	0	0	0	0	0	0	0	0	0	0	0	0	0	62	0	0	0	0	42	0	0	0	0	0	0	0	5	0	0	0	0	0	14
assemblage-664-969	0	0	0	0	0	7	0	0	0	0	0	0	0	0	0	31	0	0	0	0	0	41	0	0	14	0	0	0	15	0	236	0	0	0	0	0	0	0	0	0	0	0	0	0	0	0	0	0	0	0	0	0	0	0	0	0	0	0	0	0	0	0	0	0	0	0	9	0	0	0	0	7	0	0	0	0	0	0	0	0	0	0	0	0	0	0	0	0	27	0	0	0	0	35	0	0	0	0	65	0	0	0	0	0	0	0	0	0	0	0	0	0	13
assemblage-131-161	0	0	0	0	0	0	0	0	0	0	0	0	0	0	0	95	0	0	0	0	0	5	0	0	0	0	0	0	35	0	37	0	94	0	0	0	0	0	0	0	0	0	0	0	0	0	0	0	23	0	0	0	13	0	0	0	0	0	0	0	0	0	0	0	0	0	0	0	0	9	0	92	0	0	0	0	0	0	0	0	0	0	0	0	18	0	0	0	0	0	0	0	0	25	0	20	0	0	0	0	0	0	0	27	0	0	0	0	0	0	0	0	7
assemblage-937-796	0	0	0	0	0	0	0	0	0	0	0	0	0	0	0	231	0	0	0	22	0	5	0	0	0	0	0	0	0	0	0	0	63	49	0	0	0	0	0	0	0	0	0	0	71	0	0	0	0	0	0	0	0	0	0	0	0	0	0	0	0	0	0	0	0	0	0	0	0	0	0	31	0	0	0	0	0	0	0	0	0	0	0	0	0	0	0	0	0	0	0	0	0	0	0	12	0	0	0	0	0	0	0	1	0	0	0	0	0	0	0	0	15
assemblage-894-922	0	0	0	0	0	0	0	0	0	0	0	0	11	0	0	188	0	0	7	0	0	30	0	0	0	0	0	0	0	0	42	0	112	0	0	0	17	0	0	0	0	0	0	0	0	0	0	0	0	0	0	0	0	0	0	0	0	0	0	0	0	0	0	0	0	0	0	0	0	0	0	7	12	0	0	10	0	0	0	0	0	0	0	0	0	0	0	0	0	0	0	0	0	5	0	0	0	0	0	0	0	0	0	34	0	0	0	0	0	0	0	0	25
assemblage-201-413	0	0	0	0	0	5	0	0	0	0	0	0	0	0	2	35	0	0	0	0	0	64	0	0	29	0	0	0	20	0	231	0	0	0	0	0	0	0	0	0	0	0	0	0	0	0	0	0	0	0	0	0	0	0	0	0	0	0	0	0	0	0	0	0	0	0	12	0	0	0	0	0	0	0	0	0	0	0	0	0	0	0	0	0	0	0	0	0	15	0	0	0	0	38	0	0	0	0	30	0	0	0	0	0	0	0	0	0	0	0	0	0	19
assemblage-711-782	0	0	0	0	0	0	0	0	0	0	0	0	0	0	0	38	0	0	0	0	0	39	0	0	0	0	1	0	94	0	0	0	66	0	0	0	0	0	0	0	0	0	0	0	0	0	0	0	0	0	0	0	0	0	0	0	0	0	0	0	0	0	0	0	0	0	11	0	0	0	0	7	52	0	0	0	22	0	0	0	0	0	0	0	0	0	0	0	0	0	0	0	0	16	0	0	0	0	0	0	0	0	0	126	0	0	0	0	0	0	0	0	28
assemblage-766-990	0	0	0	0	0	0	0	0	0	0	0	5	0	0	0	197	0	0	0	0	0	87	0	0	0	0	0	0	39	0	0	0	14	0	0	0	0	0	0	0	0	0	0	0	0	0	0	0	0	0	0	0	0	0	0	0	0	0	0	0	0	0	0	0	0	0	0	0	0	0	0	38	5	0	0	0	0	0	0	0	0	0	0	0	0	0	0	0	0	0	0	0	0	0	0	0	0	0	0	0	0	0	0	88	0	0	0	0	0	0	0	0	27
assemblage-201-414	0	0	0	0	0	0	0	0	0	0	0	0	0	0	0	77	0	0	0	0	0	16	0	0	0	0	0	0	68	0	105	0	19	0	0	0	0	0	0	0	0	0	0	0	0	0	0	0	0	0	0	0	0	0	0	0	0	0	0	0	0	0	0	0	0	0	22	0	0	0	0	78	11	0	0	0	0	0	0	0	0	0	0	0	0	0	0	0	25	0	0	0	0	44	0	0	0	0	0	6	0	0	0	8	0	0	0	0	0	0	0	0	21
assemblage-494-231	0	0	0	0	0	0	0	0	0	0	0	0	10	0	0	159	0	0	15	0	0	33	0	0	0	0	0	0	0	0	58	0	107	0	0	0	15	0	0	0	0	0	0	0	0	0	0	0	0	0	0	0	0	0	0	0	0	0	0	0	0	0	0	0	0	0	0	0	0	0	0	0	20	0	0	22	0	0	0	0	0	0	0	0	0	0	0	0	0	0	0	0	0	7	0	0	0	0	0	0	0	0	0	28	0	0	0	0	0	0	0	0	26
assemblage-948-371	0	0	0	0	0	0	0	0	0	0	0	0	0	0	0	245	0	0	0	17	0	7	0	0	0	0	0	0	0	0	0	0	64	39	0	0	0	0	0	0	0	0	0	0	60	0	0	0	0	0	0	0	0	0	0	0	0	0	0	0	0	0	0	0	0	0	0	0	0	0	0	34	0	0	0	0	0	0	0	0	0	0	0	0	0	0	0	0	0	0	0	0	0	0	0	8	0	0	0	0	0	0	0	14	0	0	0	0	0	0	0	0	12
assemblage-515-363	0	0	0	0	0	0	0	0	0	0	0	0	0	8	0	158	0	0	0	11	0	14	0	0	0	0	0	0	0	0	0	17	15	0	0	0	0	6	0	0	9	0	0	0	0	0	0	0	0	0	0	55	0	0	0	0	0	0	0	0	0	0	0	0	0	0	0	0	0	0	0	160	0	0	0	0	0	0	0	0	0	0	0	0	0	0	23	0	0	0	0	0	0	0	0	0	0	0	0	0	0	0	0	0	0	0	0	0	0	0	0	0	24
assemblage-699-763	0	0	0	0	0	0	0	0	0	0	0	0	0	0	0	32	0	0	0	0	0	44	0	0	0	0	0	0	94	0	0	0	58	0	0	0	0	0	0	0	0	0	0	0	0	0	0	0	0	0	0	0	0	0	0	0	0	0	0	0	0	0	0	0	0	0	10	0	0	0	0	10	65	0	0	0	17	0	0	0	0	0	0	0	0	0	0	0	0	0	0	0	0	9	0	0	0	0	0	0	0	0	0	146	0	0	0	0	0	0	0	0	15
assemblage-658-957	0	0	0	0	0	0	0	0	0	0	0	0	0	0	0	22	0	0	0	0	0	62	0	0	0	0	0	0	59	0	130	0	8	0	0	0	0	0	0	0	0	0	0	0	0	0	0	0	0	16	0	0	0	0	0	0	0	0	0	0	0	0	0	0	0	0	51	0	0	0	0	75	0	0	0	0	0	0	0	0	0	0	0	0	0	0	0	0	0	0	0	0	0	55	0	0	0	0	7	0	0	0	0	0	0	0	0	0	0	0	0	0	15
assemblage-390-801	0	0	0	0	11	0	0	0	0	0	0	0	0	0	0	9	0	0	0	0	0	0	0	0	43	0	0	0	97	0	0	0	0	0	0	0	0	0	0	0	0	0	0	0	0	0	0	0	0	0	0	0	0	0	0	0	0	88	0	0	0	0	0	0	0	0	0	0	0	0	0	8	0	0	0	0	0	0	0	0	0	0	0	0	0	0	0	0	35	0	0	0	0	43	0	0	0	0	59	0	84	0	0	0	0	0	0	0	0	0	0	0	23
