Assemblage_Name	3027240-1-4	3-1411309-4	3-1-6351905	2890116-6714213-2	3-216346-4	1-307611-3509418	8312778-1-4	3-4253318-4	2890116-307611-2	5517934-307611-6912056	1-307611-249597	5406263-1-4	3-1-1	3-1-4	1-307611-3777424	3-9999464-4	5472849-307611-2	7041854-1-4	1-307611-1716953	7226608-1-4	1-307611-1420715	3975334-307611-3896269	1-652784-2	9815453-307611-3896269	3-1-9972908	3-7329479-4	3-1013817-4	5586833-307611-6912056	3148422-1-3338836	3445453-0-4	1-1-3	2952528-7234405-3896269	4840577-1-3338836	2890116-5105498-2	1-6034273-9545084	6625266-307611-2	1-307611-4646548	1482062-307611-3896269	1-307611-2	3-7424961-4	3-1-1610149	1-307611-1080743	3-1-3875312	5406263-1-8753407	1-6034273-2	3-2116349-4	5845587-307611-2	7244294-307611-3896269	3205415-307611-2	7515185-1-3	9488148-307611-2	3-7442538-4	3-1-3338836	1-8129999-3896269	5517934-307611-2	4573597-307611-249597	1-307611-1022070	218516-307611-2	76425-1-4	1-2900849-3896269	735888-307611-3896269	1-2380393-2	8572074-9720291-9842120	1-398548-3896269	1-1328407-3	7041854-1269175-4	1-7889069-2	1-3123713-3896269	1722578-307611-2	3-1-3895799	185893-0-4	1-3979391-1022070	5517934-8916199-2	1-307611-3896269	9166412-307611-2	2952528-307611-3896269	1217736-8129999-3896269	1-9957130-2	1-6643582-2	3-1-8864954	825902-9138815-4	1-307611-8801131	825902-2-4	3-0-2625755	675344-307611-2	3-9332986-4	3-1-6781864	6268656-4-2	1884012-1-3	3904263-1-4	3-0-4	3-9661654-4	3-0-4286410	4972401-307611-2	7515185-1-5058418	1-7295504-3896269	825902-566365-4	1066180-307611-2
assemblage-752-988	0	0	0	0	0	0	0	0	73	14	124	0	0	182	0	0	0	0	0	0	0	0	0	0	0	0	0	0	0	0	0	0	0	0	0	0	0	0	42	0	4	0	0	0	0	0	0	0	0	0	0	0	0	0	35	0	0	0	0	0	0	0	0	0	0	0	0	0	0	0	0	0	0	0	0	0	0	0	0	0	0	0	0	8	0	0	0	0	0	0	0	0	0	0	0	0	0	18
assemblage-868-649	0	0	0	0	0	8	0	0	0	0	48	0	0	31	0	0	0	0	0	0	0	0	0	0	0	0	0	0	0	103	0	0	0	0	0	0	0	0	121	0	0	0	0	0	0	0	0	0	0	10	0	0	15	0	0	0	0	0	0	0	0	0	0	0	0	0	0	0	0	0	0	0	0	117	0	0	0	0	0	0	0	0	19	0	0	0	0	0	0	0	8	0	0	0	0	0	0	20
assemblage-866-95	0	0	0	0	0	0	0	0	74	17	120	0	0	180	0	0	0	0	0	0	0	0	0	0	0	0	0	0	0	0	0	0	0	0	0	0	0	0	38	0	0	0	0	0	0	0	0	0	0	0	0	0	0	0	31	0	0	0	0	0	0	0	0	0	0	0	0	0	0	0	0	0	0	0	0	0	0	0	0	0	0	0	0	17	0	0	0	0	0	0	0	0	0	0	0	0	0	23
assemblage-671-963	0	0	0	0	0	0	0	0	0	0	19	0	0	73	0	0	0	0	0	0	0	0	0	0	0	0	0	0	0	0	0	0	9	0	0	0	0	0	204	0	0	0	0	0	0	0	0	0	0	0	0	0	0	0	0	0	0	0	0	0	5	0	0	0	0	0	17	0	0	0	0	0	0	93	0	27	0	0	15	0	15	0	0	0	0	0	0	0	0	0	0	0	0	0	0	0	0	23
assemblage-885-931	0	0	0	0	0	0	0	0	0	0	33	0	0	97	0	0	0	0	0	0	0	0	0	0	0	0	0	0	0	0	0	0	0	0	6	0	0	0	174	0	0	0	0	0	118	0	0	0	0	0	0	0	0	0	0	0	16	0	0	0	0	4	0	4	0	0	0	0	0	0	0	22	0	0	3	0	0	0	0	0	0	0	0	0	0	0	0	0	0	0	0	0	0	0	0	0	0	23
assemblage-829-151	0	12	0	0	0	0	0	0	0	0	94	0	0	116	0	0	0	0	11	0	0	0	0	0	0	0	0	0	0	0	0	0	0	0	0	0	0	0	58	0	0	0	0	0	0	0	0	0	0	0	0	0	0	0	34	0	0	0	0	0	0	4	0	0	0	0	0	0	0	0	0	0	0	139	0	0	0	0	0	0	10	0	0	0	0	0	0	0	0	0	0	0	0	0	0	0	0	22
assemblage-93-772	0	0	0	0	0	0	0	0	0	0	11	29	0	222	0	0	0	0	0	0	0	0	0	0	0	0	0	0	0	0	0	0	0	0	0	0	0	0	153	33	0	0	0	0	0	0	0	0	0	0	0	0	0	0	0	0	0	0	0	0	0	0	0	0	0	0	0	0	0	0	0	0	0	0	0	0	0	0	0	0	0	15	0	0	0	0	0	0	0	21	0	0	0	0	0	0	0	16
assemblage-953-850	0	0	0	0	0	23	0	0	0	0	0	0	0	30	0	0	0	0	0	0	0	0	0	0	0	0	0	0	0	0	0	0	0	0	0	0	0	0	91	0	0	0	0	0	0	0	0	0	0	102	0	0	0	0	0	0	0	0	0	0	0	0	0	0	7	0	0	0	0	0	0	0	0	58	0	0	0	0	0	0	0	0	89	0	0	0	0	0	14	0	71	0	0	0	0	0	0	15
assemblage-830-129	0	0	0	0	0	0	0	0	0	0	45	0	0	143	0	0	0	0	0	0	0	0	0	0	0	0	0	0	0	4	0	0	0	0	0	0	0	0	161	0	0	0	0	0	0	0	0	0	0	0	0	0	0	0	72	0	6	0	0	0	0	0	0	0	0	0	0	0	0	0	0	0	0	37	0	0	0	0	0	0	11	0	0	0	0	0	0	0	0	0	10	0	0	0	0	0	0	11
assemblage-207-398	0	0	0	0	0	0	0	0	7	0	89	0	0	100	0	0	0	0	0	0	0	0	0	0	0	0	0	0	0	56	0	0	0	0	0	0	0	0	97	0	0	0	0	0	0	0	0	0	0	0	0	0	0	0	0	0	0	0	0	0	0	0	0	0	0	0	0	0	0	0	0	0	0	20	0	0	0	17	0	0	29	0	24	0	0	0	0	0	0	0	47	0	0	0	0	0	0	14
assemblage-956-115	0	0	0	0	0	0	0	0	0	0	8	8	0	246	0	0	0	61	0	15	0	0	0	0	0	0	0	0	0	0	0	0	0	0	0	0	0	0	16	0	0	0	0	0	0	0	0	0	0	0	0	0	0	0	0	0	0	0	14	0	0	0	0	0	0	18	0	0	0	8	0	0	0	0	0	0	0	0	0	0	0	0	0	0	0	0	0	0	0	95	0	0	0	0	0	0	0	11
assemblage-375-787	0	0	0	0	0	42	0	0	0	0	18	0	0	61	0	0	0	0	0	0	0	0	6	0	0	0	0	0	0	0	25	0	0	0	0	0	0	0	170	0	0	0	0	0	0	0	0	0	0	6	0	0	0	0	0	0	0	0	0	0	0	0	0	0	0	0	0	38	0	0	0	0	0	45	0	0	0	0	0	0	0	0	24	0	12	0	0	0	7	0	16	0	0	15	0	0	0	15
assemblage-987-763	0	0	0	0	0	0	0	0	0	0	44	0	0	94	0	0	0	0	0	0	0	0	0	0	0	0	0	0	0	40	0	0	0	0	0	0	0	0	155	0	0	0	0	0	0	0	0	0	0	0	0	0	0	0	0	0	7	0	0	0	0	0	0	0	0	0	0	0	0	0	0	0	0	68	0	4	0	6	0	0	29	0	7	0	0	0	0	0	0	0	20	0	0	0	0	0	0	26
assemblage-300-862	0	0	0	0	0	0	0	0	0	0	0	54	0	234	0	0	0	4	0	0	0	0	0	0	0	0	0	0	0	0	0	0	0	0	0	0	0	0	27	0	0	0	0	0	0	0	0	0	0	0	0	0	0	0	0	0	0	0	11	0	0	0	0	0	0	0	0	0	0	0	0	0	0	0	0	0	0	0	0	0	0	0	0	0	0	83	23	0	0	56	0	0	0	0	0	0	0	8
assemblage-532-763	0	0	0	0	0	0	0	0	0	0	0	87	0	336	0	0	0	0	0	0	0	0	0	0	0	0	0	0	0	0	0	0	0	0	0	0	0	0	0	0	0	0	0	9	0	0	0	0	0	0	0	0	0	0	0	0	0	0	0	0	0	0	0	0	0	0	0	0	0	0	0	0	0	0	0	0	0	0	0	0	0	0	0	0	0	5	0	0	0	42	0	0	0	0	0	0	0	21
assemblage-181-462	0	0	0	0	0	16	0	0	0	0	0	0	0	51	0	0	0	0	0	0	0	0	0	0	0	0	0	0	0	0	0	0	0	0	0	0	0	0	102	0	0	0	6	0	0	0	0	0	0	91	0	0	0	0	0	0	0	0	0	0	0	0	0	0	0	0	0	0	0	0	0	0	0	41	0	0	0	0	0	0	0	0	87	0	0	0	0	0	13	0	77	0	0	0	0	0	0	16
assemblage-943-371	0	0	0	0	0	0	0	0	0	0	69	45	0	196	22	0	0	25	0	0	0	0	0	0	0	0	0	0	0	0	0	0	0	0	0	11	0	0	20	44	0	0	0	0	0	0	0	0	0	0	0	0	0	0	0	0	0	0	0	0	0	0	0	0	0	0	0	0	0	0	0	0	0	0	0	0	0	0	0	0	0	0	0	0	0	0	0	0	0	54	0	0	0	0	0	0	0	14
assemblage-866-109	0	0	0	0	0	0	0	0	27	0	32	0	0	226	0	0	0	0	0	0	0	0	0	0	0	0	0	0	0	0	0	0	0	0	0	0	14	0	167	0	0	0	0	0	6	0	0	0	0	0	0	0	0	0	9	0	0	0	0	0	0	0	0	0	0	0	0	0	8	0	0	0	0	0	0	0	0	0	0	0	0	0	0	0	0	0	0	0	0	0	0	0	0	0	0	0	0	11
assemblage-877-569	0	0	0	0	0	0	0	0	0	0	3	0	0	80	0	4	0	0	0	0	0	0	0	0	0	0	0	0	0	0	0	0	0	0	0	0	0	0	105	0	0	0	0	0	0	0	0	0	0	0	0	0	0	0	0	0	0	0	0	7	0	0	0	0	0	0	0	0	0	0	0	0	0	170	0	0	8	0	7	0	75	0	0	0	0	0	0	0	0	0	21	0	0	0	0	9	0	11
assemblage-877-568	0	0	0	0	0	0	0	0	0	0	6	0	0	96	0	0	0	0	0	0	0	0	0	0	0	0	0	0	0	0	0	0	0	0	0	0	0	0	95	0	0	0	0	0	0	0	0	0	0	0	0	0	0	0	0	0	0	0	0	0	0	0	0	0	0	0	0	0	0	0	0	0	0	175	0	0	8	0	4	0	78	0	0	0	0	0	0	0	0	0	10	0	0	0	0	4	0	24
assemblage-857-558	0	0	0	0	0	0	11	0	0	0	31	0	0	96	0	0	0	0	0	0	0	0	0	0	0	0	0	0	0	30	0	0	0	0	0	0	0	0	142	0	0	0	0	0	0	0	0	0	0	0	0	0	0	0	0	0	0	0	0	0	0	0	0	0	0	0	0	0	0	0	0	0	0	96	0	0	0	0	0	0	16	0	34	0	0	0	0	0	0	0	12	0	0	0	0	0	0	32
assemblage-510-208	0	0	0	0	0	0	0	0	57	0	73	0	0	178	0	0	0	0	0	0	0	0	0	0	0	21	7	0	0	0	0	0	0	0	0	0	0	15	28	0	14	0	0	0	71	0	0	2	0	0	8	0	0	0	0	0	6	0	0	0	0	0	0	0	0	0	0	0	0	0	0	0	0	0	0	0	0	0	0	0	0	0	0	0	0	0	0	0	0	0	0	0	0	0	0	0	0	20
assemblage-617-440	0	0	4	0	0	0	0	0	0	0	0	34	0	234	0	0	0	21	0	0	0	0	0	0	0	0	0	0	0	0	0	0	0	0	0	0	0	0	59	0	0	0	0	0	0	0	0	0	0	0	0	0	0	0	0	0	0	0	34	0	0	0	0	0	0	0	0	0	0	10	0	0	0	0	0	0	0	0	0	0	0	3	0	0	0	34	0	0	0	48	0	0	0	0	0	0	0	19
assemblage-881-672	0	0	0	0	0	0	39	0	0	0	51	0	0	136	0	0	0	0	0	0	0	0	0	0	0	0	0	0	0	0	0	0	0	0	0	0	0	0	68	0	0	0	0	0	0	0	0	0	0	0	0	0	0	0	0	0	0	0	0	0	0	0	0	0	0	0	0	20	0	0	0	0	0	26	0	0	0	0	0	0	3	0	94	0	0	0	0	0	0	0	44	0	0	0	0	10	0	9
assemblage-573-213	0	0	0	0	0	0	0	0	0	0	6	103	0	303	0	0	0	7	0	0	0	0	0	0	0	0	0	0	0	0	0	0	0	0	0	0	0	0	3	0	0	0	0	0	0	0	0	0	0	0	0	0	0	0	0	0	0	0	0	0	0	0	0	0	0	0	0	0	0	0	0	0	0	0	0	0	0	0	0	0	0	0	0	0	0	22	0	0	0	39	0	0	0	0	0	0	0	17
assemblage-637-432	0	0	24	0	0	0	0	0	0	0	0	0	0	212	0	0	0	26	0	0	0	0	0	0	0	0	0	0	0	0	0	0	0	0	0	0	0	0	112	0	0	0	0	0	0	0	0	0	0	0	0	0	0	0	0	0	0	0	59	0	0	0	0	0	0	0	0	0	0	10	0	0	0	0	0	0	0	0	0	0	0	15	0	0	0	5	0	0	0	28	0	0	0	0	0	0	0	9
assemblage-698-780	0	0	0	0	0	0	0	0	0	0	5	0	0	350	0	0	0	0	0	0	0	0	0	0	0	0	0	0	0	0	0	0	0	0	0	0	0	0	57	0	0	0	0	0	0	0	0	0	0	0	0	0	0	0	29	0	28	0	0	0	0	0	0	13	0	0	0	0	0	0	0	0	0	4	0	0	0	0	0	0	0	0	0	0	0	0	0	0	0	0	0	0	0	0	0	0	0	14
assemblage-863-648	0	0	0	0	0	0	0	0	0	0	8	0	0	81	0	0	0	0	0	0	0	0	0	0	0	0	0	0	0	0	0	0	0	0	0	0	0	0	112	0	0	0	0	0	0	0	0	0	0	0	0	0	0	0	0	0	0	0	0	5	0	0	0	0	0	0	0	0	0	0	0	0	0	184	0	0	0	0	6	0	67	0	0	0	0	0	0	0	0	0	9	0	0	0	0	13	0	15
assemblage-871-116	0	0	0	0	0	0	0	0	78	18	37	0	0	243	0	0	0	16	0	0	0	0	0	0	6	0	0	0	0	0	0	0	0	5	0	0	0	0	55	0	0	17	0	0	0	0	0	0	0	0	0	0	0	0	0	0	0	0	0	0	0	0	0	0	0	0	0	0	0	0	0	0	0	0	0	0	0	0	0	0	0	0	0	9	0	0	0	0	0	0	0	0	0	0	0	0	0	16
assemblage-239-219	0	6	0	0	0	0	0	0	0	0	78	0	0	134	0	0	0	0	12	0	0	0	0	0	0	0	0	0	0	0	0	0	0	0	0	0	0	0	52	0	0	0	0	0	0	0	0	0	0	0	0	0	0	0	35	0	0	0	0	0	0	8	0	5	0	0	0	0	0	0	0	0	0	140	0	0	0	0	0	0	13	0	0	0	0	0	0	0	0	0	0	0	0	0	0	0	0	17
assemblage-124-179	0	0	0	0	0	0	0	0	23	4	40	0	0	168	0	0	0	0	0	0	0	0	0	0	0	0	0	0	0	11	0	0	0	0	0	0	0	0	85	0	0	0	0	0	41	0	0	7	0	0	0	0	0	0	45	0	10	0	0	0	0	0	0	0	0	0	0	0	0	0	0	0	0	8	0	0	0	0	0	0	0	0	0	19	0	0	0	0	0	0	0	0	0	0	0	0	0	39
assemblage-961-129	0	0	0	0	0	0	0	0	0	0	67	0	0	282	0	0	0	16	0	0	0	0	0	0	0	0	0	0	0	0	0	0	0	0	0	0	0	0	72	0	0	0	0	0	0	0	0	0	0	0	0	0	0	0	0	0	0	0	0	0	0	0	0	0	0	0	0	0	0	0	0	0	0	0	0	0	0	0	0	0	0	0	0	0	0	40	0	0	0	6	0	0	0	0	0	0	0	17
assemblage-867-659	0	0	0	0	0	6	0	0	0	0	45	0	0	105	0	0	0	0	0	0	0	0	12	0	0	0	0	0	0	23	0	0	0	0	0	0	0	0	245	0	0	0	0	0	0	0	0	0	0	0	0	0	0	7	0	0	0	0	0	0	0	0	0	0	0	0	0	0	0	0	0	0	0	48	0	0	0	4	0	0	0	0	0	0	0	0	0	0	0	0	0	0	0	0	0	0	0	5
assemblage-908-762	0	0	0	0	0	35	0	0	0	0	19	0	0	42	0	0	0	0	0	0	0	0	8	0	0	0	0	0	0	0	20	0	0	0	0	0	0	0	157	0	0	0	0	0	0	0	0	0	0	5	0	0	0	0	0	0	0	0	0	0	0	0	0	0	0	0	0	53	0	0	0	0	0	63	0	0	0	0	0	0	0	0	33	0	0	0	0	0	11	0	17	0	0	17	0	0	0	20
assemblage-781-955	0	0	0	0	0	0	0	0	8	0	34	0	0	136	0	0	0	0	0	0	0	0	0	0	0	0	0	0	0	2	0	0	0	0	0	0	0	0	163	0	0	0	0	0	0	0	0	0	0	0	0	0	0	0	83	0	0	0	0	0	0	0	0	0	0	0	0	0	0	0	0	0	0	33	0	0	0	0	0	0	12	0	0	0	0	0	0	0	0	0	9	0	0	0	0	0	0	20
assemblage-94-496	0	0	0	0	0	11	0	0	0	0	52	0	0	20	0	0	0	0	0	0	0	0	0	0	0	0	0	0	0	80	0	0	0	0	0	0	0	0	110	0	0	0	0	0	0	0	0	0	0	6	0	0	36	0	0	0	0	0	0	0	0	0	0	0	0	0	0	0	0	0	0	0	0	121	0	0	0	0	0	0	0	0	25	0	0	0	0	0	0	0	13	0	0	0	0	0	0	26
assemblage-816-142	0	0	0	0	0	0	0	0	0	0	16	0	0	74	0	0	0	0	0	0	0	0	0	0	0	0	0	0	0	51	0	0	0	0	0	0	0	0	210	0	0	0	0	0	13	0	0	28	0	0	0	0	0	0	25	0	39	0	0	0	0	0	0	0	0	0	0	0	0	0	0	0	0	23	0	0	0	0	0	0	9	0	0	0	0	0	0	0	0	0	0	0	0	0	0	0	0	12
assemblage-818-149	0	0	0	0	0	0	0	0	28	0	91	0	0	147	0	0	0	0	0	0	0	0	0	0	0	0	0	0	0	37	0	0	0	0	0	0	0	0	25	0	0	0	0	0	0	0	0	0	0	0	11	0	0	0	30	0	0	5	0	0	0	0	0	0	0	0	0	0	0	0	0	0	0	15	0	0	0	0	0	0	43	0	0	33	0	0	0	0	0	0	30	0	0	0	0	0	0	5
assemblage-963-905	0	0	0	0	0	0	0	0	0	0	0	0	3	0	0	0	0	0	0	0	0	0	0	0	0	0	0	0	0	0	0	0	0	0	0	0	0	0	283	0	0	0	0	0	0	0	0	0	0	0	0	1	0	0	0	0	0	0	0	0	0	0	0	0	0	0	0	0	0	0	0	0	0	0	0	0	0	0	0	0	0	0	0	0	0	0	0	0	0	0	192	0	0	0	0	0	0	21
assemblage-844-834	0	0	0	0	0	0	0	0	0	0	0	64	0	203	0	0	0	0	0	0	0	0	0	0	0	0	0	0	0	0	0	0	0	0	0	0	0	0	34	0	0	0	0	0	0	0	0	0	0	0	0	0	0	0	0	0	0	0	6	0	0	0	0	0	0	0	0	0	0	0	0	0	0	0	0	0	0	0	0	0	0	0	0	0	0	83	21	0	0	79	0	0	0	0	0	0	0	10
assemblage-603-766	0	0	0	0	0	0	0	0	0	0	22	0	0	269	0	0	0	0	0	0	0	0	0	0	0	0	0	0	0	0	0	0	0	0	0	0	0	0	128	0	0	0	0	0	9	0	0	0	0	0	0	0	0	0	5	0	0	0	0	0	0	0	0	0	0	0	0	0	0	0	0	0	0	0	0	0	0	0	0	0	0	0	0	37	0	0	0	0	0	19	0	0	0	0	0	0	0	11
assemblage-672-954	0	0	0	0	0	0	0	0	0	0	103	0	0	11	0	0	0	0	0	0	0	0	0	0	0	0	0	0	0	0	0	0	0	0	0	0	0	0	203	0	0	0	0	0	0	0	0	0	0	0	0	0	0	0	26	0	0	0	0	0	0	0	0	0	0	0	0	0	0	0	0	0	0	98	0	0	0	0	0	0	28	0	0	0	0	0	0	0	0	0	20	0	0	0	0	0	0	11
assemblage-104-483	0	0	0	0	0	14	0	0	0	0	38	0	0	21	0	0	0	0	0	0	0	0	0	0	0	0	0	0	0	96	0	0	0	0	0	0	0	0	125	0	0	0	0	0	0	0	0	0	0	11	0	0	13	0	0	0	0	0	0	0	0	0	0	0	0	0	0	0	0	0	0	0	0	125	0	0	0	0	0	0	0	0	25	0	0	0	0	0	0	0	11	0	0	0	0	0	0	21
assemblage-289-864	0	0	0	0	0	0	0	0	0	0	0	61	0	215	0	0	0	0	0	0	0	0	0	0	0	0	0	0	0	0	0	0	0	0	0	0	0	0	34	0	0	0	0	0	0	0	0	0	0	0	0	0	0	0	0	0	0	0	12	0	0	0	0	0	0	0	0	0	0	0	0	0	0	0	0	0	0	0	0	0	0	0	0	0	0	85	21	0	0	57	0	0	0	0	0	0	0	15
assemblage-269-930	0	0	0	0	0	0	0	0	0	0	7	0	0	80	0	9	0	0	0	0	0	0	0	0	0	0	0	0	0	0	0	0	0	0	0	0	0	0	131	0	0	0	0	0	0	0	0	0	0	0	0	0	0	0	0	0	0	0	0	11	0	0	0	0	0	0	0	0	0	0	0	0	0	147	0	0	7	0	0	0	63	0	0	0	0	0	0	0	0	0	21	0	0	0	0	7	0	17
assemblage-176-112	0	0	0	0	0	0	0	0	7	0	81	0	0	116	0	0	0	0	0	0	0	0	0	0	0	0	0	0	0	44	0	0	0	0	0	0	0	0	115	0	0	0	0	0	0	0	0	0	0	0	0	0	0	0	0	0	0	0	0	0	0	0	0	0	0	0	0	0	0	0	0	0	0	15	0	0	0	17	0	0	35	0	18	0	0	0	0	0	0	0	43	0	0	0	0	0	0	9
assemblage-440-414	0	0	0	0	0	0	0	0	0	0	0	0	0	0	0	0	19	0	0	0	4	0	0	0	0	0	0	0	0	0	0	0	0	0	0	0	0	0	209	0	0	0	0	0	0	24	0	0	0	0	0	0	0	0	0	0	0	0	0	0	0	0	0	0	0	0	0	0	0	0	0	0	0	211	0	0	0	0	0	0	0	0	0	0	0	0	0	0	0	0	27	0	0	0	0	0	0	6
assemblage-570-232	0	0	0	0	0	0	0	0	0	0	16	45	0	246	0	0	0	0	0	0	0	0	0	0	0	0	0	0	0	0	0	0	0	0	0	0	0	0	116	17	0	0	0	0	0	0	0	0	0	0	0	0	0	0	0	0	0	0	0	0	0	0	0	0	0	0	0	0	0	0	0	0	0	0	0	0	0	0	0	0	0	14	0	0	0	9	0	0	0	27	0	0	0	0	0	0	0	10
assemblage-969-101	0	0	0	0	0	0	0	0	0	0	53	0	0	356	0	0	0	0	0	0	0	0	0	0	0	0	0	0	0	0	0	0	0	0	0	0	0	0	49	0	0	0	0	0	0	0	0	0	0	0	0	0	0	0	0	0	0	0	0	0	0	0	0	0	0	0	0	0	0	0	0	0	0	0	0	0	0	0	0	0	0	0	0	0	0	27	0	0	0	0	0	0	0	0	0	0	0	15
assemblage-632-438	0	0	0	0	0	0	0	0	0	0	0	87	0	329	0	0	0	0	0	0	0	0	0	0	0	0	0	0	0	0	0	0	0	0	0	0	0	0	5	0	0	0	0	14	0	0	0	0	0	0	0	0	0	0	0	0	0	0	0	0	0	0	0	0	0	0	0	0	0	0	0	0	0	0	0	0	0	0	0	0	0	0	0	0	0	13	0	0	0	35	0	0	0	0	0	0	0	17
assemblage-754-596	0	0	0	0	0	0	0	0	0	0	142	0	0	222	0	0	0	87	0	0	0	0	0	0	3	0	0	0	0	0	0	0	0	0	0	0	0	0	18	0	0	0	0	0	0	0	0	0	0	0	0	0	0	0	0	0	0	0	0	0	0	0	0	0	0	0	0	0	0	0	0	0	0	0	0	0	0	0	0	0	0	0	0	0	0	9	0	0	0	0	0	0	0	0	0	0	0	19
assemblage-753-307	0	0	0	0	0	0	0	0	0	0	23	18	0	239	0	0	0	0	0	0	0	0	0	0	0	0	0	0	0	0	0	0	0	0	0	0	0	0	151	8	0	0	0	0	0	0	0	0	0	0	0	0	0	0	0	0	0	0	0	0	0	0	0	0	0	0	0	0	0	0	0	0	0	0	0	0	0	0	0	0	0	22	0	0	0	5	0	0	0	28	0	0	0	0	0	0	0	6
assemblage-108-487	0	0	0	0	0	0	0	0	0	0	44	0	0	88	0	0	0	0	0	0	0	0	9	0	0	0	0	0	0	22	0	0	0	0	0	0	0	0	249	0	0	0	0	0	0	0	0	0	0	0	0	0	0	6	0	0	0	0	0	0	0	0	0	0	0	0	0	0	0	0	0	0	0	59	0	0	0	0	0	0	0	0	0	0	0	0	0	0	0	0	0	0	0	0	0	0	0	23
assemblage-843-805	0	0	0	0	0	0	0	0	0	0	0	73	0	342	0	0	0	0	0	0	0	0	0	0	0	0	0	0	0	0	0	0	0	0	0	0	0	0	0	0	0	0	0	8	0	0	0	0	0	0	0	0	0	0	0	0	0	0	12	0	0	0	0	0	0	0	0	0	0	0	0	0	0	0	0	0	0	0	0	0	0	0	0	0	0	11	0	0	0	40	0	0	0	0	0	0	0	14
assemblage-205-456	0	0	0	0	0	0	0	0	0	0	0	0	0	151	0	0	0	0	0	0	0	11	0	0	0	0	0	0	0	0	0	0	0	0	0	0	0	0	68	0	0	0	0	0	0	0	0	0	0	0	0	0	0	0	0	0	0	0	0	0	0	0	0	0	0	0	0	0	0	0	0	0	0	243	0	0	0	0	0	0	0	0	0	0	0	0	0	0	0	0	7	0	0	0	0	0	0	20
assemblage-719-315	0	0	0	0	0	0	0	0	0	0	5	120	0	295	0	0	0	10	0	0	0	0	0	0	0	0	0	0	0	0	0	0	0	0	0	0	0	0	6	0	0	0	0	0	0	0	0	0	0	0	0	0	0	0	0	0	0	0	0	0	0	0	0	0	0	0	0	0	0	0	0	0	0	0	0	0	0	0	0	0	0	0	0	0	0	42	0	0	0	13	0	0	0	0	0	0	0	9
assemblage-864-95	0	0	0	0	0	0	0	0	80	13	26	0	0	269	0	0	0	19	0	0	0	0	0	0	0	0	0	0	0	0	0	0	0	11	0	0	0	0	36	0	0	22	0	0	0	0	0	0	0	0	0	0	0	0	0	0	0	0	0	0	0	0	0	0	0	0	0	0	0	0	0	0	0	0	0	0	0	0	0	0	0	0	0	9	0	0	0	0	0	0	0	0	0	0	0	0	0	15
assemblage-124-770	0	0	0	0	0	0	0	0	0	0	2	125	0	279	0	0	0	13	0	0	0	0	0	0	0	0	0	0	0	0	0	0	0	0	0	0	0	0	0	0	0	0	0	0	0	0	0	0	0	0	0	0	0	0	0	0	0	0	0	0	0	0	0	0	0	0	0	0	0	0	0	0	0	0	0	0	0	0	0	6	0	0	0	0	0	31	0	0	0	27	0	0	0	0	0	0	0	17
assemblage-180-470	0	0	0	0	0	0	0	0	0	0	26	0	0	164	0	0	0	0	0	0	10	0	0	0	0	0	0	0	0	0	9	0	0	0	0	0	0	0	96	0	0	0	0	0	0	0	0	0	0	0	0	0	0	0	0	0	0	0	0	0	0	0	0	0	0	0	0	0	0	0	0	0	0	26	0	0	0	0	0	0	43	0	55	0	0	0	0	0	0	0	30	0	26	0	0	0	0	15
assemblage-530-360	0	0	0	0	0	0	0	0	0	0	154	0	0	217	0	0	0	89	0	0	0	0	0	0	9	0	0	0	0	0	0	0	0	0	0	0	0	0	4	0	0	0	0	0	0	0	0	0	0	0	0	0	0	0	0	0	0	0	0	0	0	0	0	0	0	0	0	0	0	0	0	0	0	0	0	0	0	0	0	0	0	0	0	0	0	3	0	0	0	0	0	0	0	0	0	0	0	24
assemblage-855-123	0	0	0	0	0	0	0	0	35	0	38	0	0	207	0	0	0	0	0	0	0	0	0	0	0	0	0	0	0	0	0	0	0	0	0	0	12	0	171	0	0	0	0	0	10	0	0	0	0	0	0	0	0	0	2	0	0	0	0	0	0	0	0	0	0	0	0	0	8	0	0	0	0	0	0	0	0	0	0	0	0	0	0	0	0	0	0	0	0	0	0	0	0	0	0	0	0	17
assemblage-924-941	0	0	0	0	0	0	0	0	0	0	25	0	0	287	0	0	0	0	0	0	0	0	0	0	0	0	0	0	0	0	0	0	0	0	0	0	0	0	119	0	0	0	0	0	4	0	0	0	0	0	0	0	0	0	7	0	0	0	0	0	0	0	0	0	0	0	0	0	0	0	0	0	0	0	0	0	0	0	0	0	0	0	0	39	0	0	0	0	0	14	0	0	0	0	0	0	0	5
assemblage-89-798	0	0	0	0	0	0	0	0	0	0	17	32	0	241	0	0	0	3	0	0	0	0	0	0	0	0	0	0	0	0	0	0	0	0	0	0	0	0	130	22	0	0	0	0	0	0	0	0	0	0	0	0	0	0	0	0	0	0	0	0	0	0	0	0	0	0	0	0	0	0	0	0	0	0	0	0	0	0	0	0	0	14	0	0	0	11	0	0	0	16	0	0	0	0	0	0	0	14
assemblage-408-809	0	0	0	0	0	27	0	0	0	0	20	0	0	57	0	0	0	0	0	0	0	0	18	0	0	0	0	0	0	0	25	0	0	0	0	0	0	0	153	0	0	0	0	0	0	0	0	0	0	9	0	0	0	0	0	0	0	0	0	0	0	0	0	0	0	0	0	28	0	0	0	0	0	56	0	0	0	0	0	0	0	0	34	0	0	0	0	0	8	0	24	0	0	23	0	0	0	18
assemblage-860-563	0	0	0	0	0	13	0	0	0	0	36	0	0	24	0	0	0	0	0	0	0	0	0	0	0	0	0	0	0	92	0	0	4	0	0	0	0	0	131	0	0	0	0	0	0	0	0	0	0	10	0	0	14	0	0	0	0	0	0	0	8	0	0	0	0	0	0	0	0	0	0	0	0	125	0	0	0	0	0	0	0	0	23	0	0	0	0	0	0	0	8	0	0	0	0	0	0	12
assemblage-968-844	0	0	0	0	0	0	0	0	0	0	28	0	0	142	0	0	0	0	0	0	16	0	0	0	0	0	0	0	0	0	0	0	0	0	0	0	0	0	91	0	0	0	0	0	0	0	0	0	0	0	0	0	0	0	0	0	0	0	0	0	0	0	0	0	0	0	0	0	0	0	0	0	0	24	0	0	0	0	0	0	39	0	72	0	0	0	0	0	13	0	35	0	26	0	0	0	0	14
assemblage-927-390	23	0	0	0	0	0	0	0	0	0	33	0	0	332	0	0	0	0	0	0	0	0	0	0	0	0	0	0	0	0	0	0	0	0	0	0	3	0	58	0	0	0	0	0	0	0	0	0	0	0	0	0	0	0	0	0	0	0	0	0	0	0	0	0	0	0	0	0	0	0	0	0	0	0	0	0	0	0	0	0	0	0	0	9	0	0	0	0	0	36	0	0	0	0	0	0	0	6
assemblage-419-432	0	0	0	0	0	0	0	0	0	0	0	0	0	0	0	0	13	0	0	0	0	0	0	0	0	0	0	0	0	0	0	0	0	0	0	0	0	0	195	0	0	0	0	0	0	31	0	0	0	0	0	0	0	0	0	0	0	0	0	0	0	0	0	0	0	0	0	0	0	0	0	0	0	208	0	0	0	0	0	0	0	0	0	0	0	0	0	0	0	0	43	0	0	0	0	0	0	10
assemblage-937-805	0	0	0	0	0	0	0	0	23	0	0	0	0	222	0	0	0	0	0	0	0	0	0	0	0	0	0	0	0	0	0	0	0	0	0	0	0	0	221	0	0	0	0	0	0	0	0	0	0	0	0	0	0	0	0	0	0	0	0	0	0	0	0	0	0	0	0	0	0	0	0	0	0	0	0	0	0	0	0	0	0	0	0	7	0	0	0	0	0	14	0	0	0	0	0	0	0	13
assemblage-141-138	0	0	0	0	0	0	0	0	0	0	27	0	0	86	0	0	0	0	0	0	0	0	0	0	0	0	0	0	0	0	0	0	0	0	0	0	0	0	205	0	0	0	0	0	112	0	0	0	0	0	0	0	0	0	0	0	23	0	0	0	0	0	0	0	0	0	0	0	0	0	0	16	0	0	6	0	0	0	0	0	0	0	0	0	0	0	0	0	0	0	0	0	0	0	0	0	0	25
assemblage-777-970	0	0	0	0	0	0	0	0	34	0	25	0	0	223	0	0	0	0	0	0	0	0	0	0	0	0	0	0	0	0	0	0	0	0	0	0	22	0	160	0	0	0	0	0	14	0	0	0	0	0	0	0	0	0	0	0	0	0	0	0	0	0	0	0	0	0	0	0	10	0	0	0	0	0	0	0	0	0	0	0	0	0	0	0	0	0	0	0	0	0	0	0	0	0	0	0	0	12
assemblage-767-570	0	0	0	0	0	0	0	0	0	0	113	0	0	268	0	0	0	88	0	0	0	0	0	0	4	0	0	0	0	0	0	0	0	0	0	0	0	0	8	0	0	0	0	0	0	0	0	0	0	0	0	0	0	0	0	0	0	0	0	0	0	0	0	0	0	0	0	0	0	0	0	0	0	0	0	0	0	0	0	0	0	0	0	0	0	7	0	0	0	0	0	0	0	0	0	0	0	12
assemblage-428-423	0	0	0	0	0	0	0	0	0	0	0	0	0	0	0	0	8	0	0	0	6	0	0	0	0	0	0	0	0	0	0	0	0	0	0	0	0	0	184	0	0	0	0	0	0	41	0	0	0	0	0	0	0	0	0	0	0	0	0	0	0	0	0	0	0	0	0	0	0	0	0	0	0	224	0	0	0	0	0	0	0	0	0	0	0	0	0	0	0	0	32	0	0	0	0	0	0	5
assemblage-604-759	0	0	0	0	0	0	0	0	0	0	19	0	0	283	0	0	0	0	0	0	0	0	0	0	0	0	0	0	0	0	0	0	0	0	0	0	0	0	126	0	0	0	0	0	13	0	0	0	0	0	0	0	0	0	5	0	0	0	0	0	0	0	0	0	0	0	0	0	0	0	0	0	0	0	0	0	0	0	0	0	0	0	0	29	0	0	0	0	0	12	0	0	0	0	0	0	0	13
assemblage-687-960	0	0	0	0	0	0	0	0	0	0	106	0	0	8	0	0	0	0	0	0	0	0	0	0	0	0	0	0	0	0	0	0	0	0	0	0	0	0	207	0	0	0	0	0	0	0	0	0	0	0	0	0	0	0	13	0	0	0	0	0	0	0	0	0	0	0	0	0	0	0	0	0	0	96	0	0	0	0	0	0	36	0	0	0	0	0	0	0	0	0	20	0	0	0	0	0	0	14
assemblage-181-106	0	0	0	0	0	0	0	0	0	0	0	0	0	132	0	0	0	0	0	0	0	0	0	0	0	0	0	0	0	92	0	0	0	0	0	0	0	0	126	0	0	0	0	0	0	0	0	0	0	0	0	0	0	0	0	0	43	0	0	0	0	0	0	0	0	0	0	0	0	0	0	0	0	29	0	0	0	8	0	0	46	0	0	0	0	0	0	0	0	0	0	0	0	0	0	0	0	24
assemblage-698-797	0	0	0	0	0	0	0	0	0	0	25	0	0	99	0	0	0	0	0	0	0	0	0	0	0	0	0	0	0	0	0	0	0	0	0	0	0	0	198	0	0	0	0	0	115	0	0	0	0	0	0	0	0	0	0	0	9	0	0	0	0	4	0	7	0	0	0	0	0	0	0	14	0	0	0	0	0	0	0	0	0	0	0	0	0	0	0	0	0	0	0	0	0	0	0	0	0	29
assemblage-906-831	0	0	0	0	0	0	0	0	0	0	15	0	0	66	0	0	0	0	0	0	0	0	0	0	0	0	0	0	0	43	0	0	0	0	0	0	0	0	211	0	0	0	0	0	22	0	0	19	0	0	0	0	0	0	5	0	62	0	0	0	0	0	0	0	0	0	0	0	0	0	0	0	6	39	0	0	0	0	0	0	4	0	0	0	0	0	0	0	0	0	0	0	0	0	0	0	0	8
assemblage-454-431	0	0	0	0	0	0	0	0	0	0	0	0	0	0	0	0	16	0	0	0	6	0	0	0	0	0	0	0	0	0	0	0	0	0	0	0	0	0	215	0	0	0	0	0	0	19	0	0	0	0	0	0	0	0	0	0	0	0	0	0	0	0	0	0	0	0	0	0	0	0	0	0	0	203	0	0	0	0	0	0	0	0	0	0	0	0	0	0	0	0	36	0	0	0	0	0	0	5
assemblage-262-925	0	0	0	0	0	0	58	0	0	0	33	0	0	140	0	0	0	0	0	0	0	0	0	0	0	0	0	0	0	0	0	0	0	0	0	0	0	0	68	0	0	0	0	0	0	0	0	0	6	0	0	0	0	0	0	0	0	0	0	0	0	0	0	0	0	0	0	21	0	0	0	0	0	38	0	0	0	0	0	0	8	0	83	0	0	0	0	0	0	0	37	0	0	0	0	0	0	8
assemblage-848-504	0	0	0	0	0	0	0	0	0	0	0	0	0	12	0	0	0	0	0	0	0	0	0	0	0	0	0	0	0	0	190	0	0	0	0	0	0	0	0	0	0	0	0	0	0	0	0	0	0	36	0	0	0	0	0	0	0	0	0	0	0	0	0	0	0	0	0	0	0	0	0	0	0	0	0	0	0	0	0	0	28	0	163	0	0	0	0	46	0	0	0	0	0	0	4	0	11	10
assemblage-831-161	0	0	0	0	0	0	0	0	51	0	58	0	0	146	0	0	0	0	0	0	0	0	0	0	0	0	0	0	0	35	0	0	0	0	0	0	0	0	20	0	0	0	0	0	0	0	0	0	0	0	17	0	0	0	26	0	0	0	0	0	0	0	0	0	0	0	0	0	0	0	0	0	0	21	0	0	0	0	0	0	56	0	0	25	0	0	0	0	0	0	36	0	0	0	0	0	0	9
assemblage-899-926	0	0	0	0	0	0	0	0	0	0	6	0	0	368	0	0	0	0	0	0	0	0	0	0	0	0	0	0	0	0	0	0	0	0	0	0	0	0	48	0	0	0	0	0	0	0	0	5	0	0	0	0	0	0	27	0	21	0	0	0	0	0	0	8	0	0	0	0	0	0	0	0	0	3	0	0	0	0	0	0	0	0	0	0	0	0	0	0	0	0	0	0	0	0	0	0	0	14
assemblage-756-597	0	0	0	0	0	0	0	0	18	0	0	0	0	232	0	0	0	0	0	0	0	0	0	0	0	0	0	0	0	0	0	0	0	0	0	0	0	0	209	0	0	0	0	0	0	0	0	0	0	0	0	0	0	0	0	0	0	0	0	0	0	0	0	0	0	0	0	0	0	0	0	0	0	0	0	0	0	0	0	0	0	0	0	5	0	0	0	0	0	21	0	0	0	0	0	0	0	15
assemblage-971-933	0	0	0	0	0	0	0	0	0	0	0	0	4	0	0	0	0	0	0	0	0	0	0	0	0	0	0	0	0	0	0	0	0	0	0	0	0	0	304	0	0	0	0	0	0	0	0	0	0	0	0	0	0	0	0	0	0	0	0	0	0	0	0	0	0	0	0	0	0	0	0	0	0	0	0	0	0	0	0	0	0	0	0	0	0	0	0	0	0	0	172	0	0	0	0	0	0	20
assemblage-902-848	0	0	0	0	0	0	0	0	0	0	22	0	0	143	0	0	0	0	0	0	0	0	0	0	0	0	0	0	0	0	0	0	0	0	0	0	0	0	182	0	0	0	0	0	0	0	0	8	0	0	0	0	0	0	73	0	8	0	0	0	0	0	0	0	0	0	0	0	0	0	0	0	0	37	0	0	0	0	0	0	4	0	0	0	0	0	0	0	0	0	7	0	0	0	0	0	0	16
assemblage-897-916	0	0	0	0	0	0	0	0	0	0	30	0	0	108	0	0	0	0	0	0	0	0	0	0	0	0	0	0	0	0	0	0	0	0	7	0	0	0	186	0	0	0	0	0	105	0	0	0	0	0	0	0	0	0	0	0	10	0	0	0	0	12	0	0	0	0	0	0	0	0	0	16	0	0	0	0	0	0	0	0	0	0	0	0	0	0	0	0	0	0	0	0	0	0	0	0	0	26
assemblage-249-243	0	0	0	0	0	0	0	0	51	0	72	0	0	139	0	0	0	0	6	0	0	0	0	0	0	0	0	0	0	34	0	0	0	0	0	0	0	0	27	0	0	0	0	0	0	0	0	0	0	0	8	0	0	0	25	0	0	0	0	0	0	0	0	0	0	0	0	0	0	0	0	0	0	25	0	0	0	0	0	0	48	0	0	33	0	0	0	0	0	0	23	0	0	0	0	0	0	9
assemblage-572-227	0	0	0	0	0	0	0	0	0	0	11	0	0	255	0	0	0	69	0	11	0	0	0	0	0	0	0	0	0	0	0	0	0	0	0	0	0	0	9	0	0	0	0	0	0	0	0	0	0	0	0	0	0	0	0	0	0	0	16	0	0	0	0	0	0	11	0	0	0	7	0	0	0	0	0	0	0	0	0	0	0	0	0	0	0	0	0	0	0	100	0	0	0	0	0	0	0	11
assemblage-297-850	0	0	0	0	0	0	0	0	0	0	0	0	0	218	0	0	0	31	0	0	0	0	0	0	0	0	0	0	0	0	0	0	0	0	0	0	0	0	106	0	0	0	0	0	0	0	0	0	0	0	0	0	0	0	0	0	0	0	33	0	0	0	0	0	0	0	0	0	0	34	0	0	0	0	0	0	0	0	0	0	0	2	0	0	0	6	0	0	0	59	0	0	0	0	0	0	0	11
assemblage-280-849	0	0	0	0	0	0	0	0	0	0	0	108	0	314	0	0	0	0	0	0	0	0	0	0	0	0	0	0	0	0	0	0	0	0	0	0	0	0	0	0	0	0	0	8	0	0	0	0	0	0	0	0	0	0	0	0	0	0	0	0	0	0	0	0	0	0	0	0	0	0	0	0	0	0	0	0	0	0	0	0	0	0	0	0	0	8	0	0	0	40	0	0	0	0	0	0	0	22
assemblage-373-790	0	0	0	0	0	0	0	0	0	0	0	0	0	158	0	0	0	0	0	0	0	15	0	0	0	0	0	0	0	0	0	0	0	0	0	0	0	0	67	0	0	0	0	0	0	0	0	0	0	0	0	0	0	0	0	0	0	0	0	0	0	0	0	0	0	0	0	0	0	0	0	0	0	229	0	0	0	0	0	0	0	0	0	0	0	0	0	0	0	0	8	0	0	0	0	0	0	23
assemblage-292-849	0	0	0	0	0	0	0	0	0	0	0	0	0	219	0	0	0	23	0	0	0	0	0	0	0	0	0	0	0	0	0	0	0	0	0	0	0	0	105	0	0	0	0	0	0	0	0	0	0	0	0	0	0	0	0	0	0	0	36	0	0	0	0	0	0	0	0	0	0	42	0	0	0	0	0	0	0	0	0	0	0	7	0	0	0	0	0	0	0	52	0	0	0	0	0	0	0	16
assemblage-963-933	0	0	0	0	0	0	0	0	0	0	0	0	0	0	0	0	0	0	0	0	0	0	0	0	0	0	0	0	0	0	0	0	0	0	0	0	0	0	268	0	0	0	0	0	0	0	0	0	0	0	0	0	0	0	0	0	0	0	0	0	0	0	0	0	0	0	0	0	0	0	0	0	0	0	0	0	0	0	0	0	0	0	0	0	0	0	0	0	0	0	217	0	0	0	0	0	0	15
assemblage-130-147	0	0	0	0	0	0	0	0	0	0	24	0	0	90	0	0	0	0	0	0	0	0	0	0	0	0	0	0	0	0	0	0	0	0	0	0	0	0	206	0	0	0	0	0	105	0	0	2	0	0	0	0	0	0	0	0	16	0	0	0	0	9	0	0	0	0	0	0	0	0	0	18	0	0	8	0	0	0	0	0	0	0	0	0	0	0	0	0	0	0	0	0	0	0	0	0	0	22
assemblage-990-752	0	0	0	0	0	0	0	0	0	0	0	0	0	119	0	0	0	0	0	0	0	0	0	0	0	0	0	0	0	100	0	0	5	0	0	0	0	0	125	0	0	0	0	0	0	0	0	0	0	0	0	0	0	0	0	0	24	0	0	0	6	0	0	0	0	0	0	0	0	0	0	0	0	48	0	0	0	0	0	0	57	0	0	0	0	0	0	0	0	0	0	0	0	0	0	0	0	16
assemblage-585-782	0	0	0	0	0	0	0	0	0	0	19	0	0	313	0	0	0	0	0	0	0	0	0	0	0	0	0	11	0	0	0	0	0	0	0	0	0	0	83	0	0	0	0	0	6	0	0	0	0	0	0	0	0	0	7	0	0	0	0	0	0	0	0	0	0	0	0	0	0	0	0	0	0	0	0	0	0	0	0	0	0	0	0	36	0	0	0	0	0	9	0	0	0	0	0	0	0	16
assemblage-505-367	17	0	0	0	0	0	0	0	0	0	38	0	0	294	0	0	0	0	0	0	0	0	0	0	0	0	0	0	0	0	0	0	0	0	0	0	7	0	69	0	0	0	0	0	0	0	0	0	0	0	0	0	0	0	0	0	0	0	0	0	0	0	0	0	0	0	0	0	0	0	0	0	0	0	0	0	0	0	0	0	0	0	0	31	0	0	0	0	0	38	0	0	0	0	0	0	0	6
assemblage-828-162	0	0	0	0	0	0	0	0	46	0	77	0	0	157	0	0	0	0	3	0	0	0	0	0	0	0	0	0	0	37	0	0	0	0	0	0	0	0	28	0	0	0	0	0	0	0	0	0	0	0	1	0	0	0	19	0	0	0	0	0	0	0	0	0	0	0	0	0	0	0	0	0	0	11	0	0	0	0	0	0	53	0	0	31	0	0	0	0	0	0	33	0	0	0	0	0	0	4
assemblage-116-774	0	0	0	0	0	0	0	0	0	0	13	31	0	225	0	0	0	0	0	0	0	0	0	0	0	0	0	0	0	0	0	0	0	0	0	0	0	0	162	12	0	0	0	0	0	0	0	0	0	0	0	0	0	0	0	0	0	0	0	0	0	0	0	0	0	0	0	0	0	0	0	0	0	0	0	0	0	0	0	0	0	13	0	0	0	8	0	0	0	22	0	0	0	0	0	0	0	14
assemblage-612-439	0	0	29	0	0	0	0	0	0	0	0	0	0	214	0	0	0	33	0	0	0	0	0	0	0	0	0	0	0	0	0	0	0	0	0	0	0	0	122	0	0	0	0	0	0	0	0	0	0	0	0	0	0	0	0	0	0	0	45	0	0	0	0	0	0	0	0	0	0	9	0	0	0	0	0	0	0	0	0	0	0	14	0	0	0	5	0	0	0	19	0	0	0	0	0	0	0	10
assemblage-986-762	0	0	0	0	0	0	0	0	0	0	79	0	0	10	0	0	0	0	0	0	0	0	0	0	0	0	0	0	0	0	0	0	0	0	0	0	0	0	206	0	0	0	0	0	0	0	0	0	0	0	0	0	0	0	24	0	0	0	0	0	0	0	0	0	0	0	0	0	0	0	0	0	0	98	0	0	0	0	0	0	49	0	0	0	0	0	0	0	0	0	20	0	0	0	0	0	0	14
assemblage-842-827	0	0	0	0	0	0	0	0	0	0	0	0	0	189	0	0	0	32	0	0	0	0	0	0	0	0	0	0	0	0	0	0	0	0	0	0	0	0	135	0	0	0	0	0	0	0	0	0	0	0	0	0	0	0	0	0	0	0	25	0	0	0	0	0	0	0	0	0	0	37	0	0	0	0	0	0	0	0	0	0	0	10	0	0	0	0	0	0	0	49	0	0	0	0	0	0	0	23
assemblage-727-310	0	0	0	0	0	0	0	0	0	0	25	21	0	227	0	0	0	0	0	0	0	0	0	0	0	0	0	0	0	0	0	0	0	0	0	0	0	0	149	14	0	0	0	0	0	0	0	0	0	0	0	0	0	0	0	0	0	0	0	0	0	0	0	0	0	0	0	0	0	0	0	0	0	0	0	0	0	0	0	0	0	22	0	0	0	7	0	0	0	25	0	0	0	0	0	0	0	10
assemblage-869-510	0	0	0	0	0	0	0	0	0	0	0	0	0	22	0	0	0	0	0	0	0	0	0	0	0	0	0	0	0	0	178	0	0	0	0	0	0	0	0	0	0	0	0	0	0	0	0	0	0	25	0	0	0	0	0	0	0	0	0	0	0	0	0	0	0	0	0	0	0	0	0	0	0	0	0	0	0	0	0	0	23	0	161	0	0	0	0	49	10	0	0	0	0	0	7	0	21	4
assemblage-747-973	0	0	0	0	0	0	0	0	70	11	36	0	0	263	3	0	0	18	0	0	0	0	0	0	14	0	0	0	0	0	0	0	0	8	0	0	0	0	42	0	0	17	0	0	0	0	0	0	0	0	0	0	0	0	0	0	0	0	0	0	0	0	0	0	0	0	0	0	0	0	0	0	0	0	0	0	0	0	0	0	0	0	0	0	0	0	0	0	0	0	0	0	0	0	0	0	0	18
assemblage-958-854	0	0	0	0	0	0	0	0	0	0	0	0	0	176	0	0	0	0	0	0	0	5	0	0	0	0	0	0	0	0	0	0	0	0	0	0	0	0	68	0	0	0	0	0	0	0	0	0	0	0	0	0	0	0	0	0	0	0	0	0	0	0	7	0	0	0	0	0	0	0	0	0	0	218	0	0	0	0	0	0	0	0	0	0	0	0	0	0	0	0	7	0	0	0	0	0	0	19
assemblage-951-364	0	0	0	0	0	0	0	0	0	0	82	40	0	188	14	0	0	16	0	0	0	0	0	0	0	0	0	0	0	0	0	0	0	0	0	9	0	0	47	39	0	0	0	0	0	0	0	0	0	0	0	0	0	0	0	0	0	0	0	0	0	0	0	0	0	0	0	0	0	0	0	0	0	0	0	0	0	0	0	0	0	0	0	0	0	0	0	0	0	49	0	0	0	0	0	0	0	16
assemblage-874-113	0	0	0	0	0	0	0	0	0	0	21	0	0	284	0	0	0	0	0	0	0	0	0	0	0	0	0	0	0	0	0	0	0	0	0	0	0	0	116	0	0	0	0	0	11	0	0	0	0	0	0	0	0	0	0	0	0	0	0	0	0	0	0	0	0	0	0	0	0	0	0	0	0	0	0	0	0	0	0	0	0	0	0	33	0	0	0	0	0	16	0	0	0	0	0	0	0	19
assemblage-493-666	0	0	0	0	0	0	0	0	0	0	0	0	0	341	0	0	0	0	0	0	0	0	0	0	0	0	0	0	0	0	0	0	0	0	0	0	0	0	0	0	0	0	22	0	0	0	0	0	0	0	0	0	0	0	0	0	0	0	0	0	0	0	127	0	0	0	0	0	0	0	0	0	0	0	0	0	0	0	0	0	0	0	0	0	0	0	0	0	0	0	0	0	0	0	0	0	0	10
assemblage-618-424	0	0	0	0	0	0	0	0	0	0	0	0	0	211	0	0	0	36	0	0	0	0	0	0	0	0	0	0	0	0	0	0	0	0	0	0	0	0	107	0	0	0	0	0	0	0	0	0	0	0	0	0	0	0	0	0	0	0	24	0	0	0	0	0	0	0	0	0	0	42	0	0	0	0	0	0	0	0	0	0	0	0	0	0	0	0	0	0	0	60	0	0	0	0	0	0	0	20
assemblage-274-943	0	0	0	0	0	0	0	0	0	0	37	0	0	79	0	0	0	0	0	0	0	0	13	0	0	0	0	0	0	25	0	0	0	0	0	0	0	0	262	0	0	0	0	0	0	0	0	0	0	0	0	0	0	20	0	0	0	0	0	0	0	0	0	0	0	0	0	0	0	0	0	0	0	45	0	0	0	0	0	0	0	0	0	0	0	0	0	0	0	0	0	0	0	0	0	0	0	19
assemblage-532-222	0	0	0	0	0	0	0	0	0	0	43	0	0	85	0	0	0	0	0	0	0	0	0	0	0	0	0	0	0	0	0	0	0	0	0	0	0	0	188	0	0	0	0	0	115	0	0	0	0	0	0	0	0	0	0	0	9	0	0	0	0	0	0	0	0	0	0	0	0	0	0	19	0	0	13	0	0	0	0	0	0	0	0	0	0	0	0	0	0	0	0	0	0	0	0	0	0	28
assemblage-946-393	0	0	0	0	0	0	0	0	6	0	92	43	0	194	17	0	0	15	0	0	0	0	0	0	0	0	0	0	0	0	0	0	0	0	0	8	0	0	29	41	0	0	0	0	0	0	0	0	0	0	0	0	0	0	0	0	0	0	0	0	0	0	0	0	0	0	0	0	0	0	0	0	0	0	0	0	0	0	0	0	0	0	0	0	0	0	0	0	0	35	0	0	0	0	0	0	0	20
assemblage-523-779	0	0	0	0	0	0	0	0	0	0	0	105	0	296	0	0	0	6	0	0	0	0	0	0	0	0	0	0	0	0	0	0	0	0	0	0	0	0	0	0	0	0	0	17	0	0	0	0	0	0	0	0	0	0	0	0	0	0	0	0	0	0	0	0	0	0	0	0	0	0	0	0	0	0	0	0	0	0	0	0	0	0	0	0	0	0	0	0	0	57	0	0	0	0	0	0	0	19
assemblage-931-759	0	0	0	0	0	8	0	0	0	0	0	0	0	47	0	0	0	0	0	0	0	0	0	0	0	0	0	0	0	0	0	0	0	0	0	0	0	0	112	0	0	0	0	0	0	0	0	0	0	90	0	0	0	0	0	0	0	0	0	0	0	0	0	0	9	0	0	0	0	0	0	0	0	57	0	0	0	0	0	0	0	0	79	0	0	0	0	0	18	0	62	0	0	0	0	0	0	18
assemblage-983-911	0	0	0	0	0	0	0	0	0	0	0	0	5	0	0	0	0	0	0	0	0	0	0	0	0	0	0	0	0	0	0	0	0	0	0	0	0	0	297	0	0	0	0	0	0	2	0	0	0	0	0	0	0	0	0	0	0	0	0	0	0	0	0	0	0	0	0	0	0	0	0	0	0	0	0	0	0	0	0	0	0	0	0	0	0	0	0	0	0	0	192	0	0	0	0	0	0	4
assemblage-495-669	0	0	0	0	0	0	0	0	0	0	0	0	0	313	0	0	0	0	0	0	0	0	0	0	0	0	0	0	0	0	0	0	0	0	0	0	0	0	0	0	0	0	29	0	0	0	0	0	0	0	0	0	0	0	0	0	0	0	0	0	0	0	144	0	0	0	0	0	0	0	0	0	0	0	0	0	0	0	0	0	0	0	0	0	0	0	0	0	0	0	0	0	0	0	0	0	0	14
assemblage-491-652	0	0	0	0	0	0	0	0	0	0	0	0	0	339	0	0	0	0	0	0	0	0	0	0	0	0	0	0	0	0	0	0	0	0	0	0	0	0	0	0	0	0	26	0	0	0	0	0	0	0	0	0	0	0	0	0	0	0	0	0	0	0	119	0	0	0	0	0	0	0	0	0	0	0	0	0	0	0	0	0	0	0	0	0	0	0	0	0	0	0	0	6	0	0	0	0	0	10
assemblage-667-963	0	0	0	0	0	0	0	0	0	0	96	0	0	14	0	0	0	0	0	0	0	0	0	0	0	0	0	0	0	0	0	0	0	0	0	0	0	0	207	0	0	0	0	0	0	0	0	0	0	0	0	0	0	0	24	0	0	0	0	0	0	0	0	0	0	0	0	0	0	0	0	0	0	101	0	0	0	0	0	0	33	0	0	0	0	0	0	0	0	0	15	0	0	0	0	0	0	10
assemblage-134-140	0	0	0	0	0	0	0	0	45	0	78	0	0	174	0	0	0	0	0	0	0	0	0	0	0	14	9	0	0	0	0	0	0	0	0	0	0	24	39	0	8	0	0	0	68	0	0	0	0	0	11	0	0	0	0	0	0	0	0	0	0	0	0	0	0	0	0	0	0	0	0	0	0	0	0	0	0	0	0	0	0	0	0	0	0	0	0	0	0	0	0	0	0	0	0	0	0	30
assemblage-283-928	0	0	0	0	0	0	0	0	0	0	50	0	0	86	0	0	0	0	0	0	0	0	13	0	0	0	0	0	0	19	0	0	0	0	0	0	0	0	261	0	0	0	0	0	0	0	0	0	0	0	0	0	0	0	0	0	0	0	0	0	0	0	0	0	0	0	0	0	0	0	0	0	0	56	0	0	0	0	0	0	0	0	0	0	0	0	0	0	0	0	0	0	0	0	0	0	0	15
assemblage-831-823	0	0	0	0	0	0	0	0	0	0	0	95	0	318	0	0	0	0	0	0	0	0	0	0	0	0	0	0	0	0	0	0	0	0	0	0	0	0	0	0	0	0	0	10	0	0	0	0	0	0	0	0	0	0	0	0	0	0	0	0	0	0	0	0	0	0	0	0	0	0	0	0	0	0	0	0	0	0	0	0	0	0	0	0	0	7	0	0	0	46	0	0	0	0	0	0	0	24
assemblage-902-948	0	0	0	0	0	0	0	0	77	9	119	0	0	194	0	0	0	0	0	0	0	0	0	0	0	0	0	0	0	0	0	0	0	0	0	0	0	0	34	0	0	0	0	0	0	0	0	0	0	0	0	0	0	0	30	0	0	0	0	0	0	0	0	0	0	0	0	0	0	0	0	0	0	0	0	0	0	0	0	0	0	0	0	16	0	0	0	0	0	0	0	0	0	0	0	0	0	21
assemblage-538-778	0	0	22	0	0	0	0	0	0	0	0	0	0	227	0	0	0	30	0	0	0	0	0	0	0	0	0	0	0	0	0	0	0	0	0	0	0	0	92	0	0	0	0	0	0	0	0	0	0	0	0	0	0	0	0	0	0	0	68	0	0	0	0	0	0	0	0	0	0	6	0	0	0	0	0	0	0	0	0	0	0	14	0	0	0	0	0	0	0	23	0	0	0	0	0	0	0	18
assemblage-964-845	0	0	0	0	0	21	0	0	0	0	0	0	0	43	0	0	0	0	0	0	0	0	0	0	0	0	0	0	0	0	0	0	0	0	0	0	0	0	107	0	0	0	0	0	0	0	0	0	0	78	0	0	0	0	0	0	0	0	0	0	0	0	0	0	8	0	0	0	0	0	0	0	0	56	0	0	0	0	0	0	0	0	71	0	0	0	0	0	11	0	84	0	0	0	0	0	0	21
assemblage-763-598	0	0	0	0	0	0	0	0	16	0	0	0	0	229	0	0	0	0	0	0	0	0	0	0	0	0	0	0	0	0	0	0	0	0	0	0	0	0	189	0	0	0	0	0	0	0	0	0	0	0	0	0	0	0	0	0	0	0	0	0	0	0	0	0	0	0	0	0	0	0	0	0	0	0	0	0	0	0	0	0	0	0	0	12	0	0	0	0	0	38	0	0	0	0	0	0	0	16
assemblage-601-779	0	0	0	0	0	0	0	0	71	19	38	0	0	257	0	0	0	20	0	0	0	0	0	0	4	0	0	0	0	0	0	0	0	16	0	0	0	0	38	0	0	20	0	0	0	0	0	0	0	0	0	0	0	0	0	5	0	0	0	0	0	0	0	0	0	0	0	0	0	0	0	0	0	0	0	0	0	0	0	0	0	0	0	0	0	0	0	0	0	0	0	0	0	0	0	0	0	12
assemblage-254-259	0	0	0	0	0	0	0	0	0	0	19	0	0	84	0	0	0	0	0	0	0	0	0	0	0	0	0	0	0	22	0	0	0	0	0	0	0	0	227	0	0	0	0	0	12	0	0	31	0	0	0	0	0	0	13	0	46	0	0	0	0	0	0	0	0	0	0	0	0	0	0	0	4	23	0	0	0	0	0	0	5	0	0	0	0	0	0	0	0	0	0	0	0	0	0	0	0	14
assemblage-901-846	0	0	0	0	0	0	0	0	0	0	14	0	0	75	0	0	0	0	0	0	0	0	0	0	0	0	0	0	0	40	0	0	0	0	0	0	0	0	210	0	0	0	0	0	12	0	0	21	0	0	0	0	0	0	18	0	52	0	0	0	0	0	0	0	0	0	0	0	0	0	0	0	0	32	0	0	0	0	0	0	10	0	0	0	0	0	0	0	0	0	0	0	0	0	0	0	0	16
assemblage-494-668	0	0	0	0	0	0	0	0	0	0	0	0	0	310	0	0	0	0	0	0	0	0	0	0	0	0	0	0	0	0	0	0	0	0	0	0	0	0	0	0	0	0	29	0	0	0	0	0	0	0	0	0	0	0	0	0	0	0	0	0	0	0	141	0	0	0	0	0	0	0	0	0	0	0	0	0	0	0	0	0	0	0	8	0	0	0	0	0	0	0	0	6	0	0	0	0	0	6
assemblage-595-777	0	0	0	0	0	0	0	0	64	7	125	0	0	193	0	0	0	0	0	0	0	0	0	0	0	0	0	0	0	0	0	0	0	0	0	0	0	0	28	0	0	0	0	0	0	0	0	0	0	0	0	0	0	0	53	0	0	0	0	0	0	0	0	0	0	0	0	0	0	0	0	0	0	0	0	0	0	0	0	0	0	0	0	9	0	0	0	0	0	0	0	0	0	0	0	0	0	21
assemblage-436-415	0	0	0	0	0	0	0	0	0	0	0	0	0	0	0	0	14	0	0	0	2	0	0	0	0	0	0	0	0	0	0	0	0	0	0	0	0	0	200	0	0	0	0	0	0	30	0	0	0	0	0	0	0	0	0	0	0	0	0	0	0	0	0	0	0	0	0	0	0	0	0	0	0	212	0	0	0	0	0	0	0	0	0	0	0	0	0	0	0	0	34	0	0	0	0	0	0	8
assemblage-945-378	3	0	0	0	0	0	0	0	12	0	51	14	0	245	3	0	0	37	0	0	0	0	0	0	0	0	0	0	0	0	0	0	0	0	0	0	0	0	76	13	0	0	0	0	0	0	0	0	0	0	0	0	0	0	0	0	0	0	0	0	0	0	0	0	0	0	0	0	0	0	0	0	0	0	0	0	0	0	0	0	0	0	0	8	0	0	0	0	0	24	0	0	0	0	0	0	0	14
assemblage-771-953	0	10	0	0	0	0	0	0	0	0	80	0	0	115	0	0	0	0	12	0	0	0	0	0	0	0	0	0	0	0	0	0	0	0	0	0	0	0	58	0	0	0	0	0	0	0	5	0	0	0	0	0	0	0	28	0	0	0	0	0	0	0	0	0	0	0	0	0	0	0	0	0	0	141	0	0	0	0	0	0	21	0	0	0	0	0	0	0	0	0	0	0	0	0	0	0	0	30
assemblage-760-951	0	0	0	0	0	0	0	0	0	0	78	0	0	144	0	0	0	0	13	0	0	0	0	0	0	0	0	0	0	0	0	0	0	0	0	0	0	0	58	0	0	0	0	0	0	0	0	0	0	0	0	0	0	0	45	0	0	0	0	0	0	0	0	0	0	0	0	0	0	0	0	0	0	124	0	0	0	0	0	0	6	0	0	0	0	0	0	0	0	0	0	0	0	0	0	0	0	32
assemblage-428-409	0	0	0	0	0	0	0	0	0	0	0	0	0	0	0	0	14	0	0	0	6	0	0	0	0	0	0	0	0	0	0	0	0	0	0	0	0	0	197	0	0	0	0	0	0	37	0	0	0	0	0	0	0	0	0	0	0	0	0	0	0	0	0	0	0	0	0	0	0	0	0	0	0	216	0	0	0	0	0	0	0	0	0	0	0	0	0	0	0	0	25	0	0	0	0	0	0	5
assemblage-955-925	0	0	0	0	0	0	0	0	0	0	0	0	5	0	0	0	0	0	0	0	0	0	0	0	0	0	0	0	0	0	0	0	0	0	0	0	0	0	293	0	0	0	0	0	0	0	0	0	0	0	0	0	0	0	0	0	0	0	0	0	0	0	0	0	0	0	0	0	0	0	0	0	0	0	0	0	0	0	0	0	0	0	0	0	0	0	0	0	0	0	183	0	0	6	0	0	0	13
assemblage-496-654	0	0	0	0	0	0	0	0	0	0	0	0	0	332	0	0	0	0	0	0	0	0	0	0	0	0	0	0	0	0	0	0	0	0	0	0	0	0	0	0	0	0	33	0	0	0	0	0	0	0	0	0	0	0	0	0	0	0	0	0	0	0	117	0	0	0	0	0	0	0	0	0	0	0	0	0	0	0	0	0	0	0	7	0	0	0	0	0	0	0	0	2	0	0	0	0	0	9
assemblage-978-756	0	0	0	0	0	0	0	0	0	0	0	0	0	138	0	0	0	0	10	0	0	0	0	0	0	0	0	0	0	74	0	0	0	0	0	0	0	0	120	0	0	0	0	0	0	0	0	0	0	0	0	0	0	0	0	0	38	0	0	0	3	0	0	0	0	0	0	0	0	0	0	0	0	40	0	0	0	0	0	0	53	0	0	0	0	0	0	0	0	0	0	0	0	0	0	0	0	24
assemblage-863-503	0	0	0	0	0	0	0	0	0	0	0	0	0	12	0	0	0	0	0	0	0	0	0	0	0	0	0	0	0	0	175	0	0	0	0	0	0	0	0	0	0	0	0	0	0	0	0	0	0	40	0	0	0	0	0	0	0	0	0	0	0	0	0	0	0	0	0	0	0	0	0	0	0	0	0	0	0	0	0	0	13	0	171	0	0	0	0	63	2	0	0	0	0	0	4	0	12	8
assemblage-843-802	0	0	0	0	0	0	0	0	0	0	0	86	0	308	0	0	0	4	0	0	0	0	0	0	0	0	0	0	0	0	0	0	0	0	0	0	0	0	7	0	0	0	0	15	0	0	0	0	0	0	0	0	0	0	0	0	0	0	9	0	0	0	0	0	0	0	0	0	0	0	0	0	0	0	0	0	0	0	0	0	0	0	0	0	0	0	0	0	0	52	0	0	0	0	0	0	0	19
assemblage-703-781	0	0	0	0	0	0	0	0	52	0	61	0	0	185	0	0	0	0	0	0	0	0	0	7	0	21	4	0	0	0	0	0	0	0	0	0	0	21	35	0	15	0	0	0	48	0	0	5	0	0	13	0	0	0	0	0	0	0	0	0	0	0	0	0	0	0	0	0	0	0	0	0	0	0	0	0	0	0	0	0	0	0	0	0	0	0	0	0	0	0	0	0	0	0	0	0	0	33
assemblage-243-235	0	0	0	0	0	0	0	0	51	0	76	0	0	155	0	0	0	0	7	0	0	0	0	0	0	0	0	0	0	51	0	0	0	0	0	0	0	0	19	0	0	0	0	0	0	0	0	0	0	0	7	0	0	0	25	0	0	0	0	0	0	0	0	0	0	0	0	0	0	0	0	0	0	16	0	0	0	0	0	0	44	0	0	17	0	0	0	0	0	0	25	0	0	0	0	0	0	7
assemblage-824-163	0	12	0	0	0	0	0	0	0	0	79	0	0	147	0	0	0	0	23	0	0	0	0	0	0	0	0	0	0	0	0	0	0	0	0	0	0	5	55	0	0	0	0	0	0	0	9	0	0	0	0	0	0	0	20	0	0	0	0	0	0	10	0	0	0	0	0	0	0	0	0	0	0	106	0	0	0	0	0	0	16	0	0	0	0	0	0	0	0	0	0	0	0	0	0	0	0	18
assemblage-751-589	0	0	0	0	0	0	0	0	11	0	74	58	0	184	10	0	0	9	0	0	0	0	0	0	0	0	0	0	0	0	0	0	0	0	0	14	0	0	50	38	0	0	0	0	0	0	0	0	0	0	0	0	0	0	0	0	0	0	0	0	0	0	0	0	0	0	0	0	0	0	0	0	0	0	0	0	0	0	0	0	0	0	0	0	0	0	0	0	0	41	0	0	0	0	0	0	0	11
assemblage-503-216	0	0	0	0	0	0	0	0	41	0	70	0	0	195	0	0	0	0	0	0	0	0	0	0	0	8	15	0	0	0	0	0	0	0	0	0	0	15	37	0	9	0	0	0	70	0	0	0	0	0	8	0	0	0	0	0	0	0	0	0	0	0	0	0	0	0	0	0	0	0	0	0	0	0	0	0	0	0	0	0	0	0	0	0	0	0	0	0	0	0	0	0	0	0	0	0	0	32
assemblage-444-418	0	0	0	0	0	0	0	0	0	0	0	0	0	0	0	0	15	0	0	0	0	0	0	0	0	0	0	0	0	0	0	0	0	0	0	0	0	0	194	0	0	0	0	0	0	33	0	0	0	0	0	0	0	0	0	0	0	0	0	0	0	0	0	0	0	0	0	0	0	0	0	0	0	207	0	0	0	0	0	0	0	0	0	0	0	0	0	0	0	0	42	0	0	0	0	0	0	9
assemblage-902-784	0	0	0	0	0	0	0	0	0	0	32	0	0	136	0	0	0	0	0	0	18	0	0	0	0	0	0	0	0	0	0	0	0	0	0	0	0	0	94	0	0	0	0	0	0	0	0	0	0	0	0	0	0	0	0	0	0	0	0	0	0	0	0	0	0	0	0	0	0	0	0	0	0	20	0	0	0	0	0	0	50	0	68	0	0	0	0	0	7	0	37	0	26	0	0	0	0	12
assemblage-564-224	0	0	0	0	0	0	0	0	0	0	9	6	0	254	0	0	0	65	0	15	0	0	0	0	0	0	0	0	0	0	0	0	0	0	0	0	0	0	12	0	0	0	0	0	0	0	0	0	0	0	0	0	0	0	0	0	0	0	24	0	0	0	0	0	0	18	0	0	0	13	0	0	0	0	0	0	0	0	0	0	0	0	0	0	0	0	0	0	0	69	0	0	0	0	0	0	0	15
assemblage-920-795	0	0	0	0	0	0	0	0	16	0	0	0	0	241	0	0	0	0	0	0	0	0	0	0	0	0	0	0	0	0	0	0	0	0	0	0	0	0	192	0	0	0	0	0	0	0	0	0	0	0	0	0	0	0	0	0	0	0	0	0	0	0	0	0	0	0	0	0	0	0	0	0	0	0	0	0	0	0	0	0	0	0	0	10	0	0	0	0	0	22	0	0	0	0	0	0	0	19
assemblage-951-379	0	0	0	0	0	0	0	0	3	0	75	45	0	189	20	0	0	12	0	0	0	0	0	0	0	0	0	0	0	0	0	0	0	0	0	17	0	0	27	55	0	0	0	0	0	0	0	0	0	0	0	0	0	0	0	0	0	0	0	0	0	0	0	0	0	0	0	0	0	0	0	0	0	0	0	0	0	0	0	0	0	0	0	0	0	0	0	0	0	47	0	0	0	0	0	0	0	10
assemblage-775-939	0	0	0	0	0	0	0	0	62	0	74	0	0	134	0	0	0	0	0	0	0	0	0	0	0	0	0	0	0	40	0	0	0	0	0	0	0	0	14	0	0	0	0	0	0	0	0	0	0	0	10	0	0	0	27	0	0	6	0	0	0	0	0	0	0	0	0	0	0	0	0	0	0	19	0	0	0	0	0	0	39	0	0	23	0	0	0	0	0	0	43	0	0	0	0	0	0	9
assemblage-975-756	0	0	0	0	0	0	0	0	0	0	25	0	0	84	0	0	0	0	0	0	0	0	0	0	0	0	0	0	0	12	0	0	5	0	0	0	0	0	208	0	0	0	0	0	0	0	0	0	0	0	0	0	0	0	0	0	0	0	0	0	0	0	0	0	0	0	6	0	0	0	0	0	0	92	0	46	0	0	6	0	3	0	0	0	0	0	0	0	0	0	0	0	0	0	0	0	0	13
assemblage-901-928	0	0	0	0	0	0	0	0	45	0	62	0	0	187	0	0	0	0	0	0	0	0	0	0	0	16	9	0	0	0	0	0	0	0	0	0	0	16	25	0	18	0	0	0	69	0	0	3	0	0	12	0	0	0	0	0	0	0	0	0	0	0	0	0	0	0	0	0	0	0	0	0	0	0	0	0	0	0	0	0	0	0	0	0	0	0	0	0	0	0	0	0	0	0	0	0	0	38
assemblage-692-760	0	0	0	3	0	0	0	0	42	17	49	0	0	85	0	0	0	0	5	0	0	0	0	0	0	0	0	0	0	42	0	0	0	0	0	0	0	0	36	0	0	0	0	0	5	0	0	7	0	0	0	0	0	0	84	0	22	0	0	0	0	0	0	0	0	0	0	0	0	0	0	0	0	14	0	0	0	0	0	0	0	0	0	72	0	0	0	0	0	0	0	0	0	0	0	0	0	17
assemblage-505-653	0	0	0	0	0	0	0	0	0	0	0	0	0	80	0	0	0	0	0	0	0	0	0	0	0	0	0	0	0	0	44	0	0	0	0	0	0	0	117	0	0	0	8	0	0	13	0	0	0	10	0	0	0	0	0	0	0	0	0	0	0	0	31	0	0	0	0	0	0	0	0	0	0	56	0	0	0	0	0	0	5	0	28	0	0	0	0	23	0	0	56	0	0	0	0	0	0	29
assemblage-255-237	0	0	0	0	0	0	0	0	42	0	75	0	0	126	0	0	0	0	8	0	0	0	0	0	0	0	0	0	0	53	0	0	0	0	0	0	0	0	22	0	0	0	0	0	0	0	0	0	0	0	7	0	0	0	22	0	0	0	0	0	0	0	0	0	0	0	0	0	0	0	0	0	0	16	0	0	0	0	0	0	51	0	0	26	0	0	0	0	0	0	38	0	0	0	0	0	0	14
assemblage-564-226	0	0	0	0	0	0	0	0	0	0	20	0	0	215	0	0	0	77	0	24	0	0	0	0	0	0	0	0	0	0	0	0	0	0	0	0	0	0	13	0	0	0	0	0	0	0	0	0	0	0	0	0	0	0	0	0	0	0	18	0	0	0	0	0	0	11	0	0	0	9	0	0	0	0	0	0	0	0	0	0	0	0	0	0	0	0	0	0	0	88	0	0	0	0	0	0	0	25
assemblage-941-790	0	0	0	0	0	0	0	0	0	0	105	48	0	175	20	0	0	15	0	0	0	0	0	0	0	0	0	0	0	0	0	0	0	0	0	14	0	0	24	46	0	0	0	0	0	0	0	0	0	0	0	0	0	0	0	0	0	0	0	0	0	0	0	0	0	0	0	0	0	0	0	0	0	0	0	0	0	0	0	0	0	0	0	0	0	0	0	0	0	42	0	0	0	0	0	0	0	11
assemblage-206-394	0	0	0	0	0	0	0	0	0	0	2	0	0	134	0	0	0	0	0	0	0	0	0	0	0	0	0	0	0	85	0	0	0	0	0	0	0	0	171	0	0	0	0	0	0	0	0	0	0	0	0	0	0	0	0	0	28	0	0	0	3	0	0	0	0	0	0	0	0	0	0	0	0	23	0	0	0	0	0	0	40	0	0	0	0	0	0	0	0	0	0	0	0	0	0	0	0	14
assemblage-947-379	0	0	0	0	0	0	0	0	21	0	0	0	0	213	0	0	0	0	0	0	0	0	0	0	0	0	0	0	0	0	0	0	0	0	0	0	0	0	222	0	0	0	0	0	0	0	0	0	0	0	0	0	0	0	0	0	0	0	0	0	0	0	0	0	0	0	0	0	0	0	0	0	0	0	0	0	0	0	0	0	0	0	0	4	0	0	0	0	0	24	0	0	0	0	0	0	0	16
assemblage-156-102	0	0	0	0	0	0	0	0	0	0	19	0	0	104	0	0	0	0	0	0	0	0	0	0	0	0	0	0	0	8	0	3	10	0	0	0	0	0	164	0	0	0	0	0	0	0	0	0	0	0	0	0	0	0	0	0	0	0	0	0	0	0	0	0	0	0	12	0	0	0	2	0	0	97	0	54	0	0	7	0	13	0	0	0	0	0	0	0	0	0	0	0	0	0	0	0	0	7
assemblage-885-841	0	6	0	0	0	0	0	0	0	0	82	0	0	143	0	0	0	0	19	0	0	0	0	0	0	0	0	0	0	0	0	0	0	0	0	0	0	0	54	0	0	0	0	0	0	0	0	0	0	0	0	0	0	0	33	0	0	0	0	0	0	6	0	0	0	0	0	0	0	0	0	0	0	132	0	0	0	0	0	0	10	0	0	0	0	0	0	0	0	0	0	0	0	0	0	0	0	15
assemblage-505-214	0	0	0	0	0	0	0	0	0	0	10	0	0	351	0	0	0	0	0	0	0	0	0	0	0	0	0	0	0	0	0	0	0	0	0	0	0	0	49	0	0	0	0	0	0	0	0	0	0	0	0	0	0	0	36	0	24	0	0	0	0	0	0	7	0	0	0	0	0	0	0	0	0	7	0	0	0	0	0	0	0	0	0	0	0	0	0	0	0	0	0	0	0	0	0	0	0	16
assemblage-858-122	0	0	0	0	0	0	0	0	86	15	31	0	0	227	4	0	0	14	0	0	0	0	0	0	10	0	0	0	0	0	0	0	0	10	0	0	0	0	62	0	0	29	0	0	0	0	0	0	0	0	0	0	0	0	0	0	0	0	0	0	0	0	0	0	0	0	0	0	0	0	0	0	0	0	0	0	0	0	0	0	0	0	0	0	0	0	0	0	0	0	0	0	0	0	0	0	0	12
assemblage-787-946	0	0	0	0	0	0	0	0	0	0	28	0	0	70	0	0	0	0	0	0	0	0	0	0	0	0	0	0	0	35	0	0	0	0	0	0	0	0	220	0	0	0	0	0	19	0	0	19	0	0	0	0	0	0	22	0	43	0	0	0	0	0	0	0	0	0	0	0	0	0	0	0	0	31	0	0	0	0	0	0	6	0	0	0	0	0	0	0	0	0	0	0	0	0	0	0	0	7
assemblage-171-84	0	0	0	0	0	0	0	0	8	0	122	0	0	108	0	0	0	0	0	0	0	0	0	0	0	0	0	0	0	26	0	0	0	0	0	0	0	0	85	0	0	0	0	0	0	0	0	0	0	0	0	0	0	0	0	0	0	0	0	0	0	0	0	0	0	0	0	0	0	0	0	0	0	27	0	0	0	17	0	0	16	0	30	0	0	0	0	0	0	0	46	0	0	0	0	0	0	15
assemblage-908-840	0	0	0	0	0	0	0	0	0	0	40	0	0	129	0	0	0	0	0	0	0	0	0	0	0	0	0	0	0	7	0	0	0	0	0	0	0	0	181	0	0	0	0	0	0	0	0	7	0	0	0	0	0	0	69	0	0	0	0	0	0	0	0	0	0	0	0	0	0	0	0	0	0	36	0	0	0	0	0	0	13	0	0	0	0	0	0	0	0	0	5	0	0	0	0	0	0	13
assemblage-965-927	0	0	0	0	0	0	0	0	0	0	0	0	0	0	0	0	0	0	0	0	0	0	0	0	0	0	0	0	0	0	0	0	0	0	0	0	0	0	293	0	0	0	0	0	0	0	0	0	0	0	0	0	0	0	0	0	0	0	0	0	0	0	0	0	0	0	0	0	0	0	0	0	0	0	0	0	0	0	0	0	0	0	0	0	0	0	0	0	0	0	178	0	0	0	0	0	0	29
assemblage-876-927	0	0	0	4	0	0	0	0	46	16	44	0	0	96	0	0	0	0	9	0	0	0	0	0	0	0	0	0	0	37	0	0	0	0	0	0	0	0	30	0	0	0	0	0	5	0	0	5	0	0	7	0	0	0	90	0	19	0	0	0	0	0	0	0	0	0	0	0	0	0	0	0	0	8	0	0	0	0	0	0	0	0	0	74	0	0	0	0	0	0	0	0	0	0	0	0	0	10
assemblage-199-476	0	0	0	0	0	37	0	0	0	0	23	0	0	58	0	0	0	0	0	0	0	0	6	0	0	0	0	0	0	0	25	0	0	0	0	0	0	0	155	0	0	0	0	0	0	0	0	0	0	0	0	0	0	0	0	0	0	0	0	0	0	0	8	0	0	0	0	43	0	0	0	0	0	47	0	0	0	0	0	0	0	0	32	0	0	0	0	0	10	0	18	0	0	22	0	0	0	16
assemblage-504-227	0	0	0	0	0	0	0	0	0	0	27	0	0	97	0	0	0	0	0	0	0	0	0	0	0	0	0	0	0	0	0	0	0	0	0	0	0	0	197	0	0	0	0	0	121	0	0	0	0	0	0	0	0	0	0	0	16	0	0	0	0	8	0	5	0	0	0	0	0	0	0	12	0	0	0	0	0	0	0	0	0	0	0	0	0	0	0	0	0	0	0	0	0	0	0	0	0	17
assemblage-595-776	0	0	0	0	0	0	0	0	74	11	116	0	0	176	0	0	0	0	0	0	0	0	0	0	0	0	0	0	0	0	0	0	0	0	0	0	0	0	52	6	0	0	0	0	0	0	0	0	0	0	0	0	0	0	39	0	0	0	0	0	0	0	0	0	0	0	0	0	0	0	0	0	0	0	0	0	0	0	0	0	0	0	0	6	0	0	0	0	0	0	0	0	0	0	0	0	0	20
assemblage-939-116	0	0	0	0	0	0	0	0	0	0	14	121	0	293	0	0	0	6	0	0	0	0	0	0	0	0	0	0	0	0	0	0	0	0	0	0	0	0	4	0	0	0	0	0	0	0	0	0	0	0	0	0	0	0	0	0	0	0	0	0	0	0	0	0	0	0	0	0	0	0	0	0	0	0	0	0	0	0	0	0	0	0	0	0	0	26	0	0	0	20	0	0	0	0	0	0	0	16
assemblage-752-302	0	0	0	0	0	0	0	0	0	0	9	109	0	300	0	0	0	4	0	0	0	0	0	0	0	0	0	0	0	0	0	0	0	0	0	0	0	0	9	7	0	0	0	0	0	0	0	0	0	0	0	0	0	0	0	0	0	0	0	0	0	0	0	0	0	0	0	0	0	0	0	0	0	0	0	0	0	0	0	4	0	0	0	0	0	32	0	0	0	18	0	0	0	0	0	0	0	8
assemblage-195-455	0	0	0	0	0	0	0	0	0	0	0	0	0	161	0	0	0	0	0	0	0	10	0	0	0	0	0	0	0	0	0	0	0	0	0	0	0	0	69	0	0	0	0	0	0	0	0	0	0	0	0	0	0	0	0	0	0	0	0	0	0	0	0	0	0	0	0	0	0	0	0	0	0	228	0	0	0	0	0	0	0	0	0	0	0	0	0	0	0	0	9	0	0	0	0	0	0	23
assemblage-718-296	0	0	0	0	0	0	0	5	0	0	55	0	0	321	0	0	0	0	0	0	0	0	0	0	0	0	0	0	0	0	0	0	0	0	0	0	0	0	62	0	0	0	0	0	0	0	0	0	0	0	0	0	0	0	0	0	0	0	0	0	0	0	0	0	0	0	0	0	0	0	0	0	0	0	0	0	0	0	0	0	0	0	0	0	0	42	0	0	0	7	0	0	0	0	0	0	0	8
assemblage-607-434	0	0	0	0	0	0	0	0	0	0	0	0	0	219	0	0	0	30	0	0	0	0	0	0	0	0	0	0	0	0	0	0	0	0	0	0	0	0	90	0	0	0	0	0	0	0	0	0	0	0	0	0	0	0	0	0	0	0	38	0	0	0	0	0	0	0	0	0	0	30	0	0	0	0	0	0	0	0	0	0	0	0	0	0	0	15	0	0	0	49	0	0	0	0	0	0	0	29
assemblage-859-809	0	0	19	0	0	0	0	0	0	0	0	0	0	200	0	0	0	37	0	0	0	0	0	0	0	0	0	0	0	0	0	0	0	0	0	0	0	0	107	0	0	0	0	0	0	0	0	0	0	0	0	0	0	0	0	0	0	0	74	0	0	0	0	0	0	0	0	0	0	8	0	0	0	0	0	0	0	0	0	0	0	16	0	0	0	0	0	0	0	30	0	0	0	0	0	0	0	9
assemblage-399-803	0	0	0	0	0	34	0	0	0	0	15	0	0	51	0	0	0	0	0	0	0	0	6	0	0	0	0	0	0	0	25	0	0	0	0	0	0	0	145	0	0	0	0	0	0	0	0	0	0	7	0	0	0	0	0	0	0	0	0	0	0	0	0	0	0	0	0	43	0	0	0	0	0	64	0	0	0	0	0	0	0	0	35	0	4	0	0	0	7	0	22	0	0	23	0	0	0	19
assemblage-397-779	0	0	0	0	0	0	0	0	0	0	37	0	0	132	0	0	0	0	0	0	23	0	0	0	0	0	0	0	0	0	0	0	0	0	0	0	0	0	86	0	0	0	0	0	0	0	0	0	0	0	0	0	0	0	0	0	0	0	0	0	0	0	0	0	0	0	0	0	0	0	0	0	0	41	0	0	0	0	0	0	47	0	57	0	0	0	0	0	0	0	26	0	30	0	0	0	0	21
assemblage-923-779	0	0	0	0	0	0	0	0	0	0	36	0	0	135	0	0	0	0	0	0	17	0	0	0	0	0	0	0	0	0	0	0	0	0	0	0	0	0	102	0	0	0	0	0	0	0	0	0	0	6	0	0	0	0	0	0	0	0	0	0	0	0	0	0	0	0	0	0	0	0	0	0	0	27	0	0	0	0	0	0	54	0	71	0	0	0	0	0	5	0	26	0	13	0	0	0	0	8
assemblage-859-499	0	0	0	0	0	0	0	0	0	0	0	0	0	15	0	0	0	0	0	0	0	0	0	0	0	0	0	0	0	0	147	0	0	0	0	0	0	0	0	0	0	0	0	0	0	0	0	0	0	50	0	0	0	0	0	0	0	0	0	0	0	0	0	0	0	0	0	0	0	0	0	0	0	0	0	0	0	0	0	0	26	0	174	0	0	0	0	58	6	0	0	0	0	0	0	0	15	9
assemblage-731-315	0	0	0	0	0	0	0	0	0	0	10	93	0	323	0	0	0	10	0	0	0	0	0	0	0	0	0	0	0	0	0	0	0	0	0	0	0	0	0	0	0	0	0	0	0	0	0	0	0	0	0	0	0	0	0	0	0	0	0	0	0	0	0	0	0	0	0	0	0	0	0	0	0	0	0	0	0	0	0	0	0	0	0	0	0	31	0	0	0	15	0	0	0	0	0	0	0	18
assemblage-935-118	0	0	0	0	0	0	0	9	0	0	57	0	0	299	0	0	0	0	0	0	0	0	0	0	0	0	0	0	0	0	0	0	0	0	0	0	0	0	68	0	0	0	0	0	0	0	0	0	0	0	0	0	0	0	0	0	0	0	0	0	0	0	0	0	0	0	0	0	0	0	0	0	0	0	0	0	0	0	0	0	0	0	0	0	0	51	0	0	0	4	0	0	0	0	0	0	0	12
assemblage-567-217	0	0	0	0	0	0	0	0	0	0	24	32	0	209	0	0	0	0	0	0	0	0	0	0	0	0	0	0	0	0	0	0	0	0	0	0	0	0	163	18	0	0	0	0	0	0	0	0	0	0	0	0	0	0	0	0	0	0	0	0	0	0	0	0	0	0	0	0	0	0	0	0	0	0	0	0	0	0	0	0	0	13	0	0	0	8	0	0	0	28	0	0	0	0	0	0	0	5
assemblage-918-961	0	0	0	0	0	0	0	0	40	0	33	0	0	219	0	0	0	0	0	0	0	0	0	0	0	0	0	0	0	0	0	0	0	0	0	0	14	0	154	0	0	0	0	0	11	0	0	0	0	0	0	0	0	0	0	0	0	0	0	0	0	0	0	0	0	0	0	0	14	0	0	0	0	0	0	0	0	0	0	0	0	0	0	0	0	0	0	0	0	0	0	0	0	0	0	0	0	15
assemblage-929-942	0	0	0	0	0	0	0	0	69	4	132	0	0	182	0	0	0	0	0	0	0	0	0	0	0	0	0	0	0	0	0	0	0	0	0	0	0	0	40	0	0	0	0	0	0	0	0	0	0	0	0	0	0	0	43	0	0	0	0	0	0	0	0	0	0	0	0	0	0	0	0	0	0	0	0	0	0	0	0	0	0	0	0	8	0	0	0	0	0	0	0	0	0	0	0	0	0	22
assemblage-287-849	0	0	0	0	0	0	0	0	0	0	0	70	0	227	0	0	0	0	0	0	0	0	0	0	0	0	0	0	0	0	0	0	0	0	0	0	0	0	16	0	0	0	0	0	0	0	0	0	0	0	0	0	0	0	0	0	0	0	16	0	0	0	0	0	0	0	0	0	0	0	0	0	0	0	0	0	0	0	0	0	0	0	0	0	0	75	14	0	0	65	0	0	0	0	0	0	0	17
assemblage-271-845	0	0	25	0	0	0	0	0	0	0	0	6	0	236	0	0	0	24	0	0	0	0	0	0	0	0	0	0	0	0	0	0	0	0	0	0	0	0	93	0	0	0	0	0	0	0	0	0	0	0	0	0	0	0	0	0	0	0	56	0	0	0	0	0	0	0	0	0	0	7	0	0	0	0	0	0	0	0	0	0	0	13	0	0	0	6	0	0	0	31	0	0	0	0	0	0	0	3
assemblage-131-138	0	0	0	0	0	0	0	0	0	0	36	0	0	93	0	0	0	0	0	0	0	0	0	0	0	0	0	0	0	0	0	0	0	0	0	0	0	0	185	0	0	0	0	0	124	0	0	0	0	0	0	0	0	0	0	0	9	0	0	0	0	8	0	0	0	0	0	0	0	0	0	12	0	0	0	0	0	0	0	0	0	0	0	0	0	0	0	0	0	0	0	0	0	0	0	0	0	33
assemblage-954-840	0	0	0	0	0	39	0	0	0	0	23	0	0	51	0	0	0	0	0	0	0	0	13	0	0	0	0	0	0	0	25	0	0	0	0	0	0	0	141	0	0	0	0	0	0	0	0	0	0	9	0	0	0	0	0	0	0	0	0	0	0	0	4	0	0	0	0	47	0	0	0	0	0	46	0	0	0	0	0	0	0	0	26	0	0	0	0	0	2	0	36	0	0	19	0	0	0	19
assemblage-572-224	0	0	0	0	0	0	0	0	0	0	54	0	0	339	0	0	0	0	0	0	0	0	0	0	0	0	0	0	0	0	0	0	0	0	0	0	0	0	48	0	0	0	0	0	0	0	0	0	0	0	0	0	0	0	0	0	0	0	0	0	0	0	0	0	0	0	0	0	0	0	0	0	0	0	0	0	0	0	0	0	0	0	0	0	0	37	0	0	0	10	0	0	0	0	0	0	0	12
assemblage-855-815	0	0	0	0	0	0	0	0	0	0	0	79	0	226	0	0	0	0	0	0	0	0	0	0	0	0	0	0	0	0	0	0	0	0	0	0	0	0	32	0	0	0	0	0	0	0	0	0	0	0	0	0	0	0	0	0	0	0	4	0	0	0	0	0	0	0	0	0	0	0	0	0	0	0	0	0	0	0	0	0	0	0	0	0	0	71	12	0	0	64	0	0	0	0	0	0	0	12
assemblage-905-827	0	0	0	0	0	0	0	0	0	0	43	0	0	119	0	0	0	0	0	0	0	0	0	0	0	0	0	0	0	10	0	0	0	0	0	0	0	0	157	0	0	0	0	0	0	0	0	0	0	0	0	0	0	0	102	0	0	0	0	0	0	0	0	0	0	0	0	0	0	0	0	0	0	23	0	0	0	0	0	0	5	0	0	0	0	0	0	0	0	0	21	0	0	0	0	0	0	20
assemblage-486-677	0	0	0	0	0	0	0	0	0	0	0	0	0	321	0	0	0	0	0	0	0	0	0	0	0	0	0	0	0	0	0	0	0	0	0	0	0	0	0	0	0	0	26	0	0	0	0	0	0	0	0	0	0	0	0	0	0	0	0	0	0	0	130	0	0	0	0	0	0	0	0	0	0	0	0	0	0	0	0	0	0	0	8	0	0	0	0	0	0	0	0	0	0	0	0	0	0	15
assemblage-926-782	0	0	0	0	0	13	0	0	0	0	0	0	0	43	0	0	0	0	0	0	0	0	0	0	0	0	0	0	0	0	0	0	0	0	0	0	0	0	110	0	0	0	0	0	0	0	0	0	0	116	0	0	0	0	0	0	0	0	0	0	0	0	0	0	0	0	0	0	0	0	0	0	0	48	0	0	0	0	0	0	0	0	73	0	0	0	0	0	12	0	66	0	0	0	0	0	0	19
assemblage-912-785	0	0	0	0	0	0	0	0	0	0	27	0	0	130	0	0	0	0	0	0	15	0	0	0	0	0	0	0	0	0	0	0	0	0	0	0	0	0	87	0	0	0	0	0	0	0	0	0	0	5	0	0	0	0	0	0	0	0	0	0	0	0	0	0	0	0	0	0	0	0	0	0	0	24	0	0	0	0	0	0	55	0	72	0	0	0	0	0	10	0	40	0	31	0	0	0	0	4
assemblage-920-952	0	0	0	0	0	0	0	0	0	0	19	0	0	301	0	0	0	0	0	0	0	0	0	0	0	0	0	0	0	0	0	0	0	0	0	0	0	0	108	0	0	0	0	0	6	0	0	0	0	0	0	0	0	0	0	0	0	0	0	0	0	0	0	0	0	0	0	0	0	0	0	0	0	0	0	0	0	0	0	0	0	0	0	34	0	0	0	0	0	17	0	0	0	0	0	0	0	15
assemblage-262-234	0	7	0	0	0	0	0	0	0	0	87	0	0	149	0	0	0	0	12	0	0	0	0	0	0	0	0	0	0	0	0	0	0	0	0	0	0	0	61	0	0	0	0	0	0	0	4	0	0	0	0	0	0	0	35	0	0	0	0	0	0	9	0	0	0	0	0	0	0	0	0	0	0	111	0	0	0	0	0	0	5	0	0	0	0	0	0	0	0	0	0	0	0	0	0	0	0	20
assemblage-779-935	0	0	0	0	0	0	0	0	0	0	13	0	0	55	0	0	0	0	0	0	0	0	0	0	0	0	0	0	0	36	0	0	0	0	0	0	0	0	238	0	0	0	0	0	9	0	0	28	0	0	0	0	0	0	20	0	52	0	0	0	0	0	0	0	0	0	0	0	0	0	0	0	0	26	0	0	0	0	0	0	11	0	0	0	0	0	0	0	0	0	0	0	0	0	0	0	0	12
assemblage-661-958	0	0	0	0	0	0	0	0	0	0	108	0	0	11	0	0	0	0	0	0	0	0	0	0	0	0	0	0	0	0	0	0	0	0	0	0	0	0	190	0	0	0	0	0	0	0	0	0	0	0	0	0	0	0	14	0	0	0	0	0	0	0	0	0	0	0	0	0	0	0	0	0	0	100	0	0	0	0	0	0	46	0	0	0	0	0	0	0	0	0	13	0	0	0	0	0	0	18
assemblage-905-835	0	0	0	0	0	0	0	0	0	0	18	0	0	69	0	0	0	0	0	0	0	0	0	0	0	0	0	0	0	30	0	0	0	0	0	0	0	0	233	0	0	0	0	0	14	0	0	28	0	0	0	0	0	0	18	0	46	0	0	0	0	0	0	0	0	0	0	0	0	0	0	0	7	23	0	0	0	0	0	0	4	0	0	0	0	0	0	0	0	0	0	0	0	0	0	0	0	10
assemblage-243-239	0	0	0	0	0	0	0	0	0	0	42	0	0	125	0	0	0	0	0	0	0	0	0	0	0	0	0	0	0	7	0	0	0	0	0	0	0	0	164	0	0	0	0	0	0	0	0	10	0	0	0	0	0	0	72	0	11	0	0	0	0	0	0	0	0	0	0	0	0	0	0	0	0	44	0	0	0	0	0	0	5	0	0	0	0	0	0	0	0	0	12	0	0	0	0	0	0	8
assemblage-628-437	0	0	0	0	0	0	0	0	0	0	0	90	0	216	0	0	0	0	0	0	0	0	0	0	0	0	0	0	0	0	0	0	0	0	0	0	0	0	22	0	0	0	0	0	0	0	0	0	0	0	0	0	0	0	0	0	0	0	5	0	0	0	0	0	0	0	0	0	0	0	0	0	0	0	0	0	0	0	0	0	0	0	0	0	0	77	19	0	0	61	0	0	0	0	0	0	0	10
assemblage-615-421	0	0	0	0	0	0	0	0	0	0	0	89	0	205	0	0	0	0	0	0	0	0	0	0	0	0	0	0	0	0	0	0	0	0	0	0	0	0	32	0	0	0	0	0	0	0	0	0	0	0	0	0	0	0	0	0	0	0	8	0	0	0	0	0	0	0	0	0	0	0	0	0	0	0	0	0	0	0	0	0	0	0	0	0	0	89	10	0	0	59	0	0	0	0	0	0	0	8
assemblage-844-496	0	0	0	0	0	0	0	0	0	0	0	0	0	14	0	0	0	0	0	0	0	0	0	0	0	0	0	0	0	0	167	0	0	0	0	0	0	0	0	0	0	0	0	0	0	0	0	0	0	42	0	0	0	0	0	0	0	0	0	0	0	0	0	0	0	0	0	0	0	0	0	0	0	0	0	0	0	0	0	0	22	0	162	0	0	0	0	56	9	0	0	0	0	0	9	0	16	3
assemblage-661-956	0	0	0	0	0	0	0	0	5	0	77	0	0	129	0	0	0	0	0	0	0	0	0	0	0	0	0	0	0	44	0	0	0	0	0	0	0	0	103	0	0	0	0	0	0	0	0	0	0	0	0	0	0	0	0	0	0	0	0	0	0	0	0	0	0	0	0	0	0	0	0	0	0	16	0	0	0	13	0	0	34	0	18	0	0	0	0	0	0	0	47	0	0	0	0	0	0	14
assemblage-939-810	0	0	0	0	0	0	0	0	18	0	0	0	0	220	0	0	0	0	0	0	0	0	0	0	0	0	0	0	0	0	0	0	0	0	0	0	0	0	232	0	0	0	0	0	0	0	0	0	0	0	0	0	0	0	0	0	0	0	0	0	0	0	0	0	0	0	0	0	0	0	0	0	0	0	0	0	0	0	0	0	0	0	0	4	0	0	0	0	0	16	0	0	0	0	0	0	0	10
assemblage-928-765	0	0	0	0	0	33	0	0	0	0	22	0	0	38	0	0	0	0	0	0	0	0	19	0	0	0	0	0	0	0	30	0	0	0	0	0	0	0	137	0	0	0	0	0	0	0	0	0	0	9	0	0	0	0	0	0	0	0	0	0	0	0	0	0	0	0	0	47	0	0	0	0	0	51	0	0	0	0	0	0	0	0	24	0	0	0	0	0	19	0	34	0	0	22	0	0	0	15
assemblage-928-796	11	0	0	0	0	0	0	0	0	0	39	0	0	296	0	0	0	0	0	0	0	0	0	0	0	0	0	0	0	0	0	0	0	0	0	0	12	0	54	0	0	0	0	0	0	0	0	0	0	0	0	0	0	0	0	0	0	0	0	0	0	0	0	0	0	0	0	0	0	0	0	0	0	0	0	0	0	0	0	0	0	0	0	20	0	0	0	0	0	54	0	0	0	0	0	0	0	14
assemblage-768-990	0	0	0	0	0	0	0	0	29	0	23	0	0	245	0	0	0	0	0	0	0	0	0	0	0	0	0	0	0	0	0	0	0	0	0	0	10	0	167	0	0	0	0	0	9	0	0	0	0	0	0	0	0	0	0	0	0	0	0	0	0	0	0	0	0	0	0	0	0	0	0	0	0	0	0	0	0	0	0	0	0	0	0	0	0	0	0	0	0	0	0	0	0	0	0	0	0	17
assemblage-877-553	0	0	0	0	0	0	32	0	0	0	31	0	0	144	0	0	0	0	0	0	0	0	0	0	0	0	0	0	0	0	0	0	0	0	0	0	0	0	86	0	0	0	0	0	0	0	0	0	0	0	0	0	0	0	0	0	0	0	0	0	0	0	0	0	0	0	0	12	0	0	0	0	0	36	0	0	0	0	0	0	13	0	84	0	0	0	0	0	0	0	44	0	0	0	0	9	0	9
assemblage-255-927	0	0	0	0	0	0	26	0	0	0	32	0	0	150	0	0	0	0	0	0	0	0	0	0	0	0	0	0	0	0	0	0	0	0	0	0	0	0	85	0	0	0	0	0	0	0	0	0	0	0	0	0	0	0	0	0	0	0	0	0	0	0	0	0	0	0	0	19	0	0	0	0	0	38	0	0	0	0	0	0	8	0	83	0	0	0	0	0	0	0	37	0	0	0	0	9	0	13
assemblage-746-583	25	0	0	0	0	0	0	0	4	0	36	0	0	308	0	0	0	0	0	0	0	0	0	0	0	0	0	0	0	0	0	0	0	0	0	0	6	0	62	0	0	0	0	0	0	0	0	0	0	0	0	0	0	0	0	0	0	0	0	0	0	0	0	0	0	0	0	0	0	0	0	0	0	0	0	0	0	0	0	0	0	0	0	15	0	0	0	0	0	39	0	0	0	0	0	0	0	5
assemblage-507-779	0	0	0	0	0	0	0	0	0	0	0	87	0	212	0	0	0	0	0	0	0	0	0	0	0	0	0	0	0	0	0	0	0	0	0	0	0	0	31	0	0	0	0	0	0	0	0	0	0	0	0	0	0	0	0	0	0	0	8	0	0	0	0	0	0	0	0	0	0	0	0	0	0	0	0	0	0	0	0	0	0	0	0	0	0	61	18	0	0	68	0	0	0	0	0	0	0	15
assemblage-199-466	0	0	0	0	0	0	0	0	0	0	0	0	0	159	0	0	0	0	0	0	0	9	0	0	0	0	0	0	0	0	0	0	0	0	0	0	0	0	63	0	0	0	0	0	0	0	0	0	0	0	0	0	0	0	0	0	0	0	0	0	0	0	9	0	0	0	0	0	0	0	0	0	0	228	0	0	0	0	0	0	0	0	0	0	0	0	0	0	0	0	5	0	0	0	0	0	0	27
assemblage-204-396	0	0	0	0	0	0	0	0	0	0	0	0	0	132	0	0	0	0	0	0	0	0	0	0	0	0	0	0	0	98	0	0	0	0	0	0	0	0	110	0	0	0	0	0	0	0	0	0	0	0	0	0	0	0	0	0	31	0	0	0	2	0	0	0	0	0	0	0	0	0	0	0	0	34	0	0	0	0	0	0	66	0	0	0	0	0	0	0	0	0	0	0	0	0	0	0	0	27
assemblage-94-494	0	0	0	0	0	0	33	0	0	0	51	0	0	141	0	0	0	0	0	0	0	0	0	0	0	0	0	0	0	0	0	0	0	0	0	0	0	0	74	0	0	0	0	0	0	0	0	0	0	0	0	0	0	0	0	0	0	0	0	0	0	0	0	0	0	0	0	15	0	0	0	0	0	39	0	0	0	0	0	0	11	0	82	0	0	0	0	0	0	0	39	0	0	0	0	5	0	10
assemblage-488-381	0	0	0	0	0	0	0	0	0	0	152	0	0	222	0	0	0	87	0	0	0	0	0	0	1	0	0	0	0	0	0	0	0	0	0	0	0	0	16	0	0	0	0	0	0	0	0	0	0	0	0	0	0	0	0	0	0	0	0	0	0	0	0	0	0	0	0	0	0	0	0	0	0	0	0	0	0	0	0	0	0	0	0	0	0	3	0	0	0	0	0	0	0	0	0	0	0	19
assemblage-887-564	0	0	0	0	0	0	0	0	0	0	9	0	0	75	0	5	0	0	0	0	0	0	0	0	0	0	0	0	0	0	0	0	0	0	0	0	0	0	99	0	0	0	0	0	0	0	0	0	0	0	0	0	0	0	0	0	0	0	0	0	0	0	0	0	0	0	0	0	0	0	0	0	0	181	0	0	10	0	0	0	79	0	0	0	0	0	0	0	0	0	9	0	0	0	0	11	0	22
assemblage-502-373	33	0	0	0	0	0	0	0	5	0	31	0	0	286	0	0	0	0	0	0	0	0	0	0	0	0	0	0	0	0	0	0	0	0	0	0	4	0	61	0	0	0	0	0	0	0	0	0	0	0	0	0	0	0	0	0	0	0	0	0	0	0	0	0	0	0	0	0	0	0	0	0	0	0	0	0	0	0	0	0	0	0	0	28	0	0	0	0	0	47	0	0	0	0	0	0	0	5
assemblage-928-943	0	0	0	0	0	0	0	0	53	24	35	0	0	264	0	0	0	24	0	0	0	0	0	0	0	0	0	0	0	0	0	0	0	13	0	0	0	0	44	0	0	17	0	0	0	0	0	0	0	0	0	0	0	0	0	0	0	0	0	0	0	0	0	0	0	0	0	0	0	0	0	0	0	0	0	0	0	0	0	0	0	0	0	0	0	0	0	0	0	0	0	0	0	0	0	0	0	26
assemblage-984-775	0	0	0	0	0	0	0	0	11	0	89	0	0	100	0	0	0	0	0	0	0	0	0	0	0	0	0	0	0	46	0	0	0	0	0	0	0	0	108	0	0	0	0	0	0	0	0	0	0	0	0	0	0	0	0	0	0	0	0	0	0	0	0	0	0	0	0	0	0	0	0	0	0	24	0	0	0	16	0	0	38	0	19	0	0	0	0	0	0	0	36	0	0	0	0	0	0	13
assemblage-896-831	0	7	0	0	0	0	0	0	0	0	72	0	0	137	0	0	0	0	16	0	0	0	0	0	0	0	0	0	0	0	0	0	0	0	0	0	0	0	50	0	0	0	0	0	0	0	10	0	0	0	0	0	0	0	46	0	0	0	0	0	0	7	0	0	0	0	0	0	0	0	0	0	0	117	0	0	0	0	0	0	15	0	0	0	0	0	0	0	0	0	0	0	0	0	0	0	0	23
assemblage-866-568	0	0	0	0	0	0	0	0	0	0	35	0	0	88	0	0	0	0	0	0	0	0	15	0	0	0	0	0	0	27	0	0	0	0	0	0	0	0	254	0	0	0	0	0	0	0	0	0	0	0	0	0	0	6	0	0	0	0	0	0	0	0	0	0	0	0	0	0	0	0	0	0	0	54	0	0	0	0	0	0	0	0	0	0	0	0	0	0	0	0	0	0	0	0	0	0	0	21
assemblage-190-406	0	0	0	0	0	0	0	0	0	0	15	0	0	79	0	0	0	0	0	0	0	0	0	0	0	0	0	0	0	10	0	0	7	0	0	0	0	0	238	0	0	0	0	0	0	0	0	0	0	0	0	0	0	0	0	0	0	0	0	0	0	0	0	0	0	0	11	0	0	0	0	0	0	85	0	30	0	0	14	0	5	0	0	0	0	0	0	0	0	0	0	0	0	0	0	0	0	6
assemblage-527-780	0	0	27	0	0	0	0	0	0	0	0	0	0	209	0	0	0	33	0	0	0	0	0	0	0	0	0	0	0	0	0	0	0	0	0	0	0	0	112	0	0	0	0	0	0	0	0	0	0	0	0	0	0	0	0	0	0	0	49	0	0	0	0	0	0	0	0	0	0	5	0	0	0	0	0	0	0	0	0	0	0	23	0	0	0	8	0	0	0	28	0	0	0	0	0	0	0	6
assemblage-936-773	0	0	0	0	0	19	0	0	0	0	0	0	0	49	0	0	0	0	0	0	0	0	0	0	0	0	0	0	0	0	0	0	0	0	0	0	0	0	96	0	0	0	6	0	0	0	0	0	0	88	0	0	0	0	0	0	0	0	0	0	0	0	0	0	3	0	0	0	0	0	0	0	0	61	0	0	0	0	0	0	0	0	93	0	0	0	0	0	8	0	65	0	0	0	0	0	0	12
assemblage-627-775	0	0	0	0	0	0	0	0	29	0	31	0	0	211	0	0	0	0	0	0	0	0	0	0	0	0	0	0	0	0	0	0	0	0	0	0	8	0	199	0	0	0	0	0	7	0	0	0	0	0	0	0	0	0	0	0	0	0	0	0	0	0	0	0	0	0	0	0	0	0	0	0	0	0	0	0	0	0	0	0	0	0	0	0	0	0	0	0	0	0	0	0	0	0	0	0	0	15
assemblage-602-776	0	0	0	0	0	0	0	0	47	0	38	0	0	220	0	0	0	0	0	0	0	0	0	0	0	0	0	0	0	0	0	0	0	0	0	0	19	0	144	0	0	0	0	0	7	0	0	0	0	0	0	0	0	0	8	0	0	0	0	0	0	0	0	0	0	0	0	0	10	0	0	0	0	0	0	0	0	0	0	0	0	0	0	0	0	0	0	0	0	0	0	0	0	0	0	0	0	7
assemblage-116-151	0	0	0	6	0	0	0	0	40	26	41	0	0	83	0	0	0	0	6	0	0	0	0	0	0	0	0	0	0	34	0	0	0	0	0	0	0	0	28	0	0	0	0	0	8	0	0	8	0	0	6	0	0	0	114	0	14	0	0	0	0	0	0	0	0	0	0	0	0	0	0	0	0	18	0	0	0	0	0	0	0	0	0	61	0	0	0	0	0	0	0	0	0	0	0	0	0	7
assemblage-97-795	0	0	0	0	0	0	0	0	0	0	29	37	0	250	0	0	0	15	0	0	0	0	0	0	0	0	0	0	0	0	0	0	0	0	0	0	0	0	59	9	0	0	0	0	0	0	0	0	0	0	0	0	0	0	0	0	0	0	0	0	0	0	0	0	0	0	0	0	0	0	0	0	0	0	0	0	0	0	0	0	0	0	0	0	0	24	0	0	0	37	0	0	0	0	0	0	0	40
assemblage-944-801	0	0	0	0	0	0	0	0	0	0	138	0	0	238	0	0	0	87	0	0	0	0	0	0	0	0	0	0	0	0	0	0	0	0	0	0	0	0	15	0	0	0	0	0	0	0	0	0	0	0	0	0	0	0	0	0	0	0	0	0	0	0	0	0	0	0	0	0	0	0	0	0	0	0	0	0	0	0	0	0	0	0	0	0	0	4	0	0	0	0	0	0	0	0	0	0	0	18
assemblage-745-591	27	0	0	0	0	0	0	0	3	0	32	0	0	312	0	0	0	0	0	0	0	0	0	0	0	0	0	0	0	0	0	0	0	0	0	0	5	0	70	0	0	0	0	0	0	0	0	0	0	0	0	0	0	0	0	0	0	0	0	0	0	0	0	0	0	0	0	0	0	0	0	0	0	0	0	0	0	0	0	0	0	0	0	14	0	0	0	0	0	35	0	0	0	0	0	0	0	2
assemblage-541-768	0	0	0	0	0	0	0	0	0	0	0	0	0	207	0	0	0	44	0	0	0	0	0	0	0	0	0	0	0	0	0	0	0	0	0	0	0	0	82	0	0	0	0	0	0	0	0	0	0	0	0	0	0	0	0	0	0	0	28	0	0	0	0	0	0	0	0	0	0	49	0	0	0	0	0	0	0	0	0	0	0	9	0	0	0	0	0	0	0	54	0	0	0	0	0	0	0	27
assemblage-1000-776	0	0	0	0	0	0	0	0	0	0	0	0	0	120	0	0	0	0	0	0	0	0	0	0	0	0	0	0	0	103	0	0	5	0	0	0	0	0	140	0	0	0	0	0	0	0	0	0	0	0	0	0	0	0	0	0	28	0	0	0	5	0	0	0	0	0	0	0	0	0	0	0	0	32	0	0	0	0	0	0	51	0	0	0	0	0	0	0	0	0	0	0	0	0	0	0	0	16
assemblage-956-899	0	0	0	0	0	0	0	0	0	0	0	0	0	0	0	0	0	0	0	0	0	0	0	0	0	0	0	0	0	0	0	0	0	0	0	0	0	0	282	0	0	0	0	0	0	4	0	0	0	0	0	0	0	0	0	0	0	0	0	0	0	0	0	0	0	0	0	0	0	0	0	0	0	0	0	0	0	0	0	0	0	0	0	0	0	0	0	0	0	0	202	0	0	0	0	0	0	12
assemblage-504-675	0	0	0	0	0	0	0	0	0	0	0	0	0	327	0	0	0	0	0	0	0	0	0	0	0	0	0	0	0	0	0	0	0	0	0	0	0	0	0	0	0	0	31	0	0	0	0	0	0	0	0	0	0	0	0	0	0	0	0	0	0	0	124	0	0	0	0	0	0	0	0	0	0	0	0	0	0	0	0	0	0	0	0	0	0	0	0	0	0	0	0	0	0	0	0	0	0	18
assemblage-983-757	0	0	0	0	0	0	0	0	0	0	87	0	0	11	0	0	0	0	0	0	0	0	0	0	0	0	0	0	0	0	0	0	0	0	0	0	0	0	209	0	0	0	0	0	0	0	0	0	0	0	0	0	0	0	23	0	0	0	0	0	0	0	0	0	0	0	0	0	0	0	0	0	0	102	0	0	0	0	0	0	38	0	0	0	0	0	0	0	0	0	12	0	0	0	0	0	0	18
assemblage-974-919	0	0	0	0	0	0	0	0	0	0	0	0	0	0	0	0	0	0	0	0	0	0	0	0	0	0	0	0	0	0	0	0	0	0	0	0	0	0	261	0	0	0	0	0	0	0	0	0	0	0	0	0	0	0	0	0	0	0	0	0	0	0	0	0	0	0	0	0	0	0	0	0	0	0	0	0	0	0	0	0	0	0	0	0	0	0	0	0	0	0	213	0	0	6	0	0	0	20
assemblage-774-931	0	0	0	0	0	0	0	0	46	0	85	0	0	157	0	0	0	0	6	0	0	0	0	0	0	0	0	0	0	42	0	0	0	0	0	0	0	0	29	0	0	0	0	0	0	0	0	0	0	0	8	0	0	0	42	0	0	0	0	0	0	0	0	0	0	0	0	0	0	0	0	0	0	4	0	0	0	0	0	0	30	0	0	24	0	0	0	0	0	0	22	0	0	0	0	0	0	5
assemblage-125-165	0	0	0	0	0	0	0	0	36	38	52	0	0	88	0	0	0	0	8	0	0	0	0	0	0	0	0	0	0	19	0	0	0	0	0	0	0	0	23	0	0	0	0	0	7	0	0	14	0	0	0	0	0	0	97	0	14	0	0	0	0	0	0	0	0	0	0	0	0	0	0	0	0	9	0	0	0	0	0	0	0	0	0	79	0	0	0	0	0	0	0	0	0	0	0	0	0	16
assemblage-497-361	22	0	0	0	0	0	0	0	0	0	54	0	0	307	0	0	0	0	0	0	0	0	0	0	0	0	0	0	0	0	0	0	0	0	0	0	5	0	46	0	0	0	0	0	0	0	0	0	0	0	0	0	0	0	0	0	0	0	0	0	0	0	0	0	0	0	0	0	0	0	0	0	0	0	0	0	0	0	0	0	0	0	0	15	0	0	0	0	0	42	0	0	0	0	0	0	0	9
assemblage-266-940	0	0	0	0	0	20	0	0	0	0	49	0	0	32	0	0	0	0	0	0	0	0	0	0	0	0	0	0	0	98	0	0	0	0	0	0	0	0	125	0	0	0	0	0	0	0	0	0	0	11	0	0	7	0	0	0	0	0	0	0	0	0	0	0	0	0	0	0	0	0	0	0	0	124	0	0	0	0	0	0	0	0	19	0	0	0	0	0	0	0	3	0	0	0	0	0	0	12
assemblage-103-772	0	0	0	0	0	0	0	0	0	0	12	116	0	296	0	0	0	10	0	0	0	0	0	0	0	0	0	0	0	0	0	0	0	0	0	0	0	0	9	0	0	0	0	0	0	0	0	0	0	0	0	0	0	0	0	0	0	0	0	0	0	0	0	0	0	0	0	0	0	0	0	0	0	0	0	0	0	0	0	0	0	0	0	0	0	25	0	0	0	19	0	0	0	0	0	0	0	13
assemblage-245-235	0	0	0	0	0	0	0	0	0	0	59	0	0	133	0	0	0	0	0	0	0	0	0	0	0	0	0	0	0	11	0	0	0	0	0	0	0	0	166	0	0	0	0	0	0	0	0	0	0	0	0	0	0	0	78	0	0	0	0	0	0	0	0	0	0	0	0	0	0	0	0	0	0	18	0	0	0	0	0	0	1	0	0	0	0	0	0	0	0	0	11	0	0	0	0	0	0	23
assemblage-419-440	0	0	0	0	0	0	0	0	0	0	0	0	0	0	0	0	13	0	0	0	8	0	0	0	0	0	0	0	0	0	0	0	0	0	0	0	0	0	194	0	0	0	0	0	0	37	0	0	0	0	0	0	0	0	0	0	0	0	0	0	0	0	0	0	0	0	0	0	0	0	0	0	0	213	0	0	0	0	0	0	0	0	0	0	0	0	0	0	0	0	33	0	0	0	0	0	0	2
assemblage-106-789	0	0	0	0	0	0	0	0	0	0	13	26	0	238	0	0	0	0	0	0	0	0	0	0	0	0	0	0	0	0	0	0	0	0	0	0	0	0	138	16	0	0	0	0	0	0	0	0	0	0	0	0	0	0	0	0	0	0	0	0	0	0	0	0	0	0	0	0	0	0	0	0	0	0	0	0	0	0	0	0	0	30	0	0	0	13	0	0	0	16	0	0	0	0	0	0	0	10
assemblage-393-805	0	0	0	0	0	0	0	0	0	0	0	0	0	162	0	0	0	0	0	0	0	8	0	0	0	0	0	0	0	0	0	0	0	0	0	0	0	0	69	0	0	0	0	0	0	0	0	0	0	0	0	0	0	0	0	0	0	0	0	0	0	0	0	0	0	0	0	0	0	0	0	0	0	227	0	0	0	0	0	0	0	0	0	0	0	0	0	0	0	0	17	0	0	0	0	0	0	17
assemblage-752-974	0	0	0	0	0	0	0	0	66	20	39	0	0	249	0	0	0	10	0	0	0	0	0	0	8	0	0	0	0	0	0	0	0	9	0	0	0	0	45	0	0	21	0	0	5	0	0	0	0	0	0	0	0	0	0	0	0	0	0	0	0	0	0	0	0	0	0	0	0	0	0	0	0	0	0	0	0	0	0	0	0	0	0	12	0	0	0	0	0	0	0	0	0	0	0	0	0	16
assemblage-922-961	0	0	0	0	0	0	0	0	75	19	103	0	0	190	0	0	0	0	0	0	0	0	0	0	0	0	0	0	0	0	0	0	0	0	0	0	0	0	47	0	0	0	0	0	0	0	0	0	0	0	0	0	0	0	40	0	0	0	0	0	0	0	0	0	0	0	0	0	0	0	0	0	0	0	0	0	0	0	0	0	0	0	0	17	0	0	0	0	0	0	0	0	0	0	0	0	0	9
assemblage-393-803	0	0	0	0	0	11	0	0	0	0	0	0	0	51	0	0	0	0	0	0	0	0	0	0	0	0	0	0	0	0	0	0	0	0	0	0	0	0	122	0	0	0	3	0	0	0	0	0	0	95	0	0	0	0	0	0	0	0	0	0	0	0	0	0	0	0	0	0	0	0	0	0	0	46	0	0	0	0	0	0	0	0	66	0	0	0	0	0	18	0	61	0	0	0	0	0	0	27
assemblage-739-314	0	0	0	0	0	0	0	0	0	0	71	0	0	302	0	0	0	0	0	0	0	0	0	0	0	0	0	0	0	0	0	0	0	0	0	0	0	0	64	0	0	0	0	0	0	0	0	0	0	0	0	0	0	0	0	0	0	0	0	0	0	0	0	0	0	0	0	0	0	0	0	0	0	0	0	0	0	0	0	0	0	0	0	0	0	36	0	0	0	5	0	0	0	0	0	0	0	22
assemblage-497-349	0	0	0	0	0	0	0	0	0	0	113	0	0	223	0	0	0	111	0	0	0	0	0	0	5	0	0	0	0	0	0	0	0	0	0	0	0	0	18	0	0	0	0	0	0	0	0	0	0	0	0	0	0	0	0	0	0	0	0	0	0	0	0	0	0	0	0	0	0	0	0	0	0	0	0	0	0	0	0	0	0	0	0	0	0	8	0	0	0	0	0	0	0	0	0	0	0	22
assemblage-248-931	0	0	0	0	0	9	0	0	0	0	39	0	0	27	0	0	0	0	0	0	0	0	0	0	0	0	0	0	4	103	0	0	0	0	0	0	0	0	126	0	0	0	0	0	0	0	0	0	0	6	0	0	17	0	0	0	0	0	0	0	0	0	0	0	0	0	0	0	0	0	0	0	0	121	0	0	0	0	0	0	0	0	23	0	0	0	0	0	0	0	12	0	0	0	0	0	0	13
assemblage-969-107	0	0	0	0	0	0	0	0	0	0	11	0	0	250	0	0	0	64	0	25	0	0	0	0	0	0	0	0	0	0	0	0	0	0	0	0	0	0	17	0	0	0	0	0	0	0	0	0	0	0	0	0	0	0	0	0	0	0	13	0	0	0	0	0	0	15	0	0	0	5	0	0	0	0	0	0	0	0	0	0	0	0	0	0	0	0	0	0	0	82	0	0	0	0	0	0	0	18
assemblage-711-781	0	0	0	0	0	0	0	0	36	20	38	0	0	101	0	0	0	0	3	0	0	0	0	0	0	0	0	0	0	25	0	0	0	0	0	0	0	0	33	0	0	0	0	0	8	0	0	8	0	0	0	0	0	0	89	0	18	0	0	0	0	0	0	0	0	0	0	0	0	0	0	0	0	13	0	0	0	0	0	0	0	0	0	82	0	0	0	0	0	0	0	0	0	0	0	0	0	26
assemblage-521-793	0	0	0	0	7	0	0	0	0	0	0	0	0	210	0	0	0	43	0	0	0	0	0	0	0	0	0	0	0	0	0	0	0	0	0	0	0	0	102	0	0	0	0	0	0	0	0	0	0	0	0	0	0	0	0	0	0	0	32	0	0	0	0	0	0	0	0	0	0	38	0	0	0	0	0	0	0	0	0	0	0	7	0	0	0	3	0	0	0	48	0	0	0	0	0	0	0	10
assemblage-968-117	0	0	0	0	0	0	0	0	0	0	55	0	0	311	0	0	0	0	0	0	0	0	0	0	0	0	0	0	0	0	0	0	0	0	0	0	0	0	82	0	0	0	0	0	0	0	0	0	0	0	0	0	0	0	0	0	0	0	0	0	0	0	0	0	0	0	0	0	0	0	0	0	0	0	0	0	0	0	0	0	0	0	0	0	0	29	0	0	0	10	0	0	0	0	0	0	0	13
assemblage-866-658	0	0	0	0	0	11	0	0	0	0	45	0	0	22	0	0	0	0	0	0	0	0	0	0	0	0	0	0	0	102	0	0	8	0	0	0	0	0	144	0	0	0	0	0	0	0	0	0	0	0	0	0	11	0	0	0	0	0	0	0	10	0	0	0	0	0	0	0	0	0	0	0	0	111	0	0	0	0	0	0	0	0	18	0	0	0	0	0	0	0	5	0	0	0	0	0	0	13
assemblage-114-780	0	0	0	0	0	0	0	0	0	0	11	9	0	268	0	0	0	48	0	14	0	0	0	0	0	0	0	0	0	0	0	0	0	0	0	0	0	0	17	0	0	0	0	0	0	0	0	0	0	0	0	0	0	0	0	0	0	0	20	0	0	0	0	0	0	11	0	0	0	13	0	0	0	0	0	0	0	0	0	0	0	0	0	0	0	0	0	0	0	74	0	0	0	0	0	0	0	15
assemblage-874-653	0	0	0	0	0	0	0	0	0	0	9	0	0	92	0	0	0	0	0	0	0	0	0	0	0	0	0	0	0	0	0	0	0	0	0	0	0	0	109	0	0	0	0	0	0	0	0	0	0	0	0	0	0	0	0	0	0	0	0	10	0	0	0	0	0	0	0	0	0	0	0	0	0	156	0	0	5	0	4	0	67	0	0	0	0	0	0	0	0	0	15	0	0	0	0	16	0	17
assemblage-771-946	0	0	0	0	0	0	0	0	36	0	33	0	0	228	0	0	0	0	0	0	0	0	0	0	0	0	0	0	0	0	0	0	0	0	0	0	14	0	149	0	0	0	0	0	13	0	0	0	0	0	0	0	0	0	0	0	0	0	0	0	0	0	0	0	0	0	0	0	10	0	0	0	0	0	0	0	0	0	0	0	0	0	0	0	0	0	0	0	0	0	0	0	0	0	0	0	0	17
assemblage-905-929	0	0	0	0	0	0	0	0	0	0	4	0	0	330	0	0	0	0	0	0	0	0	0	0	0	0	0	0	0	0	0	0	0	0	0	0	0	0	47	0	0	0	0	0	0	0	0	0	0	0	0	0	0	0	40	0	32	0	0	0	0	0	0	19	0	0	0	0	0	0	0	0	0	10	0	0	0	0	0	0	0	0	0	0	0	0	0	0	0	0	0	0	0	0	0	0	0	18
assemblage-843-512	0	0	0	0	0	0	0	0	0	0	0	0	0	8	0	0	0	0	0	0	0	0	0	0	0	0	0	0	0	0	193	0	0	0	0	0	0	0	0	0	0	0	0	0	0	0	0	0	0	29	0	0	0	0	0	0	0	0	0	0	0	0	0	0	0	0	0	0	0	0	0	0	0	0	0	0	0	0	0	0	26	0	158	0	0	0	0	50	14	0	0	0	0	0	3	0	16	3
assemblage-942-784	0	0	0	0	0	0	0	0	0	0	121	0	0	224	0	0	0	103	0	0	0	0	0	0	13	0	0	0	0	0	0	0	0	0	0	0	0	0	15	0	0	0	0	0	0	0	0	0	0	0	0	0	0	0	0	0	0	0	0	0	0	0	0	0	0	0	0	0	0	0	0	0	0	0	0	0	0	0	0	0	0	0	0	0	0	10	0	0	0	0	0	0	0	0	0	0	0	14
assemblage-135-471	0	0	0	0	0	0	32	0	0	0	35	0	0	141	0	0	0	0	0	0	0	0	0	0	0	0	0	0	0	0	0	0	0	0	0	0	0	0	112	0	0	0	0	0	0	0	0	0	0	0	0	0	0	0	0	0	0	0	0	0	0	0	0	0	0	0	0	16	0	0	0	0	0	27	0	0	0	0	0	0	7	0	89	0	0	0	0	0	0	0	30	0	0	0	0	4	0	7
assemblage-765-587	0	0	0	0	0	0	0	0	3	0	78	53	0	205	20	0	0	6	0	0	0	0	0	0	0	0	0	0	0	0	0	0	0	0	0	6	0	0	28	42	0	0	0	0	0	0	0	0	0	0	0	0	0	0	0	0	0	0	0	0	0	0	0	0	0	0	0	0	0	0	0	0	0	0	0	0	0	0	0	0	0	0	0	0	0	0	0	0	0	43	0	0	0	0	0	0	0	16
assemblage-902-934	0	0	0	0	0	0	0	0	0	0	0	0	0	351	0	0	0	0	0	0	0	0	0	0	0	0	0	0	0	0	0	0	0	0	0	0	0	0	35	0	0	0	0	0	0	0	0	0	0	0	0	0	0	0	40	0	30	0	0	0	0	0	0	15	0	0	0	0	0	0	0	0	0	8	0	0	0	0	0	0	0	0	0	0	0	0	0	0	0	0	0	0	0	0	0	0	0	21
assemblage-746-290	0	0	0	0	0	0	0	0	0	0	10	100	0	301	0	0	0	7	0	0	0	0	0	0	0	0	0	0	0	0	0	0	0	0	0	0	0	0	6	8	0	0	0	0	0	0	0	0	0	0	0	0	0	0	0	0	0	0	0	0	0	0	0	0	0	0	0	0	0	0	0	0	0	0	0	0	0	0	0	2	0	0	0	0	0	37	0	0	0	23	0	0	0	0	0	0	0	6
assemblage-862-661	0	0	0	0	0	0	27	0	0	0	50	0	0	134	0	0	0	0	0	0	0	0	0	0	0	0	0	0	0	0	0	0	0	0	0	0	0	0	91	0	0	0	0	0	0	0	0	0	0	0	0	0	0	0	0	0	0	0	0	0	0	0	0	0	0	0	0	18	0	0	0	0	0	39	0	0	0	0	0	0	12	0	73	0	0	0	0	0	0	0	34	0	0	0	0	5	0	17
assemblage-186-430	0	0	0	0	0	0	0	0	6	0	96	0	0	130	0	0	0	0	0	0	0	0	0	0	0	0	0	0	0	39	0	0	0	0	0	0	0	0	88	0	0	0	0	0	0	0	0	0	0	0	0	0	0	0	0	0	0	0	0	0	0	0	0	0	0	0	0	0	0	0	0	0	0	21	0	0	0	15	0	0	36	0	19	0	0	0	0	0	0	0	38	0	0	0	0	0	0	12
assemblage-959-848	0	0	0	0	0	24	0	0	0	0	0	0	0	57	0	0	0	0	0	0	0	0	0	0	0	0	0	0	0	0	0	0	0	0	0	0	0	0	102	0	0	0	5	0	0	0	0	0	0	86	0	0	0	0	0	0	0	0	0	0	0	0	0	0	0	0	0	0	0	0	0	0	0	55	0	0	0	0	0	0	0	0	69	0	0	0	0	0	9	0	76	0	0	0	0	0	0	17
assemblage-122-489	0	0	0	0	0	0	0	0	0	0	41	0	0	99	0	0	0	0	0	0	0	0	7	0	0	0	0	0	0	9	0	0	0	0	0	0	0	0	262	0	0	0	0	0	0	0	0	0	0	3	0	0	0	2	0	0	0	0	0	0	0	0	0	0	0	0	0	0	0	0	0	0	0	60	0	0	0	0	0	0	0	0	0	0	0	0	0	0	0	0	0	0	0	0	0	0	0	17
assemblage-522-758	0	0	0	0	0	0	0	0	0	0	0	100	0	296	0	0	0	0	0	0	0	0	0	0	0	0	0	0	0	0	0	0	0	0	0	0	0	0	0	0	0	0	0	17	0	0	0	0	0	0	0	0	0	0	0	0	0	0	6	0	0	0	0	0	0	0	0	0	0	0	0	0	0	0	0	0	0	0	0	0	0	0	0	0	0	5	0	0	0	54	0	0	0	0	0	0	0	22
assemblage-923-961	0	0	0	0	0	0	0	0	35	7	65	0	0	230	0	0	0	0	0	0	0	0	0	0	0	0	0	0	0	0	0	0	0	0	0	0	0	0	80	0	0	6	0	0	0	0	0	0	0	0	0	0	0	0	11	0	0	0	0	0	0	0	0	0	0	0	0	0	0	0	0	0	0	0	0	0	0	0	0	0	0	0	0	20	0	0	0	0	0	0	0	0	0	0	0	0	0	46
assemblage-176-91	0	0	0	0	0	0	0	0	8	0	95	0	0	99	0	0	0	0	0	0	0	0	0	0	0	0	0	0	0	43	0	0	0	0	0	0	0	0	98	0	0	0	0	0	0	0	0	0	0	0	0	0	0	0	0	0	0	0	0	0	0	0	0	0	0	0	0	0	0	0	0	0	0	28	0	0	0	23	0	0	26	0	30	0	0	0	0	0	0	0	39	0	0	0	0	0	0	11
assemblage-200-472	0	0	0	0	0	13	0	0	0	0	17	0	0	89	0	0	0	0	0	0	0	0	0	0	0	0	0	0	0	0	9	0	0	0	0	0	0	0	116	0	0	0	0	0	0	0	0	0	0	32	0	0	0	0	0	0	0	0	0	0	0	0	0	0	0	0	0	14	0	0	0	0	0	81	0	0	0	0	0	0	15	0	44	0	0	0	0	0	7	0	28	0	4	5	0	0	0	26
assemblage-953-864	0	0	0	0	0	36	0	0	0	0	22	0	0	51	0	0	0	0	0	0	0	0	17	0	0	0	0	0	0	0	22	0	0	0	0	0	0	0	160	0	0	0	0	0	0	0	0	0	0	9	0	0	0	0	0	0	0	0	0	0	0	0	3	0	0	0	0	39	0	0	0	0	0	39	0	0	0	0	0	0	0	0	40	0	0	0	0	0	6	0	18	0	0	20	0	0	0	18
assemblage-492-215	0	0	0	0	0	0	0	0	41	0	70	0	0	181	0	0	0	0	0	0	0	0	0	0	0	15	9	0	0	0	0	0	0	0	0	0	0	21	38	0	9	0	0	0	71	0	0	0	0	0	19	0	0	0	0	0	0	0	0	0	0	0	0	0	0	0	0	0	0	0	0	0	0	0	0	0	0	0	0	0	0	0	0	0	0	0	0	0	0	0	0	0	0	0	0	0	0	26
assemblage-706-788	0	0	0	0	0	0	0	0	0	0	4	0	0	342	0	0	0	0	0	0	0	0	0	0	0	0	0	0	0	0	0	0	0	0	0	0	0	0	45	0	0	0	0	0	0	0	0	0	0	0	0	0	0	0	41	0	27	0	0	0	0	0	0	11	0	0	0	0	0	0	0	0	0	13	0	0	0	0	0	0	0	0	0	0	0	0	0	0	0	0	0	0	0	0	0	0	0	17
assemblage-177-111	0	0	0	0	0	0	0	0	0	0	86	0	0	18	0	0	0	0	0	0	0	0	0	0	0	0	0	0	0	0	0	0	0	0	0	0	0	0	197	0	0	0	0	0	0	0	0	0	0	0	0	0	0	0	25	0	0	0	0	0	0	0	0	0	0	0	0	0	0	0	0	0	0	95	0	0	0	0	0	0	42	0	0	0	0	0	0	0	0	0	24	0	0	0	0	0	0	13
assemblage-172-461	0	0	0	0	0	0	0	0	0	0	0	0	0	174	0	0	0	0	0	0	0	12	0	0	0	0	0	0	0	0	0	0	0	0	0	0	0	0	78	0	0	0	0	0	0	0	0	0	0	0	0	0	0	0	0	0	0	0	0	0	0	0	4	0	0	0	0	0	0	0	0	0	0	211	0	0	0	0	0	0	0	0	0	0	0	0	0	0	0	0	9	0	0	0	0	0	0	12
assemblage-203-418	0	0	0	0	0	0	0	0	0	0	22	0	0	73	0	0	0	0	0	0	0	0	0	0	0	0	0	0	0	14	0	0	5	0	0	0	0	0	212	0	0	0	0	0	0	0	0	0	0	0	0	0	0	0	0	0	0	0	0	0	0	0	0	0	0	0	7	0	0	0	9	0	0	90	0	36	0	0	14	0	9	0	0	0	0	0	0	0	0	0	0	0	0	0	0	0	0	9
assemblage-174-110	0	0	0	0	0	0	0	0	0	0	16	0	0	100	0	0	0	0	0	0	0	0	0	0	0	0	0	0	0	12	0	0	9	0	0	0	0	0	191	0	0	0	0	0	0	0	0	0	0	0	0	0	0	0	0	0	0	0	0	0	0	0	0	0	0	0	12	0	0	0	0	0	0	86	0	46	0	0	4	0	14	0	0	0	0	0	0	0	0	0	0	0	0	0	0	0	0	10
assemblage-522-210	0	0	0	0	0	0	0	0	38	0	75	0	0	193	0	0	0	0	0	0	0	0	0	0	0	19	15	0	0	0	0	0	0	0	0	0	0	23	25	0	13	0	0	0	52	0	0	0	0	0	19	0	0	0	0	0	0	0	0	0	0	0	0	0	0	0	0	0	0	0	0	0	0	0	0	0	0	0	0	0	0	0	0	0	0	0	0	0	0	0	0	0	0	0	0	0	0	28
assemblage-297-854	0	0	28	0	0	0	0	0	0	0	0	0	0	200	0	0	0	30	0	0	0	0	0	0	0	0	0	0	0	0	0	0	0	0	0	0	0	0	130	0	0	0	0	0	0	0	0	0	0	0	0	0	0	0	0	0	0	0	51	0	0	0	0	0	0	0	0	0	0	9	0	0	0	0	0	0	0	0	0	0	0	14	0	0	0	13	0	0	0	19	0	0	0	0	0	0	0	6
assemblage-492-366	0	0	0	0	0	0	0	0	0	0	129	0	0	230	0	0	0	91	0	0	0	0	0	0	2	0	0	0	0	0	0	0	0	0	0	0	0	0	14	0	0	0	0	0	0	0	0	0	0	0	0	0	0	0	0	0	0	0	0	0	0	0	0	0	0	0	0	0	0	0	0	0	0	0	0	0	0	0	0	0	0	0	0	0	0	11	0	0	0	0	0	0	0	0	0	0	0	23
assemblage-962-848	0	0	0	0	0	0	0	0	0	0	43	0	0	147	0	0	0	0	0	0	15	0	0	0	0	0	0	0	0	0	0	0	0	0	0	0	0	0	85	0	0	0	0	0	0	0	0	0	0	0	0	0	0	0	0	0	0	0	0	0	0	0	0	0	0	0	0	0	0	0	0	0	0	35	0	0	0	0	0	0	52	0	58	0	0	0	0	0	0	0	26	0	22	0	0	0	0	17
assemblage-806-153	0	0	0	0	0	0	0	0	15	0	54	0	0	117	0	0	0	0	6	0	0	0	0	0	0	0	0	0	0	16	0	0	0	0	0	0	0	0	131	0	0	0	0	0	0	0	0	6	0	0	0	0	0	0	40	0	14	0	0	0	0	0	0	0	0	0	0	0	0	0	0	0	0	48	0	0	0	0	0	0	15	0	0	9	0	0	0	0	0	0	9	0	0	0	0	0	0	20
assemblage-282-940	0	0	0	0	0	0	0	0	0	0	10	0	0	70	0	7	0	0	0	0	0	0	0	0	0	0	0	0	0	0	0	0	0	0	0	0	0	0	104	0	0	0	0	0	0	0	0	0	0	0	0	0	0	0	0	0	0	0	0	12	0	0	0	0	0	0	0	0	0	0	0	0	0	176	0	0	7	0	8	0	66	0	0	0	0	0	0	0	0	0	17	0	0	0	0	14	0	9
assemblage-847-825	0	0	34	0	0	0	0	0	0	0	0	5	0	210	0	0	0	30	0	0	0	0	0	0	0	0	0	0	0	0	0	0	0	0	0	0	0	0	94	0	0	0	0	0	0	0	0	0	0	0	0	0	0	0	0	0	0	0	57	0	0	0	0	0	0	0	0	0	0	12	0	0	0	0	0	0	0	0	0	0	0	24	0	0	0	6	0	0	0	25	0	0	0	0	0	0	0	3
assemblage-582-219	0	0	0	0	0	0	0	0	0	0	4	0	0	253	0	0	0	69	0	14	0	0	0	0	0	0	0	0	0	0	0	0	0	0	0	0	0	0	6	0	0	0	0	0	0	0	0	0	0	0	0	0	0	0	0	0	0	0	22	0	0	0	0	0	0	16	0	0	0	2	0	0	0	0	0	0	0	0	0	0	0	0	0	0	0	0	0	0	0	95	0	0	0	0	0	0	0	19
assemblage-163-101	0	0	0	0	0	0	0	0	0	0	0	0	0	133	0	0	0	0	0	0	0	0	0	0	0	0	0	0	0	94	0	0	0	0	0	0	0	0	133	0	0	0	0	0	0	0	0	0	0	0	0	0	0	0	0	0	25	0	0	0	10	0	0	0	0	0	0	0	0	0	0	0	0	28	0	0	0	0	0	0	48	0	0	0	0	0	0	0	0	0	0	0	0	0	0	0	0	29
assemblage-856-509	0	0	0	0	0	0	0	0	0	0	0	0	0	8	0	0	0	0	0	0	0	0	0	0	0	0	0	0	0	0	203	0	0	0	0	0	0	0	0	0	0	0	0	0	0	0	0	0	0	33	0	0	0	0	0	0	0	0	0	0	0	0	0	0	0	0	0	0	0	0	0	0	0	0	0	0	0	0	0	0	20	0	151	0	0	0	0	57	8	0	0	0	0	0	5	0	10	5
assemblage-877-571	0	0	0	0	0	0	0	0	0	0	11	0	0	64	0	0	0	0	0	0	0	0	0	0	0	0	0	0	0	0	0	0	0	0	0	0	0	0	125	0	0	0	0	0	0	0	0	0	0	0	0	0	0	0	0	0	0	0	0	6	0	0	0	0	0	0	0	0	0	0	0	0	0	168	0	0	11	0	11	0	66	0	0	0	0	0	0	0	0	0	10	0	0	0	0	18	0	10
assemblage-856-504	0	0	0	0	0	0	0	0	0	0	0	0	0	12	0	0	0	0	0	0	0	0	0	0	0	0	0	0	0	0	159	0	0	0	0	0	0	0	0	0	0	0	0	0	0	0	0	0	0	50	0	0	0	0	0	0	0	0	0	0	0	0	0	0	0	0	0	0	0	0	0	0	0	0	0	0	0	0	0	0	17	0	169	0	0	0	0	53	12	0	0	0	0	0	6	0	16	6
assemblage-776-962	0	0	0	0	0	0	0	0	0	0	19	0	0	276	0	0	0	0	0	0	0	0	0	0	0	0	0	6	0	0	0	0	0	0	0	0	0	0	131	0	0	0	0	0	11	0	0	0	0	0	0	0	0	0	0	0	0	0	0	0	0	0	0	0	0	0	0	0	0	0	0	0	0	0	0	0	0	0	0	0	0	0	0	34	0	0	0	0	0	7	0	0	0	0	0	0	0	16
assemblage-859-100	0	0	0	0	0	0	0	0	77	26	28	0	0	242	6	0	0	17	0	0	0	0	0	0	9	0	0	0	0	0	0	0	0	5	0	0	0	0	38	0	0	28	0	0	0	0	0	0	0	0	0	0	0	0	0	0	0	0	0	0	0	0	0	0	0	0	0	0	0	0	0	0	0	0	0	0	0	0	0	0	0	0	0	10	0	0	0	0	0	0	0	0	0	0	0	0	0	14
assemblage-118-500	0	0	0	0	0	0	0	0	0	0	34	0	0	110	0	0	0	0	0	0	0	0	12	0	0	0	0	0	0	13	0	0	0	0	0	0	0	0	269	0	0	0	0	0	0	0	0	0	0	0	0	0	0	5	0	0	0	0	0	0	0	0	0	0	0	0	0	0	0	0	0	0	0	40	0	0	0	0	0	0	0	0	0	0	0	0	0	0	0	0	0	0	0	0	0	0	0	17
assemblage-964-125	0	0	0	0	0	0	0	0	0	0	55	0	0	302	0	0	0	0	0	0	0	0	0	0	0	0	0	0	0	0	0	0	0	0	0	0	0	0	73	0	0	0	0	0	0	0	0	0	0	0	0	0	0	0	0	0	0	0	0	0	0	0	0	0	0	0	0	0	0	0	0	0	0	0	0	0	0	0	0	0	0	0	0	0	0	46	0	0	0	9	0	0	0	0	0	0	0	15
assemblage-870-655	0	0	0	0	0	0	34	0	0	0	34	0	0	163	0	0	0	0	0	0	0	0	0	0	0	0	0	0	0	0	0	0	0	0	0	0	0	0	54	0	0	0	0	0	0	0	0	0	0	0	0	0	0	0	0	0	0	0	0	0	0	0	0	0	0	0	0	17	0	0	0	0	0	53	0	0	0	0	0	0	13	0	99	0	0	0	0	0	0	0	26	0	0	0	0	3	0	4
assemblage-777-950	0	0	0	0	0	0	0	0	0	0	49	0	0	149	0	0	0	0	0	0	0	0	0	0	0	0	0	0	0	8	0	0	0	0	0	0	0	0	155	0	0	0	0	0	0	0	0	0	0	0	0	0	0	0	77	0	8	0	0	0	0	0	0	0	0	0	0	0	0	0	0	0	0	28	0	0	0	0	0	0	4	0	0	0	0	0	0	0	0	0	4	0	0	0	0	0	0	18
assemblage-99-491	0	0	0	0	0	9	0	0	0	0	37	0	0	88	0	0	0	0	0	0	0	0	18	0	0	0	0	0	0	25	0	0	0	0	0	0	0	0	250	0	0	0	0	0	0	0	0	0	0	0	0	0	0	3	0	0	0	0	0	0	0	0	0	0	0	0	0	0	0	0	0	0	0	56	0	0	0	0	0	0	0	0	0	0	0	0	0	0	0	0	0	0	0	0	0	0	0	14
assemblage-664-969	0	0	0	0	0	0	0	0	0	0	18	0	0	87	0	0	0	0	0	0	0	0	0	0	0	0	0	0	0	8	0	0	12	0	0	0	0	0	172	0	0	0	0	0	0	0	0	0	0	0	0	0	0	0	0	0	0	0	0	0	0	0	0	0	0	0	10	0	0	0	10	0	0	99	0	52	0	0	16	0	8	0	0	0	0	0	0	0	0	0	0	0	0	0	0	0	0	8
assemblage-131-161	0	0	0	0	0	0	0	0	59	0	74	0	0	180	0	0	0	0	0	0	0	0	0	0	0	14	8	0	0	0	0	0	0	0	0	0	0	29	25	0	4	0	0	0	58	0	0	0	0	0	9	0	0	0	0	0	0	0	0	0	0	0	0	0	0	0	0	0	0	0	0	0	0	0	0	0	0	0	0	0	0	0	0	0	0	0	0	0	0	0	0	0	0	0	0	0	0	40
assemblage-937-796	0	0	0	0	0	0	0	0	12	0	0	0	0	231	0	0	0	0	0	0	0	0	0	0	0	0	0	0	0	0	0	0	0	0	0	0	0	0	211	0	0	0	0	0	0	0	0	0	0	0	0	0	0	0	0	0	0	0	0	0	0	0	0	0	0	0	0	0	0	0	0	0	0	0	0	0	0	0	0	0	0	0	0	9	0	0	0	0	0	19	0	0	0	0	0	0	0	18
assemblage-894-922	0	0	0	7	0	0	0	0	52	31	30	0	0	84	0	0	0	0	9	0	0	0	0	0	0	0	0	0	0	23	0	0	0	0	0	0	0	0	28	0	0	0	0	0	9	0	0	12	0	0	10	0	0	0	103	0	12	0	0	0	0	0	0	0	0	0	0	0	0	0	0	0	0	16	0	0	0	0	0	0	0	0	0	61	0	0	0	0	0	0	0	0	0	0	0	0	0	13
assemblage-201-413	0	0	0	0	0	0	0	0	0	0	20	0	0	106	0	0	0	0	0	0	0	0	0	0	0	0	0	0	0	17	0	0	10	0	0	0	0	0	194	0	0	0	0	0	0	0	0	0	0	0	0	0	0	0	0	0	0	0	0	0	0	0	0	0	0	0	8	0	0	0	0	0	0	75	0	36	0	0	13	0	8	0	0	0	0	0	0	0	0	0	0	0	0	0	0	0	0	13
assemblage-711-782	0	0	0	0	0	0	0	0	0	0	0	0	0	348	0	0	0	0	0	0	0	0	0	0	0	0	0	0	0	0	0	0	0	0	0	0	0	0	52	0	0	0	0	0	0	0	0	0	0	0	0	0	0	0	38	0	35	0	0	0	0	0	0	9	0	0	0	0	0	0	0	0	0	6	0	0	0	0	0	0	0	0	0	0	0	0	0	0	0	0	0	0	0	0	0	0	0	12
assemblage-766-990	0	0	0	0	0	0	0	0	0	0	24	0	0	290	0	0	0	0	0	0	0	0	0	0	0	0	0	0	0	0	0	0	0	0	0	0	0	0	122	0	0	0	0	0	8	0	0	0	0	0	0	0	0	0	0	0	0	0	0	0	0	0	0	0	0	0	0	0	0	0	0	0	0	0	0	0	0	0	0	0	0	0	0	27	0	0	0	0	0	8	0	0	0	0	0	0	0	21
assemblage-201-414	0	0	0	0	0	0	0	0	0	0	98	0	0	13	0	0	0	0	0	0	0	0	0	0	0	0	0	0	0	0	0	0	0	0	0	0	0	0	205	0	0	0	0	0	0	0	0	0	0	0	0	0	0	0	19	0	0	0	0	0	0	0	0	0	0	0	0	0	0	0	0	0	0	98	0	0	0	0	0	0	26	0	0	0	0	0	0	0	0	0	33	0	0	0	0	0	0	8
assemblage-494-231	0	0	0	0	0	0	0	0	36	32	43	0	0	91	0	0	0	0	6	0	0	0	0	0	0	0	0	0	0	25	0	0	0	0	0	0	0	0	24	0	0	0	0	0	7	0	0	14	0	0	0	0	0	0	109	0	18	4	0	0	0	0	0	0	0	0	0	0	0	0	0	0	0	15	0	0	0	0	0	0	0	0	0	54	0	0	0	0	0	0	0	0	0	0	0	0	0	22
assemblage-948-371	0	0	0	0	0	0	0	0	21	0	0	0	0	267	0	0	0	0	0	0	0	0	0	0	0	0	0	0	0	0	0	0	0	0	0	0	0	0	175	0	0	0	0	0	0	0	0	0	0	0	0	0	0	0	0	0	0	0	0	0	0	0	0	0	0	0	0	0	0	0	0	0	0	0	0	0	0	0	0	0	0	0	0	6	0	0	0	0	0	19	0	0	0	0	0	0	0	12
assemblage-515-363	0	0	0	0	0	0	0	0	10	0	94	57	0	173	17	0	0	13	0	0	0	0	0	0	0	0	0	0	0	0	0	0	0	0	0	12	0	0	34	36	0	0	0	0	0	0	0	0	0	0	0	0	0	0	0	0	0	0	0	0	0	0	0	0	0	0	0	0	0	0	0	0	0	0	0	0	0	0	0	0	0	0	0	6	0	0	0	0	0	44	0	0	0	0	0	0	0	4
assemblage-699-763	0	0	0	0	0	0	0	0	0	0	7	0	0	352	0	0	0	0	0	0	0	0	0	0	0	0	0	0	0	0	0	0	0	0	0	0	0	0	53	0	0	0	0	0	0	0	0	0	0	0	0	0	0	0	29	0	31	0	0	0	0	0	0	13	0	0	0	0	0	0	0	0	0	5	0	0	0	0	0	0	0	0	0	0	0	0	0	0	0	0	0	0	0	0	0	0	0	10
assemblage-658-957	0	0	0	0	0	0	0	0	0	0	4	0	0	121	0	0	0	0	0	0	0	0	0	0	0	0	0	0	0	92	0	0	5	0	0	0	0	0	139	0	0	0	0	0	0	0	0	0	0	0	0	0	0	0	0	0	42	0	0	0	8	0	0	0	0	0	0	0	0	0	0	0	0	37	0	0	0	0	0	0	38	0	0	0	0	0	0	0	0	0	0	0	0	0	0	0	0	14
assemblage-390-801	0	0	0	0	0	0	0	0	0	0	23	0	0	177	0	0	0	0	0	0	17	0	0	0	0	0	0	0	0	0	0	0	0	0	0	0	0	0	90	0	0	0	0	0	0	0	0	0	0	0	0	0	0	0	0	0	0	0	0	0	0	0	0	0	0	0	0	0	0	0	0	0	0	34	0	0	0	0	0	0	33	0	56	0	0	0	0	0	5	0	37	0	21	0	0	0	0	7
