Assemblage_Name	3-2902841-1	3-3-8558578	2-3-2292795	3-6779199-0	3-7622300-2	2-3-366137	3-3-432363	2-3-0	3-3-3490361	3-3-1	3-3-4724696	1824328-4844942-0	0-4-0	3-9393093-2	5677091-9083746-1	3-3-2521567	1461508-3-2292795	1181030-9083746-1	3-3-1109899	3-3-9574045	2-2145385-0	3217594-3-0	3-2-5616104	1461450-4-3	3-0-2	3-0-1505890	2-3-8598869	4-4-3	3-5888133-1	4891805-3-0	2-4844942-0	3-3-2422157	3-9083746-1	2133130-7622300-2	3-3-0	3-2-2	2-3821464-0	6617748-3-1	3-7983690-0	3-9083746-6605594
assemblage-752-988	0	0	0	0	3	0	0	187	0	82	0	0	0	0	0	0	0	0	0	0	0	0	0	0	0	0	0	0	0	0	0	0	50	0	176	0	0	0	0	2
assemblage-868-649	0	0	0	0	0	0	0	119	0	183	0	0	0	0	0	0	0	0	0	0	0	0	0	0	30	0	0	33	0	0	0	0	0	0	131	0	0	0	0	4
assemblage-866-95	0	0	0	0	0	0	0	167	0	80	0	0	0	0	0	0	0	0	0	0	0	0	0	0	0	0	0	0	0	0	0	0	58	0	192	0	0	0	0	3
assemblage-671-963	0	3	0	0	49	0	0	61	0	212	0	0	0	0	0	0	0	0	0	0	0	0	0	0	0	0	0	0	0	0	0	0	49	0	110	0	0	12	0	4
assemblage-885-931	0	0	0	0	90	0	0	25	0	83	0	0	0	0	0	0	0	0	0	0	0	0	0	0	0	0	0	0	0	0	0	0	41	0	247	0	0	0	5	9
assemblage-829-151	0	0	0	0	24	0	0	85	0	91	0	0	0	0	0	0	0	0	0	0	0	0	0	0	0	0	0	0	0	0	0	0	139	0	151	0	0	8	0	2
assemblage-93-772	0	0	0	0	0	0	0	169	0	113	0	0	0	0	15	0	0	0	0	0	0	0	0	0	0	0	0	0	0	0	0	0	13	0	190	0	0	0	0	0
assemblage-953-850	0	0	0	0	0	0	0	114	0	213	0	0	0	0	0	0	0	0	0	0	0	0	0	0	30	0	0	132	0	0	0	0	0	0	3	0	0	0	0	8
assemblage-830-129	0	0	0	0	91	0	0	147	0	68	0	0	0	0	0	0	0	0	0	0	0	0	0	0	27	0	0	0	10	0	0	0	45	0	109	0	0	0	0	3
assemblage-207-398	0	0	0	0	22	0	0	101	0	191	0	0	0	22	0	0	0	0	0	0	0	0	0	0	60	0	0	27	0	0	0	0	0	0	75	0	0	0	0	2
assemblage-956-115	0	0	0	0	0	0	0	132	0	175	6	0	0	0	0	0	0	0	0	0	0	0	0	0	0	0	0	0	0	0	0	0	0	0	185	0	0	0	0	2
assemblage-375-787	0	0	0	0	0	0	0	95	0	192	0	0	0	0	0	0	0	0	0	0	0	0	0	0	13	0	0	97	0	0	0	0	0	0	90	0	0	0	0	13
assemblage-987-763	0	0	0	0	65	0	0	112	0	137	0	0	0	3	0	0	0	0	0	0	0	0	0	0	17	0	0	8	0	0	0	0	51	0	97	0	0	6	0	4
assemblage-300-862	0	0	0	0	0	0	0	349	0	52	0	0	0	0	0	0	10	0	0	0	0	20	0	0	0	0	0	0	0	0	0	0	0	0	67	0	0	0	0	2
assemblage-532-763	0	0	0	0	0	0	43	203	0	171	0	0	0	0	0	0	0	0	0	0	0	0	0	0	0	0	0	0	0	0	0	0	0	0	78	0	0	0	0	5
assemblage-181-462	0	0	0	0	0	0	0	102	0	216	0	0	0	0	0	0	0	0	0	0	0	0	0	0	35	0	0	133	0	0	0	0	0	0	0	0	0	0	0	14
assemblage-943-371	0	0	0	0	0	0	0	210	36	49	0	0	0	0	0	0	0	0	0	0	0	0	0	0	0	0	0	0	0	0	0	0	27	0	177	0	0	0	0	1
assemblage-866-109	0	0	0	0	0	0	0	42	0	153	0	0	0	0	0	0	0	0	0	0	0	0	0	0	0	0	0	0	0	0	0	0	30	0	265	0	0	0	0	10
assemblage-877-569	0	0	0	0	81	0	0	104	0	175	0	0	0	0	0	0	0	0	0	0	0	0	0	0	43	0	0	0	0	0	0	0	78	0	13	0	0	0	0	6
assemblage-877-568	0	0	0	0	104	0	0	80	0	196	0	0	0	0	0	0	0	0	0	0	0	0	0	0	51	0	0	0	0	0	0	0	65	0	0	0	0	0	0	4
assemblage-857-558	0	0	0	0	26	0	0	79	0	180	0	0	0	0	0	0	0	0	0	0	0	0	0	0	46	0	0	55	0	0	0	0	15	0	80	0	0	0	0	19
assemblage-510-208	0	0	0	0	13	0	0	85	0	86	0	0	0	0	0	0	0	0	0	0	0	0	0	0	0	0	0	0	0	0	0	0	63	54	195	0	0	0	0	4
assemblage-617-440	0	0	0	0	0	0	4	237	0	133	0	0	0	0	0	0	0	0	0	0	0	0	0	0	0	0	0	0	0	0	0	0	0	0	113	0	0	0	0	13
assemblage-881-672	0	0	0	0	10	0	0	80	0	132	0	4	0	23	0	0	0	0	0	0	0	0	0	0	72	0	15	93	0	0	0	0	0	0	59	0	0	0	0	12
assemblage-573-213	0	0	0	0	0	0	0	287	0	34	0	0	0	0	0	0	38	0	0	0	0	0	0	0	0	0	0	0	0	0	0	0	0	0	128	0	0	0	0	13
assemblage-637-432	0	0	0	0	0	0	0	229	0	192	0	0	0	0	0	0	0	0	0	7	0	0	0	0	0	0	0	0	0	0	0	0	0	0	68	0	0	0	0	4
assemblage-698-780	0	0	0	0	24	0	0	22	0	36	0	0	0	0	0	0	0	10	0	0	0	0	0	0	0	0	0	0	0	0	0	0	109	0	291	0	0	0	0	8
assemblage-863-648	0	0	0	0	92	0	0	83	0	225	0	0	0	0	0	0	0	0	0	0	0	0	0	0	42	0	0	0	0	0	0	0	52	0	0	0	0	0	0	6
assemblage-871-116	0	0	0	0	0	0	0	59	0	104	0	0	0	0	0	0	0	0	0	0	0	0	0	0	0	0	0	0	0	0	0	0	193	0	140	0	0	0	0	4
assemblage-239-219	0	0	0	0	40	0	0	127	0	67	0	0	0	0	0	0	0	0	0	0	0	0	0	0	0	0	0	0	0	0	0	0	103	0	156	0	0	0	0	7
assemblage-124-179	0	0	0	0	48	0	0	99	0	63	0	0	0	0	0	0	0	0	0	0	0	0	0	0	0	0	0	0	0	0	0	0	77	15	187	0	0	0	0	11
assemblage-961-129	0	0	0	0	0	0	0	266	19	10	0	0	0	0	0	0	0	0	0	0	0	0	0	0	0	0	0	0	0	0	0	0	24	0	176	0	0	0	0	5
assemblage-867-659	0	0	0	0	68	0	0	63	0	176	0	0	0	0	0	0	0	0	0	0	0	0	0	0	34	0	0	59	0	0	0	0	0	0	89	0	0	10	0	1
assemblage-908-762	0	0	0	0	0	0	0	75	0	216	0	0	6	0	0	0	0	0	0	0	0	0	0	0	3	0	0	116	0	0	0	0	0	0	81	0	0	0	0	3
assemblage-781-955	0	0	0	0	66	0	0	137	0	84	0	0	0	0	0	0	0	0	0	0	0	0	0	0	24	0	0	0	9	0	0	0	33	0	134	0	0	0	0	13
assemblage-94-496	0	0	0	0	0	0	0	114	0	150	0	0	0	0	0	0	0	0	0	0	0	0	0	0	36	0	0	37	0	0	0	0	0	0	151	0	0	0	0	12
assemblage-816-142	0	0	0	0	110	0	0	29	0	138	0	0	0	0	0	0	0	0	0	0	0	0	0	0	0	0	0	0	0	0	0	0	14	0	205	0	0	0	0	4
assemblage-818-149	0	0	0	0	21	0	0	193	0	112	0	0	0	0	0	0	0	0	0	0	0	0	0	0	0	0	0	0	0	0	0	0	0	0	139	0	0	0	17	18
assemblage-963-905	0	0	0	0	0	0	0	0	0	0	0	0	0	0	0	0	0	0	0	0	0	0	0	0	111	0	0	375	0	0	0	0	0	0	0	0	0	0	0	14
assemblage-844-834	0	0	0	0	0	0	0	380	0	35	0	0	0	0	0	0	5	0	0	0	0	15	0	0	0	0	0	0	0	0	0	0	0	0	60	0	0	0	0	5
assemblage-603-766	0	0	0	0	0	0	0	111	0	57	0	0	0	0	0	0	0	0	0	0	0	0	0	0	0	0	0	0	0	0	0	0	40	0	281	0	0	0	0	11
assemblage-672-954	0	0	0	0	140	0	0	51	0	74	0	0	0	0	0	0	0	0	0	0	0	0	0	0	0	0	0	12	0	0	0	0	110	0	102	0	0	0	0	11
assemblage-104-483	0	0	0	0	0	0	0	92	0	158	0	0	0	0	0	0	0	0	0	0	0	0	0	0	35	0	0	45	0	0	0	0	0	0	162	0	0	0	0	8
assemblage-289-864	0	0	0	0	0	0	0	362	0	44	0	0	0	0	0	0	11	0	0	0	0	19	0	0	0	0	0	0	0	7	0	0	0	0	56	0	0	0	0	1
assemblage-269-930	0	0	0	0	88	0	0	98	0	212	0	0	0	0	0	0	0	0	0	0	0	0	0	0	50	0	0	0	0	0	0	0	45	0	0	0	0	0	0	7
assemblage-176-112	0	0	0	0	12	0	0	118	0	203	0	0	0	22	0	0	0	0	0	0	0	0	0	0	41	0	0	23	0	0	0	0	9	0	72	0	0	0	0	0
assemblage-440-414	0	0	0	0	0	0	0	286	0	0	0	0	0	0	0	0	0	0	0	0	0	0	0	0	209	0	0	0	0	0	0	0	0	0	0	0	0	0	0	5
assemblage-570-232	0	0	0	0	0	0	0	145	0	73	0	0	0	0	18	0	0	0	0	0	0	0	0	0	0	0	0	0	0	0	0	0	11	0	253	0	0	0	0	0
assemblage-969-101	0	0	0	0	0	0	0	285	6	9	0	0	0	0	0	0	0	0	0	0	0	0	0	0	0	0	0	0	0	0	0	0	34	0	158	0	0	0	0	8
assemblage-632-438	0	0	0	0	0	0	23	184	0	181	0	0	0	0	0	0	0	0	0	0	0	0	0	0	0	0	0	0	0	0	0	0	0	0	104	0	0	0	0	8
assemblage-754-596	0	0	0	0	0	0	0	41	0	71	0	0	0	0	0	0	0	0	0	0	0	0	0	0	0	0	0	0	0	0	0	0	87	0	299	0	0	0	0	2
assemblage-753-307	0	0	0	0	0	0	0	152	0	107	0	0	0	0	12	0	0	0	0	0	0	0	0	0	0	0	0	0	0	0	0	0	9	0	214	0	0	0	0	6
assemblage-108-487	0	0	0	0	38	0	0	58	0	195	0	0	0	0	0	0	0	0	0	0	0	0	0	0	45	0	0	53	0	0	0	0	0	0	90	0	0	20	0	1
assemblage-843-805	0	0	0	0	0	0	35	177	0	165	0	0	0	0	0	0	0	0	0	0	0	0	0	0	0	0	0	0	0	0	0	0	0	0	118	0	0	0	0	5
assemblage-205-456	0	0	0	0	43	0	0	51	0	255	0	0	47	0	0	0	0	0	0	0	0	0	0	0	61	0	0	20	0	0	0	0	0	0	19	0	0	0	0	4
assemblage-719-315	0	0	0	0	0	0	8	291	0	45	0	0	0	0	0	0	32	0	0	0	0	9	0	0	0	0	0	0	0	0	0	0	0	0	108	0	0	0	0	7
assemblage-864-95	0	0	0	0	0	0	0	51	0	111	0	0	0	0	0	0	0	0	0	0	0	0	0	0	0	0	0	0	0	0	0	0	197	0	133	0	0	0	0	8
assemblage-124-770	0	0	0	0	0	0	5	270	0	53	0	0	0	0	0	0	26	0	0	0	0	6	0	0	0	0	0	0	0	0	0	0	0	0	127	0	0	0	0	13
assemblage-180-470	0	0	0	0	0	0	0	99	0	231	0	0	13	0	0	0	0	0	0	0	0	0	0	0	47	0	0	46	0	0	0	0	0	0	0	55	0	0	0	9
assemblage-530-360	0	0	0	0	0	0	0	33	0	77	0	0	0	0	0	0	0	0	0	0	0	0	0	0	0	0	0	0	0	0	0	0	92	0	293	0	0	0	0	5
assemblage-855-123	0	0	0	0	8	0	0	37	0	141	0	0	0	0	0	0	0	0	0	0	0	0	0	0	0	0	0	0	0	0	0	0	39	0	267	0	0	0	0	8
assemblage-924-941	0	0	0	4	0	0	0	112	0	54	0	0	0	0	0	0	0	0	0	0	0	0	0	0	0	0	0	0	0	0	0	0	30	0	293	0	0	0	0	7
assemblage-89-798	0	0	0	0	0	0	0	154	4	81	0	0	0	0	9	0	0	0	0	0	0	0	0	0	0	0	0	0	0	0	0	0	21	0	229	0	0	0	0	2
assemblage-408-809	0	0	0	0	0	0	0	116	0	161	0	0	0	0	0	0	0	0	0	0	0	0	0	0	16	0	0	123	0	0	0	0	0	0	79	0	0	0	0	5
assemblage-860-563	0	0	0	0	0	0	0	115	0	157	0	0	0	0	0	0	0	0	0	0	0	0	0	0	38	0	0	36	0	0	0	0	0	0	143	0	0	0	0	11
assemblage-968-844	0	0	0	0	0	0	0	121	0	195	0	0	0	0	0	0	0	0	0	0	0	0	0	0	42	0	0	92	0	0	0	0	0	0	0	43	0	0	0	7
assemblage-927-390	0	0	0	0	0	0	0	237	0	84	0	0	0	0	0	0	0	0	0	0	0	0	0	0	0	0	0	0	0	0	0	0	0	0	168	0	0	0	0	11
assemblage-419-432	0	0	0	0	0	0	0	282	0	0	0	0	0	0	0	0	0	0	0	0	0	0	0	0	214	0	0	0	0	0	0	0	0	0	0	0	0	0	0	4
assemblage-937-805	10	0	0	0	0	0	0	75	0	89	0	0	0	0	0	0	0	0	0	0	0	0	0	0	0	0	0	0	0	0	0	0	70	0	251	0	0	0	0	5
assemblage-141-138	0	0	0	0	131	0	0	18	0	60	0	0	0	0	0	0	0	0	8	0	0	0	0	0	0	0	0	0	0	0	0	0	35	0	232	0	0	0	7	9
assemblage-777-970	0	0	0	0	0	0	0	46	0	131	0	0	0	0	0	0	0	0	0	0	0	0	0	0	0	0	0	0	0	0	0	0	30	0	282	0	0	0	0	11
assemblage-767-570	0	0	0	0	0	0	0	34	0	70	0	0	0	0	0	0	0	0	0	0	0	0	0	0	0	0	0	0	0	0	0	0	128	0	265	0	0	0	0	3
assemblage-428-423	0	0	0	0	0	0	0	302	0	0	0	0	0	0	0	0	0	0	0	0	0	0	0	0	194	0	0	0	0	0	0	0	0	0	0	0	0	0	0	4
assemblage-604-759	0	0	0	0	0	0	0	131	0	40	0	0	0	0	0	0	0	0	0	0	0	0	0	0	0	0	0	0	0	0	0	0	24	0	298	0	0	0	0	7
assemblage-687-960	0	0	0	0	104	0	0	91	0	85	0	0	0	0	0	0	0	0	0	0	0	0	0	0	3	0	0	9	0	0	0	0	108	0	97	0	0	0	0	3
assemblage-181-106	0	0	0	0	26	0	0	130	0	81	0	0	0	0	0	0	0	0	0	0	0	0	0	0	11	0	0	0	0	0	0	0	56	0	153	0	0	42	0	1
assemblage-698-797	0	0	0	0	126	0	0	19	0	73	0	0	0	0	0	0	0	0	4	0	0	0	0	0	0	0	0	0	0	0	0	0	30	0	239	0	0	0	4	5
assemblage-906-831	0	0	0	0	93	0	0	13	0	139	0	0	0	0	0	0	0	0	0	0	0	0	0	0	0	0	0	0	0	0	0	0	17	0	235	0	0	0	0	3
assemblage-454-431	0	0	0	0	0	0	0	299	0	0	0	0	0	0	0	0	0	0	0	0	0	0	0	0	199	0	0	0	0	0	0	0	0	0	0	0	0	0	0	2
assemblage-262-925	0	0	0	0	10	0	0	59	0	164	0	10	0	14	0	0	0	0	0	0	0	0	0	0	68	0	5	89	0	0	7	0	0	0	72	0	0	0	0	2
assemblage-848-504	0	0	0	0	0	0	0	0	0	393	0	0	0	0	0	0	0	0	0	0	0	0	0	0	0	0	0	0	0	0	0	0	0	0	32	72	0	0	0	3
assemblage-831-161	0	0	0	0	19	0	0	194	0	116	0	0	0	0	0	0	0	0	0	0	0	0	0	0	0	0	0	0	0	0	0	0	0	0	144	0	0	0	13	14
assemblage-899-926	0	0	0	0	30	0	0	26	0	39	0	0	0	0	0	0	0	14	0	0	0	0	0	0	0	0	0	0	0	0	0	0	95	0	289	0	0	0	0	7
assemblage-756-597	8	0	0	0	0	0	0	64	0	71	0	0	0	0	0	0	0	0	0	0	0	0	0	0	0	0	0	0	0	0	0	0	73	0	283	0	0	0	0	1
assemblage-971-933	0	0	0	0	0	0	0	11	0	0	0	0	0	0	0	0	0	0	0	0	0	0	0	0	121	0	0	367	0	0	0	0	0	0	0	0	0	0	0	1
assemblage-902-848	0	0	0	0	83	0	0	145	0	99	0	0	0	0	0	0	0	0	0	0	0	0	0	0	17	0	0	0	3	0	0	0	42	0	97	0	0	0	0	14
assemblage-897-916	0	0	0	0	83	0	0	15	0	78	0	0	0	0	0	0	0	0	5	0	0	0	0	0	0	0	0	0	0	0	0	0	40	0	256	0	0	0	16	7
assemblage-249-243	0	0	0	0	21	0	0	231	0	89	0	0	0	0	0	6	0	0	0	0	0	0	0	0	0	0	0	0	0	0	0	0	0	0	132	0	0	0	18	3
assemblage-572-227	0	0	0	0	0	0	0	156	0	143	13	0	0	0	0	0	0	0	0	0	0	0	0	0	0	0	0	0	0	0	0	0	0	0	181	0	0	0	0	7
assemblage-297-850	0	0	0	0	0	0	0	183	0	94	0	0	0	0	0	0	0	0	0	0	0	0	0	0	0	0	0	0	0	0	0	0	0	0	215	0	0	0	0	8
assemblage-280-849	0	0	0	0	0	0	10	213	0	171	0	0	0	0	0	0	0	0	0	0	0	0	0	0	0	0	0	0	0	0	0	0	0	0	100	0	0	0	0	6
assemblage-373-790	0	0	0	0	37	0	0	58	0	278	0	0	41	0	0	0	0	0	0	0	0	0	0	0	58	0	0	17	0	0	0	0	0	0	6	0	0	0	0	5
assemblage-292-849	0	0	0	0	0	0	0	186	0	113	0	0	0	0	0	0	0	0	0	0	0	0	0	0	0	0	0	0	0	0	0	0	0	0	189	0	12	0	0	0
assemblage-963-933	0	0	0	0	0	0	0	0	0	0	0	0	0	0	0	0	0	0	0	0	0	0	0	0	116	0	0	378	0	0	0	0	0	0	0	0	0	0	0	6
assemblage-130-147	0	0	0	0	124	0	0	23	0	67	0	0	0	0	0	0	0	0	9	0	0	0	0	0	0	0	0	0	0	0	0	0	32	0	234	0	0	0	5	6
assemblage-990-752	0	0	0	0	37	0	0	116	0	72	0	0	0	0	0	0	0	0	0	0	0	0	0	0	7	0	0	0	0	0	0	0	65	0	164	0	0	36	0	3
assemblage-585-782	0	0	0	0	0	0	0	110	0	66	0	0	0	0	0	0	0	0	0	0	0	0	0	0	0	0	0	0	0	0	0	0	36	0	278	0	0	0	0	10
assemblage-505-367	0	0	0	0	0	0	0	239	0	71	0	0	0	0	0	0	0	0	0	0	0	0	0	0	0	0	0	0	0	0	0	0	0	0	186	0	0	0	0	4
assemblage-828-162	0	0	0	0	26	0	0	197	0	123	0	0	0	0	0	0	0	0	0	0	0	0	0	0	0	0	0	0	0	0	0	0	0	0	141	0	0	0	9	4
assemblage-116-774	0	0	0	0	0	0	0	150	0	79	0	0	0	0	28	0	0	0	0	0	0	0	0	0	0	0	0	0	0	0	0	0	7	0	230	0	0	0	0	6
assemblage-612-439	0	0	0	0	0	0	0	196	0	223	0	0	0	0	0	0	0	0	0	11	0	0	0	0	0	0	0	0	0	0	0	0	0	0	62	0	0	0	0	8
assemblage-986-762	0	0	0	0	128	0	0	65	0	64	0	0	0	0	0	0	0	0	0	0	0	0	0	0	0	0	0	9	0	0	0	0	137	0	85	0	0	0	0	12
assemblage-842-827	0	0	0	0	0	0	0	183	0	108	0	0	0	0	0	0	0	0	0	0	0	0	0	0	0	0	0	0	0	0	0	0	0	0	190	0	14	0	0	5
assemblage-727-310	0	0	0	0	0	0	0	169	0	97	0	0	0	0	16	0	0	0	0	0	0	0	0	0	0	0	0	0	0	0	0	0	12	0	201	0	0	0	0	5
assemblage-869-510	0	0	0	0	0	0	0	0	0	407	0	0	0	0	0	0	0	0	0	0	0	0	2	0	0	0	0	0	0	0	0	0	0	0	28	62	0	0	0	1
assemblage-747-973	0	0	0	0	0	0	0	41	0	116	0	0	0	0	0	0	0	0	0	0	0	0	0	0	0	0	0	0	0	0	0	0	191	0	137	0	0	0	0	15
assemblage-958-854	0	0	0	0	20	0	0	49	0	284	0	0	30	0	0	0	0	0	0	0	0	0	0	0	64	0	0	39	0	0	0	0	0	0	13	0	0	0	0	1
assemblage-951-364	0	0	0	0	0	0	0	225	37	55	0	0	0	0	0	0	0	0	0	0	0	0	0	0	0	0	0	0	0	0	0	0	17	0	166	0	0	0	0	0
assemblage-874-113	0	0	0	0	0	0	0	114	0	40	0	0	0	0	0	0	0	0	0	0	0	0	0	0	0	0	0	0	0	0	0	0	48	0	288	0	0	0	0	10
assemblage-493-666	0	0	0	0	0	0	0	0	0	310	0	0	127	0	0	0	0	0	0	0	0	0	0	0	0	0	0	0	0	0	0	0	0	0	62	0	0	0	0	1
assemblage-618-424	0	0	0	0	0	0	0	175	0	104	0	0	0	0	0	0	0	0	0	0	0	0	0	0	0	0	0	0	0	0	0	0	0	0	212	0	8	0	0	1
assemblage-274-943	0	0	0	0	50	0	0	34	0	206	0	0	0	0	0	0	0	0	0	0	0	0	0	0	39	0	0	52	0	0	0	5	0	0	99	0	0	11	0	4
assemblage-532-222	0	0	0	0	107	0	0	25	0	69	0	0	0	0	0	0	0	0	5	0	0	0	0	0	0	0	0	0	0	0	0	0	34	0	255	0	0	0	3	2
assemblage-946-393	0	0	0	0	0	0	0	207	56	71	0	0	0	0	0	0	0	0	0	0	0	0	0	0	0	0	0	0	0	0	0	0	19	0	146	0	0	0	0	1
assemblage-523-779	0	0	0	0	0	0	9	218	0	177	0	0	0	0	0	0	0	0	0	0	0	0	0	0	0	0	0	0	0	0	0	0	0	0	94	0	0	0	0	2
assemblage-931-759	0	0	0	0	0	0	0	120	0	197	0	0	0	0	0	0	0	0	0	0	0	0	0	0	29	0	0	144	0	0	0	0	0	0	0	0	0	0	0	10
assemblage-983-911	0	0	0	0	0	0	0	0	0	0	0	0	0	0	0	0	0	0	0	0	0	0	0	0	91	0	0	406	0	0	0	0	0	0	0	0	0	0	0	3
assemblage-495-669	0	0	0	0	0	0	0	0	0	312	0	0	121	0	0	0	0	0	0	0	0	0	0	0	0	0	0	0	0	0	0	0	0	0	62	0	0	0	0	5
assemblage-491-652	0	0	0	0	0	0	0	0	0	326	0	0	121	0	0	0	0	0	0	0	0	0	0	0	0	0	0	0	0	0	0	0	0	0	48	0	0	0	0	5
assemblage-667-963	0	0	0	0	137	0	0	62	0	63	0	0	0	0	0	0	0	0	0	0	0	0	0	0	10	0	0	7	0	0	0	0	120	0	95	0	0	0	0	6
assemblage-134-140	0	0	0	0	29	0	0	116	0	78	0	0	0	0	0	0	0	0	0	0	0	0	0	0	0	0	0	0	0	0	0	0	61	36	169	0	0	0	0	11
assemblage-283-928	0	0	0	0	37	0	0	41	0	208	0	0	0	0	0	0	0	0	0	0	0	0	0	0	40	0	0	52	0	0	0	0	0	0	104	0	0	11	0	7
assemblage-831-823	0	0	0	0	0	0	30	222	0	151	0	0	0	0	0	0	0	0	0	0	0	0	0	0	0	0	0	0	0	0	0	0	0	0	92	0	0	0	0	5
assemblage-902-948	0	0	0	0	0	0	0	144	0	98	0	0	0	0	0	0	0	0	0	0	0	0	0	0	0	0	0	0	0	0	0	0	48	0	203	0	0	0	0	7
assemblage-538-778	0	0	0	0	0	0	0	210	0	221	0	0	0	0	7	0	0	0	0	6	0	0	0	0	0	0	0	0	0	0	0	0	0	0	55	0	0	0	0	1
assemblage-964-845	0	0	0	0	0	0	0	126	0	186	0	0	0	0	0	0	0	0	0	0	0	0	0	0	36	0	0	139	0	0	0	0	0	0	0	0	0	0	0	13
assemblage-763-598	14	0	0	0	0	0	0	78	0	80	0	0	0	0	0	0	0	0	0	0	0	0	0	0	0	0	0	0	0	0	0	0	75	0	248	0	0	0	0	5
assemblage-601-779	0	0	0	0	0	0	0	47	0	113	0	0	0	0	0	0	0	0	0	0	0	0	0	0	0	0	0	0	0	0	0	0	175	0	158	0	0	0	0	7
assemblage-254-259	0	0	0	0	143	0	0	17	0	118	0	0	0	0	0	0	0	0	0	0	0	0	0	0	0	0	0	0	0	0	0	0	11	0	205	0	0	0	0	6
assemblage-901-846	0	0	0	0	97	0	0	19	0	146	0	0	0	0	0	0	0	0	0	0	0	0	0	0	0	0	0	0	0	0	0	0	21	0	211	0	0	0	0	6
assemblage-494-668	0	0	0	0	0	0	0	0	0	322	0	0	112	0	0	0	0	0	0	0	0	0	0	0	0	0	0	0	0	0	0	0	0	0	61	0	0	0	0	5
assemblage-595-777	0	0	0	0	0	0	0	144	0	84	0	0	0	0	0	0	0	0	0	0	0	0	0	0	0	0	0	0	0	0	0	0	51	0	216	0	0	0	0	5
assemblage-436-415	0	0	0	0	0	0	0	251	0	0	0	0	0	0	0	0	0	0	0	0	0	0	0	0	246	0	0	0	0	0	0	0	0	0	0	0	0	0	0	3
assemblage-945-378	0	0	0	0	0	0	0	151	10	70	0	0	0	0	0	0	0	0	0	0	0	0	0	0	0	0	0	0	0	0	0	0	50	0	213	0	0	0	0	6
assemblage-771-953	0	0	0	0	24	0	0	114	0	68	0	0	0	0	0	0	0	0	0	0	0	0	0	0	0	0	0	0	0	0	0	0	133	0	156	0	0	0	0	5
assemblage-760-951	0	0	0	0	33	0	0	128	0	70	0	0	0	0	0	0	0	0	0	0	0	0	0	0	0	0	0	0	0	0	0	0	133	0	126	0	0	0	0	10
assemblage-428-409	0	0	0	0	0	0	0	269	0	0	0	0	0	0	0	0	0	0	0	0	0	0	0	0	225	0	0	0	0	0	0	0	0	0	0	0	0	0	0	6
assemblage-955-925	0	0	0	0	0	0	0	0	0	0	0	0	0	0	0	0	0	0	0	0	0	0	0	0	111	0	0	383	0	0	0	0	0	0	0	0	0	0	0	6
assemblage-496-654	0	0	0	0	0	0	0	0	0	302	0	0	125	0	0	0	0	0	0	0	0	0	0	0	0	0	0	0	0	0	0	0	0	0	66	0	0	0	0	7
assemblage-978-756	0	0	0	0	34	0	0	127	0	83	0	0	0	0	0	0	0	0	0	0	0	0	0	0	11	0	0	0	0	0	0	0	44	0	161	0	0	36	0	4
assemblage-863-503	0	0	0	0	0	0	0	0	0	399	0	0	0	0	0	0	0	0	0	0	0	0	0	0	0	0	0	0	0	0	0	0	0	0	28	69	0	0	0	4
assemblage-843-802	0	0	0	0	0	0	25	186	0	157	0	0	0	0	0	0	0	0	0	0	0	0	0	0	0	0	0	0	0	0	0	0	0	0	125	0	0	0	0	7
assemblage-703-781	0	0	0	0	16	0	0	106	0	80	0	0	0	0	0	0	0	0	0	0	0	0	0	0	0	0	0	0	0	0	0	0	57	41	197	0	0	0	0	3
assemblage-243-235	0	0	0	0	17	0	0	203	0	110	0	0	0	0	0	0	0	0	0	0	0	0	0	0	0	0	0	0	0	0	0	0	0	0	129	0	0	0	31	10
assemblage-824-163	0	0	0	0	24	0	0	115	0	86	0	0	0	0	0	0	0	0	0	0	0	0	0	0	0	0	0	0	0	0	0	0	121	0	144	0	0	0	0	10
assemblage-751-589	0	0	0	0	0	0	0	193	45	72	0	0	0	0	0	0	0	0	0	0	0	0	0	0	0	0	0	0	0	0	0	0	16	0	173	0	0	0	0	1
assemblage-503-216	0	0	0	0	20	0	0	103	0	65	0	0	0	0	0	0	0	0	0	0	0	0	0	0	0	0	0	0	0	0	0	0	55	50	197	0	0	0	0	10
assemblage-444-418	0	0	0	0	0	0	0	275	0	0	0	0	0	0	0	0	0	0	0	0	0	0	0	0	218	0	0	0	0	0	0	0	0	0	0	0	0	0	0	7
assemblage-902-784	0	0	0	0	0	0	0	85	0	253	0	0	0	0	0	0	0	0	0	0	0	0	0	0	31	0	0	81	0	0	0	0	0	0	0	35	0	0	0	15
assemblage-564-224	0	0	0	0	0	0	0	155	0	135	7	0	0	0	0	0	0	0	0	0	0	0	0	0	0	0	0	0	0	0	0	0	0	0	194	0	0	0	0	9
assemblage-920-795	12	0	0	0	0	0	0	71	0	61	0	0	0	0	0	0	0	0	0	0	0	0	0	0	0	0	0	0	0	0	0	0	88	0	260	0	0	0	0	8
assemblage-951-379	0	0	0	0	0	0	0	209	44	58	0	0	0	0	0	0	0	0	0	0	0	0	0	0	0	0	0	0	0	0	0	0	18	0	171	0	0	0	0	0
assemblage-775-939	0	0	0	0	15	0	0	212	0	118	0	0	0	0	0	0	0	0	0	0	0	0	0	0	0	0	0	0	0	0	0	0	0	0	139	0	0	0	5	11
assemblage-975-756	0	7	0	0	49	0	0	74	0	234	0	0	0	0	0	0	0	0	0	0	0	0	0	0	0	0	0	0	0	0	0	0	27	0	97	0	0	7	0	5
assemblage-901-928	0	0	0	0	12	0	0	106	0	83	0	0	0	0	0	0	0	0	0	0	0	0	0	0	0	0	0	0	0	0	0	0	60	45	186	0	0	0	0	8
assemblage-692-760	0	0	0	0	42	0	0	223	0	113	0	0	0	0	0	0	0	0	0	0	0	0	0	0	0	0	0	0	0	0	0	0	48	0	71	0	0	0	0	3
assemblage-505-653	0	0	0	0	0	0	0	74	0	170	0	0	42	0	0	0	0	0	0	0	0	0	0	0	80	0	0	96	0	0	0	0	0	0	16	18	0	0	0	4
assemblage-255-237	0	0	0	0	14	0	0	218	0	110	0	0	0	0	0	0	0	0	0	0	0	0	0	0	0	0	0	0	0	0	0	0	6	0	132	0	0	0	13	7
assemblage-564-226	0	0	0	0	0	0	0	179	0	141	0	0	0	0	0	0	0	0	0	0	0	0	0	0	0	0	0	0	0	0	0	0	0	0	169	0	0	0	0	11
assemblage-941-790	0	0	0	0	0	0	0	220	37	53	0	0	0	0	0	0	0	0	0	0	0	0	0	0	0	0	0	0	0	0	0	0	19	0	171	0	0	0	0	0
assemblage-206-394	0	0	0	0	39	0	0	147	0	77	0	0	0	0	0	0	0	0	0	0	0	0	0	0	5	0	0	0	0	0	0	0	35	0	162	0	0	32	0	3
assemblage-947-379	7	0	0	0	0	0	0	53	0	58	0	0	0	0	0	0	0	0	0	0	0	0	0	0	0	0	0	0	0	0	0	0	68	0	307	0	0	0	0	7
assemblage-156-102	0	8	0	0	69	0	0	45	0	227	0	0	0	0	0	0	0	0	0	0	0	0	0	0	0	0	0	0	0	0	0	0	34	0	88	0	0	19	0	10
assemblage-885-841	0	0	0	0	59	0	0	113	0	57	0	0	0	0	0	0	0	0	0	0	0	0	0	0	0	0	0	0	0	0	0	0	126	0	140	0	0	0	0	5
assemblage-505-214	0	0	0	0	25	0	0	14	0	31	0	0	0	0	0	0	0	11	0	0	0	0	0	0	0	0	0	0	0	0	0	0	111	0	303	0	0	0	0	5
assemblage-858-122	0	0	0	0	0	0	0	46	0	110	0	0	0	0	0	0	0	0	0	0	6	0	0	0	0	0	0	0	0	0	0	0	203	0	129	0	0	0	0	6
assemblage-787-946	0	0	0	0	129	0	0	14	0	124	0	0	0	0	0	0	0	0	0	0	0	0	0	0	0	0	0	0	0	0	0	0	18	0	210	0	0	0	0	5
assemblage-171-84	0	0	0	0	12	0	0	112	0	210	0	0	0	25	0	0	0	0	0	0	0	0	0	0	43	0	0	31	0	0	0	0	0	0	62	0	0	0	0	5
assemblage-908-840	0	0	0	0	87	0	0	133	0	112	0	0	0	0	0	0	0	0	0	0	0	0	0	0	19	0	0	8	12	0	0	0	22	0	105	0	0	0	0	2
assemblage-965-927	0	0	0	0	0	0	0	0	0	0	0	0	0	0	0	0	0	0	0	0	0	0	0	0	116	0	0	378	0	0	0	0	0	0	0	0	0	0	0	6
assemblage-876-927	0	0	0	0	50	0	0	207	0	123	0	0	0	0	0	0	0	0	0	0	0	0	0	0	0	0	0	0	0	0	0	0	40	0	79	0	0	0	0	1
assemblage-199-476	0	0	0	0	0	0	0	82	0	201	0	0	8	0	0	0	0	0	0	0	0	0	0	0	21	0	0	104	0	0	0	0	0	0	81	0	0	0	0	3
assemblage-504-227	0	0	0	0	86	0	0	20	0	74	0	0	0	0	0	0	0	0	0	0	0	0	0	0	0	0	0	0	0	0	0	0	43	0	264	0	0	0	0	13
assemblage-595-776	0	0	0	0	0	0	0	158	0	101	0	0	0	0	0	0	0	0	0	0	0	0	0	0	0	0	0	0	0	0	0	0	52	0	178	0	0	0	0	11
assemblage-939-116	0	0	5	0	0	0	0	274	0	37	0	0	0	0	0	0	41	0	0	0	0	0	0	0	0	0	0	0	0	0	0	0	4	0	134	0	0	0	0	5
assemblage-752-302	0	0	0	0	0	0	18	260	0	32	0	0	0	0	0	0	45	0	0	0	0	2	0	0	0	0	0	0	0	0	0	0	17	0	120	0	0	0	0	6
assemblage-195-455	0	0	0	0	45	0	0	52	0	246	0	0	40	0	0	0	0	0	0	0	0	0	0	0	73	0	0	27	0	0	0	0	0	0	12	0	0	0	0	5
assemblage-718-296	0	0	0	0	0	0	0	284	8	10	0	0	0	0	0	0	0	0	0	0	0	0	0	0	0	0	0	0	0	0	0	0	29	0	152	0	0	0	0	17
assemblage-607-434	0	0	0	0	0	0	0	163	0	116	0	0	0	0	0	0	0	0	0	0	0	0	0	0	0	0	0	0	0	0	0	0	0	0	203	0	14	0	0	4
assemblage-859-809	0	0	0	0	0	0	0	189	0	226	0	0	0	0	0	0	0	0	0	11	0	0	0	0	0	0	0	0	0	0	0	0	0	0	67	0	0	0	0	7
assemblage-399-803	0	0	0	0	0	0	0	84	0	198	0	0	0	0	0	0	0	0	0	0	0	0	0	0	15	0	0	111	0	0	0	0	0	0	87	0	0	0	0	5
assemblage-397-779	0	0	0	0	0	0	0	106	0	226	0	0	0	0	0	0	0	0	0	0	0	0	0	0	55	0	0	70	0	0	0	0	0	0	0	30	0	0	0	13
assemblage-923-779	0	0	0	0	0	0	0	129	0	227	0	0	0	0	0	0	0	0	0	0	0	0	0	0	42	0	0	54	0	0	0	0	0	0	0	41	0	0	0	7
assemblage-859-499	0	0	0	0	0	0	0	0	0	378	0	0	0	0	0	0	0	0	0	0	0	0	7	0	0	0	0	0	0	0	0	0	0	0	13	101	0	0	0	1
assemblage-731-315	0	0	0	0	0	0	9	276	0	43	0	0	0	0	0	0	21	0	0	0	0	0	0	0	0	0	0	0	0	0	0	0	0	0	143	0	0	0	0	8
assemblage-935-118	0	0	0	0	0	0	0	246	15	11	0	0	0	0	0	0	0	0	0	0	0	0	0	0	0	0	0	0	0	0	0	0	28	0	191	0	0	0	0	9
assemblage-567-217	0	0	0	0	0	0	0	134	0	84	0	0	0	0	14	0	0	0	0	0	0	0	0	0	0	0	0	0	0	0	0	0	17	0	244	0	0	0	0	7
assemblage-918-961	0	0	0	0	0	0	0	34	0	149	0	0	0	0	0	0	0	0	0	0	0	0	0	0	0	0	0	0	0	0	0	0	48	0	264	0	0	0	0	5
assemblage-929-942	0	0	0	0	0	0	0	177	0	93	0	0	0	0	0	0	0	0	0	0	0	0	0	0	0	0	0	0	0	0	0	0	54	0	169	0	0	0	0	7
assemblage-287-849	0	0	0	0	0	0	0	368	0	45	0	0	0	0	0	0	8	0	0	0	0	28	0	0	0	0	0	0	0	0	0	0	0	0	46	0	0	0	0	5
assemblage-271-845	0	0	0	0	0	0	0	189	0	202	0	0	0	0	0	0	0	0	0	8	0	0	0	0	0	0	0	0	0	0	0	0	0	0	101	0	0	0	0	0
assemblage-131-138	0	0	0	0	80	0	0	23	0	75	0	0	0	0	0	0	0	0	7	0	0	0	0	0	0	0	0	0	0	0	0	0	47	0	260	0	0	0	4	4
assemblage-954-840	0	0	0	0	0	0	0	85	0	180	0	0	0	0	0	0	0	0	0	0	0	0	0	0	14	0	0	134	0	0	0	0	0	0	79	0	0	0	0	8
assemblage-572-224	9	0	0	0	0	7	0	259	9	7	0	0	0	0	0	0	0	0	0	0	0	0	0	0	0	0	0	0	0	0	0	0	24	0	180	0	0	0	0	5
assemblage-855-815	0	0	0	0	0	0	0	354	0	34	0	0	0	0	0	0	9	0	0	0	0	26	0	0	0	0	0	0	0	0	0	0	0	0	72	0	0	0	0	5
assemblage-905-827	0	0	0	0	88	0	0	140	0	91	0	0	0	0	0	0	0	0	0	0	0	0	0	0	19	0	0	0	4	0	0	0	33	0	120	0	0	0	0	5
assemblage-486-677	0	0	0	0	0	0	0	0	0	330	0	0	124	0	0	0	0	0	0	0	0	0	0	0	0	0	0	0	0	0	0	0	0	0	39	0	0	0	0	7
assemblage-926-782	0	0	0	0	0	0	0	116	0	186	0	0	0	0	0	0	0	0	0	0	0	0	0	0	48	0	0	136	0	0	0	0	0	0	8	0	0	0	0	6
assemblage-912-785	0	0	0	0	0	0	0	135	0	224	0	0	0	0	0	0	0	0	0	0	0	0	0	0	47	0	0	43	0	0	0	0	0	0	0	40	0	0	0	11
assemblage-920-952	0	0	0	0	0	0	0	125	0	71	0	0	0	0	0	0	0	0	0	0	0	0	0	0	0	0	0	0	0	0	0	0	34	0	257	0	0	0	0	13
assemblage-262-234	0	0	0	0	38	0	0	90	0	58	0	0	0	0	0	0	0	0	0	0	0	0	0	0	0	0	0	0	0	0	0	0	118	0	189	0	0	0	0	7
assemblage-779-935	0	0	0	0	118	0	0	18	0	137	0	0	0	0	0	0	0	0	0	0	0	0	0	0	0	0	0	0	0	0	0	0	13	12	196	0	0	0	0	6
assemblage-661-958	0	0	0	0	124	0	0	73	0	58	0	0	0	0	0	0	0	0	0	0	0	0	0	0	8	0	0	8	0	0	0	0	142	0	82	0	0	0	0	5
assemblage-905-835	0	0	0	0	118	0	0	16	0	154	0	0	0	0	0	0	0	0	0	0	0	0	0	0	0	0	0	0	0	0	0	0	12	0	186	0	0	0	0	14
assemblage-243-239	0	0	0	0	90	0	0	163	0	73	0	0	0	0	0	0	0	0	0	0	0	0	0	0	24	0	0	0	7	0	0	0	41	0	95	0	0	0	0	7
assemblage-628-437	0	0	0	0	0	0	0	387	0	32	0	0	0	0	0	0	8	0	0	0	0	15	0	0	0	0	0	0	0	4	0	0	0	0	52	0	0	0	0	2
assemblage-615-421	0	0	0	0	0	0	0	351	0	46	0	0	0	0	0	0	10	0	0	0	0	31	0	0	0	0	0	0	0	0	0	0	0	0	56	0	0	0	0	6
assemblage-844-496	0	0	0	0	0	0	0	0	0	399	0	0	0	0	0	0	0	0	0	0	0	0	7	0	0	0	0	0	0	0	0	0	0	0	21	72	0	0	0	1
assemblage-661-956	0	0	0	0	18	0	0	115	0	183	0	0	0	29	0	0	0	0	0	0	0	0	0	0	62	0	0	24	0	0	0	0	0	0	66	0	0	0	0	3
assemblage-939-810	3	0	0	0	0	0	0	68	0	59	0	0	0	0	0	0	0	0	0	0	0	0	0	0	0	0	0	0	0	0	0	0	66	0	302	0	0	0	0	2
assemblage-928-765	0	0	0	0	0	0	0	88	0	212	0	0	11	0	0	0	0	0	0	0	0	0	0	0	5	0	0	99	0	0	0	0	0	0	81	0	0	0	0	4
assemblage-928-796	0	0	0	0	0	0	0	206	0	119	0	0	0	0	0	0	0	0	0	0	0	0	0	0	0	0	0	0	0	0	0	0	0	0	170	0	0	0	0	5
assemblage-768-990	0	0	0	0	0	0	0	50	0	140	0	0	0	0	0	0	0	0	0	0	0	0	0	0	0	0	0	0	0	0	0	0	34	0	268	0	0	0	0	8
assemblage-877-553	0	0	0	0	8	0	0	50	0	172	0	8	0	5	0	0	0	0	0	0	0	0	0	8	69	0	3	100	0	0	6	0	0	0	64	0	0	0	0	7
assemblage-255-927	0	0	0	0	6	0	0	49	0	167	0	14	0	8	0	0	0	0	0	0	0	0	0	5	83	0	9	94	0	0	8	0	0	0	56	0	0	0	0	1
assemblage-746-583	0	0	0	0	0	0	0	242	0	104	0	0	0	0	0	0	0	0	0	0	0	0	0	0	0	0	0	0	0	0	0	0	0	0	148	0	0	0	0	6
assemblage-507-779	0	0	0	0	0	0	0	370	0	38	0	0	0	0	0	0	2	0	0	0	0	17	0	0	0	0	0	0	0	0	0	0	0	0	68	0	0	0	0	5
assemblage-199-466	0	0	0	0	35	0	0	45	0	297	0	0	36	0	0	0	0	0	0	0	0	0	0	0	45	8	0	23	0	0	0	0	0	0	10	0	0	0	0	1
assemblage-204-396	0	0	0	0	34	0	0	129	0	80	0	0	0	0	0	0	0	0	0	0	0	0	0	0	20	0	0	0	0	0	0	0	42	0	161	0	0	32	0	2
assemblage-94-494	0	0	0	0	7	0	0	56	0	166	0	10	0	18	0	0	0	0	0	0	0	0	0	0	46	0	9	101	0	0	13	0	0	0	69	0	0	0	0	5
assemblage-488-381	0	0	0	0	0	0	0	38	0	87	0	0	0	0	0	0	0	0	0	0	0	0	0	0	0	0	0	0	0	0	0	0	85	0	286	0	0	0	0	4
assemblage-887-564	0	0	0	0	96	0	0	89	0	226	0	0	0	0	0	0	0	0	0	0	0	0	0	0	21	0	0	0	0	0	0	0	62	0	0	0	0	0	0	6
assemblage-502-373	0	0	0	0	0	0	0	211	0	131	0	0	0	0	0	0	0	0	0	0	0	0	0	0	0	0	0	0	0	0	0	0	0	0	152	0	0	0	0	6
assemblage-928-943	0	0	0	0	9	0	0	42	0	115	0	0	0	0	0	0	0	0	0	0	3	0	0	0	0	0	0	0	0	0	0	0	185	0	146	0	0	0	0	0
assemblage-984-775	0	0	0	0	18	0	0	107	0	214	0	0	0	19	0	0	0	0	0	0	0	0	0	0	60	0	0	33	0	0	0	0	0	0	47	0	0	0	0	2
assemblage-896-831	0	0	0	0	41	0	0	114	0	66	0	0	0	0	0	0	0	0	0	0	0	0	0	0	0	0	0	0	0	0	0	0	136	0	139	0	0	0	0	4
assemblage-866-568	0	0	0	0	45	0	0	35	0	198	0	0	0	0	0	0	0	0	0	0	0	0	0	0	41	0	0	72	0	0	0	0	0	0	91	0	0	17	0	1
assemblage-190-406	0	13	0	0	68	0	0	67	0	212	0	0	0	0	0	0	0	0	0	0	0	0	0	0	0	0	0	0	0	0	0	0	33	0	86	0	0	14	0	7
assemblage-527-780	0	0	0	0	0	0	0	204	0	193	0	0	0	0	0	0	0	0	0	13	0	0	0	0	0	0	0	0	0	0	0	0	0	0	85	0	0	0	0	5
assemblage-936-773	0	0	0	0	0	0	0	119	0	215	0	0	0	0	0	0	0	0	0	0	0	0	0	0	32	0	0	128	0	0	0	0	0	0	0	0	0	0	0	6
assemblage-627-775	0	0	0	0	0	0	0	46	0	147	0	0	0	0	0	0	0	0	0	0	0	0	0	0	0	0	0	0	0	0	0	0	31	0	275	0	0	0	0	1
assemblage-602-776	0	0	0	0	7	0	0	34	0	134	0	0	0	0	0	0	0	0	0	0	0	0	0	0	0	0	0	0	0	0	0	0	38	0	279	0	0	0	0	8
assemblage-116-151	0	0	0	0	41	0	0	211	0	105	0	0	0	0	0	0	0	0	0	0	0	0	0	0	0	0	0	0	0	0	0	0	74	0	62	0	0	0	0	7
assemblage-97-795	0	0	0	0	0	0	0	213	0	81	0	0	0	0	0	0	11	0	0	0	0	0	0	0	0	0	0	0	0	0	0	0	12	0	167	0	0	0	0	16
assemblage-944-801	0	0	0	0	0	0	0	22	0	75	0	0	0	0	0	0	0	0	0	0	0	0	0	0	0	0	0	0	0	0	0	0	94	0	306	0	0	0	0	3
assemblage-745-591	0	0	0	0	0	0	0	228	0	91	0	0	0	0	0	0	0	0	0	0	0	0	0	0	0	0	0	0	0	0	0	0	0	0	171	0	0	0	0	10
assemblage-541-768	0	0	0	0	0	0	0	193	0	85	0	0	0	0	0	0	0	0	0	0	0	0	0	0	0	0	0	0	0	0	0	0	0	0	210	0	9	0	0	3
assemblage-1000-776	0	0	0	0	38	0	0	151	0	78	0	0	0	0	0	0	0	0	0	0	0	0	0	0	7	0	0	0	0	0	0	0	53	0	138	0	0	31	0	4
assemblage-956-899	0	0	0	0	0	0	0	0	0	0	0	0	0	0	0	0	0	0	0	0	0	0	0	0	92	0	0	405	0	0	0	0	0	0	0	0	0	0	0	3
assemblage-504-675	0	0	0	0	0	0	0	0	0	307	0	0	115	0	0	0	0	0	0	0	0	0	0	0	0	0	0	0	0	0	0	0	0	0	78	0	0	0	0	0
assemblage-983-757	0	0	0	0	127	0	0	73	0	63	0	0	0	0	0	0	0	0	0	0	0	0	0	0	0	0	0	5	0	0	0	0	150	0	71	0	0	0	0	11
assemblage-974-919	0	0	0	0	0	0	0	0	0	0	0	0	0	0	0	0	0	0	0	0	0	0	0	0	105	0	0	387	0	0	0	0	0	0	0	0	0	0	0	8
assemblage-774-931	0	0	0	0	12	0	0	246	0	97	0	0	0	0	0	0	0	0	0	0	0	0	0	0	0	0	0	0	0	0	0	0	0	0	124	0	0	0	14	7
assemblage-125-165	0	0	0	0	52	0	0	203	0	114	0	0	0	0	0	0	0	0	0	0	0	0	0	0	0	0	0	0	0	0	0	0	48	0	76	0	0	0	0	7
assemblage-497-361	0	0	0	0	0	0	0	211	0	98	0	0	0	0	0	0	0	0	0	0	0	0	0	0	0	0	0	0	0	0	0	0	0	0	186	0	0	0	0	5
assemblage-266-940	0	0	0	0	0	0	0	106	0	181	0	0	0	0	0	0	0	0	0	0	0	0	0	0	31	0	0	31	0	0	0	0	0	0	147	0	0	0	0	4
assemblage-103-772	0	0	2	0	0	0	10	291	0	40	0	0	0	0	0	0	35	0	0	0	0	0	0	0	0	0	0	0	0	0	0	0	0	0	121	0	0	0	0	1
assemblage-245-235	0	0	0	0	105	0	0	131	0	94	0	0	0	0	0	0	0	0	0	0	0	0	0	0	15	0	0	9	5	0	0	0	33	0	101	0	0	0	0	7
assemblage-419-440	0	0	0	0	0	0	0	273	0	0	0	0	0	0	0	0	0	0	0	0	0	0	0	0	221	0	0	0	0	0	0	0	0	0	0	0	0	0	0	6
assemblage-106-789	0	0	0	0	0	0	0	148	0	91	0	0	0	0	12	0	0	0	0	0	0	0	0	0	0	0	0	0	0	0	0	0	30	0	214	0	0	0	0	5
assemblage-393-805	0	0	0	0	34	0	0	60	0	277	0	0	22	0	0	0	0	0	0	0	0	0	0	0	69	4	0	29	0	0	0	0	0	0	4	0	0	0	0	1
assemblage-752-974	0	0	0	0	0	0	0	55	0	108	0	0	0	0	0	0	0	0	0	0	3	0	0	0	0	0	0	0	0	0	0	0	161	0	165	0	0	0	0	8
assemblage-922-961	0	0	0	0	0	0	0	169	0	75	0	0	0	0	0	0	0	0	0	0	0	0	0	0	0	0	0	0	0	0	0	0	36	0	209	0	0	0	0	11
assemblage-393-803	0	0	0	0	0	0	0	158	0	198	0	0	0	0	0	0	0	0	0	0	0	0	0	0	28	0	0	110	0	0	0	0	0	0	0	0	0	0	0	6
assemblage-739-314	0	0	0	0	0	0	0	286	6	8	0	0	0	0	0	0	0	0	0	0	0	0	0	0	0	0	0	0	0	0	0	0	24	0	168	0	0	0	0	8
assemblage-497-349	0	0	0	0	0	0	0	37	0	66	0	0	0	0	0	0	0	0	0	0	0	0	0	0	0	0	0	0	0	0	0	0	109	0	279	0	0	0	0	9
assemblage-248-931	0	0	0	0	0	0	0	118	0	195	0	0	0	0	0	0	0	0	0	0	0	0	0	0	36	0	0	28	0	0	0	0	0	0	117	0	0	0	0	6
assemblage-969-107	0	0	0	0	0	0	0	161	0	158	14	0	0	0	0	0	0	0	0	0	0	0	0	0	0	0	0	0	0	0	0	0	0	0	156	0	0	0	0	11
assemblage-711-781	0	0	0	0	51	0	0	189	0	131	0	0	0	0	0	0	0	0	0	0	0	0	0	0	0	0	0	0	0	0	0	0	57	0	72	0	0	0	0	0
assemblage-521-793	0	0	0	0	0	0	0	185	0	110	0	0	0	0	0	0	0	0	0	0	0	0	0	0	0	0	0	0	0	0	0	0	0	0	204	0	0	0	0	1
assemblage-968-117	0	0	0	0	0	0	0	275	18	9	0	0	0	0	0	0	0	0	0	0	0	0	0	0	0	0	0	0	0	0	0	0	31	0	158	0	0	0	0	9
assemblage-866-658	0	0	0	0	0	0	0	97	0	201	0	0	0	0	0	0	0	0	0	0	0	0	0	0	34	0	0	43	0	0	0	0	0	0	118	0	0	0	0	7
assemblage-114-780	0	0	0	0	0	0	0	170	0	173	0	0	0	0	0	0	0	0	0	0	0	0	0	0	0	0	0	0	0	0	0	0	0	0	145	0	0	0	0	12
assemblage-874-653	0	0	0	0	103	0	0	77	0	218	0	0	0	0	0	0	0	0	0	0	0	0	0	0	42	0	0	0	0	0	0	0	47	0	0	0	0	0	0	13
assemblage-771-946	0	0	0	0	0	0	0	32	0	148	0	0	0	0	0	0	0	0	0	0	0	0	0	0	0	0	0	0	0	0	0	0	35	0	276	0	0	0	0	9
assemblage-905-929	0	0	0	0	34	0	0	15	0	28	0	0	0	0	0	0	0	19	0	0	0	0	0	0	0	0	0	0	0	0	0	0	102	0	297	0	0	0	0	5
assemblage-843-512	0	0	0	0	0	0	0	0	0	387	0	0	0	0	0	0	0	0	0	0	0	0	0	0	0	0	0	0	0	0	0	0	0	0	25	86	0	0	0	2
assemblage-942-784	0	0	0	0	0	0	0	37	0	77	0	0	0	0	0	0	0	0	0	0	0	0	0	0	0	0	0	0	0	0	0	0	75	0	311	0	0	0	0	0
assemblage-135-471	0	0	0	0	0	0	0	48	0	150	0	12	0	8	0	0	0	0	0	0	0	0	0	0	69	0	3	115	0	0	10	0	0	0	69	0	0	0	0	16
assemblage-765-587	0	0	0	0	0	0	0	207	39	63	0	0	0	0	0	0	0	0	0	0	0	0	0	0	0	0	0	0	0	0	0	0	22	0	168	0	0	0	0	1
assemblage-902-934	0	0	0	0	24	0	0	12	0	31	0	0	0	0	0	0	0	10	0	0	0	0	0	0	0	0	0	0	0	0	0	0	120	7	295	0	0	0	0	1
assemblage-746-290	0	0	6	0	0	0	9	298	0	30	0	0	0	0	0	0	25	0	0	0	0	6	0	0	0	0	0	0	0	0	0	0	0	0	122	0	0	0	0	4
assemblage-862-661	0	0	0	0	6	0	0	36	0	139	0	5	0	11	0	0	0	0	0	0	0	0	0	14	57	0	25	114	0	0	11	0	0	0	81	0	0	0	0	1
assemblage-186-430	0	0	0	0	15	0	0	91	0	214	0	0	0	13	0	0	0	0	0	0	0	0	0	0	72	0	0	29	0	0	0	0	3	0	62	0	0	0	0	1
assemblage-959-848	0	0	0	0	0	0	0	137	0	177	0	0	0	0	0	0	0	0	0	0	0	0	0	0	34	0	0	140	0	0	0	0	0	0	0	0	0	0	0	12
assemblage-122-489	0	0	0	0	47	0	0	42	0	214	0	0	0	0	0	0	0	0	0	0	0	0	0	0	37	0	0	51	0	0	0	0	0	0	97	0	0	9	0	3
assemblage-522-758	0	0	0	0	0	0	26	184	0	160	0	0	0	0	0	0	0	0	0	0	0	0	0	0	0	0	0	0	0	0	0	0	0	0	126	0	0	0	0	4
assemblage-923-961	0	0	0	0	0	0	0	94	0	99	0	0	0	0	0	0	0	0	0	0	0	0	0	0	0	0	0	0	0	0	0	0	85	0	207	0	0	0	0	15
assemblage-176-91	0	0	0	0	17	0	0	97	0	173	0	0	0	24	0	0	0	0	0	0	0	0	0	0	75	0	0	38	0	0	0	0	0	0	73	0	0	0	0	3
assemblage-200-472	0	0	0	0	10	0	0	92	0	240	0	0	16	0	0	0	0	0	0	0	0	0	0	0	23	0	0	79	0	0	0	0	0	0	23	8	0	0	0	9
assemblage-953-864	0	0	0	0	0	0	0	94	0	197	0	0	4	0	0	0	0	0	0	0	0	0	0	0	16	0	0	110	0	0	0	0	0	0	70	0	0	0	0	9
assemblage-492-215	0	0	0	0	11	0	0	131	0	70	0	0	0	0	0	0	0	0	0	0	0	0	0	0	0	0	0	0	0	0	0	0	64	45	176	0	0	0	0	3
assemblage-706-788	0	0	0	0	24	0	0	11	0	28	0	0	0	0	0	0	0	22	0	0	0	0	0	0	0	0	0	0	0	0	0	0	101	0	310	0	0	0	0	4
assemblage-177-111	0	0	0	0	128	0	0	61	0	52	0	0	0	0	0	0	0	0	0	0	0	0	0	0	5	0	0	6	0	0	0	0	134	0	106	0	0	0	0	8
assemblage-172-461	0	0	0	0	22	0	0	36	0	294	0	0	49	0	0	0	0	0	0	0	0	0	0	0	63	0	0	25	0	0	0	0	0	0	11	0	0	0	0	0
assemblage-203-418	0	4	0	0	55	0	0	52	0	213	0	0	0	0	0	0	0	0	0	0	0	0	0	0	0	0	0	0	0	0	0	0	34	0	136	0	0	3	0	3
assemblage-174-110	0	24	0	0	80	0	0	45	0	199	0	0	0	0	0	0	0	0	0	0	0	0	0	0	0	0	0	0	0	0	0	0	41	0	97	0	0	8	0	6
assemblage-522-210	0	0	0	0	12	0	0	132	0	69	0	0	0	0	0	0	0	0	0	0	0	0	0	0	0	0	0	0	0	0	0	0	65	53	163	0	0	0	0	6
assemblage-297-854	0	0	0	0	0	0	0	204	0	214	0	0	0	0	0	0	0	0	0	4	0	0	0	0	0	0	0	0	0	0	0	0	0	0	72	0	0	0	0	6
assemblage-492-366	0	0	0	0	0	0	0	49	0	75	0	0	0	0	0	0	0	0	0	0	0	0	0	0	0	0	0	0	0	0	0	0	99	0	274	0	0	0	0	3
assemblage-962-848	0	0	0	0	0	0	0	106	0	216	0	0	0	0	0	0	0	0	0	0	0	0	0	0	48	0	0	88	0	0	0	0	0	0	0	31	0	0	0	11
assemblage-806-153	0	0	0	0	63	0	0	120	0	98	0	0	0	0	0	0	0	0	0	0	0	0	0	0	3	0	0	0	0	0	0	0	50	0	157	0	0	0	0	9
assemblage-282-940	0	0	0	0	79	0	0	82	0	208	0	0	0	0	0	0	0	0	0	0	0	0	0	0	48	0	0	0	0	0	0	0	75	0	0	0	0	0	0	8
assemblage-847-825	0	0	0	0	0	0	0	207	0	209	0	0	0	0	0	0	0	0	0	9	0	0	0	0	0	0	0	0	0	0	0	0	0	0	72	0	0	0	0	3
assemblage-582-219	0	0	0	0	0	0	0	165	0	140	4	0	0	0	0	0	0	0	0	0	0	0	0	0	0	0	0	0	0	0	0	0	0	0	186	0	0	0	0	5
assemblage-163-101	0	0	0	0	37	0	0	139	0	76	0	0	0	0	0	0	0	0	0	0	0	0	0	0	8	0	0	0	0	0	0	0	39	0	173	0	0	26	0	2
assemblage-856-509	0	0	0	0	0	0	0	0	0	391	0	0	0	0	0	0	0	0	0	0	0	0	0	0	0	0	0	0	0	0	0	0	0	0	26	78	0	0	0	5
assemblage-877-571	0	0	0	0	93	0	0	78	0	208	0	0	0	0	0	0	0	0	0	0	0	0	0	0	43	0	0	0	0	0	0	0	68	0	0	0	0	0	0	10
assemblage-856-504	0	0	0	0	0	0	0	0	0	408	0	0	0	0	0	0	0	0	0	0	0	0	0	0	0	0	0	0	0	0	0	0	0	0	28	61	0	0	0	3
assemblage-776-962	0	0	0	12	0	0	0	120	0	53	0	0	0	0	0	0	0	0	0	0	0	0	0	0	0	0	0	0	0	0	0	0	42	0	271	0	0	0	0	2
assemblage-859-100	0	0	0	0	0	0	0	64	0	96	0	0	0	0	0	0	0	0	0	0	0	0	0	0	0	0	0	0	0	0	0	0	218	0	114	0	0	0	0	8
assemblage-118-500	0	0	0	0	29	0	0	32	0	251	0	0	0	0	0	0	0	0	0	0	0	0	0	0	33	0	0	68	0	0	0	0	0	0	67	0	0	15	0	5
assemblage-964-125	0	0	0	0	0	0	0	259	10	6	0	0	0	0	0	0	0	0	0	0	0	0	0	0	0	0	0	0	0	0	0	0	35	0	183	0	0	0	0	7
assemblage-870-655	0	0	0	0	0	0	0	72	0	161	0	4	0	12	0	0	0	0	0	0	0	0	0	0	52	0	8	105	0	0	9	0	0	0	66	0	0	0	0	11
assemblage-777-950	0	0	0	0	100	0	0	117	0	81	0	0	0	0	0	0	0	0	0	0	0	0	0	0	26	0	0	0	4	0	0	0	32	0	135	0	0	0	0	5
assemblage-99-491	0	0	0	0	31	0	0	43	0	220	0	0	0	0	0	0	0	0	0	0	0	0	0	0	45	0	0	57	0	0	0	0	0	0	85	0	0	9	0	10
assemblage-664-969	0	14	0	0	53	0	0	65	0	223	0	0	0	0	0	0	0	0	0	0	0	0	0	0	0	0	0	0	0	0	0	0	36	0	88	0	0	12	0	9
assemblage-131-161	0	0	0	0	8	0	0	112	0	64	0	0	0	0	0	0	0	0	0	0	0	0	0	0	0	0	0	0	0	0	0	0	51	68	191	0	0	0	0	6
assemblage-937-796	9	0	0	0	0	0	0	73	0	65	0	0	0	0	0	0	0	0	0	0	0	0	0	0	0	0	0	0	0	0	0	0	72	0	280	0	0	0	0	1
assemblage-894-922	0	0	0	0	43	0	0	192	0	111	0	0	0	0	0	0	0	0	0	0	0	0	0	0	0	0	0	0	0	0	0	0	70	0	83	0	0	0	0	1
assemblage-201-413	0	0	0	0	64	0	0	65	0	216	0	0	0	0	0	0	0	0	0	0	0	0	0	0	0	0	0	0	0	0	0	0	33	0	99	0	0	5	0	18
assemblage-711-782	0	0	0	0	21	0	0	10	0	32	0	0	0	0	0	0	0	32	0	0	0	0	0	0	0	0	0	0	0	0	0	0	95	0	303	0	0	0	0	7
assemblage-766-990	0	0	0	3	0	0	0	118	0	44	0	0	0	0	0	0	0	0	0	0	0	0	0	0	0	0	0	0	0	0	0	0	39	0	290	0	0	0	0	6
assemblage-201-414	0	0	0	0	113	0	0	63	0	65	0	0	0	0	0	0	0	0	0	0	0	0	0	0	0	0	0	6	0	0	0	0	150	0	94	0	0	0	0	9
assemblage-494-231	0	0	0	0	54	0	0	184	0	134	0	0	0	0	0	0	0	0	0	0	0	0	0	0	0	0	0	0	0	0	0	0	60	0	64	0	0	0	0	4
assemblage-948-371	17	0	0	0	0	0	0	82	0	70	0	0	0	0	0	0	0	0	0	0	0	0	0	0	0	0	0	0	0	0	0	0	78	0	252	0	0	0	0	1
assemblage-515-363	0	0	0	0	0	0	0	187	43	79	0	0	0	0	0	0	0	0	0	0	0	0	0	0	0	0	0	0	0	0	0	0	28	0	163	0	0	0	0	0
assemblage-699-763	0	0	0	0	23	0	0	24	0	60	0	0	0	0	0	0	0	13	0	0	0	0	0	0	0	0	0	0	0	0	0	0	77	0	297	0	0	0	0	6
assemblage-658-957	0	0	0	0	34	0	0	142	0	70	0	0	0	0	0	0	0	0	0	0	0	0	0	0	8	0	0	0	0	0	0	0	45	0	165	0	0	34	0	2
assemblage-390-801	0	0	0	0	0	0	0	123	0	243	0	0	0	0	0	0	0	0	0	0	0	0	0	0	49	0	0	54	0	0	0	0	0	0	0	23	0	0	0	8
