Assemblage_Name	3-0-975773	7362257-3-3	4662509-1-5261921	3194767-7931-2850204	4662509-6679128-0	245326-3-2850204	0-3769641-1	4662509-1-5029562	3-1-3	4662509-1-7819876	0-3-4204721	2-8585978-3	3906422-4571637-6040392	1351735-4-2	2243416-0-1	2-3-8442068	7980362-1-5029562	8500082-3-3	1-4-2	2-3-3098279	7487009-3-3	3-4189934-3	1351735-4-2031615	6921569-3-2	6057287-0-1	3906422-3-3	9998630-3-3	1-7232755-2	1351735-9853965-2031615	4858877-3-3	7488960-4571637-3	2-2698625-3	1196882-1-0	0-3-8674667	0-3-1	1-4-8767125	2-3-2533080	4662509-1-0	1-3-113041	8790410-0-1	0-3-5062752	2677740-3-2	0-3-8036060	8846291-3-3	2-3-3	2985374-3-1	3906422-3-1341497	4662509-3357224-0	3-0-1193167	3906422-4571637-3	2-77650-3	3-0-9722248	1-3-2	3-0-8975590	3194767-3-3	2-3-1155833	4662509-9152435-0	2510722-2-1	9589978-3-3822089	9184178-3-1	2-9431767-9702611	3711243-2-1	2-2060915-3	0-3-8025838	3-0-7195328	3-0-2664964	2677740-3055912-2	2-4431335-3	0-3-141230	0-3-2252213	2677740-3-3997020	2-9990343-1155833	3194767-3-2850204	9655308-0-1	3194767-3-8996176	1-4-50688	3-0-1	2677740-9092391-2	3711243-2-1858589	0-3-3822089	2-3-2743991	5464998-3-3	2-3-5659401	3-6951872-1	2976572-3-1
assemblage-752-988	0	0	0	0	0	0	0	0	0	0	0	0	0	0	0	0	0	0	0	0	7	0	0	0	0	0	0	0	0	0	0	0	0	0	96	0	0	105	0	0	0	0	0	0	129	0	0	0	0	0	0	0	0	0	0	0	0	0	0	0	0	0	0	0	5	0	0	10	0	0	0	0	0	0	0	0	123	0	0	0	0	0	0	0	25
assemblage-868-649	0	0	0	0	0	0	0	0	0	0	0	0	35	0	0	0	0	0	9	0	0	0	0	0	0	182	0	9	0	0	0	0	0	0	67	0	0	51	0	0	0	12	0	0	68	0	0	0	0	54	0	0	0	0	0	0	0	0	0	0	0	0	0	0	0	0	0	0	0	0	0	0	0	0	0	0	0	0	0	0	0	0	0	0	13
assemblage-866-95	0	0	0	0	0	0	0	0	0	0	0	0	0	0	0	0	0	0	0	0	6	0	0	0	0	0	0	0	0	0	0	0	0	0	84	0	0	113	0	0	0	0	0	0	142	0	0	0	0	0	0	0	0	0	0	0	0	0	0	0	0	0	0	0	4	0	0	12	0	0	0	0	0	0	0	0	117	0	0	0	0	0	0	0	22
assemblage-671-963	0	0	0	0	0	0	0	0	0	7	0	0	43	25	0	0	0	0	0	0	0	0	0	0	0	51	0	0	0	0	0	0	0	0	176	0	0	114	0	0	0	0	0	0	12	0	0	0	0	0	0	0	0	0	0	0	0	0	0	0	0	0	6	0	0	0	0	0	0	0	0	0	0	0	0	0	52	0	0	0	0	0	0	0	14
assemblage-885-931	0	0	0	0	0	0	0	0	0	0	0	0	0	0	0	13	0	0	0	0	0	0	3	0	0	21	0	0	0	0	0	0	0	0	0	0	0	56	0	0	0	0	0	0	154	0	0	0	0	26	0	0	0	0	0	0	0	0	0	0	0	0	0	0	0	0	0	0	0	0	0	0	0	0	0	0	192	0	0	0	12	0	0	8	15
assemblage-829-151	0	0	0	0	0	0	0	0	0	0	0	0	0	0	0	0	0	0	0	0	0	0	0	6	0	8	0	0	0	0	0	0	0	0	125	0	0	0	0	0	0	5	0	0	61	0	0	0	0	75	0	0	0	0	0	0	0	0	85	0	0	0	0	0	0	0	0	0	0	0	0	0	0	0	0	0	88	0	0	0	26	0	0	0	21
assemblage-93-772	0	0	0	0	0	0	0	0	0	0	0	0	0	0	0	0	0	0	0	11	0	0	0	0	0	0	0	0	0	0	0	86	0	0	139	0	0	0	0	0	0	0	0	0	239	0	0	0	0	0	0	0	0	0	0	0	0	0	0	0	0	0	0	0	0	0	0	0	0	0	0	0	0	0	0	0	12	0	0	0	0	0	0	0	13
assemblage-953-850	0	0	0	0	0	0	0	0	12	0	0	0	0	0	0	0	0	0	26	0	0	0	0	0	0	66	0	0	0	0	0	0	0	0	64	0	0	37	9	0	0	24	0	0	127	0	0	0	0	0	0	0	29	0	0	0	0	17	0	14	0	38	0	0	0	0	0	0	0	6	0	0	0	0	0	0	28	0	0	0	0	0	0	0	3
assemblage-830-129	0	0	0	0	0	0	0	0	0	0	0	0	0	8	0	0	0	0	0	0	0	0	10	0	0	67	0	0	0	0	0	0	0	0	168	15	0	58	0	0	0	0	0	0	61	0	0	0	0	0	0	0	0	0	0	0	0	0	58	0	0	0	0	0	0	0	0	0	0	0	0	0	0	0	0	0	45	0	0	0	0	0	0	0	10
assemblage-207-398	0	0	0	0	0	0	0	0	0	0	0	0	0	15	21	0	0	0	5	0	0	0	0	0	0	55	0	0	0	0	0	0	0	0	94	0	0	158	0	0	0	0	0	0	38	0	0	0	0	0	0	0	0	0	0	0	4	0	0	0	0	0	0	0	0	0	0	0	0	0	0	0	0	9	0	0	87	0	0	0	0	0	0	0	14
assemblage-956-115	0	0	0	0	0	0	0	0	0	0	0	0	0	0	0	0	0	0	0	0	0	0	0	0	0	0	0	0	0	0	0	0	0	0	187	0	0	0	0	0	0	0	0	0	224	0	0	0	0	0	0	0	0	0	0	0	0	0	0	0	0	0	0	0	0	0	0	0	0	0	0	0	0	0	0	0	73	0	0	0	0	0	0	0	16
assemblage-375-787	0	4	0	0	0	0	0	0	4	0	0	0	0	0	0	0	0	0	5	0	0	0	0	0	0	99	0	0	0	0	0	0	0	0	101	0	0	64	0	0	0	70	0	0	19	0	0	0	0	104	0	0	0	0	0	0	0	0	0	10	0	0	0	0	0	0	0	0	0	0	0	0	0	0	0	0	6	0	0	0	0	0	0	0	14
assemblage-987-763	0	0	0	0	0	0	0	0	0	0	0	0	28	14	0	0	0	0	15	0	0	0	0	0	0	63	0	0	0	0	0	0	0	0	78	0	0	101	0	0	0	24	0	0	58	0	0	0	0	10	0	0	0	0	0	0	0	0	16	0	0	0	0	0	0	0	0	0	0	0	0	0	0	0	0	0	64	0	0	0	0	0	0	0	29
assemblage-300-862	0	0	0	0	0	0	0	0	0	0	0	0	0	0	0	0	0	0	0	0	0	0	0	0	0	0	0	0	0	0	0	0	0	0	291	0	0	0	0	0	0	0	0	10	148	0	0	0	0	0	0	0	0	0	0	0	0	0	0	0	0	0	0	10	0	0	0	0	0	0	0	11	0	0	0	0	0	0	0	0	0	0	0	0	30
assemblage-532-763	0	0	0	0	0	0	0	0	0	0	0	0	0	0	0	0	0	0	0	0	0	0	0	0	0	0	0	0	0	0	0	20	0	0	267	0	0	0	0	0	0	0	0	6	156	0	0	0	0	0	0	0	0	0	0	0	0	0	0	0	0	0	0	0	0	0	0	0	5	0	0	0	11	0	0	0	9	0	0	0	0	0	0	0	26
assemblage-181-462	0	0	0	0	0	0	0	0	24	0	0	0	0	0	0	0	0	0	25	0	0	0	0	0	0	57	0	0	0	0	0	0	0	0	63	0	0	53	7	0	0	18	0	0	142	0	0	0	0	0	0	0	14	0	0	0	0	16	0	16	0	25	0	0	0	0	0	0	0	0	0	0	0	0	0	0	27	0	0	0	0	0	0	0	13
assemblage-943-371	0	0	14	0	0	0	0	0	0	0	0	0	0	0	0	0	0	0	0	0	0	0	0	0	0	12	0	0	0	0	0	15	0	0	172	0	0	29	0	0	0	0	0	0	127	0	0	0	0	0	0	0	0	0	0	0	0	0	0	0	0	0	0	0	0	0	0	0	0	0	0	0	0	0	0	0	108	0	0	0	0	0	0	0	23
assemblage-866-109	0	0	0	0	0	0	0	0	0	0	0	0	0	0	0	11	0	0	0	9	0	0	49	0	0	0	0	0	0	8	0	40	0	0	58	0	0	5	0	0	0	0	0	0	182	0	0	0	0	0	0	0	0	0	0	0	0	0	0	0	0	0	0	0	0	0	0	0	0	0	0	0	0	0	0	0	112	0	0	0	0	0	0	0	26
assemblage-877-569	0	0	0	0	0	0	0	0	0	0	0	0	0	9	0	0	0	0	38	0	0	0	0	0	0	9	0	0	0	0	0	0	0	0	0	0	0	151	0	0	0	21	0	0	68	0	0	0	0	0	0	0	0	0	0	0	0	0	0	0	0	0	0	0	0	0	0	0	0	0	0	0	0	0	0	0	191	0	0	0	0	0	0	0	13
assemblage-877-568	0	0	0	0	0	0	0	0	0	0	0	0	0	11	6	0	0	0	55	0	0	0	0	0	0	0	0	0	0	0	0	0	0	0	0	0	0	158	0	0	0	9	0	0	65	0	0	0	0	0	0	0	0	0	0	0	0	0	0	0	0	0	0	0	0	0	0	0	0	0	0	0	0	0	0	0	180	0	0	0	0	0	0	0	16
assemblage-857-558	0	0	0	0	0	0	0	0	0	0	0	0	8	0	20	0	0	0	26	0	0	0	0	0	0	91	0	0	0	0	0	0	0	0	81	0	0	80	0	0	0	25	0	0	50	0	0	0	0	29	0	0	0	0	0	0	0	0	0	0	0	0	0	0	0	0	0	0	0	0	0	0	0	0	0	0	59	0	0	8	0	0	0	0	23
assemblage-510-208	0	0	0	0	0	0	0	0	0	0	0	0	0	0	0	0	0	0	0	0	0	0	0	0	0	12	0	0	0	11	0	0	0	0	84	0	0	57	0	0	0	0	0	0	67	0	0	0	0	16	0	0	0	0	0	0	0	0	0	0	0	0	0	0	0	0	0	0	0	0	0	0	0	0	0	0	244	0	0	0	0	0	0	0	9
assemblage-617-440	0	0	0	3	0	0	0	0	0	0	0	0	0	0	0	0	0	0	0	0	0	0	0	0	0	0	0	0	0	0	0	26	0	0	266	0	0	0	0	0	0	0	0	3	129	0	0	0	0	0	0	0	0	0	0	0	0	0	0	0	0	0	0	0	0	0	0	0	0	0	0	0	24	0	0	0	22	0	0	0	0	0	0	0	27
assemblage-881-672	0	0	0	0	0	0	0	0	0	0	0	0	0	0	101	0	0	0	34	0	0	0	0	0	0	66	0	0	0	0	0	0	0	0	75	0	0	148	0	0	0	0	0	0	24	0	0	0	0	26	0	0	0	0	0	0	0	0	0	0	0	0	0	0	0	0	0	0	0	0	0	0	0	0	0	0	18	0	0	0	0	0	0	0	8
assemblage-573-213	0	0	0	0	0	0	0	0	0	0	0	0	0	0	0	0	0	0	0	0	0	0	0	0	0	0	0	0	0	0	0	0	0	0	252	0	0	0	0	0	0	0	0	0	134	0	0	0	0	0	0	0	0	0	0	10	0	0	0	0	0	0	0	0	0	0	0	0	0	0	0	7	0	0	17	0	69	0	0	0	0	0	0	0	11
assemblage-637-432	0	0	0	16	0	8	0	0	0	0	0	0	0	0	0	0	0	0	0	0	0	0	0	0	0	0	0	0	0	0	0	14	0	0	289	0	0	0	0	0	0	0	0	13	53	0	0	0	0	0	10	0	0	0	0	0	0	0	0	0	0	0	0	0	0	0	0	0	0	0	0	0	73	0	0	0	16	0	0	0	0	0	0	0	8
assemblage-698-780	0	0	0	0	0	0	0	0	0	0	0	0	0	0	0	0	0	0	0	0	0	0	49	0	0	16	0	0	0	0	0	0	0	0	48	0	0	58	0	0	0	0	0	0	14	0	0	28	0	45	0	0	0	0	0	0	0	0	0	0	0	0	0	0	0	0	0	0	0	0	0	0	0	0	0	0	156	0	0	0	62	0	0	0	24
assemblage-863-648	0	0	0	0	0	0	0	0	0	0	0	0	0	9	0	0	0	0	42	0	0	0	0	0	0	0	0	0	0	0	0	0	0	0	0	0	0	157	0	0	0	6	0	0	83	0	0	0	0	0	0	0	0	0	0	0	0	0	0	0	0	0	0	0	0	0	0	0	0	0	0	0	0	0	0	0	176	0	0	0	0	0	0	0	27
assemblage-871-116	0	0	22	0	0	0	0	0	0	0	0	0	0	0	0	0	0	0	0	0	0	0	41	0	0	0	0	0	0	31	0	14	0	0	98	0	0	49	0	0	0	0	0	0	151	0	0	0	0	0	0	0	0	0	0	0	0	0	0	0	0	0	0	0	0	0	0	2	0	0	0	0	0	0	0	0	82	0	0	0	0	0	0	0	10
assemblage-239-219	0	0	0	0	0	0	0	0	0	0	0	0	0	7	0	0	0	0	0	0	0	0	0	7	0	12	0	0	0	0	0	0	0	0	117	0	0	9	0	0	0	10	0	0	68	0	0	0	0	73	0	0	0	0	0	0	0	0	78	0	0	0	0	0	0	0	0	0	0	0	0	0	0	0	0	0	75	0	0	0	34	0	0	0	10
assemblage-124-179	0	0	0	0	0	0	0	0	0	0	0	0	0	0	0	0	0	0	0	0	0	0	16	0	0	34	0	0	0	4	0	3	0	0	44	0	0	42	0	0	0	0	0	0	97	0	0	3	0	16	0	0	0	0	0	0	0	0	6	0	0	0	0	0	0	0	0	0	0	0	0	0	0	0	0	0	195	0	0	0	15	0	0	0	25
assemblage-961-129	0	0	0	0	0	0	0	0	0	0	0	0	0	0	0	0	0	0	0	27	0	0	0	0	0	0	0	0	0	0	0	0	0	0	18	0	0	0	0	21	0	0	0	0	264	0	0	0	0	0	0	0	0	0	0	0	0	0	0	0	0	0	0	0	0	0	0	0	0	0	0	0	34	0	41	0	87	0	0	0	0	0	0	0	8
assemblage-867-659	0	0	0	0	0	0	0	0	0	0	0	0	0	0	0	0	0	0	18	0	0	0	0	0	0	76	0	0	0	0	0	0	0	0	149	0	0	70	0	0	0	83	0	0	15	8	0	0	0	39	0	0	0	0	0	0	0	4	0	0	0	0	0	0	0	0	0	0	0	0	0	0	0	0	0	0	0	0	0	26	0	0	0	0	12
assemblage-908-762	0	9	0	0	0	0	0	0	8	0	0	0	0	0	0	0	0	0	3	0	0	0	0	0	0	109	0	0	0	0	0	0	0	0	89	0	0	70	0	0	0	85	0	0	26	0	0	0	0	72	0	0	0	0	0	0	0	0	0	11	0	0	0	0	0	0	0	0	0	0	0	0	0	0	0	0	5	0	0	0	0	0	0	0	13
assemblage-781-955	0	0	0	0	0	0	0	0	0	0	0	0	0	9	0	0	0	0	0	0	0	0	4	0	0	48	0	0	0	0	0	0	0	0	174	25	0	55	0	0	0	0	0	0	66	0	0	0	0	0	0	0	0	0	0	0	0	0	67	0	0	0	0	0	0	0	0	0	0	0	0	0	0	0	0	0	37	0	0	0	0	0	0	0	15
assemblage-94-496	0	0	0	0	0	0	0	0	0	0	0	0	27	0	0	0	0	0	15	0	0	0	0	0	0	218	0	0	0	0	0	0	0	0	80	0	0	35	0	0	0	9	0	0	45	0	0	0	0	52	0	0	0	0	0	0	0	0	0	0	0	0	0	0	0	0	0	0	0	0	0	0	0	0	0	0	0	0	0	0	0	0	0	0	19
assemblage-816-142	0	0	0	0	0	0	0	0	0	0	0	13	0	0	0	0	0	0	0	0	0	0	24	0	0	79	0	0	0	0	0	0	0	0	37	0	0	68	0	0	0	7	0	0	72	0	0	0	0	6	0	0	0	0	0	0	0	0	7	0	0	0	0	0	0	0	0	0	0	0	0	0	0	0	0	0	171	0	0	0	0	0	0	0	16
assemblage-818-149	0	0	0	0	0	0	0	0	0	0	0	0	0	0	0	0	0	0	0	0	0	0	20	0	0	20	0	0	0	0	0	0	0	0	34	0	0	54	0	0	0	59	0	0	133	0	0	0	0	5	0	0	0	0	0	0	0	0	0	0	0	0	0	0	0	0	0	0	0	0	0	0	0	0	0	0	155	0	0	0	0	0	0	0	20
assemblage-963-905	0	0	0	0	0	0	0	0	0	0	0	0	0	0	0	0	0	0	0	0	0	0	0	0	0	0	0	0	0	0	0	0	0	0	234	0	0	0	0	0	0	0	0	0	0	0	18	0	0	0	0	0	76	0	0	0	0	0	0	0	0	104	0	0	0	0	0	0	0	0	0	0	0	0	0	0	0	0	54	0	0	0	0	0	14
assemblage-844-834	0	0	0	0	0	0	0	0	0	0	0	0	0	0	0	0	0	0	0	0	0	0	0	0	0	0	0	0	0	0	0	0	0	0	297	0	0	0	0	0	0	0	0	8	143	0	0	0	0	0	0	0	0	0	0	0	0	0	0	0	0	0	0	11	0	0	0	0	0	0	0	21	0	0	0	0	0	0	0	0	0	0	0	0	20
assemblage-603-766	0	0	0	0	0	0	0	0	0	0	0	0	0	0	0	0	0	0	0	0	0	0	39	0	0	25	0	0	0	0	0	41	0	0	112	0	0	38	0	0	0	0	0	0	28	0	0	5	0	0	0	0	0	0	0	0	0	0	0	0	0	0	0	0	0	0	0	0	0	0	0	0	0	0	0	0	187	0	0	0	0	0	0	0	25
assemblage-672-954	0	0	0	0	0	0	0	0	0	0	0	0	0	50	0	0	0	0	15	0	0	0	7	0	0	24	0	0	0	0	0	0	0	0	22	0	0	43	0	0	0	75	0	0	91	0	0	0	0	14	0	0	0	0	0	0	0	0	70	0	0	0	0	0	0	0	0	0	0	0	0	0	0	0	0	0	87	0	0	0	0	0	0	0	2
assemblage-104-483	0	0	0	0	0	0	0	0	0	0	0	0	41	0	0	0	0	0	4	0	0	0	0	0	0	185	0	9	0	0	0	0	0	0	76	0	0	47	0	0	0	11	0	0	48	0	0	0	0	62	0	0	0	0	0	0	0	0	0	0	0	0	0	0	0	0	0	0	0	0	0	0	0	0	0	0	0	0	0	0	0	0	0	0	17
assemblage-289-864	0	0	0	0	0	0	0	0	0	0	0	0	0	0	0	0	0	0	0	0	0	0	0	0	0	0	0	0	0	0	0	0	0	0	273	0	0	0	0	0	0	0	0	7	166	0	0	0	0	0	0	0	0	0	0	0	0	0	0	0	0	0	0	10	0	0	0	0	0	0	0	12	0	0	0	0	0	0	0	0	0	0	0	0	32
assemblage-269-930	0	0	0	0	0	0	0	0	0	0	0	0	0	9	0	0	0	0	50	0	0	0	0	0	0	0	0	0	0	0	0	0	0	0	0	0	0	169	0	0	0	10	0	0	68	0	0	0	0	0	0	0	0	0	0	0	0	0	0	0	0	0	0	0	0	0	0	0	0	0	0	0	0	0	0	0	174	0	0	0	0	0	0	0	20
assemblage-176-112	0	0	0	0	0	0	0	0	0	0	0	0	0	20	18	0	0	0	0	0	0	0	0	0	0	83	0	0	0	0	0	0	0	0	96	0	0	129	0	0	0	0	0	0	43	0	0	0	0	0	0	0	0	0	0	0	0	0	0	0	0	0	0	0	0	0	0	0	0	0	0	0	0	10	0	0	77	0	0	0	0	0	0	0	24
assemblage-440-414	0	0	0	0	0	0	0	0	0	0	0	0	0	0	0	0	0	0	0	0	0	0	0	0	0	77	0	0	0	0	0	0	0	0	0	0	0	0	0	0	0	246	0	0	0	0	0	0	0	91	0	0	0	0	0	0	0	0	0	0	0	21	0	0	0	0	0	0	0	0	21	0	0	0	0	0	0	32	0	0	0	0	0	0	12
assemblage-570-232	0	0	0	0	0	0	0	0	0	0	0	0	0	0	0	0	0	0	0	11	0	0	0	0	0	0	0	0	0	0	0	68	0	0	154	0	0	0	0	0	0	0	0	0	224	0	0	0	7	0	0	0	0	0	0	0	0	0	0	0	0	0	0	0	0	0	0	0	0	0	0	0	0	0	0	0	17	0	0	0	0	0	0	0	19
assemblage-969-101	0	0	0	0	0	0	0	0	0	0	0	0	0	0	0	0	0	0	0	23	0	0	0	0	0	0	0	0	0	0	0	0	0	0	13	0	0	0	0	14	0	0	0	0	272	0	0	0	0	0	0	0	0	0	0	0	0	0	0	0	0	0	0	0	0	0	0	0	0	0	0	0	35	0	42	0	88	0	0	0	0	0	0	0	13
assemblage-632-438	0	0	0	0	0	0	0	0	0	0	0	0	0	0	0	0	0	0	0	0	0	0	0	0	0	0	0	0	0	0	0	12	0	9	269	0	0	0	0	0	0	0	0	8	176	0	0	0	0	0	0	0	0	0	0	0	0	0	0	0	0	0	0	0	0	0	0	0	0	0	0	0	3	0	0	0	6	0	0	0	0	0	0	0	17
assemblage-754-596	0	0	5	0	0	0	0	0	0	0	0	0	0	0	0	0	0	0	0	121	0	0	0	0	0	42	0	0	0	0	0	54	0	0	21	0	0	26	0	0	0	0	0	0	100	0	0	0	0	0	0	0	0	0	0	0	0	0	0	0	0	0	0	0	0	0	0	0	0	0	0	0	0	0	0	0	118	0	0	0	0	0	0	0	13
assemblage-753-307	0	0	0	0	0	0	0	0	0	0	0	0	0	0	0	0	0	0	0	29	0	0	0	0	0	0	0	0	0	0	0	74	0	0	134	0	0	0	0	0	0	0	0	0	224	0	0	0	6	0	0	0	0	0	0	0	0	0	0	0	0	0	0	0	0	0	0	0	0	0	0	0	0	0	0	0	15	0	0	0	0	0	0	0	18
assemblage-108-487	0	0	0	0	0	0	0	0	0	0	0	0	0	0	0	0	0	0	14	0	0	0	0	0	0	85	0	0	0	0	0	0	0	0	135	0	0	70	0	0	0	61	0	0	34	10	0	0	0	39	0	0	0	0	0	0	0	0	0	0	0	0	0	0	0	0	0	0	0	0	0	0	0	0	0	0	0	0	0	30	0	0	0	0	22
assemblage-843-805	0	0	0	0	0	0	0	0	0	0	0	0	0	0	0	0	0	0	0	0	0	0	0	0	0	0	0	0	0	0	0	15	0	6	295	0	0	0	0	0	0	0	0	13	143	0	0	0	0	0	0	0	0	0	0	0	0	0	0	0	0	0	0	0	0	0	0	0	0	0	0	0	4	0	0	0	10	0	0	0	0	0	0	0	14
assemblage-205-456	0	0	0	0	0	0	0	0	0	0	0	0	0	0	0	0	0	0	195	0	0	0	0	0	0	29	0	0	0	0	0	0	0	0	24	0	0	139	0	0	0	23	0	0	33	0	0	0	0	0	0	0	0	0	0	0	0	0	0	0	13	24	0	0	0	0	0	0	0	0	0	0	0	0	0	8	0	0	0	0	0	0	0	0	12
assemblage-719-315	0	0	0	0	0	0	0	0	0	0	0	0	0	0	0	0	0	0	0	0	0	0	0	0	0	0	0	0	0	0	0	0	0	0	271	0	0	0	0	7	0	0	0	0	114	0	0	0	0	0	0	0	0	0	0	11	0	0	0	0	0	0	0	0	0	0	0	0	0	0	0	13	0	0	14	0	66	0	0	0	0	0	0	0	4
assemblage-864-95	0	0	24	0	0	0	0	0	0	0	0	0	0	0	0	0	0	0	0	0	0	0	47	0	0	0	0	0	0	34	0	17	0	0	91	0	0	36	0	0	0	0	0	0	110	0	0	0	0	0	0	0	0	0	0	0	0	0	0	0	0	0	0	0	0	0	0	0	0	0	0	0	0	0	0	0	118	0	0	0	0	0	0	0	23
assemblage-124-770	0	0	0	0	0	0	0	0	0	0	0	0	0	0	0	0	0	0	0	7	0	0	0	0	0	0	0	0	0	0	0	0	0	0	274	0	0	0	0	0	0	0	0	0	140	0	0	0	0	0	0	0	0	0	0	2	0	0	0	0	0	0	0	0	0	0	0	0	0	0	0	12	0	0	10	0	43	0	0	0	0	0	0	0	12
assemblage-180-470	0	0	0	0	0	0	0	0	2	0	0	0	0	0	4	0	0	0	30	0	0	0	0	0	0	52	0	0	0	0	0	0	0	0	90	0	0	97	0	0	0	7	0	0	54	0	0	0	0	0	0	0	0	0	0	0	0	0	0	0	0	0	0	0	0	0	0	0	0	0	0	0	0	0	0	0	150	0	0	0	0	0	0	0	14
assemblage-530-360	0	0	5	0	0	0	0	0	0	0	0	0	0	0	0	0	0	0	0	94	0	0	0	0	0	39	0	0	0	0	0	65	0	0	23	0	0	34	0	0	0	0	0	0	105	0	0	0	0	0	0	0	0	0	0	0	0	0	0	0	0	0	0	0	0	0	0	0	0	0	0	0	0	0	0	0	122	0	0	0	0	0	0	0	13
assemblage-855-123	0	0	0	0	0	0	0	0	0	0	0	0	0	0	0	11	0	0	0	7	0	0	53	0	0	0	0	0	0	17	0	21	0	0	47	0	0	7	0	0	0	0	0	0	213	0	0	0	0	0	0	0	0	0	0	0	0	0	0	0	0	0	0	0	0	0	0	0	0	0	0	0	0	0	0	0	102	0	0	0	0	0	5	0	17
assemblage-924-941	0	0	0	0	0	0	0	0	0	0	0	0	0	0	0	0	0	0	0	0	0	0	27	0	0	25	0	0	0	0	0	41	0	0	89	0	0	25	0	0	0	0	0	0	48	0	0	10	0	0	0	0	0	0	0	0	0	0	0	0	0	0	0	0	0	0	0	0	0	0	0	0	0	0	0	0	214	0	0	0	0	0	0	0	21
assemblage-89-798	0	0	0	0	0	0	0	0	0	0	0	0	0	0	0	0	0	0	0	11	0	0	0	0	0	0	0	0	0	0	0	67	0	0	127	0	0	0	0	0	0	0	0	0	259	0	0	0	0	0	0	0	0	0	0	0	0	0	0	0	0	0	0	0	0	0	0	0	0	0	0	0	0	0	0	0	15	0	0	0	0	0	0	0	21
assemblage-408-809	0	6	0	0	0	0	0	0	8	0	0	0	0	0	0	0	0	0	0	0	0	0	0	0	0	111	0	0	0	0	0	0	0	0	95	0	0	62	0	0	0	94	0	0	24	0	0	0	0	62	0	0	0	0	0	0	0	0	0	9	0	0	0	0	0	0	0	0	0	0	0	0	0	0	0	0	9	0	0	0	0	0	0	0	20
assemblage-860-563	0	0	0	0	0	0	0	0	0	0	0	0	34	0	0	0	0	0	11	0	0	0	0	0	0	204	0	5	0	0	0	0	0	0	81	0	0	35	0	0	0	7	0	0	48	0	0	0	0	61	0	0	0	0	0	0	0	0	0	0	0	0	0	0	0	0	0	0	0	0	0	0	0	0	0	0	0	0	0	0	0	0	0	0	14
assemblage-968-844	0	0	0	0	0	0	0	0	0	0	0	0	0	0	2	0	0	0	41	0	0	0	0	0	0	47	0	0	0	0	0	0	0	0	88	0	0	89	0	0	0	6	0	0	61	0	0	0	0	0	0	0	0	0	0	0	0	0	0	0	0	7	0	0	0	0	0	0	0	0	0	0	0	0	0	0	140	0	0	0	0	0	0	0	19
assemblage-927-390	0	0	0	0	0	0	0	0	0	0	0	0	0	0	0	0	0	0	0	21	0	0	0	0	0	0	0	0	0	0	0	37	0	0	143	0	0	6	0	9	0	0	0	0	114	0	0	0	0	0	0	0	0	14	0	0	0	0	0	0	0	0	0	0	0	0	0	0	0	0	0	0	0	0	0	0	138	0	0	0	0	0	0	0	18
assemblage-419-432	0	0	0	0	0	0	0	0	0	0	0	0	0	0	0	0	0	0	0	0	0	0	0	0	0	91	0	0	0	0	3	0	0	0	15	0	0	0	0	0	0	247	0	0	0	0	0	0	0	62	0	0	0	0	0	0	0	0	0	0	0	23	0	0	0	0	0	0	0	0	17	0	0	0	0	0	0	34	0	0	0	0	0	0	8
assemblage-937-805	0	0	0	0	0	0	0	0	0	0	0	0	0	0	0	0	0	0	0	5	0	0	37	0	0	0	6	0	0	0	0	28	0	0	189	0	0	0	0	0	0	0	0	0	135	0	0	0	0	0	0	0	0	0	4	0	0	0	0	0	0	0	0	0	0	0	0	0	0	0	0	0	3	0	0	0	70	0	0	0	0	0	0	0	23
assemblage-141-138	0	0	0	0	0	0	0	0	0	0	0	0	0	0	0	6	0	0	0	0	0	0	9	0	0	21	0	0	0	0	0	0	0	0	0	0	0	64	0	0	0	0	0	0	159	0	0	0	0	36	0	0	0	0	0	0	0	0	0	0	0	0	0	0	0	0	0	0	0	0	0	0	0	0	0	0	175	0	0	0	0	0	0	0	30
assemblage-777-970	0	0	0	0	0	0	0	0	0	0	0	0	0	0	0	16	0	0	0	10	0	0	29	0	0	0	0	0	0	13	0	34	0	0	44	0	0	0	0	0	0	0	0	0	202	0	0	0	0	0	0	0	0	0	0	0	0	0	0	0	0	0	0	0	0	0	0	0	0	0	0	0	0	0	0	0	132	0	0	0	0	0	0	0	20
assemblage-767-570	0	0	4	0	0	0	0	0	0	0	0	0	0	0	0	0	0	0	0	124	0	0	0	0	0	48	0	0	0	0	0	61	0	0	26	0	0	31	0	0	0	0	0	0	94	0	0	0	0	0	0	0	0	0	0	0	0	0	0	0	0	0	0	0	0	0	0	0	0	0	0	0	0	0	0	0	105	0	0	0	0	0	0	0	7
assemblage-428-423	0	0	0	0	0	0	0	0	0	0	0	0	0	0	0	0	0	0	0	0	0	0	0	0	0	88	0	0	0	0	0	0	0	0	9	0	0	0	0	0	0	259	0	0	0	0	0	0	0	73	0	0	0	0	0	0	0	0	0	0	0	19	0	0	0	0	0	0	0	0	17	0	0	0	0	0	0	27	0	0	0	0	0	0	8
assemblage-604-759	0	0	0	0	0	0	0	0	0	0	0	0	0	0	0	0	0	0	0	0	0	0	36	0	0	31	0	0	0	0	0	38	0	0	91	0	0	27	0	0	0	0	0	0	34	0	0	10	0	0	0	0	0	0	0	0	0	0	0	0	0	0	0	0	0	0	0	0	0	0	0	0	0	0	0	0	212	0	0	0	0	0	0	0	21
assemblage-687-960	0	0	0	0	0	0	0	0	0	0	0	0	0	49	0	0	0	0	19	0	0	0	6	0	0	27	0	0	0	0	0	0	0	0	27	0	0	27	0	0	0	57	0	0	105	0	0	0	0	11	0	0	0	0	0	0	0	0	61	0	0	0	0	0	0	0	0	0	0	0	0	0	0	0	0	0	107	0	0	0	0	0	0	0	4
assemblage-181-106	0	0	0	0	0	0	0	0	0	0	0	0	40	0	0	0	0	7	28	0	0	0	0	0	0	71	0	0	0	0	0	0	0	0	65	7	0	87	0	0	0	17	0	0	133	0	0	0	0	0	0	0	0	0	0	0	0	0	0	0	0	0	0	0	0	0	0	0	0	0	0	0	0	0	0	0	23	0	0	0	0	0	0	0	22
assemblage-698-797	0	0	0	0	0	0	0	0	0	0	0	0	0	0	0	11	0	0	0	0	0	0	6	0	0	44	0	0	0	0	0	0	0	0	0	0	0	48	0	0	0	0	0	0	147	0	0	0	0	30	0	9	0	0	0	0	0	0	0	0	0	0	0	0	0	0	0	0	0	0	0	0	0	0	0	0	182	0	0	0	0	0	0	4	19
assemblage-906-831	0	0	0	0	0	0	0	0	0	0	0	26	0	0	0	0	0	0	0	0	0	0	27	0	0	52	0	0	0	0	0	0	0	0	39	0	0	83	0	0	0	4	0	0	61	0	0	0	0	11	0	0	0	0	0	0	0	0	14	0	0	0	0	0	0	0	0	0	0	0	0	0	0	0	0	0	168	0	0	0	0	0	0	0	15
assemblage-454-431	0	0	0	0	0	0	0	0	0	0	0	0	0	0	0	0	0	0	0	0	0	0	0	0	0	90	0	0	0	0	0	0	0	0	7	0	0	0	0	0	0	244	0	0	0	0	0	0	0	76	0	0	0	0	0	0	0	0	0	0	0	21	0	0	0	0	0	0	0	0	18	0	0	0	0	0	0	35	0	0	0	0	0	0	9
assemblage-262-925	0	0	0	0	0	0	0	0	0	0	0	0	0	0	105	0	0	0	44	0	0	0	0	0	0	93	0	0	0	0	0	0	0	0	70	0	0	116	0	0	0	0	0	0	22	0	0	0	0	31	0	0	0	0	0	0	0	0	0	0	0	0	0	0	0	0	0	0	0	0	0	0	0	0	0	0	13	0	0	0	0	0	0	0	6
assemblage-848-504	0	0	0	0	0	0	0	0	84	0	0	0	0	0	0	0	0	0	9	0	0	9	0	0	0	0	0	0	0	0	0	0	0	0	0	0	0	34	0	0	0	0	0	0	238	0	0	0	0	0	0	0	0	0	0	0	0	0	0	0	0	0	0	0	0	0	0	0	0	0	0	0	0	0	0	0	114	0	0	0	0	0	0	0	12
assemblage-831-161	0	0	0	0	0	0	0	0	0	0	0	0	0	0	0	0	0	0	0	0	0	0	21	0	0	25	0	0	0	0	0	0	0	0	45	0	0	34	0	0	0	77	0	0	134	0	0	0	0	11	0	0	0	0	0	0	0	0	0	0	0	0	0	0	0	0	0	0	0	0	0	0	0	0	0	0	126	0	0	0	0	0	0	0	27
assemblage-899-926	0	0	0	0	0	0	0	0	0	0	0	0	0	0	0	0	0	0	0	0	0	0	37	0	0	24	0	0	0	0	0	0	0	0	59	0	0	60	0	0	0	0	0	0	5	0	0	19	0	50	0	0	0	0	0	0	0	0	10	0	0	0	0	0	0	0	0	0	0	0	0	0	0	0	0	0	146	0	0	0	73	0	0	0	17
assemblage-756-597	0	0	0	0	0	0	0	0	0	0	0	0	0	0	0	0	0	0	0	2	0	0	38	0	0	0	11	0	0	0	0	38	0	0	178	0	0	0	0	0	0	0	0	0	104	0	0	0	0	0	0	0	0	0	11	0	0	0	0	0	0	0	0	0	0	0	0	0	0	0	0	0	0	0	0	0	104	0	0	0	0	0	0	0	14
assemblage-971-933	0	0	0	0	0	0	0	0	0	0	0	0	0	0	0	0	0	0	0	0	0	0	0	0	0	0	0	0	0	0	0	0	0	0	248	0	0	0	0	0	0	0	0	0	0	0	15	0	0	0	0	0	76	0	0	0	0	0	0	0	0	104	0	0	0	0	0	0	0	0	0	0	0	0	0	0	0	0	44	0	0	0	0	0	13
assemblage-902-848	0	0	0	0	0	0	0	0	0	0	0	0	0	10	0	0	0	0	0	0	0	0	7	0	0	61	0	0	0	0	0	0	0	0	177	16	0	59	0	0	0	6	0	0	57	0	0	0	0	0	0	0	0	0	0	0	0	0	60	0	0	0	0	0	0	0	0	0	0	0	0	0	0	0	0	0	43	0	0	0	0	0	0	0	4
assemblage-897-916	0	0	0	0	0	0	0	0	0	0	0	0	0	0	0	7	0	0	0	0	0	0	7	0	0	24	0	0	0	0	0	0	0	0	0	0	0	48	0	0	0	0	0	0	164	0	0	0	0	41	0	0	0	0	0	0	0	0	0	0	0	0	0	0	0	0	0	0	0	0	0	0	0	0	0	0	188	0	0	0	0	0	0	0	21
assemblage-249-243	0	0	0	0	0	0	0	0	0	0	0	0	0	0	0	0	0	0	0	0	0	0	13	0	0	18	0	0	0	0	0	0	0	0	32	0	0	39	0	0	0	74	0	0	145	0	0	0	0	12	0	0	0	0	0	0	0	0	0	0	0	0	0	0	0	0	0	0	0	0	0	0	0	0	0	0	145	0	0	0	0	0	0	0	22
assemblage-572-227	0	0	0	0	0	0	0	0	0	0	0	0	0	0	0	0	0	0	0	0	0	0	0	0	0	0	0	0	0	0	0	0	0	0	194	0	0	0	0	0	0	0	0	0	217	0	0	0	0	0	0	0	0	0	0	0	0	0	0	0	0	0	0	0	0	5	0	0	0	0	0	0	0	0	0	0	69	0	0	0	0	0	0	0	15
assemblage-297-850	0	0	0	0	0	0	0	0	0	0	0	0	0	0	0	0	0	0	0	0	0	0	0	0	0	0	0	0	0	0	0	70	0	0	204	0	0	0	0	0	0	0	0	0	167	0	0	0	0	0	0	0	0	0	0	0	0	0	0	0	0	0	0	0	0	0	0	0	0	0	0	0	0	0	0	0	48	0	0	0	0	0	0	0	11
assemblage-280-849	0	0	0	0	0	0	0	0	0	0	0	0	0	0	0	0	0	0	0	0	0	0	0	0	0	0	0	0	0	0	0	20	0	8	294	0	0	0	0	0	0	0	0	8	139	0	0	0	0	0	0	0	0	0	0	0	0	0	0	0	0	0	0	0	0	0	0	0	0	0	0	0	6	0	0	0	13	0	0	0	0	0	0	0	12
assemblage-373-790	0	0	0	0	0	0	0	0	0	0	0	0	0	0	0	0	0	0	197	0	0	0	0	0	0	26	0	0	0	0	0	0	0	0	23	0	0	137	0	0	0	39	0	0	26	0	0	0	0	0	0	0	0	0	0	0	0	0	0	0	14	26	0	0	0	0	0	0	0	0	0	0	0	0	0	0	0	0	0	0	0	0	0	0	12
assemblage-292-849	0	0	0	0	0	0	0	0	0	0	0	0	0	0	0	0	0	0	0	0	0	0	0	0	0	0	0	0	0	0	0	65	0	0	214	0	0	0	0	0	0	0	0	0	150	0	0	0	0	0	0	0	0	0	0	0	0	0	0	0	0	0	0	0	0	0	0	0	0	0	0	0	0	0	0	0	60	0	0	0	0	0	0	0	11
assemblage-963-933	0	0	0	0	0	0	0	0	0	0	0	0	0	0	0	0	0	0	0	0	0	0	0	0	0	0	0	0	0	0	0	0	0	0	239	0	0	0	0	0	0	8	0	0	0	0	10	0	0	0	0	0	65	0	0	0	0	0	0	0	0	126	0	0	0	0	0	0	0	0	0	0	0	0	0	0	0	0	42	0	0	0	0	0	10
assemblage-130-147	0	0	0	0	0	0	0	0	0	0	0	0	0	0	0	7	0	0	0	0	0	0	9	0	0	35	0	0	0	0	0	0	0	0	0	0	0	70	0	0	0	0	0	0	162	0	0	0	0	25	0	11	0	0	0	0	0	0	0	0	0	0	0	0	0	0	0	0	0	0	0	0	0	0	0	0	171	0	0	0	0	0	0	0	10
assemblage-990-752	0	0	0	0	0	0	0	0	0	0	0	0	56	0	0	0	0	0	38	0	0	0	0	6	0	70	0	0	0	0	0	0	0	0	43	1	0	99	0	0	0	12	0	0	137	0	0	0	0	0	0	0	0	0	0	0	0	0	0	0	0	0	0	0	0	0	0	0	0	0	0	0	0	0	0	0	20	0	0	0	0	0	0	0	18
assemblage-585-782	0	0	0	0	0	0	0	0	0	0	0	0	0	0	0	0	0	0	0	0	0	0	37	0	0	21	0	0	4	0	0	51	0	0	79	0	0	20	0	0	0	0	0	0	39	0	0	11	0	0	0	0	0	0	0	0	0	0	0	0	0	0	0	0	0	0	0	0	0	0	0	0	0	0	0	0	220	0	0	0	0	0	0	0	18
assemblage-505-367	0	0	0	0	0	0	0	0	0	0	0	0	0	0	0	0	0	0	0	26	0	0	0	0	0	3	0	0	0	0	0	40	0	0	129	0	0	10	0	14	0	0	0	0	107	0	0	0	0	0	0	0	0	6	0	0	0	0	0	0	0	0	0	0	0	0	0	0	0	0	0	0	0	0	0	0	159	0	0	0	0	0	0	0	6
assemblage-828-162	0	0	0	0	0	0	0	0	0	0	0	0	0	0	0	0	0	0	0	0	0	0	17	0	0	36	0	0	0	0	0	0	0	0	42	0	0	43	0	0	0	37	0	0	134	0	0	0	0	7	0	0	0	0	0	0	0	0	0	0	0	0	0	0	0	0	0	0	0	0	0	0	0	0	0	0	161	0	0	0	0	0	0	0	23
assemblage-116-774	0	0	0	0	0	0	0	0	0	0	0	0	0	0	0	0	0	0	0	20	0	0	0	0	0	0	0	0	0	0	0	52	0	0	145	0	0	0	0	0	0	0	0	0	240	0	0	0	7	0	0	0	0	0	0	0	0	0	0	0	0	0	0	0	0	0	0	0	0	0	0	0	0	0	0	0	19	0	0	0	0	0	0	0	17
assemblage-612-439	0	0	0	25	0	0	0	0	0	0	0	0	0	0	0	0	0	0	0	0	0	0	0	0	0	0	0	0	0	0	0	9	0	0	297	0	7	0	0	0	0	0	0	0	54	0	0	0	0	0	6	0	0	0	0	0	0	0	0	0	0	0	0	0	0	0	0	0	0	0	0	0	67	0	0	0	21	0	0	0	0	0	0	0	14
assemblage-986-762	0	0	0	0	0	0	0	0	0	0	0	0	0	45	0	0	0	0	18	0	0	0	6	0	0	18	0	0	0	0	0	0	0	0	27	0	0	37	0	0	0	60	0	0	102	0	0	0	0	17	0	0	0	0	0	0	0	0	65	0	0	0	0	0	0	0	0	0	0	0	0	0	0	0	0	0	99	0	0	0	0	0	0	0	6
assemblage-842-827	0	0	0	0	0	0	0	0	0	0	0	0	0	0	0	0	0	0	0	0	0	0	0	0	0	0	0	0	0	0	0	49	0	0	220	0	0	0	0	0	0	0	0	0	162	0	0	0	0	0	0	0	0	0	0	0	0	0	0	0	0	0	0	0	0	0	0	0	0	0	0	0	0	0	0	0	54	0	0	0	0	0	0	0	15
assemblage-727-310	0	0	0	0	0	0	0	0	0	0	0	0	0	0	0	0	0	0	0	14	0	0	0	0	0	0	0	0	0	0	0	82	0	0	123	0	0	0	0	0	0	0	0	0	250	0	0	0	4	0	0	0	0	0	0	0	0	0	0	0	0	0	0	0	0	0	0	0	0	0	0	0	0	0	0	0	15	0	0	0	0	0	0	0	12
assemblage-869-510	0	0	0	0	0	0	0	0	108	0	0	0	0	0	0	0	0	0	14	0	0	0	0	0	0	0	0	0	0	0	0	0	0	0	0	0	0	42	0	0	0	0	0	0	216	0	0	0	0	0	0	0	0	0	0	0	0	0	0	0	0	0	0	0	0	0	0	0	0	0	0	0	0	0	0	0	108	0	0	0	0	0	0	0	12
assemblage-747-973	0	0	23	0	0	0	0	0	0	0	0	0	0	0	0	0	0	0	0	0	0	0	35	0	0	0	0	0	0	28	0	12	0	0	117	0	0	45	0	0	0	0	0	0	138	0	0	0	0	0	0	0	0	0	0	0	0	0	0	0	0	0	0	0	0	0	0	0	0	0	0	0	0	0	0	0	87	0	0	0	0	0	0	0	15
assemblage-958-854	0	0	0	0	0	0	0	0	0	0	0	0	0	0	0	0	0	0	199	0	0	0	0	0	0	25	0	0	0	0	0	0	0	0	29	0	0	146	0	0	0	20	0	0	39	0	0	0	0	0	0	0	0	0	0	0	0	0	0	0	6	21	0	0	0	0	0	0	0	0	0	0	0	0	0	0	0	0	0	0	0	0	0	0	15
assemblage-951-364	0	0	13	0	0	0	0	0	0	0	0	0	0	0	0	0	0	0	0	0	0	0	0	0	0	11	0	0	0	0	0	39	0	0	177	0	0	33	0	0	0	0	0	0	134	0	0	0	0	0	0	0	0	0	0	0	0	0	0	0	0	0	0	0	0	0	0	0	0	0	0	0	0	0	0	0	79	0	0	0	0	0	0	0	14
assemblage-874-113	0	0	0	0	0	0	0	0	0	0	0	0	0	0	0	0	0	0	0	0	0	0	27	0	0	29	0	0	7	0	0	62	0	0	88	0	0	36	0	0	0	0	0	0	37	0	0	7	0	5	0	0	0	0	0	0	0	0	0	0	0	0	0	0	0	0	0	0	0	0	0	0	0	0	0	0	196	0	0	0	0	0	0	0	6
assemblage-493-666	0	0	0	0	6	0	0	14	0	0	0	0	0	0	0	0	8	0	186	0	0	0	0	0	0	0	0	0	0	0	0	0	0	0	0	0	0	262	0	0	0	0	0	0	19	0	0	0	0	0	0	0	0	0	0	0	0	0	0	0	0	0	0	0	0	0	0	0	0	0	0	0	0	0	0	0	0	0	0	0	0	0	0	0	5
assemblage-618-424	0	0	0	0	0	0	0	0	0	0	0	0	0	0	0	0	0	0	0	0	0	0	0	0	0	0	0	0	0	0	0	52	0	0	237	0	0	0	0	0	0	0	0	0	153	0	0	0	0	0	0	0	0	0	0	0	0	0	0	0	0	0	0	0	0	0	0	0	0	0	0	0	0	0	0	0	40	0	0	0	0	5	0	0	13
assemblage-274-943	0	0	0	0	0	0	0	0	0	0	0	0	0	0	0	0	0	0	11	0	0	0	0	0	0	94	0	0	0	0	0	0	0	0	140	0	0	78	0	0	0	67	0	0	39	6	0	0	0	26	0	0	0	0	0	0	0	0	0	0	0	0	0	0	0	0	0	0	0	0	0	0	0	0	0	0	0	0	0	24	0	0	0	0	15
assemblage-532-222	0	0	0	0	0	0	0	0	0	0	0	0	0	0	0	7	0	0	0	0	0	0	9	0	0	38	0	0	0	0	0	0	0	0	0	0	0	59	0	0	0	0	0	0	138	0	0	0	0	25	0	0	0	0	0	0	0	0	0	0	0	0	0	0	0	0	0	0	0	0	0	0	0	0	0	0	204	0	0	0	0	0	0	0	20
assemblage-946-393	0	0	17	0	0	0	0	0	0	0	0	0	0	0	0	0	0	0	0	0	0	0	0	0	0	16	0	0	0	0	0	33	0	0	182	0	0	37	0	0	0	0	5	0	130	0	0	0	0	0	0	0	0	0	0	0	0	0	0	0	0	0	0	0	0	0	0	0	0	0	0	0	0	0	0	0	67	0	0	0	0	0	0	0	13
assemblage-523-779	0	0	0	0	0	0	0	0	0	0	0	0	0	0	0	0	0	0	0	0	0	0	0	0	0	0	0	0	0	0	0	22	0	4	283	0	0	0	0	0	0	0	0	15	143	0	0	0	0	0	0	0	0	0	0	0	0	0	0	0	0	0	0	0	0	0	0	0	0	0	0	0	5	0	0	0	7	0	0	0	0	0	0	0	21
assemblage-931-759	0	0	0	0	0	0	0	0	23	0	0	0	0	0	0	0	0	0	36	0	0	0	0	0	0	73	0	0	0	0	0	0	0	0	52	0	0	36	11	0	0	19	0	0	130	0	0	0	0	0	0	0	15	0	0	0	0	12	0	5	0	35	0	0	0	0	0	0	0	0	0	0	0	0	0	0	29	0	0	0	0	0	0	0	24
assemblage-983-911	0	0	0	0	0	0	0	0	0	0	0	0	0	0	0	0	0	0	0	0	0	0	0	0	0	0	0	0	0	0	0	0	0	0	281	0	0	0	0	0	0	0	0	0	0	0	11	0	0	0	0	0	60	0	0	0	0	0	0	0	0	94	0	0	0	0	0	0	0	0	0	0	0	0	0	0	0	0	42	0	0	0	0	0	12
assemblage-495-669	0	0	0	0	7	0	0	14	0	0	0	0	0	0	0	0	9	0	160	0	0	0	0	0	8	0	0	0	0	0	0	0	0	0	0	0	0	280	0	0	0	0	0	0	16	0	0	0	0	0	0	0	0	0	0	0	0	0	0	0	0	0	0	0	0	0	0	0	0	0	0	0	0	0	0	0	0	0	0	0	0	0	0	0	6
assemblage-491-652	0	0	0	0	0	0	0	29	0	0	0	0	0	0	0	0	13	0	176	0	0	0	0	0	8	0	0	0	0	0	0	0	0	0	0	0	0	253	0	0	0	0	0	0	14	0	0	0	0	0	0	0	0	0	0	0	0	0	0	0	0	0	0	0	0	0	0	0	0	0	0	0	0	0	0	0	0	0	0	0	0	0	0	0	7
assemblage-667-963	0	0	0	0	0	0	0	0	0	0	0	0	0	40	0	0	0	0	14	0	0	0	9	0	0	25	0	0	0	0	0	0	0	0	22	0	0	25	0	0	0	75	0	0	112	0	0	0	0	24	0	0	0	0	0	0	0	0	56	0	0	0	0	0	0	0	0	0	0	0	0	0	0	0	0	0	93	0	0	0	0	0	0	0	5
assemblage-134-140	0	0	0	0	0	0	0	0	0	0	0	0	0	0	0	0	0	0	0	0	0	0	0	0	0	15	0	0	0	21	0	0	0	0	98	0	0	58	0	0	0	0	0	0	58	0	0	0	0	15	0	0	0	0	0	0	0	0	0	0	0	0	0	0	0	0	0	0	0	0	0	0	0	0	0	0	224	0	0	0	0	0	0	0	11
assemblage-283-928	0	0	0	0	0	0	0	0	0	0	0	0	0	0	0	0	0	0	26	0	0	0	0	0	0	84	0	0	0	0	0	0	0	0	150	0	0	64	0	0	0	54	0	0	38	13	0	0	0	19	0	0	0	0	0	0	0	0	0	0	0	0	0	0	0	0	4	0	0	0	0	0	0	0	0	0	0	0	0	35	0	0	0	0	13
assemblage-831-823	0	0	0	0	0	0	0	0	0	0	0	0	0	0	0	0	0	0	0	0	0	0	0	0	0	0	0	0	0	0	0	21	0	6	270	0	0	0	0	0	0	0	0	12	164	0	0	0	0	0	0	0	0	0	0	0	0	0	0	0	0	0	0	0	0	0	0	0	0	0	0	0	8	0	0	0	2	0	0	0	0	0	0	0	17
assemblage-902-948	0	0	0	0	0	0	0	0	0	0	0	0	0	0	0	0	0	0	0	0	9	0	0	0	0	0	0	0	0	0	0	0	0	0	86	0	0	111	0	0	0	0	0	0	142	0	0	0	0	0	0	0	0	0	0	0	0	0	0	0	0	0	0	0	4	0	0	12	0	0	0	0	0	0	0	0	113	0	0	0	0	0	0	0	23
assemblage-538-778	0	0	0	18	0	0	0	0	0	0	0	0	0	0	0	0	0	0	0	0	0	0	0	0	0	0	0	0	0	0	0	0	0	0	292	0	7	0	0	0	0	0	0	0	70	0	0	0	0	0	0	0	0	0	0	0	0	0	0	0	0	0	0	0	0	0	0	0	0	0	0	0	69	0	0	0	18	0	0	0	0	0	0	0	26
assemblage-964-845	0	0	0	0	0	0	0	0	15	0	0	0	0	0	0	0	0	0	33	0	0	0	0	0	0	61	0	0	0	0	0	0	0	0	73	0	0	36	4	0	0	15	0	0	128	0	0	0	0	0	0	0	15	0	0	0	0	13	0	4	0	49	0	0	0	0	0	0	0	5	0	0	0	0	0	0	32	0	0	0	0	0	0	0	17
assemblage-763-598	0	0	0	0	0	0	0	0	0	0	0	0	0	0	0	0	0	0	0	12	0	0	40	0	0	0	6	0	0	0	0	38	0	0	176	0	0	0	0	0	0	0	0	0	142	0	0	0	0	0	0	0	0	0	13	0	0	0	0	0	0	0	0	0	0	0	0	0	0	0	0	0	0	0	0	0	53	0	0	0	0	0	0	0	20
assemblage-601-779	0	0	19	0	0	0	0	0	0	0	0	0	0	0	0	0	0	0	0	0	0	0	43	0	0	0	0	0	0	23	0	14	0	0	110	0	0	53	0	0	0	0	0	0	152	0	0	0	0	0	0	0	0	0	0	0	0	0	0	0	0	0	0	0	0	0	0	0	0	0	0	0	0	0	0	0	68	0	0	0	0	0	0	0	18
assemblage-254-259	4	0	0	0	0	0	0	0	0	0	0	21	0	0	0	0	0	0	0	0	0	0	24	0	0	56	0	0	0	0	0	0	0	0	49	0	0	74	0	0	0	7	0	0	76	0	0	0	0	13	0	0	0	0	0	0	0	0	16	0	0	0	0	0	0	0	0	0	0	0	0	0	0	0	0	0	154	0	0	0	0	0	0	0	6
assemblage-901-846	0	0	0	0	0	0	0	0	0	0	0	14	0	0	0	0	0	0	0	0	0	0	28	0	0	61	0	0	0	0	0	0	0	0	31	0	0	73	0	0	0	0	0	0	50	0	0	0	0	12	0	0	0	0	0	0	0	0	18	0	0	0	0	0	0	0	0	0	0	0	0	0	0	0	0	0	189	0	0	0	0	0	0	0	24
assemblage-494-668	0	0	0	0	7	0	0	14	0	0	0	0	0	0	0	0	13	0	169	0	0	0	0	0	5	0	0	0	0	0	0	0	0	0	0	0	0	263	0	0	0	0	0	0	21	0	0	0	0	0	0	0	0	0	0	0	0	0	0	0	0	0	0	0	0	0	0	0	0	0	0	0	0	0	0	0	0	0	0	0	0	0	0	0	8
assemblage-595-777	0	0	0	0	0	0	0	0	0	0	0	0	0	0	0	0	0	0	0	0	9	0	0	0	0	0	0	0	0	0	0	0	0	0	105	0	0	108	0	0	0	0	0	0	145	0	0	6	0	0	0	0	0	0	0	0	0	0	0	0	0	0	0	0	6	0	0	8	0	0	0	0	0	0	0	0	86	0	0	0	0	0	0	0	27
assemblage-436-415	0	0	0	0	0	0	0	0	0	0	0	0	0	0	0	0	0	0	0	0	0	0	0	0	0	113	0	0	0	0	0	0	0	0	0	0	0	0	0	0	0	235	0	0	0	0	0	0	0	76	0	0	0	0	0	0	0	0	0	0	0	19	0	0	0	0	0	0	0	0	13	0	0	0	0	0	0	30	0	0	0	0	0	0	14
assemblage-945-378	0	0	7	0	0	0	0	0	0	0	0	0	0	0	0	0	0	0	0	40	0	0	15	0	0	10	0	0	0	0	0	38	0	0	130	0	0	23	0	0	0	0	0	0	128	0	0	0	0	0	0	0	0	0	0	0	0	0	0	0	0	0	0	0	0	0	0	0	0	0	0	0	0	0	0	0	86	0	0	0	0	0	0	0	23
assemblage-771-953	0	0	0	0	0	0	0	0	0	0	0	0	0	0	0	0	0	0	0	0	0	0	0	0	0	6	0	0	0	0	0	0	0	0	145	0	0	6	0	0	0	5	0	0	57	0	0	0	0	64	0	0	0	0	0	0	0	0	84	0	0	0	0	0	0	0	0	0	0	0	0	0	0	0	0	0	87	0	0	0	17	0	0	0	29
assemblage-760-951	0	0	0	0	0	0	0	0	0	0	0	0	0	0	0	0	0	0	0	0	0	0	0	0	0	12	0	0	0	0	0	0	0	0	137	0	0	9	0	0	0	8	0	0	50	0	0	0	0	73	0	0	0	0	0	0	0	0	75	0	0	0	0	0	0	0	0	0	0	0	0	0	0	0	0	0	83	0	0	0	40	0	0	0	13
assemblage-428-409	0	0	0	0	0	0	0	0	0	0	0	0	0	0	0	0	0	0	0	0	0	0	0	0	0	77	0	0	0	0	0	0	0	0	0	0	0	0	0	0	0	254	0	0	0	0	0	0	0	90	0	0	0	0	0	0	0	0	0	0	0	33	0	0	0	0	0	0	0	0	11	0	0	0	0	0	0	23	0	0	0	0	0	0	12
assemblage-955-925	0	0	0	0	0	0	0	0	0	0	0	0	0	0	0	0	0	0	0	0	0	0	0	0	0	0	0	0	0	0	0	0	0	0	257	0	0	0	0	0	0	0	0	0	0	0	13	0	0	0	0	0	65	0	0	0	0	0	0	0	0	110	0	0	0	0	0	0	0	0	0	0	0	0	0	0	0	0	47	0	0	0	0	0	8
assemblage-496-654	0	0	0	0	0	0	0	17	0	0	0	0	0	0	0	0	15	0	174	0	0	0	0	0	2	0	0	0	0	0	0	0	0	0	0	0	0	273	0	0	0	0	0	0	14	0	0	0	0	0	0	0	0	0	0	0	0	0	0	0	0	0	0	0	0	0	0	0	0	0	0	0	0	0	0	0	0	0	0	0	0	0	0	0	5
assemblage-978-756	0	0	0	0	0	0	0	0	0	0	0	0	46	0	0	0	0	8	33	0	0	0	0	0	0	72	0	0	0	0	0	0	0	0	52	4	0	88	0	0	0	14	0	0	143	0	0	0	0	0	0	0	0	0	0	0	0	0	0	0	0	0	0	0	0	0	0	0	0	0	0	0	0	0	0	0	25	0	0	0	0	0	0	0	15
assemblage-863-503	0	0	0	0	0	0	0	0	103	0	0	0	0	0	0	0	0	0	11	0	0	0	0	0	0	0	0	0	0	0	0	0	0	0	0	0	0	52	0	0	0	0	0	0	224	0	0	0	0	0	0	0	0	0	0	0	0	0	0	0	0	0	0	0	0	0	0	0	0	0	0	0	0	0	0	0	99	0	0	0	0	0	0	0	11
assemblage-843-802	0	0	0	0	0	0	0	0	0	0	0	0	0	0	0	0	0	0	0	0	0	0	0	0	0	0	0	0	0	0	0	12	0	5	296	0	0	0	0	0	0	0	0	12	126	0	0	0	0	0	0	0	0	0	0	0	0	0	0	0	0	0	0	0	0	0	0	0	11	0	0	0	13	0	0	0	5	0	0	0	0	0	0	0	20
assemblage-703-781	0	0	0	0	0	0	0	0	0	0	0	0	0	0	0	0	0	0	0	0	0	0	0	0	0	14	0	0	0	10	0	0	0	0	86	0	0	59	0	0	0	0	0	0	46	0	0	0	0	11	0	0	0	0	0	0	0	0	0	0	0	0	0	0	0	0	0	0	0	0	0	0	0	0	0	0	261	0	0	0	0	0	0	0	13
assemblage-243-235	0	0	0	0	0	0	0	0	0	0	0	0	0	0	0	0	0	0	0	0	0	0	16	0	0	35	0	0	0	0	0	0	0	0	28	0	0	36	0	0	0	57	0	0	160	0	0	0	0	9	0	0	0	0	0	0	0	0	0	0	0	0	0	0	0	0	0	0	0	0	0	0	0	0	0	0	139	0	0	0	0	0	0	0	20
assemblage-824-163	0	0	0	0	0	0	0	0	0	0	0	0	0	0	0	0	0	0	0	0	0	0	0	0	0	12	0	0	0	0	0	0	0	0	136	0	0	7	0	0	0	5	0	0	54	0	0	0	0	94	0	0	0	0	0	0	0	0	69	0	0	0	0	0	0	0	0	0	0	0	0	0	0	0	0	0	74	0	0	0	36	0	0	0	13
assemblage-751-589	0	0	16	0	0	0	0	0	0	0	0	0	0	0	0	0	0	0	0	2	0	0	0	0	0	4	0	0	0	0	0	25	0	0	173	0	0	41	0	0	0	0	0	0	131	0	0	0	0	0	0	0	0	0	0	0	0	0	0	0	0	0	0	0	0	0	0	0	0	0	0	0	0	0	0	0	93	0	0	0	0	0	0	0	15
assemblage-503-216	0	0	0	0	0	0	0	0	0	0	0	0	0	0	0	0	0	0	0	0	0	0	0	0	0	10	0	0	0	18	0	0	0	0	99	0	0	49	0	0	0	0	0	0	55	0	0	0	0	17	0	0	0	0	0	0	0	0	0	0	0	0	0	0	0	0	0	0	0	0	0	0	0	0	0	0	242	0	0	0	0	0	0	0	10
assemblage-444-418	0	0	0	0	0	0	0	0	0	0	0	0	0	0	0	0	0	0	0	0	0	0	0	0	0	79	0	0	0	0	0	0	0	0	3	0	0	0	0	0	0	274	0	0	0	0	0	0	0	76	0	0	0	0	0	0	0	0	0	0	0	24	0	0	0	0	0	0	0	0	17	0	0	0	0	0	0	20	0	0	0	0	0	0	7
assemblage-902-784	0	0	0	0	0	0	0	0	6	0	0	0	0	0	0	0	0	0	33	0	0	0	0	0	0	52	0	0	0	0	0	0	0	0	96	0	0	68	0	0	0	7	0	0	71	0	0	0	0	0	0	0	0	0	0	0	0	0	0	0	0	0	0	0	0	0	0	0	0	0	0	0	0	0	0	0	134	0	0	0	0	0	0	0	33
assemblage-564-224	0	0	0	0	0	0	0	0	0	0	0	0	0	0	0	0	0	0	0	0	0	0	0	0	0	0	0	0	0	0	0	0	0	0	186	0	0	0	0	0	0	0	0	0	242	0	0	0	0	0	0	0	0	0	0	0	0	0	0	0	0	0	0	0	0	8	0	0	0	0	0	0	0	0	0	0	56	0	0	0	0	0	0	0	8
assemblage-920-795	0	0	0	0	0	0	0	0	0	0	0	0	0	0	0	0	0	0	0	12	0	0	26	0	0	0	6	0	0	0	0	50	0	0	177	0	0	0	0	0	0	0	0	0	150	0	0	0	0	0	0	0	0	0	13	0	0	0	0	0	0	0	0	0	0	0	0	0	0	0	0	0	0	0	0	0	54	0	0	0	0	0	0	0	12
assemblage-951-379	0	0	16	0	0	0	0	0	0	0	0	0	0	0	0	0	0	0	0	0	0	0	0	0	0	10	0	0	0	0	0	18	0	0	174	0	0	40	0	0	0	0	5	0	139	0	0	0	0	0	0	0	0	0	0	0	0	0	0	0	0	0	0	0	0	0	0	0	0	0	0	0	0	0	0	0	89	0	0	0	0	0	0	0	9
assemblage-775-939	0	0	0	0	0	0	0	0	0	0	0	0	0	0	0	0	0	0	0	0	0	0	19	0	0	17	0	0	0	0	0	0	0	0	37	0	0	44	0	0	0	39	0	0	143	0	0	0	0	7	0	0	0	0	0	0	0	0	0	0	0	0	0	0	0	0	0	0	0	0	0	0	0	0	0	0	171	0	0	0	0	0	0	0	23
assemblage-975-756	0	0	0	0	0	0	0	0	0	7	0	0	40	24	0	0	0	0	0	0	0	0	0	0	0	65	0	0	0	0	0	0	0	0	162	0	0	131	0	0	0	0	0	0	3	0	0	0	0	0	0	0	0	0	0	0	0	0	0	0	0	0	5	0	0	0	0	0	0	0	0	0	0	0	0	0	46	0	0	0	0	0	0	0	17
assemblage-901-928	0	0	0	0	0	0	0	0	0	0	0	0	0	0	0	0	0	0	0	0	0	0	0	0	0	17	0	0	0	20	0	0	0	0	109	0	0	39	0	0	0	0	0	0	61	0	0	0	0	20	0	0	0	0	0	0	0	0	0	0	0	0	0	0	0	0	0	0	0	0	0	0	0	0	0	0	224	0	0	0	0	0	0	0	10
assemblage-692-760	0	0	0	0	0	0	0	0	0	0	0	0	0	0	0	0	0	0	0	0	0	0	8	0	0	60	0	0	0	0	0	22	0	0	63	0	0	0	0	0	19	0	0	0	129	0	0	0	0	0	0	0	0	0	0	0	0	0	15	0	0	0	0	0	0	0	0	0	0	0	0	0	0	0	0	0	166	0	0	0	0	0	0	0	18
assemblage-505-653	0	0	0	0	0	0	0	0	22	0	0	0	0	0	0	0	0	0	44	0	0	0	0	0	0	25	0	0	0	0	0	0	0	0	74	0	0	73	0	0	0	70	0	0	60	0	0	0	0	14	0	0	14	0	0	0	0	0	0	0	0	28	0	0	0	0	0	0	0	0	0	0	0	0	0	0	35	6	13	0	0	0	0	0	22
assemblage-255-237	0	0	0	0	0	0	0	0	0	8	0	0	0	0	0	0	0	0	0	0	0	0	21	0	0	20	0	0	0	0	0	0	0	0	31	0	0	50	0	0	0	61	0	0	154	0	0	0	0	3	0	0	0	0	0	0	0	0	0	0	0	0	0	0	0	0	0	0	0	0	0	0	0	3	0	0	138	0	0	0	0	0	0	0	11
assemblage-564-226	0	0	0	0	0	0	0	0	0	0	0	0	0	0	0	0	0	0	0	0	0	0	0	0	0	0	0	0	0	0	0	0	0	0	207	0	0	0	0	0	0	0	0	0	199	0	0	0	0	0	0	0	0	0	0	0	0	0	0	0	0	0	0	0	0	0	0	0	0	0	0	0	0	0	0	0	70	0	0	0	0	0	0	0	24
assemblage-941-790	0	0	12	0	0	0	0	0	0	0	0	0	0	0	0	0	0	0	0	0	0	0	0	0	0	10	0	0	0	0	0	26	0	0	189	0	0	28	0	0	0	0	8	0	122	0	0	0	0	0	0	0	0	0	0	0	0	0	0	0	0	0	0	0	0	0	0	0	0	0	0	0	0	0	0	0	99	0	0	0	0	0	0	0	6
assemblage-206-394	0	0	0	0	0	0	0	0	0	0	0	0	39	0	0	0	0	7	29	0	0	0	0	10	0	70	0	0	0	0	0	0	0	0	56	6	0	88	0	0	0	15	0	0	145	0	0	0	0	6	0	0	0	0	0	0	0	0	0	0	0	0	0	0	0	0	0	0	0	0	0	0	0	0	0	0	24	0	0	0	0	0	0	0	5
assemblage-947-379	0	0	0	0	0	0	0	0	0	0	0	0	0	0	0	0	0	0	0	6	0	0	32	0	0	0	8	0	0	0	0	35	0	0	179	0	0	0	0	0	0	0	0	0	148	0	0	0	0	0	0	0	0	0	7	0	0	0	0	0	0	0	0	0	0	0	0	0	0	0	0	0	0	0	0	0	70	0	0	0	0	0	0	0	15
assemblage-156-102	0	0	0	0	0	0	0	0	0	11	0	0	47	23	0	0	0	0	0	0	0	0	0	0	0	56	0	0	0	0	0	0	0	0	140	0	0	135	0	0	0	0	0	0	17	0	0	0	0	0	0	0	0	0	0	0	0	0	0	0	0	0	7	0	0	0	0	0	0	0	0	0	0	0	0	0	58	0	0	0	0	0	0	0	6
assemblage-885-841	0	0	0	0	0	0	0	0	0	0	0	0	0	0	0	0	0	0	0	0	0	0	0	4	0	9	0	0	0	0	0	0	0	0	125	0	0	3	0	0	0	4	0	0	73	0	0	0	0	77	0	0	0	0	0	0	0	0	87	0	0	0	0	0	0	0	0	0	0	0	0	0	0	0	0	0	69	0	0	0	33	0	0	0	16
assemblage-505-214	0	0	0	0	0	0	0	0	0	0	0	0	0	0	0	0	0	0	0	0	0	0	39	0	0	23	0	0	0	0	0	0	0	0	61	0	0	39	0	0	0	0	0	0	6	0	0	21	0	53	0	0	0	0	0	0	0	0	0	0	0	0	0	0	0	0	0	0	0	0	0	0	0	0	0	0	168	0	0	0	79	0	0	0	11
assemblage-858-122	0	0	24	0	0	0	0	0	0	0	0	0	0	0	0	0	0	0	0	0	0	0	51	0	0	0	0	0	0	20	0	23	0	0	98	0	0	49	0	0	0	0	0	0	121	0	0	0	0	0	0	0	0	0	0	0	0	0	0	0	0	0	0	0	0	0	0	0	0	0	0	0	0	0	0	0	107	0	0	0	0	0	0	0	7
assemblage-787-946	2	0	0	0	0	0	0	0	0	0	0	19	0	0	0	0	0	0	0	0	0	0	42	0	0	56	0	0	0	0	0	0	0	0	25	0	0	95	0	0	0	10	0	0	49	0	0	0	0	17	0	0	0	0	0	0	0	0	12	0	0	0	0	0	0	0	0	0	0	0	0	0	0	0	0	0	168	0	0	0	0	0	0	0	5
assemblage-171-84	0	0	0	0	0	0	0	0	0	0	0	0	0	16	15	0	0	0	0	0	0	0	0	0	0	77	0	0	0	0	0	0	0	0	93	0	0	141	0	0	0	0	0	0	32	0	0	0	0	0	0	0	0	0	0	0	11	0	0	0	0	0	0	0	0	0	0	0	0	0	0	0	0	17	0	0	87	0	0	0	0	0	0	0	11
assemblage-908-840	0	0	0	0	0	0	0	0	0	0	0	0	0	10	0	0	0	0	0	0	0	0	5	0	0	63	0	0	0	0	0	0	0	0	186	25	0	43	0	0	0	0	0	0	55	0	0	0	0	0	0	0	0	0	0	0	0	0	58	0	0	0	0	0	0	0	0	0	0	0	0	0	0	0	0	0	44	0	0	0	0	0	0	0	11
assemblage-965-927	0	0	0	0	0	0	0	0	0	0	0	0	0	0	0	0	0	0	0	0	0	0	0	0	0	0	0	0	0	0	0	0	0	0	231	0	0	0	0	0	0	0	0	0	0	0	7	0	0	0	0	0	73	0	0	0	0	0	0	0	0	114	0	0	0	0	0	0	0	0	0	0	0	0	0	0	0	0	55	0	0	0	0	0	20
assemblage-876-927	0	0	0	0	0	0	0	0	0	0	0	0	0	0	0	0	0	0	0	0	0	0	12	0	0	51	0	0	0	0	0	21	0	0	48	0	0	0	0	0	16	0	0	0	182	0	0	0	0	0	0	0	0	0	0	0	0	0	17	0	0	0	0	0	0	0	0	0	0	0	0	0	0	0	0	0	143	0	0	0	0	0	0	0	10
assemblage-199-476	0	5	0	0	0	0	0	0	6	0	0	0	0	0	0	0	0	0	23	0	0	0	0	0	0	97	0	0	0	0	0	0	0	0	74	0	0	59	0	0	0	85	0	0	24	0	0	0	0	94	0	0	0	0	0	0	0	0	0	10	0	0	0	0	0	0	0	0	0	0	0	0	0	0	0	0	10	0	0	0	0	0	0	0	13
assemblage-504-227	0	0	0	0	0	0	0	0	0	0	0	0	0	0	0	12	0	0	0	0	0	0	0	0	0	25	0	0	0	0	0	0	0	0	0	0	0	63	0	0	0	0	0	0	139	0	0	0	0	38	0	8	0	0	0	0	0	0	0	0	0	0	0	0	0	0	0	0	0	0	0	0	0	0	0	0	183	0	0	0	0	0	0	9	23
assemblage-595-776	0	0	0	0	0	0	0	0	0	0	0	0	0	0	0	0	0	0	0	0	4	0	0	0	0	0	0	0	0	0	0	0	0	0	96	0	0	97	0	0	0	0	0	0	132	0	0	0	0	0	0	0	0	0	0	0	0	0	0	0	0	0	0	0	6	0	0	16	0	0	0	0	0	0	0	0	132	0	0	0	0	0	0	0	17
assemblage-939-116	0	0	0	0	0	0	0	0	0	0	0	0	0	0	0	0	0	0	0	9	0	0	0	0	0	0	0	0	0	0	0	0	0	0	242	0	0	0	0	0	0	0	0	0	135	0	0	0	0	0	0	0	0	0	0	13	0	0	0	0	0	0	0	0	0	0	0	0	0	0	0	9	0	0	32	0	52	0	0	0	0	0	0	0	8
assemblage-752-302	0	0	0	0	0	0	0	0	0	0	0	0	0	0	0	0	0	0	0	0	0	0	0	0	0	0	0	0	0	0	0	0	0	0	227	0	0	0	0	0	0	0	0	0	141	0	0	0	0	0	0	0	0	0	0	7	0	0	0	0	0	0	0	0	0	0	0	0	0	0	0	7	0	0	36	0	68	0	0	0	0	0	0	0	14
assemblage-195-455	0	0	0	0	0	0	0	0	0	0	0	0	0	0	0	0	0	0	194	0	0	0	0	0	0	28	0	0	0	0	0	0	0	0	26	0	0	139	0	0	0	32	0	0	42	0	0	0	0	0	0	0	0	0	0	0	0	0	0	0	8	23	0	0	0	0	0	0	0	0	0	0	0	0	0	0	0	0	0	0	0	0	0	0	8
assemblage-718-296	0	0	0	0	0	0	0	0	0	0	0	0	0	0	0	0	0	0	0	18	0	0	0	0	0	0	0	0	0	0	0	0	0	0	11	0	0	0	0	15	0	0	0	0	272	0	0	0	0	0	0	0	0	0	0	0	0	0	0	0	0	0	0	0	0	0	0	0	0	0	0	0	29	0	36	0	103	0	0	0	0	0	0	0	16
assemblage-607-434	0	0	0	0	0	0	0	0	0	0	0	0	0	0	0	0	0	0	0	0	0	0	0	0	0	0	0	0	0	0	0	56	0	0	213	0	0	0	0	0	0	0	0	0	163	0	0	0	0	0	0	0	0	0	0	0	0	0	0	0	0	0	0	0	0	0	0	0	0	0	0	0	0	0	0	0	55	0	0	0	0	0	0	0	13
assemblage-859-809	0	0	0	27	0	0	0	0	0	0	0	0	0	0	0	0	0	0	0	0	0	0	0	0	0	0	0	0	0	0	0	9	0	0	294	0	2	0	0	0	0	0	0	0	61	0	0	0	0	0	6	0	0	0	0	0	0	0	0	0	0	0	0	0	0	0	0	0	0	0	0	0	69	0	0	0	20	0	0	0	0	0	0	0	12
assemblage-399-803	0	7	0	0	0	0	0	0	9	0	0	0	0	0	0	0	0	0	10	0	0	0	0	0	0	100	0	0	0	0	0	0	0	0	81	0	0	71	0	0	0	90	0	0	17	0	0	0	0	75	0	0	0	0	0	0	0	0	0	7	0	0	0	0	0	0	0	0	0	0	0	0	0	0	0	0	14	0	0	0	0	0	0	0	19
assemblage-397-779	0	0	0	0	0	0	0	0	0	0	6	0	0	0	0	0	0	0	18	0	0	0	0	0	0	67	0	0	0	0	0	0	0	0	107	0	0	85	0	0	0	16	0	0	62	0	0	0	0	0	0	0	0	0	0	0	0	0	0	0	0	0	0	0	0	0	0	0	0	0	0	0	0	0	0	0	109	0	0	0	0	0	0	0	30
assemblage-923-779	0	0	0	0	0	0	0	0	0	0	0	0	0	0	0	0	0	0	34	0	0	0	0	0	0	52	0	0	0	0	0	0	0	0	107	0	0	68	0	0	0	7	0	0	77	0	0	0	0	0	0	0	0	0	0	0	0	0	0	0	0	0	0	0	0	0	0	0	0	0	0	0	0	0	0	0	126	0	0	0	0	0	0	0	29
assemblage-859-499	0	0	0	0	0	0	0	0	108	0	0	0	0	0	0	0	0	0	10	0	0	0	0	0	0	0	0	0	0	0	0	0	0	0	0	0	0	41	0	0	0	0	0	0	217	0	0	0	0	0	0	0	0	0	0	0	0	0	0	0	0	0	0	0	0	0	0	0	0	0	0	0	0	0	0	0	109	0	0	0	0	0	0	0	15
assemblage-731-315	0	0	0	0	0	0	0	0	0	0	0	0	0	0	0	0	0	0	0	0	0	0	0	0	0	0	0	0	0	0	0	0	0	0	258	0	0	0	0	0	0	0	0	0	145	0	0	0	0	0	0	0	0	0	0	8	0	0	0	0	0	0	0	0	0	0	0	0	0	0	0	8	0	0	20	0	55	0	0	0	0	0	0	0	6
assemblage-935-118	0	0	0	0	0	0	0	0	0	0	0	0	0	0	0	0	0	0	0	27	0	0	0	0	0	0	0	0	0	0	0	0	0	0	9	0	0	0	0	17	0	0	0	0	290	0	0	0	0	0	0	0	0	0	0	0	0	0	0	0	0	0	0	0	0	0	0	0	0	0	0	0	40	0	51	0	56	0	0	0	0	0	0	0	10
assemblage-567-217	0	0	0	0	0	0	0	0	0	0	0	0	0	0	0	0	0	0	0	8	0	0	0	0	0	0	0	0	0	0	0	52	0	0	150	0	0	5	0	0	0	0	0	0	248	0	0	0	6	0	0	0	0	0	0	0	0	0	0	0	0	0	0	0	0	0	0	0	0	0	0	0	0	0	0	0	26	0	0	0	0	0	0	0	5
assemblage-918-961	0	0	0	0	0	0	0	0	0	0	0	0	0	0	0	10	0	0	0	3	0	0	37	0	0	0	0	0	0	9	0	24	0	0	43	0	0	0	0	0	0	0	0	0	207	0	0	0	0	0	0	0	0	0	0	0	0	0	0	0	0	0	0	0	0	0	0	0	0	0	0	0	0	0	0	0	145	0	0	0	0	0	0	0	22
assemblage-929-942	0	0	0	0	0	0	0	0	0	0	0	0	0	0	0	0	0	0	0	0	7	0	0	0	0	0	0	0	0	0	0	0	0	0	122	0	0	91	0	0	0	0	0	0	127	0	0	0	0	0	0	0	0	0	0	0	0	0	0	0	0	0	0	0	6	0	0	6	0	0	0	0	0	0	0	0	126	0	0	0	0	0	0	0	15
assemblage-287-849	0	0	0	0	0	0	0	0	0	0	0	0	0	0	0	0	0	0	0	0	0	0	0	0	0	0	0	0	0	0	0	0	0	0	297	0	0	0	0	0	0	0	0	0	146	0	0	0	0	0	0	0	0	0	0	0	0	0	0	0	0	0	0	5	0	0	0	0	0	0	0	19	0	0	0	0	0	0	0	0	0	0	0	0	33
assemblage-271-845	0	0	0	22	0	0	0	0	0	0	0	0	0	0	0	0	0	0	0	0	0	0	0	0	0	0	0	0	0	0	0	0	0	0	293	0	7	0	0	0	0	0	0	0	58	0	0	0	0	0	7	0	0	0	0	0	0	0	0	0	0	0	0	0	0	0	0	0	0	0	0	0	75	0	0	0	21	0	0	0	0	0	0	0	17
assemblage-131-138	0	0	0	0	0	0	0	0	0	0	0	0	0	0	0	7	0	0	0	0	0	0	12	0	0	25	0	0	0	0	0	0	0	0	0	0	0	68	0	0	0	0	0	0	168	0	0	0	0	24	0	0	0	0	0	0	0	0	0	0	0	0	0	0	0	0	0	0	0	0	0	0	0	0	0	0	163	0	0	0	0	0	0	0	33
assemblage-954-840	0	6	0	0	0	0	0	0	10	0	0	0	0	0	0	0	0	0	7	0	0	0	0	0	0	108	0	0	0	0	0	0	0	0	92	0	0	74	0	0	0	55	0	0	33	0	0	0	0	85	0	0	0	0	0	0	0	0	0	7	0	0	0	0	0	0	0	0	0	0	0	0	0	0	0	0	6	0	0	0	0	0	0	0	17
assemblage-572-224	0	0	0	0	0	0	0	0	0	0	0	0	0	0	0	0	0	0	0	16	0	0	0	0	0	0	0	0	0	0	0	0	0	0	11	0	0	0	0	15	0	0	0	0	270	0	0	0	0	0	0	0	0	0	0	0	0	0	0	0	0	0	0	0	0	0	0	0	0	0	0	0	41	0	46	0	89	0	0	0	0	0	0	0	12
assemblage-855-815	0	0	0	0	0	0	0	0	0	0	0	0	0	0	0	0	0	0	0	0	0	0	0	0	0	0	0	0	0	0	0	9	0	0	295	0	0	0	0	0	0	0	0	3	144	0	0	0	0	0	0	0	0	0	0	0	0	0	0	0	0	0	0	17	0	0	0	0	0	0	0	12	0	0	0	0	0	0	0	0	0	0	0	0	20
assemblage-905-827	0	0	0	0	0	0	0	0	0	0	0	0	0	16	0	0	0	0	0	0	0	0	10	0	0	74	0	0	0	0	0	0	0	0	166	19	0	49	0	0	0	0	0	0	66	0	0	0	0	0	0	0	0	0	0	0	0	0	52	0	0	0	0	0	0	0	0	0	0	0	0	0	0	0	0	0	42	0	0	0	0	0	0	0	6
assemblage-486-677	0	0	0	0	10	0	0	23	0	0	0	0	0	0	0	0	8	0	187	0	0	0	0	0	5	0	0	0	0	0	0	0	0	0	0	0	0	244	0	0	0	0	0	0	15	0	0	0	0	0	0	0	0	0	0	0	0	0	0	0	0	0	0	0	0	0	0	0	0	0	0	0	0	0	0	0	0	0	0	0	0	0	0	0	8
assemblage-926-782	0	0	0	0	0	0	0	0	13	0	0	0	0	0	0	0	0	0	22	0	0	0	0	0	0	62	0	0	0	0	0	0	0	0	55	0	0	39	5	0	0	28	0	0	149	0	0	0	0	0	0	0	22	0	0	0	0	10	0	6	0	37	0	0	0	0	0	0	0	0	0	0	0	0	0	0	30	0	0	0	0	0	0	0	22
assemblage-912-785	0	0	0	0	0	0	0	0	0	0	0	0	0	0	2	0	0	0	41	0	0	0	0	0	0	42	0	0	0	0	0	0	0	0	84	0	0	106	0	0	0	7	0	0	77	0	0	0	0	0	0	0	0	0	0	0	0	0	0	0	0	0	0	0	0	0	0	0	0	0	0	0	0	0	0	0	120	0	0	0	0	0	0	0	21
assemblage-920-952	0	0	0	0	0	0	0	0	0	0	0	0	0	0	0	0	0	0	0	0	0	0	27	0	0	27	0	0	0	0	0	26	0	0	90	0	0	25	0	0	0	0	0	0	46	0	0	12	0	0	0	0	0	0	0	0	0	0	0	0	0	0	0	0	0	0	0	0	0	0	0	0	0	0	0	0	232	0	0	0	0	0	0	0	15
assemblage-262-234	0	0	0	0	0	0	0	0	0	0	0	0	0	0	0	0	0	0	0	0	0	0	0	0	0	8	0	0	0	0	0	0	0	0	148	0	0	0	0	0	0	7	0	0	67	0	0	0	0	68	0	0	0	0	0	0	0	0	75	0	0	0	0	0	0	0	0	0	0	0	0	0	0	0	0	0	65	0	0	0	39	0	0	0	23
assemblage-779-935	0	0	0	0	0	0	0	0	0	0	0	21	0	7	0	0	0	0	0	0	0	0	24	0	0	46	0	0	0	0	0	0	0	0	27	0	0	83	0	0	0	5	0	0	74	0	0	0	0	13	0	0	0	0	0	0	0	0	13	0	0	0	0	0	0	0	0	0	0	0	0	0	0	0	0	0	178	0	0	0	0	0	0	0	9
assemblage-661-958	0	0	0	0	0	0	0	0	0	0	0	0	0	49	0	0	0	0	10	0	0	0	13	0	0	11	0	0	0	0	0	0	0	0	15	0	0	31	0	0	0	56	0	0	94	0	0	0	0	18	0	0	0	0	0	0	0	0	70	0	0	0	0	0	0	0	0	0	0	0	0	0	0	0	0	0	128	0	0	0	0	0	0	0	5
assemblage-905-835	0	0	0	0	0	0	0	0	0	0	0	19	0	0	0	0	0	0	0	0	0	0	37	0	0	46	0	0	0	0	0	0	0	0	44	0	0	97	0	0	0	4	0	0	51	0	0	0	0	6	0	0	0	0	0	0	0	0	7	0	0	0	0	0	0	0	0	0	0	0	0	0	0	0	0	0	178	0	0	0	0	0	0	0	11
assemblage-243-239	0	0	0	0	0	0	0	0	0	0	0	0	0	15	0	0	0	0	0	0	0	0	7	0	0	81	0	0	0	0	0	0	0	0	163	11	0	48	0	0	0	7	0	0	72	0	0	0	0	0	0	0	0	0	0	0	0	0	54	0	0	0	0	0	0	0	0	0	0	0	0	0	0	0	0	0	34	0	0	0	0	0	0	0	8
assemblage-628-437	0	0	0	0	0	0	0	0	0	0	0	0	0	0	0	0	0	0	0	0	0	0	0	0	0	0	0	0	0	0	0	0	0	0	289	0	0	0	0	0	0	0	0	0	155	0	0	0	0	0	0	0	0	0	0	0	0	0	0	0	0	0	0	10	0	0	0	0	0	0	0	24	0	0	0	0	0	0	0	0	0	0	0	0	22
assemblage-615-421	0	0	0	0	0	0	0	0	0	0	0	0	0	0	0	0	0	0	0	0	0	0	0	0	0	0	0	0	0	0	0	0	0	0	303	0	0	0	0	0	0	0	0	3	141	0	0	0	0	0	0	0	0	0	0	0	0	0	0	0	0	0	0	10	0	0	0	0	0	0	0	23	0	0	0	0	0	0	0	0	0	0	0	0	20
assemblage-844-496	0	0	0	0	0	0	0	0	105	0	0	0	0	0	0	0	0	0	10	0	0	6	0	0	0	0	0	0	0	0	0	0	0	0	0	0	0	40	0	0	0	0	0	0	221	0	0	0	0	0	0	0	0	0	0	0	0	0	0	0	0	0	0	0	0	0	0	0	0	0	0	0	0	0	0	0	106	0	0	0	0	0	0	0	12
assemblage-661-956	0	0	0	0	0	0	0	0	0	0	0	0	0	12	21	0	0	0	0	0	0	0	0	0	0	75	0	0	0	0	0	0	0	0	105	0	0	153	0	0	0	0	0	0	35	0	0	0	0	0	0	0	0	0	0	0	0	0	0	0	0	0	0	0	0	0	0	0	0	0	0	0	0	7	0	0	73	0	0	0	0	0	0	0	19
assemblage-939-810	0	0	0	0	0	0	0	0	0	0	0	0	0	0	0	0	0	0	0	5	0	0	46	0	0	0	5	0	0	0	0	49	0	0	182	0	0	0	0	0	0	0	0	0	141	0	0	0	0	0	0	0	0	0	13	0	0	0	0	0	0	0	0	0	0	0	0	0	0	0	0	0	0	0	0	0	48	0	0	0	0	0	0	0	11
assemblage-928-765	0	1	0	0	0	0	0	0	9	0	0	0	0	0	0	0	0	0	9	0	0	0	0	0	0	90	0	0	0	0	0	0	0	0	103	0	0	67	0	0	0	86	0	0	27	0	0	0	0	74	0	0	0	0	0	0	0	0	0	0	0	0	0	0	0	0	0	0	0	0	0	0	0	0	0	0	17	0	0	0	0	0	0	0	17
assemblage-928-796	0	0	0	0	0	0	0	0	0	0	0	0	0	0	0	0	0	0	0	40	0	0	0	0	0	0	0	0	0	0	0	30	0	0	134	0	0	0	0	28	0	0	0	0	104	0	0	0	0	0	0	0	0	3	0	0	0	0	0	0	0	0	0	0	0	0	0	0	0	0	0	0	0	0	0	0	139	0	0	0	0	0	0	0	22
assemblage-768-990	0	0	0	0	0	0	0	0	0	0	0	0	0	0	0	10	0	0	0	9	0	0	59	0	0	0	0	0	0	19	0	22	0	0	37	0	0	0	0	0	0	0	0	0	207	0	0	0	0	0	0	0	0	0	0	0	0	0	0	0	0	0	0	0	0	0	0	0	0	0	0	0	0	0	0	0	106	0	0	0	0	0	0	0	31
assemblage-877-553	0	0	0	0	0	0	0	0	0	0	0	0	0	0	120	0	0	0	68	0	0	0	0	0	0	85	0	0	0	0	0	0	0	0	68	0	0	105	0	0	0	0	0	0	12	0	0	0	0	9	0	0	0	0	0	0	0	0	0	0	0	0	0	0	0	0	0	0	0	0	0	0	0	0	0	0	26	0	0	0	0	0	0	0	7
assemblage-255-927	0	0	0	0	0	0	0	0	0	0	0	0	0	0	125	0	0	0	40	0	0	0	0	0	0	79	0	0	0	0	0	0	0	0	62	0	0	131	0	0	0	0	0	0	22	0	0	0	0	28	0	0	0	0	0	0	0	0	0	0	0	0	0	0	0	0	0	0	0	0	0	0	0	0	0	0	8	0	0	0	0	0	0	0	5
assemblage-746-583	0	0	0	0	0	0	0	0	0	0	0	0	0	0	0	0	0	0	0	26	0	0	0	0	0	12	0	0	0	0	0	30	0	0	120	0	0	0	0	7	0	0	0	0	116	0	0	0	0	0	0	0	0	10	0	0	0	0	0	0	0	0	0	0	0	0	0	0	0	0	0	0	0	0	0	0	161	0	0	0	0	0	0	0	18
assemblage-507-779	0	0	0	0	0	0	0	0	0	0	0	0	0	0	0	0	0	0	0	0	0	0	0	0	0	0	0	0	0	0	0	0	0	0	289	0	0	0	0	0	0	0	0	1	162	0	0	0	0	0	0	0	0	0	0	0	0	0	0	0	0	0	0	14	0	0	0	0	0	0	0	15	0	0	0	0	0	0	0	0	0	0	0	0	19
assemblage-199-466	0	0	0	0	0	0	0	0	0	0	0	0	0	0	0	0	0	0	209	0	0	0	0	0	0	32	0	0	0	0	0	0	0	0	36	0	0	127	0	0	0	19	0	0	40	0	0	0	0	0	0	0	0	0	0	0	0	0	0	0	10	14	0	0	0	0	0	0	0	0	0	0	0	0	0	0	0	0	0	0	0	0	0	0	13
assemblage-204-396	0	0	0	0	0	0	0	0	0	0	0	0	40	0	0	0	0	4	42	0	0	0	0	0	0	50	0	0	0	0	0	0	0	0	56	5	0	103	0	0	0	14	0	0	136	0	0	0	0	1	0	0	0	0	0	0	0	0	0	0	0	0	0	0	0	0	0	0	0	0	0	0	0	0	0	0	33	0	0	0	0	0	0	0	16
assemblage-94-494	0	0	0	0	0	0	0	0	0	0	0	0	0	0	105	0	0	0	35	0	0	0	0	0	0	71	0	0	0	0	0	0	0	0	82	0	0	124	0	0	0	0	0	0	32	0	0	0	0	29	0	0	0	0	0	0	0	0	0	0	0	0	0	0	0	0	0	0	0	0	0	0	0	0	0	0	18	0	0	0	0	0	0	0	4
assemblage-488-381	0	0	9	0	0	0	0	0	0	0	0	0	0	0	0	0	0	0	0	102	0	0	0	0	0	55	0	0	0	0	0	51	0	0	18	0	0	25	0	0	0	0	0	0	99	0	0	0	0	0	0	0	0	0	0	0	0	0	0	0	0	0	0	0	0	0	0	0	0	0	0	0	0	0	0	0	131	0	0	0	0	0	0	0	10
assemblage-887-564	0	0	0	0	0	0	0	0	0	0	0	0	0	3	0	0	0	0	50	0	0	0	0	0	0	5	0	0	0	0	0	0	0	0	0	0	0	171	0	0	0	16	0	0	67	0	0	0	0	0	0	0	0	0	0	0	0	0	0	0	0	0	0	0	0	0	0	0	0	0	0	0	0	0	0	0	171	0	0	0	0	0	0	0	17
assemblage-502-373	0	0	0	0	0	0	0	0	0	0	0	0	0	0	0	0	0	0	0	31	0	0	0	0	0	13	0	0	0	0	0	23	0	0	139	0	0	0	0	12	0	0	0	0	108	0	0	0	0	0	0	0	0	11	0	0	0	0	0	0	0	0	0	0	0	0	0	0	0	0	0	0	0	0	0	0	145	0	0	0	0	0	0	0	18
assemblage-928-943	0	0	23	0	0	0	0	0	0	0	0	0	0	0	0	0	0	0	0	0	0	0	53	0	0	0	0	0	0	33	0	14	0	0	107	0	0	36	0	0	0	0	0	0	120	0	0	0	0	0	0	0	0	0	0	0	0	0	0	0	0	0	0	0	0	0	0	7	0	0	0	0	0	0	0	0	98	0	0	0	0	0	0	0	9
assemblage-984-775	0	0	0	0	0	0	0	0	0	0	0	0	0	8	19	0	0	0	0	0	0	0	0	0	0	80	0	0	0	0	0	0	0	0	102	0	0	123	0	0	0	0	0	0	41	0	0	0	0	0	0	0	0	0	0	0	4	0	0	0	0	0	0	0	0	0	0	0	0	0	0	0	0	9	0	0	96	0	0	0	0	0	0	0	18
assemblage-896-831	0	0	0	0	0	0	0	0	0	0	0	0	0	7	0	0	0	0	0	0	0	0	0	6	0	8	0	0	0	0	0	0	0	0	156	0	0	7	0	0	0	0	0	0	66	0	0	0	0	49	0	0	0	0	0	0	0	0	60	0	0	0	0	0	0	0	0	0	0	0	0	0	0	0	0	0	86	0	0	0	39	0	0	0	16
assemblage-866-568	0	0	0	0	0	0	0	0	0	0	0	0	0	0	0	0	0	0	13	0	0	0	0	0	0	80	0	0	0	0	0	0	0	0	161	0	0	76	0	0	0	42	0	0	29	11	0	0	0	43	0	0	0	0	0	0	0	0	0	0	0	0	0	0	0	0	6	0	0	0	0	0	0	0	0	0	0	0	0	27	0	0	0	0	12
assemblage-190-406	0	0	0	0	0	0	0	0	0	8	0	0	70	25	0	0	0	0	0	0	0	0	0	0	0	55	0	0	0	0	0	0	0	0	139	0	0	124	0	0	0	0	0	0	8	0	0	0	0	0	0	0	0	0	0	0	0	0	0	0	0	0	0	0	0	0	0	0	0	0	0	0	0	0	0	0	54	0	0	0	0	0	0	0	17
assemblage-527-780	0	0	0	24	0	0	0	0	0	0	0	0	0	0	0	0	0	0	0	0	0	0	0	0	0	0	0	0	0	0	0	2	0	0	304	0	5	0	0	0	0	0	0	0	54	0	0	0	0	0	12	0	0	0	0	0	0	0	0	0	0	0	0	0	0	0	0	0	0	0	0	0	68	0	0	0	16	0	0	0	0	0	0	0	15
assemblage-936-773	0	0	0	0	0	0	0	0	20	0	0	0	0	0	0	0	0	0	22	0	0	0	0	0	0	61	0	0	0	0	0	0	0	0	72	0	0	35	4	0	0	25	0	0	134	0	0	0	0	0	0	0	23	0	0	0	0	8	0	5	0	46	0	0	0	0	0	0	0	0	0	0	0	0	0	0	35	0	0	0	0	0	0	0	10
assemblage-627-775	0	0	0	0	0	0	0	0	0	0	0	0	0	0	0	4	0	0	0	8	0	0	42	0	0	0	0	0	0	13	0	25	0	0	49	0	0	4	0	0	0	0	0	0	216	0	0	0	0	0	0	0	0	0	0	0	0	0	0	0	0	0	0	0	0	0	0	0	0	0	0	0	0	0	0	0	120	0	0	0	0	0	0	0	19
assemblage-602-776	0	0	0	0	0	0	0	0	0	0	0	0	0	0	0	13	0	0	0	11	0	0	40	0	0	0	0	0	0	14	0	34	0	0	57	0	0	0	0	0	0	0	0	0	190	0	0	0	0	0	0	0	0	0	0	0	0	0	0	0	0	0	0	0	0	0	0	0	0	0	0	0	0	0	0	0	114	0	0	0	0	0	0	0	27
assemblage-116-151	0	0	0	0	0	0	0	0	0	0	0	0	0	0	0	0	0	0	0	0	0	0	10	0	0	46	0	0	0	0	0	19	0	0	80	0	0	0	0	0	19	0	0	0	132	0	0	0	0	0	0	0	0	0	0	0	0	0	21	0	0	0	0	0	0	0	0	0	0	0	0	0	0	0	0	0	153	0	0	0	0	0	0	0	20
assemblage-97-795	0	0	0	0	0	0	0	0	0	0	0	0	0	0	0	0	0	0	0	9	0	0	0	0	0	0	0	0	0	0	0	14	0	0	152	0	0	0	0	4	0	0	0	0	220	0	0	0	0	0	0	0	0	0	0	0	0	0	0	0	0	0	0	0	0	0	0	0	0	0	0	0	8	0	21	0	60	0	0	0	0	0	0	0	12
assemblage-944-801	0	0	6	0	0	0	0	0	0	0	0	0	0	0	0	0	0	0	0	143	0	0	0	0	0	38	0	0	0	0	0	43	0	0	19	0	0	30	0	0	0	0	0	0	108	0	0	0	0	0	0	0	0	0	0	0	0	0	0	0	0	0	0	0	0	0	0	0	0	0	0	0	0	0	0	0	102	0	0	0	0	0	0	0	11
assemblage-745-591	0	0	0	0	0	0	0	0	0	0	0	0	0	0	0	0	0	0	0	34	0	0	0	0	0	9	0	0	0	0	0	46	0	0	136	0	0	3	0	11	0	0	0	0	101	0	0	0	0	0	0	0	0	11	0	0	0	0	0	0	0	0	0	0	0	0	0	0	0	0	0	0	0	0	0	0	139	0	0	0	0	0	0	0	10
assemblage-541-768	0	0	0	0	0	0	0	0	0	0	0	0	0	0	0	0	0	0	0	0	0	0	0	0	0	0	0	0	0	0	0	66	0	0	236	0	0	0	0	0	0	0	0	0	138	0	0	0	0	0	0	0	0	0	0	0	0	0	0	0	0	0	0	0	0	0	0	0	0	0	0	0	0	0	0	0	51	0	0	0	0	0	0	0	9
assemblage-1000-776	0	0	0	0	0	0	0	0	0	0	0	0	54	0	0	0	0	6	44	0	0	0	0	0	0	63	0	0	0	0	0	0	0	0	47	8	0	56	0	0	0	12	0	0	161	0	0	0	0	0	0	0	0	0	0	0	0	0	0	0	0	0	0	0	0	0	0	0	0	0	0	0	0	0	0	0	28	0	0	0	0	0	0	0	21
assemblage-956-899	0	0	0	0	0	0	0	0	0	0	0	0	0	0	0	0	0	0	0	0	0	0	0	0	0	0	0	0	0	0	0	0	0	0	262	0	0	0	0	0	0	0	0	0	0	0	11	0	0	0	0	0	59	0	0	0	0	0	0	0	0	101	0	0	0	0	0	0	0	0	0	0	0	0	0	0	0	0	52	0	0	0	0	0	15
assemblage-504-675	0	0	0	0	6	0	0	18	0	0	0	0	0	0	0	0	9	0	166	0	0	0	0	0	7	0	0	0	0	0	0	0	0	0	0	0	0	257	0	0	0	0	0	0	36	0	0	0	0	0	0	0	0	0	0	0	0	0	0	0	0	0	0	0	0	0	0	0	0	0	0	0	0	0	0	0	0	0	0	0	0	0	0	0	1
assemblage-983-757	0	0	0	0	0	0	0	0	0	0	0	0	0	45	0	0	0	0	13	0	0	0	3	0	0	33	0	0	0	0	0	0	0	0	11	0	0	44	0	0	0	78	0	0	81	0	0	0	0	14	0	0	0	0	0	0	0	0	53	0	0	0	0	0	0	0	0	0	0	0	0	0	0	0	0	0	121	0	0	0	0	0	0	0	4
assemblage-974-919	0	0	0	0	0	0	0	0	0	0	0	0	0	0	0	0	0	0	0	0	0	0	0	0	0	0	0	0	0	0	0	0	0	0	270	0	0	0	0	0	0	0	0	0	0	0	15	0	0	0	0	0	65	0	0	0	0	0	0	0	0	110	0	0	0	0	0	0	0	0	0	0	0	0	0	0	0	0	31	0	0	0	0	0	9
assemblage-774-931	0	0	0	0	0	0	0	0	0	0	0	0	0	0	0	0	0	0	0	0	0	0	14	0	0	27	0	0	0	0	0	0	0	0	46	0	0	34	0	0	0	55	0	0	148	0	0	0	0	5	0	0	0	0	0	0	0	0	0	0	0	0	0	0	0	0	0	0	0	0	0	0	0	0	0	0	153	0	0	0	0	0	0	0	18
assemblage-125-165	0	0	0	0	0	0	0	0	0	0	0	0	0	0	0	0	0	0	0	0	0	0	14	0	0	62	0	0	0	0	0	34	0	0	55	0	0	0	0	0	12	0	0	0	144	0	0	0	0	0	0	0	0	0	0	0	0	0	9	0	0	0	0	0	0	0	0	3	0	0	0	0	0	0	0	0	154	0	0	0	0	0	0	0	13
assemblage-497-361	0	0	0	0	0	0	0	0	0	0	0	0	0	0	0	0	0	0	0	28	0	0	0	0	0	0	0	0	0	0	0	50	0	0	150	0	0	8	0	13	0	0	0	0	109	0	0	0	0	0	0	0	0	0	0	0	0	0	0	0	0	0	0	0	0	0	0	0	0	0	0	0	0	0	0	0	125	0	0	0	0	0	0	0	17
assemblage-266-940	0	0	0	0	0	0	0	0	0	0	0	0	42	0	0	0	0	0	7	0	0	0	0	0	0	172	0	6	0	0	0	0	0	0	85	0	0	45	0	0	0	20	0	0	53	0	0	0	0	60	0	0	0	0	0	0	0	0	0	0	0	0	0	0	0	0	0	0	0	0	0	0	0	0	0	0	0	0	0	0	0	0	0	0	10
assemblage-103-772	0	0	0	0	0	0	0	0	0	0	0	0	0	0	0	0	0	0	0	0	0	0	0	0	0	0	0	0	0	0	0	0	0	0	234	0	0	0	0	6	0	0	0	0	164	0	0	0	0	0	0	0	0	0	0	7	0	0	0	0	0	0	0	0	0	0	0	0	0	0	0	10	0	0	18	0	54	0	0	0	0	0	0	0	7
assemblage-245-235	0	0	0	0	0	0	0	0	0	0	0	0	0	7	0	0	0	0	0	0	0	0	17	0	0	69	0	0	0	0	0	0	0	0	139	27	0	44	0	0	0	0	0	0	83	0	0	0	0	0	0	0	0	0	0	0	0	0	60	0	0	0	0	0	0	0	0	0	0	0	0	0	0	0	0	0	44	0	0	0	0	0	0	0	10
assemblage-419-440	0	0	0	0	0	0	0	0	0	0	0	0	0	0	0	0	0	0	0	0	0	0	0	0	0	91	0	0	0	0	0	0	0	0	0	0	0	0	0	0	0	245	0	0	0	0	0	0	0	90	0	0	0	0	0	0	0	0	0	0	0	17	0	0	0	0	0	0	0	0	8	0	0	0	0	0	0	38	0	0	0	0	0	0	11
assemblage-106-789	0	0	0	0	0	0	0	0	0	0	0	0	0	0	0	0	0	0	0	18	0	0	0	0	0	0	0	0	0	0	0	59	0	0	144	0	0	0	0	0	0	0	0	0	235	0	0	0	0	0	0	0	0	0	0	0	0	0	0	0	0	0	0	0	0	0	0	0	0	0	0	0	0	0	0	0	27	0	0	0	0	0	0	0	17
assemblage-393-805	0	0	0	0	0	0	0	0	0	0	0	0	0	0	0	0	0	0	196	0	0	0	0	0	0	35	0	0	0	0	0	0	0	0	35	0	0	143	0	0	0	30	0	0	23	0	0	0	0	0	0	0	0	0	0	0	0	0	0	0	10	17	0	0	0	0	0	0	0	0	0	0	0	0	0	0	0	0	0	0	0	0	0	0	11
assemblage-752-974	0	0	27	0	0	0	0	0	0	0	0	0	0	0	0	0	0	0	0	0	0	0	51	0	0	0	0	0	0	31	0	23	3	0	86	0	0	49	0	0	0	0	0	0	123	0	0	0	0	0	0	0	0	0	0	0	0	0	0	0	0	0	0	0	0	0	0	0	0	0	0	0	0	0	0	0	90	0	0	0	0	0	0	0	17
assemblage-922-961	0	0	0	0	0	0	0	0	0	0	0	0	0	0	0	0	0	0	0	0	12	0	0	0	0	0	0	0	0	0	0	0	0	0	115	0	0	97	0	0	0	0	0	0	128	0	0	0	0	0	0	0	0	0	0	0	0	0	0	0	0	0	0	0	9	0	0	14	0	0	0	0	0	0	0	0	108	0	0	0	0	0	0	0	17
assemblage-393-803	0	0	0	0	0	0	0	0	12	0	0	0	0	0	0	0	0	0	17	0	0	0	0	0	0	62	0	0	0	0	0	0	0	0	72	0	0	27	8	0	0	18	0	0	144	0	0	0	0	0	0	0	27	0	0	0	0	17	0	11	0	35	0	0	0	0	0	0	0	0	0	0	0	0	0	0	24	0	0	0	0	0	0	0	26
assemblage-739-314	0	0	0	0	0	0	0	0	0	0	0	0	0	0	0	0	0	0	0	21	0	0	0	0	0	0	0	0	0	0	0	0	0	0	10	0	0	0	0	18	0	0	0	0	235	0	0	0	0	0	0	0	0	0	0	0	0	0	0	0	0	0	0	0	0	0	0	0	0	0	0	0	42	0	57	0	96	0	0	0	0	0	0	0	21
assemblage-497-349	0	0	5	0	0	0	0	0	0	0	0	0	0	0	0	0	0	0	0	111	0	0	0	0	0	50	0	0	0	0	0	55	0	0	22	0	0	26	0	0	0	0	0	0	107	0	0	0	0	0	0	0	0	0	0	0	0	0	0	0	0	0	0	0	0	0	0	0	0	0	0	0	0	0	0	0	117	0	0	0	0	0	0	0	7
assemblage-248-931	0	0	0	0	0	0	0	0	0	0	0	0	24	0	0	0	0	0	17	0	0	0	0	0	0	215	0	2	0	0	0	0	0	0	81	0	0	39	0	0	0	10	0	0	58	0	0	0	0	40	0	0	0	0	0	0	0	0	0	0	0	0	0	0	0	0	0	0	0	0	0	0	0	0	0	0	0	0	0	0	0	0	0	0	14
assemblage-969-107	0	0	0	0	0	0	0	0	0	0	0	0	0	0	0	0	0	0	0	0	0	0	0	0	0	0	0	0	0	0	0	0	0	0	193	0	0	0	0	0	0	0	0	0	220	0	0	0	0	0	0	0	0	0	0	0	0	0	0	0	0	0	0	0	0	0	0	0	0	0	0	0	0	0	0	0	70	0	0	0	0	0	0	0	17
assemblage-711-781	0	0	0	0	0	0	0	0	0	0	0	0	0	0	0	0	0	0	0	0	0	0	10	0	0	49	0	0	0	0	0	29	0	0	59	0	0	0	0	0	9	0	0	0	157	0	0	0	0	0	0	0	0	0	0	0	0	0	17	0	0	0	0	0	0	0	0	0	0	0	0	0	0	0	0	0	156	0	0	0	0	0	0	0	14
assemblage-521-793	0	0	0	0	0	0	0	0	0	0	0	0	0	0	0	0	0	0	0	0	0	0	0	0	0	0	0	0	0	0	0	62	0	0	208	0	0	0	0	0	0	0	0	0	167	0	0	0	0	0	0	0	0	0	0	0	0	0	0	0	0	0	0	0	0	0	0	0	0	0	0	0	0	0	0	0	52	0	0	0	0	8	0	0	3
assemblage-968-117	0	0	0	0	0	0	0	0	0	0	0	0	0	0	0	0	0	0	0	14	0	0	0	0	0	0	0	0	0	0	0	0	0	0	13	0	0	0	0	11	0	0	0	0	289	0	0	0	0	0	0	0	0	0	0	0	0	0	0	0	0	0	0	0	0	0	0	0	0	0	0	0	29	0	50	0	84	0	0	0	0	0	0	0	10
assemblage-866-658	0	0	0	0	0	0	0	0	0	0	0	0	31	0	0	0	0	0	6	0	0	0	0	0	0	199	0	12	0	0	0	0	0	0	60	0	0	43	0	0	0	11	0	0	63	0	0	0	0	63	0	0	0	0	0	0	0	0	0	0	0	0	0	0	0	0	0	0	0	0	0	0	0	0	0	0	0	0	0	0	0	0	0	0	12
assemblage-114-780	0	0	0	0	0	0	0	0	0	0	0	0	0	0	0	0	0	0	0	0	0	0	0	0	0	0	0	0	0	0	0	0	0	0	204	0	0	0	0	0	0	0	0	0	205	0	0	0	0	0	0	0	0	0	0	0	0	0	0	0	0	0	0	0	0	0	0	0	0	0	0	0	0	0	0	0	69	0	0	0	0	0	0	0	22
assemblage-874-653	0	0	0	0	0	0	0	0	0	0	0	0	0	15	0	0	0	0	37	0	0	0	0	0	0	10	0	0	0	0	0	0	0	0	0	0	0	157	0	0	0	9	0	0	72	0	0	0	0	0	0	0	0	0	0	0	0	0	0	0	0	0	0	0	0	0	0	0	0	0	0	0	0	0	0	0	181	0	0	0	0	0	0	0	19
assemblage-771-946	0	0	0	0	0	0	0	0	0	0	0	0	0	0	0	12	0	0	0	5	0	0	39	0	0	0	0	0	0	12	0	20	0	0	36	0	0	0	0	0	0	0	0	0	228	0	0	0	0	0	0	0	0	0	0	0	0	0	0	0	0	0	0	0	0	0	0	0	0	0	0	0	0	0	0	0	118	0	0	0	0	0	0	0	30
assemblage-905-929	0	0	0	0	0	0	0	0	0	0	0	0	0	0	0	0	0	0	0	0	0	0	32	0	0	25	0	0	0	0	0	0	0	0	61	0	0	58	0	0	0	0	0	0	13	0	0	23	0	56	0	0	0	0	0	0	0	0	0	0	0	0	0	0	0	0	0	0	0	0	0	0	0	0	0	0	157	0	0	0	64	0	0	0	11
assemblage-843-512	0	0	0	0	0	0	0	0	84	0	0	0	0	0	0	0	0	0	12	0	0	17	0	0	0	0	0	0	0	0	0	0	0	0	0	0	0	41	0	0	0	0	0	0	234	0	0	0	0	0	0	0	0	0	0	0	0	0	0	0	0	0	0	0	0	0	0	0	0	0	0	0	0	0	0	0	98	0	0	0	0	0	0	0	14
assemblage-942-784	0	0	3	0	0	0	0	0	0	0	0	0	0	0	0	0	0	0	0	134	0	0	0	0	0	45	0	0	0	0	0	57	0	0	26	0	0	16	0	0	0	0	0	0	101	0	0	0	0	0	0	0	0	0	0	0	0	0	0	0	0	0	0	0	0	0	0	0	0	0	0	0	0	0	0	0	108	0	0	0	0	0	0	0	10
assemblage-135-471	0	0	0	0	0	0	0	0	0	0	0	0	0	0	107	0	0	0	54	0	0	0	0	0	0	96	0	0	0	0	0	0	0	0	66	0	0	109	0	0	0	0	0	0	21	0	0	0	0	20	0	0	0	0	0	0	0	0	0	0	0	0	0	0	0	0	0	0	0	0	0	0	0	0	0	0	18	0	0	0	0	0	0	0	9
assemblage-765-587	0	0	11	0	0	0	0	0	0	0	0	0	0	0	0	0	0	0	0	0	0	0	0	0	0	8	0	0	0	0	0	24	0	0	204	0	0	24	0	0	0	0	6	0	124	0	0	0	0	0	0	0	0	0	0	0	0	0	0	0	0	0	0	0	0	0	0	0	0	0	0	0	0	0	0	0	83	0	0	0	0	0	0	0	16
assemblage-902-934	0	0	0	0	0	0	0	0	0	0	0	0	0	0	0	0	0	0	0	0	0	0	47	0	0	16	0	0	0	0	0	0	0	0	47	0	0	85	0	0	0	0	0	0	12	0	0	30	0	50	0	0	0	0	0	0	0	0	0	0	0	0	0	0	0	0	0	0	0	0	0	0	0	0	0	0	145	0	0	0	50	0	0	0	18
assemblage-746-290	0	0	0	0	0	0	0	0	0	0	0	0	0	0	0	0	0	0	0	5	0	0	0	0	0	0	0	0	0	0	0	0	0	0	242	0	0	0	0	0	0	0	0	0	147	0	0	0	0	0	0	0	0	0	0	7	0	0	0	0	0	0	0	0	0	0	0	0	0	0	0	10	0	0	24	0	51	0	0	0	0	0	0	0	14
assemblage-862-661	0	0	0	0	0	0	0	0	0	0	0	0	0	0	138	0	0	0	44	0	0	0	0	0	0	70	0	0	0	0	0	0	0	0	55	0	0	128	0	0	0	0	0	0	22	0	0	0	0	26	0	0	0	0	0	0	0	0	0	0	0	0	0	0	0	0	0	0	0	0	0	0	0	0	0	0	9	0	0	0	0	0	0	0	8
assemblage-186-430	0	0	0	0	0	0	0	0	0	0	0	0	7	11	14	0	0	0	0	0	0	0	0	0	0	60	0	0	0	0	0	0	0	0	116	0	0	162	0	0	0	0	0	0	29	0	0	0	0	0	0	0	0	0	0	0	0	0	0	0	0	0	0	0	0	0	0	0	0	0	0	0	0	10	0	0	68	0	0	0	0	0	0	0	23
assemblage-959-848	0	0	0	0	0	0	0	0	17	0	0	0	0	0	0	0	0	0	18	0	0	0	0	0	0	37	0	0	0	0	0	0	0	0	75	0	0	22	11	0	0	29	0	0	155	0	0	0	0	0	0	0	15	0	0	0	0	29	0	12	0	32	0	0	0	0	0	0	0	0	0	0	0	0	0	0	29	0	0	0	0	0	0	0	19
assemblage-122-489	0	0	0	0	0	0	0	0	0	0	0	0	0	0	0	0	0	0	17	0	0	0	0	0	0	75	0	0	0	0	0	0	0	0	160	0	0	90	0	0	0	63	0	0	27	0	0	0	0	22	0	0	0	0	0	0	0	0	0	0	0	0	0	0	0	0	0	0	0	0	0	0	0	0	0	0	0	0	0	17	0	0	0	0	29
assemblage-522-758	0	0	0	0	0	0	0	0	0	0	0	0	0	0	0	0	0	0	0	0	0	0	0	0	0	0	0	0	0	0	0	17	0	0	301	0	0	0	0	0	0	0	0	12	130	0	0	0	0	0	0	0	0	0	0	0	0	0	0	0	0	0	0	0	0	0	0	0	9	0	0	0	3	0	0	0	13	0	0	0	0	0	0	0	15
assemblage-923-961	0	0	4	0	0	0	0	0	0	0	0	0	0	0	0	0	0	0	0	0	0	0	34	0	0	5	0	0	0	12	0	19	0	0	89	0	0	45	0	0	0	0	0	0	132	0	0	0	0	0	0	0	0	0	0	0	0	0	0	0	0	0	0	0	0	0	0	0	0	0	0	0	0	0	0	0	128	0	0	0	0	0	0	0	32
assemblage-176-91	0	0	0	0	0	0	0	0	0	0	0	0	0	18	16	0	0	0	0	0	0	0	0	0	0	82	0	0	0	0	0	0	0	0	136	0	0	117	0	0	0	0	0	0	40	0	0	0	0	0	0	0	0	0	0	0	3	0	0	0	0	0	0	0	0	0	0	0	0	0	0	0	0	11	0	0	60	0	0	0	0	0	0	0	17
assemblage-200-472	0	0	0	0	0	0	0	0	4	0	0	0	0	0	0	0	0	0	54	0	0	0	0	0	0	63	0	0	0	0	0	0	0	0	74	0	0	73	0	0	0	35	0	0	76	0	0	0	0	22	0	0	4	0	0	0	0	0	0	0	0	14	0	0	0	0	0	0	0	0	0	0	0	0	0	0	50	0	0	0	0	0	0	0	31
assemblage-953-864	0	0	0	0	0	0	0	0	3	0	0	0	0	0	0	0	0	0	8	0	0	0	0	0	0	98	0	0	0	0	0	0	0	0	109	0	0	50	0	0	0	73	0	0	23	0	0	0	0	105	0	0	0	0	0	0	0	0	0	14	0	0	0	0	0	0	0	0	0	0	0	0	0	0	0	0	6	0	0	0	0	0	0	0	11
assemblage-492-215	0	0	0	0	0	0	0	0	0	0	0	0	0	0	0	0	0	0	0	0	0	0	0	0	0	10	0	0	0	20	0	0	0	0	105	0	0	54	0	0	0	0	0	0	61	0	0	0	0	7	0	0	0	0	0	0	0	0	0	0	0	0	0	0	0	0	0	0	0	0	0	0	0	0	0	0	236	0	0	0	0	0	0	0	7
assemblage-706-788	0	0	0	0	0	0	0	0	0	0	0	0	0	0	0	0	0	0	0	0	0	0	35	0	0	28	0	0	0	0	0	0	0	0	43	0	0	52	0	0	0	0	0	0	11	0	0	42	0	57	0	0	0	0	0	0	0	0	0	0	0	0	0	0	0	0	0	0	0	0	0	0	0	0	0	0	176	0	0	0	45	0	0	0	11
assemblage-177-111	0	0	0	0	0	0	0	0	0	0	0	0	0	47	0	0	0	0	13	0	0	0	5	0	0	24	0	0	0	0	0	0	0	0	17	0	0	36	0	0	0	66	0	0	91	0	0	0	0	21	0	0	0	0	0	0	0	0	57	0	0	0	0	0	0	0	0	0	0	0	0	0	0	0	0	0	119	0	0	0	0	0	0	0	4
assemblage-172-461	0	0	0	0	0	0	0	0	0	0	0	0	0	0	0	0	0	0	163	0	0	0	0	0	0	30	0	0	0	0	0	0	0	0	24	0	0	164	0	0	0	32	0	0	45	0	0	0	0	0	0	0	0	0	0	0	0	0	0	0	11	19	0	0	0	0	0	0	0	0	0	0	0	0	0	0	0	0	0	0	0	0	0	0	12
assemblage-203-418	0	0	0	0	0	0	0	0	0	6	0	0	56	24	0	0	0	0	0	0	0	0	0	0	0	54	0	0	0	0	0	0	0	0	142	0	0	131	0	0	0	0	0	0	7	0	0	0	0	0	0	0	0	0	0	0	0	0	0	0	0	0	5	0	0	0	0	0	0	0	0	0	0	0	0	0	64	0	0	0	0	0	0	0	11
assemblage-174-110	0	0	0	0	0	0	0	0	0	0	0	0	53	34	0	0	0	0	0	0	0	0	0	0	0	83	0	0	0	0	0	0	0	0	102	0	0	128	0	0	0	0	0	0	11	0	0	0	0	0	0	0	0	0	0	0	0	0	0	0	0	0	3	0	0	0	0	0	0	0	0	0	0	0	0	0	71	0	0	0	0	0	0	0	15
assemblage-522-210	0	0	0	0	0	0	0	0	0	0	0	0	0	0	0	0	0	0	0	0	0	0	0	0	0	13	0	0	0	26	0	0	0	0	95	0	0	42	0	0	0	0	0	0	71	0	0	0	0	17	0	0	0	0	0	0	0	0	0	0	0	0	0	0	0	0	0	0	0	0	0	0	0	0	0	0	223	0	0	0	0	0	0	0	13
assemblage-297-854	0	0	0	18	0	0	0	0	0	0	0	0	0	0	0	0	0	0	0	0	0	0	0	0	0	0	0	0	0	0	0	0	0	0	281	0	11	0	0	0	0	0	0	0	62	0	0	0	0	0	3	0	0	0	0	0	0	0	0	0	0	0	0	0	0	0	0	0	0	0	0	0	84	0	0	0	19	0	0	0	0	0	0	0	22
assemblage-492-366	0	0	0	0	0	0	0	0	0	0	0	0	0	0	0	0	0	0	0	125	0	0	0	0	0	54	0	0	0	0	0	40	0	0	25	0	0	21	0	0	0	0	0	0	104	0	0	0	0	0	0	0	0	0	0	0	0	0	0	0	0	0	0	0	0	0	0	0	0	0	0	0	0	0	0	0	121	0	0	0	0	0	0	0	10
assemblage-962-848	0	0	0	0	0	0	0	0	0	0	0	0	0	0	0	0	0	0	31	0	0	0	0	0	0	59	0	0	0	0	0	0	0	0	86	0	0	75	0	0	0	16	0	0	62	0	0	0	0	6	0	0	0	0	0	0	0	0	0	0	0	6	0	0	0	0	0	0	0	0	0	0	0	0	0	0	141	0	0	0	0	0	0	0	18
assemblage-806-153	0	0	0	0	0	0	0	0	0	0	0	6	0	3	0	0	0	0	0	0	0	0	10	0	0	36	0	0	0	0	0	0	0	0	86	1	0	48	0	0	0	18	0	0	97	0	0	0	0	21	0	0	0	0	0	0	0	0	44	0	0	0	0	0	0	0	0	0	0	0	0	0	0	0	0	0	112	0	0	0	8	0	0	0	10
assemblage-282-940	0	0	0	0	0	0	0	0	0	0	0	0	0	6	8	0	0	0	61	0	0	0	0	0	0	0	0	0	0	0	0	0	0	0	0	0	0	146	0	0	0	15	0	0	70	0	0	0	0	0	0	0	0	0	0	0	0	0	0	0	0	0	0	0	0	0	0	0	0	0	0	0	0	0	0	0	180	0	0	0	0	0	0	0	14
assemblage-847-825	0	0	0	20	0	0	0	0	0	0	0	0	0	0	0	0	0	0	0	0	0	0	0	0	0	0	0	0	0	0	0	6	0	0	306	0	7	0	0	0	0	0	0	0	49	0	0	0	0	0	3	0	0	0	0	0	0	0	0	0	0	0	0	0	0	0	0	0	0	0	0	0	67	0	0	0	22	0	0	0	0	0	0	0	20
assemblage-582-219	0	0	0	0	0	0	0	0	0	0	0	0	0	0	0	0	0	0	0	0	0	0	0	0	0	0	0	0	0	0	0	0	0	0	221	0	0	0	0	0	0	0	0	0	212	0	0	0	0	0	0	0	0	0	0	0	0	0	0	0	0	0	0	0	0	0	0	0	0	0	0	0	0	0	0	0	56	0	0	0	0	0	0	0	11
assemblage-163-101	0	0	0	0	0	0	0	0	0	0	0	0	30	0	0	0	0	11	44	0	0	0	0	8	0	74	0	0	0	0	0	0	0	0	42	5	0	83	0	0	0	13	0	0	148	0	0	0	0	5	0	0	0	0	0	0	0	0	0	0	0	0	0	0	0	0	0	0	0	0	0	0	0	0	0	0	24	0	0	0	0	0	0	0	13
assemblage-856-509	0	0	0	0	0	0	0	0	93	0	0	0	0	0	0	0	0	0	11	0	0	0	0	0	0	0	0	0	0	0	0	0	0	0	0	0	0	46	0	0	0	0	0	0	242	0	0	0	0	0	0	0	0	0	0	0	0	0	0	0	0	0	0	0	0	0	0	0	0	0	0	0	0	0	0	0	95	0	0	0	0	0	0	0	13
assemblage-877-571	0	0	0	0	0	0	0	0	0	0	0	0	0	6	0	0	0	0	45	0	0	0	0	0	0	0	0	0	0	0	0	0	0	0	0	0	0	175	0	0	0	7	0	0	69	0	0	0	0	0	0	0	0	0	0	0	0	0	0	0	0	0	0	0	0	0	0	0	0	0	0	0	0	0	0	0	183	0	0	0	0	0	0	0	15
assemblage-856-504	0	0	0	0	0	0	0	0	110	0	0	0	0	0	0	0	0	0	14	0	0	0	0	0	0	0	0	0	0	0	0	0	0	0	0	0	0	42	0	0	0	0	0	0	216	0	0	0	0	0	0	0	0	0	0	0	0	0	0	0	0	0	0	0	0	0	0	0	0	0	0	0	0	0	0	0	109	0	0	0	0	0	0	0	9
assemblage-776-962	0	0	0	0	0	0	0	0	0	0	0	0	0	0	0	0	0	0	0	0	0	0	50	0	0	20	0	0	0	0	0	32	0	0	96	0	0	22	0	0	0	0	0	0	47	0	0	12	0	4	0	0	0	0	0	0	0	0	0	0	0	0	0	0	0	0	0	0	0	0	0	0	0	0	0	0	206	0	0	0	0	0	0	0	11
assemblage-859-100	0	0	37	0	0	0	0	0	0	0	0	0	0	0	0	0	0	0	0	0	0	0	53	0	0	0	0	0	0	35	0	22	0	0	106	0	0	36	0	0	0	0	0	0	109	0	0	0	0	0	0	0	0	0	0	0	0	0	0	0	0	0	0	0	0	0	0	0	0	0	0	0	0	0	0	0	85	0	0	0	0	0	0	0	17
assemblage-118-500	0	0	0	0	0	0	0	0	0	0	0	0	0	0	0	0	0	0	22	0	0	0	0	0	0	77	0	0	0	0	0	0	0	0	158	0	0	68	0	0	0	71	0	0	31	6	0	0	0	25	0	0	0	0	0	0	0	0	0	0	0	0	0	0	0	0	2	0	0	0	0	0	0	0	0	0	0	0	0	28	0	0	0	0	12
assemblage-964-125	0	0	0	0	0	0	0	0	0	0	0	0	0	0	0	0	0	0	0	15	0	0	0	0	0	0	0	0	0	0	0	0	0	0	13	0	0	0	0	17	0	0	0	0	292	0	0	0	0	0	0	0	0	0	0	0	0	0	0	0	0	0	0	0	0	0	0	0	0	0	0	0	39	0	37	0	82	0	0	0	0	0	0	0	5
assemblage-870-655	0	0	0	0	0	0	0	0	0	0	0	0	0	0	130	0	0	0	34	0	0	0	0	0	0	75	0	0	0	0	0	0	0	0	60	0	0	138	0	0	0	0	0	0	16	0	0	0	0	22	0	0	0	0	0	0	0	0	0	0	0	0	0	0	0	0	0	0	0	0	0	0	0	0	0	0	19	0	0	0	0	0	0	0	6
assemblage-777-950	0	0	0	0	0	0	2	0	0	0	0	0	0	9	0	0	0	0	0	0	0	0	5	0	0	56	0	0	0	0	0	0	0	0	140	22	0	61	0	0	0	0	0	0	73	0	0	0	0	0	0	0	0	0	0	0	0	0	78	0	0	0	0	0	0	0	0	0	0	0	0	0	0	0	0	0	47	0	0	0	0	0	0	0	7
assemblage-99-491	0	0	0	0	0	0	0	0	0	0	0	0	0	0	0	0	0	0	10	0	0	0	0	0	0	108	0	0	0	0	0	0	0	0	145	0	0	56	0	0	0	52	0	0	20	10	0	0	0	46	0	0	0	0	0	0	0	0	0	0	0	0	0	0	0	0	7	0	0	0	0	0	0	0	0	0	0	0	0	29	0	0	0	0	17
assemblage-664-969	0	0	0	0	0	0	0	0	0	2	0	0	50	15	0	0	0	0	0	0	0	0	0	0	0	64	0	0	0	0	0	0	0	0	125	0	0	147	0	0	0	0	0	0	10	0	0	0	0	0	0	0	0	0	0	0	0	0	0	0	0	0	8	0	0	0	0	0	0	0	0	0	0	0	0	0	64	0	0	0	0	0	0	0	15
assemblage-131-161	0	0	0	0	0	0	0	0	0	0	0	0	0	0	0	0	0	0	0	0	0	0	0	0	0	8	0	0	0	18	0	0	0	0	85	0	0	48	0	0	0	0	0	0	65	0	0	0	0	11	0	0	0	0	0	0	0	0	0	0	0	0	0	0	0	0	0	0	0	0	0	0	0	0	0	0	243	0	0	0	0	0	0	0	22
assemblage-937-796	0	0	0	0	0	0	0	0	0	0	0	0	0	0	0	0	0	0	0	9	0	0	24	0	0	0	7	0	0	0	0	56	0	0	168	0	0	0	0	0	0	0	0	0	143	0	0	0	0	0	0	0	0	0	9	0	0	0	0	0	0	0	0	0	0	0	0	0	0	0	0	0	0	0	0	0	76	0	0	0	0	0	0	0	8
assemblage-894-922	0	0	0	0	0	0	0	0	0	0	0	0	0	0	0	0	0	0	0	0	0	0	11	0	0	58	0	0	0	0	0	29	0	0	58	0	0	0	0	0	9	0	0	0	127	0	0	0	0	0	0	0	0	0	0	0	0	0	17	0	0	0	0	0	0	0	0	0	0	0	0	0	0	0	0	0	168	0	0	0	0	0	0	0	23
assemblage-201-413	0	0	0	0	0	0	0	0	0	12	0	0	38	20	0	0	0	0	0	0	0	0	0	0	0	67	0	0	0	0	0	0	0	0	121	0	0	149	0	0	0	0	0	0	11	0	0	0	0	0	0	0	0	0	0	0	0	0	0	0	0	0	14	0	0	0	0	0	0	0	0	0	0	0	0	0	59	0	0	0	0	0	0	0	9
assemblage-711-782	0	0	0	0	0	0	0	0	0	0	0	0	0	0	0	0	0	0	0	0	0	0	31	0	0	29	0	0	0	0	0	0	0	0	55	0	0	55	0	0	0	0	0	0	8	0	0	31	0	52	0	0	0	0	0	0	0	0	0	0	0	0	0	0	0	0	0	0	0	0	0	0	0	0	0	0	162	0	0	0	57	0	0	0	20
assemblage-766-990	0	0	0	0	0	0	0	0	0	0	0	0	0	0	0	0	0	0	0	0	0	0	27	0	0	27	0	0	7	0	0	38	0	0	92	0	0	24	0	0	0	0	0	0	40	0	0	16	0	0	0	0	0	0	0	0	0	0	0	0	0	0	0	0	0	0	0	0	0	0	0	0	0	0	0	0	222	0	0	0	0	0	0	0	7
assemblage-201-414	0	0	0	0	0	0	0	0	0	0	0	0	0	41	0	0	0	0	13	0	0	0	10	0	0	14	0	0	0	0	0	0	0	0	23	0	0	34	0	0	0	57	0	0	105	0	0	0	0	18	0	0	0	0	0	0	0	0	62	0	0	0	0	0	0	0	0	0	0	0	0	0	0	0	0	0	120	0	0	0	0	0	0	0	3
assemblage-494-231	0	0	0	0	0	0	0	0	0	0	0	0	0	0	0	0	0	0	0	0	0	0	3	0	0	62	0	0	0	0	0	19	0	0	56	0	0	8	0	0	13	0	0	0	135	0	0	0	0	0	0	0	0	0	0	0	0	0	13	0	0	0	0	0	0	0	0	0	0	0	0	0	0	0	0	0	179	0	0	0	0	0	0	0	12
assemblage-948-371	0	0	0	0	0	0	0	0	0	0	0	0	0	0	0	0	0	0	0	13	0	0	24	0	0	0	7	0	0	0	0	57	0	0	168	0	0	0	0	0	0	0	0	0	133	0	0	0	0	0	0	0	0	0	0	0	0	0	0	0	0	0	0	0	0	0	0	0	0	0	0	0	0	0	0	0	68	0	0	0	0	0	0	0	30
assemblage-515-363	0	0	17	0	0	0	0	0	0	0	0	0	0	0	0	0	0	0	0	9	0	0	0	0	0	16	0	0	0	0	0	32	0	0	185	0	0	31	0	0	0	0	7	0	114	0	0	0	0	0	0	0	0	0	0	0	0	0	0	0	0	0	0	0	0	0	0	0	0	0	0	0	0	0	0	0	80	0	0	0	0	0	0	0	9
assemblage-699-763	0	0	0	0	0	0	0	0	0	0	0	0	0	0	0	0	0	0	0	0	0	0	39	0	0	23	0	0	0	0	0	0	0	0	54	0	0	56	0	0	0	0	0	0	9	0	0	42	0	54	0	0	0	0	0	0	0	0	3	0	0	0	0	0	0	0	0	0	0	0	0	0	0	0	0	0	158	0	0	0	52	0	0	0	10
assemblage-658-957	0	0	0	0	0	0	0	0	0	0	0	0	51	0	0	0	0	10	48	0	0	0	0	0	0	66	0	0	0	0	0	0	0	0	56	8	0	68	0	0	0	12	0	0	125	0	0	0	0	0	0	0	0	0	0	0	0	0	0	0	0	0	0	0	0	0	0	0	0	0	0	0	0	0	0	0	37	0	0	0	0	0	0	0	19
assemblage-390-801	0	0	0	0	0	0	0	0	0	0	6	0	0	0	0	0	0	0	36	0	0	0	0	0	0	46	0	0	0	0	0	0	0	0	77	0	0	99	0	0	0	18	0	0	72	0	0	0	0	0	0	0	0	0	0	0	0	0	0	0	0	0	0	0	0	0	0	0	0	0	0	0	0	0	0	0	121	0	0	0	0	0	0	0	25
