Assemblage_Name	2-2043170-4	5223267-37392-4	8039703-3865863-3	1-2579986-3	0-792386-2	7537548-2-734209	2-4287101-4	2-263877-4	7447986-2-5417292	3308679-9581303-2	7447986-2-3969582	1-5088652-3	1-1548067-3	8504525-2-4	2-37392-4	0-4328805-2	0-5408690-2	2699693-3865863-3	8502183-2-4	0-9581303-2	416848-792386-2	4241567-2-0	5829085-37392-4	5668983-37392-4	0-792386-9018275	4210554-792386-7373158	2786183-3865863-3	1-3865863-6175449	7760174-792386-2	4066135-2-8372961	6814890-1077635-5937245	6814890-1077635-1852215	6814890-9879838-5937245	1-3242174-3	2638323-9581303-1260903	2763928-37392-4	7447986-2-4	2-4820143-4	7447986-2-2909226	2638323-9581303-2	1-3865863-1214192	2995381-9560495-2	3081228-2-4	1225603-5057454-0	2907166-1077635-5937245	6396569-6271921-5937245	3079905-2-4	1404522-674763-2991844	2995381-792386-2	1-3865863-6747595	7447986-2-1567708	8039703-3865863-6555165	3582998-674763-2991844	7537548-7545473-734209	1-2495424-3	3552207-3865863-3	757560-2-4	2-37392-9503018	0-2-3200805	2843652-2-9613328	2-2-2047712	0-1077635-5937245	2-2-8052204	3707030-792386-2	2-2-4	4468762-2-8365097	1-3865863-3	0-792386-7373158	6814890-6271921-4658234	2-2196395-4	6138990-2-4	0-2-2	0-2-0	7447986-2-8365097	7447986-8054259-4	1439472-2-4	1-9908912-3	3110645-3865863-3	8892204-792386-2	7447986-2-8372961	5612115-2-4	0-792386-5818082	1404522-2-2991844	3582998-278729-2991844	0-1077635-2	0-2-1694078	2-37392-4738993	2843652-2-4	7447986-9310054-4	0-8691552-3200805	6814890-7496480-5937245	6814890-6271921-5937245	0-6686176-2	1225603-5057454-4205843	7447986-4812198-8372961	1-289380-3
assemblage-752-988	0	0	0	0	35	0	0	18	0	0	0	0	0	0	6	0	0	0	0	0	0	0	0	9	0	0	0	0	0	0	54	6	0	0	0	0	32	15	0	6	0	0	0	0	0	0	0	4	32	0	0	0	9	0	0	0	0	0	24	0	0	0	0	0	0	0	137	0	0	20	0	0	28	0	0	0	0	0	0	41	0	0	0	0	0	0	0	0	0	0	0	0	0	0	0	24
assemblage-868-649	0	0	0	0	100	0	0	0	0	0	0	0	0	0	48	0	0	0	0	0	0	0	0	0	0	0	0	0	0	0	89	0	0	0	0	0	58	0	0	0	0	0	0	0	0	0	0	0	0	0	0	0	0	0	0	0	0	0	0	0	0	15	0	0	27	0	0	0	0	0	0	0	127	0	0	0	9	0	0	0	0	0	9	0	0	0	0	0	0	0	0	0	0	0	0	18
assemblage-866-95	0	0	0	0	48	0	0	22	0	0	0	0	0	0	5	0	0	0	0	0	0	0	0	5	0	0	0	0	0	0	50	8	0	0	0	0	9	3	0	3	0	0	0	0	0	0	0	9	23	0	0	0	0	0	0	0	0	0	31	0	0	0	0	0	0	0	140	0	0	31	0	0	24	0	0	0	0	0	0	55	0	0	0	0	0	0	0	0	0	0	0	0	8	0	0	26
assemblage-671-963	0	0	0	0	133	0	0	0	0	0	0	0	0	0	59	0	0	0	0	0	0	0	0	0	0	0	0	0	0	0	40	0	0	0	0	0	125	0	0	12	0	0	0	0	0	0	0	0	0	0	0	0	0	0	48	0	0	0	0	0	0	0	0	0	3	0	0	0	0	0	0	0	29	0	6	0	0	0	0	39	0	0	0	0	0	0	0	0	0	0	0	0	0	0	0	6
assemblage-885-931	0	0	0	0	115	0	0	0	0	0	0	0	0	0	22	0	0	0	0	0	0	0	0	0	0	0	0	0	0	0	0	0	0	0	13	0	81	0	0	13	0	0	0	0	0	0	0	41	0	0	0	0	0	0	118	0	0	0	0	0	0	0	0	0	0	0	41	0	11	0	0	0	25	0	0	0	0	0	0	0	0	0	0	0	0	0	0	0	0	0	0	0	7	0	0	13
assemblage-829-151	0	0	0	0	32	0	0	0	0	0	0	0	0	0	50	0	0	0	0	0	0	0	0	0	0	0	0	0	0	0	17	0	14	0	0	0	132	0	0	0	0	0	0	0	0	9	0	43	0	0	0	0	0	0	140	0	0	0	0	0	0	0	0	0	0	0	0	0	20	0	0	0	11	0	0	0	0	0	0	0	0	0	0	0	0	0	0	0	0	0	0	12	0	0	0	20
assemblage-93-772	0	7	24	0	128	0	0	0	0	0	0	0	0	0	0	0	0	0	0	0	0	0	0	0	0	10	0	0	0	0	0	0	0	0	0	0	119	0	0	0	0	0	0	0	0	0	0	0	0	0	0	0	24	0	0	0	0	0	25	0	0	0	0	0	0	0	42	43	0	7	8	0	30	0	0	0	0	0	0	0	0	0	0	0	0	0	0	0	0	0	0	0	0	0	10	23
assemblage-953-850	0	0	0	0	88	14	0	0	0	0	0	0	0	0	19	0	0	0	0	17	0	0	0	0	0	0	0	0	0	0	0	0	0	0	0	0	61	0	0	0	0	0	0	6	0	0	0	0	0	0	0	0	0	0	0	0	0	0	0	0	0	79	0	0	145	0	0	0	0	0	0	49	0	0	0	0	0	0	0	0	0	0	0	0	6	0	0	0	0	0	0	0	0	0	0	16
assemblage-830-129	0	0	0	0	24	0	0	0	0	0	0	0	0	0	152	0	0	0	0	0	0	0	0	0	0	0	0	0	0	0	17	0	10	0	0	0	72	0	0	74	0	0	0	0	0	0	0	30	0	0	0	0	0	0	34	0	0	0	0	0	0	0	0	0	0	0	0	0	0	0	0	0	46	0	0	0	0	0	0	30	0	0	0	0	0	0	0	0	0	0	0	0	0	0	0	11
assemblage-207-398	0	0	0	0	31	0	0	0	0	0	0	0	0	0	46	0	0	0	0	0	0	0	0	0	0	0	0	0	0	0	14	0	3	0	0	0	88	0	0	124	0	0	0	0	0	0	0	11	0	0	0	0	0	0	5	0	0	0	0	0	0	0	0	0	26	0	0	0	0	0	0	0	4	0	0	0	6	0	0	105	0	0	28	0	0	5	0	0	0	0	0	0	0	0	0	4
assemblage-956-115	0	0	15	0	39	0	0	0	0	0	0	0	0	0	0	0	0	0	0	0	0	0	0	0	0	0	0	0	0	0	0	0	0	0	0	0	100	0	0	0	41	0	0	0	0	0	0	0	0	0	11	0	70	0	0	0	0	0	27	0	0	0	0	0	0	0	104	17	0	0	0	0	0	18	0	0	0	0	0	0	0	0	0	0	0	0	0	0	0	31	0	0	0	0	0	27
assemblage-375-787	0	0	0	0	26	70	0	0	0	0	0	0	0	0	0	0	0	0	0	54	0	0	0	0	0	0	0	0	0	0	5	0	0	0	0	0	58	0	0	0	0	0	0	0	0	0	0	0	0	0	0	0	0	0	53	0	0	0	0	0	0	20	17	0	32	0	0	0	0	0	0	0	88	0	0	0	46	0	0	0	0	0	12	0	4	0	0	0	0	0	0	0	0	0	0	15
assemblage-987-763	0	0	0	0	56	0	0	0	0	0	0	0	0	0	48	0	0	0	0	0	0	0	0	0	0	0	0	0	0	0	32	0	23	0	0	0	138	0	0	26	0	0	0	0	0	0	0	8	0	0	0	0	0	0	33	0	0	0	0	0	0	0	0	0	18	0	0	0	0	0	0	0	34	0	0	0	0	0	0	46	0	0	16	0	0	0	0	0	0	0	0	5	0	0	0	17
assemblage-300-862	0	0	75	0	16	0	0	0	0	0	0	0	0	0	19	0	0	0	0	0	0	0	0	0	0	0	0	0	0	0	0	0	0	7	0	0	69	0	0	0	0	0	0	0	0	0	0	0	0	6	0	0	0	0	0	0	0	0	0	0	0	0	0	0	0	0	174	72	0	0	0	0	36	0	0	0	0	0	0	0	0	0	0	0	0	0	0	0	0	0	0	0	0	0	0	26
assemblage-532-763	0	8	0	0	90	0	0	0	0	0	0	30	0	0	0	0	0	0	0	0	0	0	0	0	0	0	0	13	0	0	0	0	0	0	0	0	81	0	0	0	0	0	0	0	0	0	0	0	0	0	0	0	22	0	0	0	0	0	0	0	0	0	0	0	0	8	145	44	0	0	0	0	6	24	0	0	0	0	0	0	0	0	0	0	0	0	0	0	0	17	0	0	0	0	0	12
assemblage-181-462	0	0	0	0	87	18	0	0	0	0	0	0	0	0	15	0	0	0	0	25	0	0	0	0	0	0	0	0	0	0	0	0	0	0	0	0	59	0	0	0	0	0	0	0	0	0	0	0	0	0	0	0	0	0	0	0	0	0	0	0	0	100	0	0	118	0	0	0	0	0	0	44	0	0	0	0	0	0	0	0	4	0	0	0	5	0	0	0	0	0	0	0	0	0	0	25
assemblage-943-371	0	0	0	0	44	0	0	0	0	0	0	0	0	0	23	0	0	0	0	0	2	0	0	0	0	0	0	0	0	0	0	0	0	0	0	0	75	0	0	0	0	0	0	0	0	0	0	0	26	0	0	0	7	0	0	3	0	0	9	0	0	0	0	0	0	0	55	77	0	22	0	0	91	0	0	0	0	0	0	52	0	0	0	0	0	0	0	0	0	0	0	0	0	0	0	14
assemblage-866-109	0	0	0	0	119	0	0	0	0	0	0	0	0	0	8	0	0	0	0	0	0	0	0	0	0	0	0	0	0	0	26	0	0	0	0	0	146	0	0	27	0	0	0	0	0	0	0	33	0	0	0	0	23	0	21	0	0	0	0	0	0	0	0	0	0	0	55	0	0	0	0	0	17	0	0	0	0	0	0	16	0	0	0	0	0	0	0	0	0	0	0	0	0	0	0	9
assemblage-877-569	0	0	0	0	37	5	0	0	0	0	0	0	0	0	112	0	0	0	0	0	0	0	0	0	2	0	0	0	0	0	0	0	0	0	0	0	49	0	0	0	0	0	0	0	0	0	0	0	0	0	0	0	0	0	55	0	0	0	0	0	0	0	0	0	145	0	0	0	0	0	0	0	0	0	0	0	12	0	0	30	0	0	24	0	11	0	0	0	0	0	0	0	0	0	0	18
assemblage-877-568	0	0	0	0	65	6	0	0	0	0	0	0	0	0	109	0	0	0	0	0	0	0	0	0	5	0	0	0	0	0	0	0	0	0	0	0	38	0	0	0	0	0	0	0	0	0	0	0	0	0	0	0	0	0	49	0	0	0	0	0	0	0	0	0	113	0	0	0	0	0	0	0	0	0	0	0	21	0	0	34	0	0	21	0	16	0	0	0	0	0	0	0	0	0	0	23
assemblage-857-558	0	0	0	0	44	14	0	0	0	0	0	0	0	0	57	0	0	0	0	5	0	0	0	0	4	0	0	0	0	0	44	0	0	0	0	0	95	0	0	22	0	0	0	0	0	0	0	0	0	0	0	0	0	0	18	0	0	0	0	0	0	13	13	0	69	0	0	0	0	0	0	0	29	0	0	0	20	0	0	14	0	0	11	0	8	0	0	0	0	0	0	0	0	0	0	20
assemblage-510-208	0	0	0	0	40	0	0	0	0	0	0	0	0	0	73	0	0	0	0	0	0	0	0	0	0	0	0	0	0	0	85	0	0	0	0	0	106	0	0	36	0	0	0	0	0	0	0	9	0	0	0	0	0	0	84	0	0	0	0	0	0	0	0	0	0	0	0	0	12	0	0	0	20	0	0	0	0	0	0	25	0	0	0	0	0	0	0	0	0	0	0	0	0	0	0	10
assemblage-617-440	0	0	31	0	54	0	0	0	0	0	0	2	0	0	0	0	0	0	0	0	0	0	0	0	0	13	0	0	0	0	0	0	0	0	0	0	65	0	0	0	0	0	0	0	0	0	0	0	0	0	0	0	0	0	0	0	0	0	8	0	0	0	0	0	0	0	217	39	0	0	0	0	20	5	0	0	0	0	0	0	0	0	0	0	0	0	0	0	0	12	0	0	0	0	0	34
assemblage-881-672	0	0	0	0	29	12	0	0	0	0	0	0	0	0	91	0	0	0	0	11	0	0	0	0	16	0	0	0	0	0	0	0	0	0	0	0	60	0	0	104	0	0	0	0	0	0	0	0	0	0	0	0	0	0	0	0	0	0	0	0	0	0	41	6	69	0	0	0	0	0	0	0	0	0	0	0	26	0	0	0	0	0	17	0	0	0	0	0	0	0	0	0	0	0	0	18
assemblage-573-213	0	0	11	0	12	0	0	0	0	0	0	0	0	0	60	0	0	0	0	0	0	12	0	0	0	0	0	0	0	0	0	0	0	0	0	28	102	0	0	0	0	0	0	0	0	0	0	0	0	0	0	0	0	0	0	0	0	0	0	0	0	0	0	0	0	0	49	102	0	0	0	0	91	0	0	0	0	0	0	0	0	0	0	0	0	0	0	0	0	7	0	0	0	0	0	26
assemblage-637-432	0	0	23	0	61	0	0	0	0	0	0	0	0	0	0	0	0	0	0	0	0	0	0	0	0	46	0	0	0	0	0	0	0	0	0	0	41	0	0	0	0	0	0	0	0	0	0	0	0	0	0	0	0	0	0	0	0	0	11	0	0	0	0	0	0	0	256	49	0	0	0	0	0	0	0	0	0	0	0	0	0	0	0	0	0	0	0	0	0	0	0	0	0	0	0	13
assemblage-698-780	0	0	0	0	0	0	0	0	0	0	0	0	0	0	139	0	0	0	0	0	0	0	0	0	0	0	0	0	0	0	0	0	0	0	4	0	128	0	0	102	0	0	0	0	0	0	0	0	0	0	0	0	0	0	51	0	0	0	0	0	0	0	0	0	0	0	0	0	0	0	0	0	67	0	0	0	0	0	0	0	0	0	0	0	0	0	0	0	0	0	0	0	0	0	0	9
assemblage-863-648	0	0	0	0	52	4	0	0	0	0	0	0	0	0	106	0	0	0	0	0	0	0	0	0	6	0	0	0	0	0	0	0	0	0	0	0	46	0	0	0	0	0	0	0	0	0	0	0	0	0	0	0	0	0	68	0	0	0	0	0	0	0	0	0	136	0	0	0	0	0	0	0	0	0	0	0	13	0	0	25	0	0	15	0	13	0	0	0	0	0	0	0	0	0	0	16
assemblage-871-116	0	0	0	0	23	0	0	0	0	0	0	0	0	0	58	0	0	0	0	0	0	0	0	0	0	0	0	0	0	0	70	0	0	0	0	0	49	0	0	7	0	0	0	0	0	0	0	0	0	0	0	0	0	0	7	0	0	0	0	0	0	0	0	0	0	0	31	0	0	0	0	0	36	0	0	0	0	0	0	167	0	0	0	0	0	0	0	0	0	0	0	0	0	0	42	10
assemblage-239-219	0	0	0	0	17	0	0	0	0	0	0	0	0	0	51	0	0	0	0	0	0	0	0	0	0	0	0	0	0	0	19	0	11	0	0	0	148	0	0	0	0	0	0	0	0	0	0	28	0	0	0	0	0	0	158	0	0	0	0	0	0	0	0	0	0	0	0	0	27	0	0	0	9	0	0	0	0	0	0	0	0	0	0	0	0	0	0	0	0	0	0	11	0	0	0	21
assemblage-124-179	0	0	0	0	49	0	0	11	0	0	0	0	0	0	72	0	0	0	0	0	0	0	0	0	0	0	0	0	0	0	16	0	0	0	0	0	85	11	0	43	0	0	0	0	0	0	0	12	0	0	0	0	0	0	92	0	0	0	0	0	0	0	0	0	0	0	14	0	7	0	0	0	54	0	0	0	0	0	0	20	0	0	0	0	0	0	0	0	0	0	0	0	0	0	0	14
assemblage-961-129	0	80	59	0	40	0	0	0	0	0	0	0	0	0	34	0	0	0	8	0	0	0	0	0	0	0	0	0	0	0	0	0	0	0	0	0	73	0	0	0	10	0	0	0	0	0	9	0	0	0	0	0	75	0	0	0	0	0	0	0	0	0	0	0	0	0	39	0	0	10	0	0	0	19	0	0	0	0	0	0	0	0	0	0	0	0	10	0	0	0	0	0	0	0	7	27
assemblage-867-659	0	0	0	0	23	22	0	0	0	0	0	0	0	0	27	0	0	0	0	0	0	0	0	0	0	0	0	0	0	0	52	0	0	0	0	0	220	0	14	0	0	0	0	0	0	0	0	0	0	0	0	0	0	0	0	0	0	0	0	0	0	16	0	0	0	0	0	0	0	0	0	0	43	0	0	0	25	0	0	0	0	0	30	0	6	0	0	0	0	0	0	0	0	0	0	22
assemblage-908-762	0	0	0	0	19	76	0	0	0	0	0	0	0	0	0	0	0	0	0	45	0	0	0	0	0	0	0	0	0	0	23	0	0	0	0	0	41	0	0	0	0	0	0	0	0	0	0	0	0	0	0	0	0	0	47	0	0	0	0	0	0	32	9	0	32	0	0	0	0	0	0	0	65	0	0	0	58	0	0	0	0	0	20	0	7	0	0	0	0	0	0	0	0	0	0	26
assemblage-781-955	0	0	0	0	21	0	0	0	0	0	0	0	0	0	141	0	0	0	0	0	0	0	0	0	0	0	0	0	0	0	15	0	5	0	0	0	82	0	0	93	0	0	0	0	0	0	0	16	0	0	0	0	0	0	35	0	0	0	0	0	0	0	0	0	0	0	0	0	0	0	0	0	52	0	0	0	0	0	0	29	0	0	0	0	0	0	0	0	0	0	0	0	0	0	0	11
assemblage-94-496	0	0	0	0	82	0	0	0	0	0	0	0	0	0	46	0	0	0	0	0	0	0	0	0	0	0	0	0	0	0	81	0	0	0	0	0	68	0	0	0	0	0	0	0	0	0	0	0	0	0	0	0	0	0	0	0	0	0	0	0	0	23	0	0	29	0	0	0	0	0	0	0	130	0	0	0	8	0	0	0	0	0	12	0	0	0	0	0	0	0	0	0	0	0	0	21
assemblage-816-142	0	0	0	0	103	0	0	0	0	0	0	0	0	0	56	0	0	0	0	0	0	0	0	0	0	0	0	0	0	0	0	0	0	0	0	0	103	0	0	82	0	0	0	0	0	0	0	0	0	0	0	0	0	0	60	0	0	0	0	0	0	0	0	0	0	0	0	0	0	0	0	0	25	0	0	0	0	0	0	63	0	0	0	0	0	0	0	0	0	0	0	0	0	0	0	8
assemblage-818-149	0	0	0	0	48	0	0	0	0	0	0	0	0	0	21	0	0	0	0	0	0	0	0	0	0	0	0	0	0	7	42	0	0	0	0	0	171	0	0	32	0	0	0	0	0	0	0	76	0	0	0	0	0	0	12	0	0	0	0	0	0	0	0	0	6	0	0	0	0	0	0	0	74	0	0	0	0	0	0	0	0	0	0	0	0	0	0	0	0	0	0	0	0	0	0	11
assemblage-963-905	0	0	0	0	27	0	0	0	0	0	0	0	0	0	0	0	0	0	0	73	0	0	0	0	0	0	0	0	0	0	0	0	0	0	0	0	0	0	0	0	0	0	0	129	0	0	0	0	0	0	0	0	0	0	181	0	0	0	0	0	0	23	0	0	0	0	0	0	0	0	0	48	0	0	0	0	0	0	0	0	0	0	0	0	0	0	0	0	0	0	0	0	0	0	0	19
assemblage-844-834	0	0	97	0	16	0	0	0	0	0	0	0	0	0	17	0	0	0	0	0	0	0	0	0	0	0	0	0	0	0	0	0	0	0	0	0	73	0	0	0	0	0	0	0	0	0	0	0	0	4	0	0	0	0	0	0	0	0	0	0	0	0	0	0	0	0	164	68	0	0	0	0	41	0	0	0	0	0	0	0	0	0	0	0	0	0	0	0	0	0	0	0	0	0	0	20
assemblage-603-766	0	0	0	0	89	0	0	20	0	0	0	0	0	0	12	0	0	0	0	0	0	0	0	0	0	0	3	0	0	0	0	0	0	0	0	0	53	0	0	3	0	0	0	0	0	0	0	0	0	0	0	0	0	0	47	0	0	0	0	0	0	0	0	0	0	0	52	18	0	0	0	0	108	0	0	0	0	0	9	72	0	0	0	0	0	0	0	0	0	0	0	0	0	0	0	14
assemblage-672-954	0	0	0	0	84	0	0	0	0	0	0	0	0	0	55	0	0	0	0	0	0	0	0	0	0	0	0	0	0	0	38	0	0	0	0	0	198	0	0	0	0	0	0	0	0	0	0	0	0	0	0	0	0	0	28	0	0	0	0	0	0	0	0	0	29	0	0	0	0	0	0	0	20	0	0	0	0	0	0	12	0	0	0	0	0	0	0	6	0	0	0	0	0	0	0	30
assemblage-104-483	0	0	0	0	100	0	0	0	0	0	0	0	0	0	42	0	0	0	0	0	0	0	0	0	0	0	0	0	0	0	79	0	0	0	0	0	73	0	0	0	0	0	0	0	0	0	0	0	0	0	0	0	0	0	0	0	0	0	0	0	0	13	0	0	45	0	0	0	0	0	0	0	109	0	0	0	15	0	0	0	0	0	10	0	0	0	0	0	0	0	0	0	0	0	0	14
assemblage-289-864	0	0	94	0	8	0	0	0	0	0	0	0	0	0	22	0	0	0	0	0	0	0	0	0	0	0	0	0	0	0	0	0	0	5	0	0	68	0	0	0	0	0	0	0	0	0	0	0	0	9	0	11	0	0	0	0	0	0	0	0	0	0	0	0	0	0	153	77	0	0	0	0	43	0	0	0	0	0	0	0	0	0	0	0	0	0	0	0	0	0	0	0	0	0	0	10
assemblage-269-930	0	0	0	0	55	4	0	0	0	0	0	0	0	0	133	0	0	0	0	0	0	0	0	0	13	0	0	0	0	0	0	0	0	0	0	0	39	0	0	6	0	0	0	0	0	0	0	0	0	0	0	0	0	0	50	0	0	0	0	0	0	0	0	0	121	0	0	0	0	0	0	0	0	0	0	0	6	0	0	33	0	0	23	0	10	0	0	0	0	0	0	0	0	0	0	7
assemblage-176-112	0	0	0	0	21	0	0	0	0	0	0	0	0	0	39	0	0	0	0	0	0	0	0	0	0	0	0	0	0	0	17	0	0	0	0	0	105	0	0	96	0	0	0	0	0	0	0	17	0	0	0	0	0	0	0	0	0	0	0	0	0	0	0	0	29	0	0	0	0	0	0	0	8	0	0	0	10	0	0	117	0	0	23	0	0	3	0	0	0	0	0	0	0	0	0	15
assemblage-440-414	0	0	0	0	176	0	0	0	0	0	0	0	0	0	0	0	0	0	0	0	0	0	0	0	6	0	0	0	0	0	0	0	0	0	0	0	0	0	0	0	0	0	0	17	0	0	0	0	0	0	0	0	0	0	0	0	0	0	0	0	0	31	0	0	0	0	0	0	0	0	0	38	44	0	0	0	0	0	0	0	0	3	0	0	178	0	0	0	0	0	0	0	0	0	0	7
assemblage-570-232	0	4	33	0	125	0	0	0	0	0	0	0	0	0	0	0	0	0	0	0	0	0	0	0	0	15	0	0	0	0	0	0	0	0	0	0	107	0	0	0	0	0	0	0	0	0	0	0	0	0	0	0	47	0	0	0	0	0	17	0	0	0	0	0	0	0	39	45	0	0	0	0	38	0	0	0	0	0	0	0	0	0	0	0	0	0	0	0	0	0	0	0	0	0	6	24
assemblage-969-101	0	86	95	0	40	0	0	0	0	0	0	0	0	0	23	0	0	0	0	0	0	0	0	0	0	0	0	0	0	0	0	0	0	0	0	0	86	0	0	0	5	0	0	0	0	0	3	0	0	0	0	0	51	0	0	0	0	0	0	0	0	0	0	0	0	0	33	0	0	9	0	0	2	26	0	0	0	0	0	0	0	0	0	0	0	0	15	0	0	0	0	0	0	0	0	26
assemblage-632-438	0	7	0	0	70	0	0	0	0	0	0	32	0	0	0	0	0	0	0	0	0	0	0	0	0	0	0	20	0	0	0	0	0	0	0	0	79	0	0	0	0	0	0	0	0	0	0	0	0	0	0	0	16	0	0	0	0	0	0	0	0	0	0	0	0	7	144	57	0	0	0	0	12	29	0	0	0	0	0	0	0	0	0	0	0	0	0	0	0	14	0	0	0	0	0	13
assemblage-754-596	0	0	51	0	15	0	0	0	0	0	0	0	0	0	119	0	0	0	0	0	0	0	0	0	0	0	22	0	0	0	0	0	0	0	0	0	95	0	0	0	18	0	0	0	0	0	0	0	0	0	0	0	66	0	0	0	0	0	0	0	0	0	0	0	0	0	13	0	0	9	0	0	58	0	0	0	0	0	0	6	0	0	0	0	0	0	0	0	0	0	0	0	0	0	0	28
assemblage-753-307	0	0	36	0	123	0	0	0	0	0	0	0	0	0	0	0	0	0	0	0	0	0	0	0	0	18	0	0	0	0	0	0	0	0	0	0	102	0	0	0	0	0	0	0	0	0	0	0	0	0	0	0	25	0	0	0	0	0	27	0	0	0	0	0	0	0	56	35	0	2	1	0	48	0	0	0	0	0	0	0	0	0	0	0	0	0	0	0	0	0	0	0	0	0	14	13
assemblage-108-487	0	0	0	0	14	24	0	0	0	0	0	0	0	7	39	0	0	0	0	6	0	0	0	0	0	0	0	0	0	0	50	0	0	0	0	0	193	0	13	0	0	0	0	0	0	0	0	0	0	0	0	0	0	0	0	0	0	0	0	0	0	24	0	0	0	0	0	0	0	0	0	0	43	0	0	0	33	0	0	0	0	0	31	0	9	0	0	0	0	0	0	0	0	0	0	14
assemblage-843-805	0	8	0	0	80	0	0	0	0	0	0	31	0	0	0	0	0	0	0	0	0	0	0	0	0	0	0	13	0	0	0	0	0	0	0	0	66	0	0	0	0	0	0	0	0	0	0	0	0	0	0	0	15	0	0	0	0	0	0	0	0	0	0	0	0	11	146	58	0	0	0	0	14	28	0	0	0	0	0	0	0	0	0	0	0	0	0	0	0	17	0	0	0	0	0	13
assemblage-205-456	0	0	0	0	46	0	0	0	0	0	0	0	0	0	85	0	0	0	0	17	0	0	4	0	7	0	0	0	0	0	0	0	0	0	0	0	24	0	0	0	0	0	7	0	0	0	0	0	0	0	0	0	0	0	31	0	0	0	0	0	7	0	0	0	219	0	0	0	0	0	0	0	30	0	0	0	0	0	0	0	0	0	0	0	7	0	0	0	0	0	0	0	0	0	0	16
assemblage-719-315	0	0	9	0	19	0	0	0	0	0	0	0	0	0	76	0	0	0	0	0	0	5	0	0	0	0	0	0	0	0	0	0	0	0	0	32	114	0	0	0	0	2	0	0	0	0	0	0	0	0	0	0	7	0	0	0	0	0	0	0	0	0	0	0	0	0	33	107	0	0	0	0	80	0	0	0	0	0	0	0	0	0	0	0	0	0	0	0	0	0	0	0	0	0	0	16
assemblage-864-95	0	0	0	0	30	0	0	0	0	0	0	0	0	0	57	0	0	0	0	0	0	0	0	0	0	0	0	0	0	0	75	0	0	0	0	0	24	0	0	12	0	0	0	0	0	0	0	0	0	0	0	0	0	0	10	0	0	0	0	0	0	0	0	0	0	0	23	0	0	0	0	0	24	0	0	0	0	0	0	163	0	0	0	0	0	0	0	0	0	0	0	0	0	0	65	17
assemblage-124-770	0	0	13	0	17	0	0	0	0	0	0	0	0	0	48	0	0	0	0	0	0	3	0	0	0	0	0	0	0	0	0	0	0	0	0	23	123	0	0	0	0	0	0	0	0	0	0	0	0	0	0	0	4	0	0	0	0	0	0	0	0	0	0	0	0	0	44	132	0	0	0	0	79	0	0	0	0	0	0	0	0	0	0	0	0	0	0	0	0	0	0	0	0	0	0	14
assemblage-180-470	0	0	0	0	76	0	0	0	0	0	0	0	0	0	0	0	0	0	0	45	0	0	0	0	48	0	0	0	0	0	11	0	0	0	0	0	29	0	0	5	0	0	0	27	0	0	0	0	0	0	0	0	0	0	36	0	0	0	0	0	17	0	0	0	49	0	0	0	0	0	0	7	17	0	0	0	0	0	0	0	0	0	0	0	117	0	0	0	0	0	0	0	0	0	0	16
assemblage-530-360	0	0	61	0	14	0	0	0	0	0	0	0	0	0	127	0	0	0	0	0	7	0	0	0	0	0	14	0	0	0	0	0	0	0	0	0	74	0	0	0	15	0	0	0	0	0	0	0	0	0	0	0	81	0	0	0	0	0	0	0	0	0	0	0	0	0	7	0	0	0	0	0	67	0	0	0	0	0	0	7	0	0	0	0	0	0	0	0	0	0	0	0	0	0	0	26
assemblage-855-123	0	0	0	0	129	0	0	0	0	0	0	0	0	0	6	0	0	0	0	0	0	0	0	0	0	0	0	0	0	0	28	0	0	0	0	0	144	0	0	17	0	0	0	0	0	0	0	17	0	0	0	0	19	0	9	0	0	0	0	0	0	0	0	0	0	0	57	0	0	0	0	0	38	0	0	0	0	0	0	14	0	0	0	0	0	0	0	0	0	0	0	0	0	0	0	22
assemblage-924-941	0	0	0	0	64	0	0	31	0	0	0	0	0	0	9	0	0	0	0	0	0	0	0	0	0	0	0	0	0	0	0	0	0	0	0	0	71	0	0	0	0	0	0	0	0	0	0	0	0	0	0	0	0	0	34	0	0	0	0	0	0	0	0	0	0	0	48	24	0	0	0	0	102	0	0	0	0	0	7	79	0	0	0	0	0	0	0	0	0	0	0	0	0	0	0	31
assemblage-89-798	0	7	35	0	125	0	0	0	0	0	0	0	0	0	0	0	0	0	0	0	0	0	0	0	0	23	0	0	0	0	0	0	0	0	0	0	109	0	0	0	0	0	0	0	0	0	0	0	0	0	0	0	23	0	0	0	0	0	17	0	0	0	0	0	0	0	43	36	0	1	0	0	49	0	0	0	0	0	0	0	0	0	0	0	0	0	0	0	0	0	0	0	0	0	8	24
assemblage-408-809	0	0	0	0	18	76	0	0	0	0	0	0	0	0	0	0	0	0	0	43	0	0	0	0	3	0	0	0	0	0	19	0	0	0	0	0	48	0	0	0	0	0	0	0	0	0	0	0	0	0	0	0	0	0	54	0	0	0	0	0	0	25	12	0	24	0	0	0	0	0	0	0	92	0	0	0	51	0	0	0	0	0	7	0	10	0	0	0	0	0	0	0	0	0	0	18
assemblage-860-563	0	0	0	0	96	0	0	0	0	0	0	0	0	0	43	0	0	0	0	0	0	0	0	0	0	0	0	0	0	0	100	0	0	0	0	0	58	0	0	0	0	0	0	0	0	0	0	0	0	0	0	0	0	0	0	0	0	0	0	0	0	31	0	0	28	0	0	0	0	0	0	0	105	0	0	0	10	0	0	0	0	0	7	0	0	0	0	0	0	0	0	0	0	0	0	22
assemblage-968-844	0	0	0	0	58	0	0	0	0	0	0	0	0	0	0	0	0	0	0	47	0	0	0	0	62	0	0	0	0	0	9	0	0	0	0	0	29	0	0	11	0	0	0	35	0	0	0	0	0	0	0	0	0	0	28	0	0	0	0	0	0	0	0	0	64	0	0	0	0	0	0	3	19	0	0	0	0	0	0	0	0	0	0	0	113	0	0	0	0	0	0	0	0	0	0	22
assemblage-927-390	0	0	8	0	89	0	0	0	0	0	0	0	0	0	0	0	0	0	0	0	0	0	0	0	0	0	16	0	0	0	0	0	0	0	0	0	221	0	0	0	0	0	0	0	0	0	0	0	0	0	0	0	41	0	0	0	0	0	23	0	0	0	0	0	0	0	46	5	0	10	0	0	12	0	0	0	0	0	0	0	0	0	0	0	0	0	0	0	0	0	0	0	0	0	0	29
assemblage-419-432	0	0	0	0	153	0	0	0	0	0	0	0	0	0	0	0	0	0	0	0	0	0	0	0	0	0	0	0	0	0	0	0	0	0	0	0	0	0	0	0	0	0	0	15	0	0	0	0	0	0	0	0	0	0	0	0	0	0	0	0	0	26	0	0	0	0	0	0	0	0	0	40	56	0	0	0	0	0	0	0	0	9	0	0	186	0	0	0	0	0	0	0	0	0	0	15
assemblage-937-805	0	0	0	0	11	0	0	0	0	0	0	0	0	0	8	0	0	0	0	0	0	0	0	0	0	0	0	0	0	0	0	0	0	0	0	0	97	0	0	0	0	0	0	0	0	0	0	0	0	0	0	0	157	0	21	0	0	0	0	0	0	0	0	0	0	0	18	35	0	0	0	0	28	0	0	0	0	0	0	26	0	0	0	0	0	0	0	0	0	0	0	0	0	0	74	25
assemblage-141-138	0	0	0	0	149	0	0	0	0	0	0	0	0	0	23	0	0	0	0	0	0	0	0	0	0	0	0	0	0	0	0	0	0	0	9	0	71	0	0	26	0	0	0	0	0	0	0	31	0	0	0	0	0	0	102	0	0	0	0	0	0	0	0	0	0	0	53	0	10	0	0	0	10	0	0	0	0	0	0	0	0	0	0	0	0	0	0	0	0	0	0	0	5	0	0	11
assemblage-777-970	0	0	0	0	131	0	0	0	0	0	0	0	0	0	13	0	0	0	0	0	0	0	0	0	0	0	0	0	0	0	33	0	0	0	0	0	137	0	0	18	0	0	0	0	0	0	0	24	0	0	0	0	28	0	11	0	0	0	0	0	0	0	0	0	0	0	59	0	0	0	0	0	23	0	0	0	0	0	0	9	0	0	0	0	0	0	0	0	0	0	0	0	0	0	0	14
assemblage-767-570	0	0	53	0	23	0	0	0	0	0	0	0	0	0	107	0	0	0	0	0	0	0	0	0	0	0	30	0	0	0	0	0	0	0	0	0	83	0	0	0	22	0	0	0	0	0	0	0	0	0	0	0	80	0	0	0	0	0	0	0	0	0	0	0	0	0	13	0	0	9	0	0	60	0	0	0	0	0	0	3	0	0	0	0	0	0	0	0	0	0	0	0	0	0	0	17
assemblage-428-423	0	0	0	0	169	0	0	0	0	0	0	0	0	0	0	0	0	0	0	0	0	0	0	0	0	0	0	0	0	0	0	0	0	0	0	0	0	0	0	0	0	0	0	17	0	0	0	0	0	0	0	0	0	0	0	0	0	0	0	0	0	23	0	0	0	0	0	0	0	0	0	51	46	0	0	0	0	0	0	0	0	3	0	0	173	0	0	0	0	0	0	0	0	0	0	18
assemblage-604-759	0	0	0	0	87	0	0	29	0	0	0	0	0	0	9	0	0	0	0	0	0	0	0	0	0	0	0	0	9	0	0	0	0	0	0	0	66	0	0	0	0	0	0	0	0	0	0	4	0	0	0	0	0	0	40	0	0	0	0	0	0	0	0	0	0	0	54	24	0	0	0	0	88	0	0	0	0	0	11	61	0	0	0	0	0	0	0	0	0	0	0	0	0	0	0	18
assemblage-687-960	0	0	0	0	92	0	0	0	0	0	0	0	0	0	70	0	0	0	0	0	0	0	0	0	0	0	0	0	0	0	21	0	0	0	0	0	188	0	0	0	0	0	0	0	0	0	0	0	0	0	0	0	0	0	28	0	0	0	0	0	0	0	0	0	31	0	0	0	0	0	0	0	31	0	0	0	0	0	0	19	0	0	0	0	0	0	0	0	0	0	0	0	0	0	0	20
assemblage-181-106	0	0	0	0	11	0	0	0	0	0	0	0	0	0	69	0	0	0	0	0	0	0	0	0	0	0	0	0	0	0	70	0	73	0	0	0	104	0	0	0	0	0	0	0	0	0	0	0	0	0	0	0	0	0	29	0	0	0	0	0	0	0	0	0	0	0	0	0	0	0	0	0	84	0	0	0	0	0	0	0	0	0	19	0	0	0	0	0	0	0	0	24	0	0	0	17
assemblage-698-797	0	0	0	0	135	0	0	0	0	0	0	0	0	0	17	0	0	0	0	0	0	0	0	0	0	0	0	0	0	0	0	0	0	0	9	0	83	0	0	29	0	0	0	0	0	0	0	27	0	0	0	0	0	0	104	0	0	0	0	0	0	0	0	0	0	0	42	0	8	0	0	0	25	0	0	0	0	0	0	0	0	0	0	0	0	0	0	0	0	0	0	0	5	0	0	16
assemblage-906-831	0	0	0	0	144	0	0	0	0	0	0	0	0	0	44	0	0	0	0	0	0	0	0	0	0	0	0	0	0	0	0	0	0	0	0	0	97	0	0	88	0	0	0	0	0	0	0	0	0	0	0	0	0	0	51	0	0	0	0	0	0	0	0	0	0	0	0	0	0	0	0	0	17	0	0	0	0	0	0	51	0	0	0	0	0	0	0	0	0	0	0	0	0	0	0	8
assemblage-454-431	0	0	0	0	147	0	0	0	0	0	0	0	0	0	0	0	0	0	0	0	0	0	0	0	6	0	0	0	0	0	0	0	0	0	0	0	0	0	0	0	0	0	0	18	0	0	0	0	0	0	0	0	0	0	0	0	0	0	0	0	0	36	0	0	0	0	0	0	0	0	0	48	55	0	0	0	0	0	0	0	0	8	0	0	176	0	0	0	0	0	0	0	0	0	0	6
assemblage-262-925	0	0	0	0	29	18	0	0	0	0	0	0	0	0	65	0	0	0	0	10	0	0	0	0	16	0	0	0	0	0	0	0	0	0	0	0	78	0	0	85	0	0	0	0	0	0	0	0	0	0	0	0	0	0	10	0	0	0	0	0	0	0	40	5	77	0	0	0	0	0	0	0	0	0	0	0	39	0	0	0	0	0	16	0	0	0	0	0	0	0	0	0	0	0	0	12
assemblage-848-504	12	0	0	0	0	104	0	0	0	0	0	0	0	0	0	0	0	0	0	0	0	0	5	0	0	0	0	0	0	0	0	0	0	0	0	0	143	0	0	0	0	0	0	0	0	0	0	0	0	0	0	0	0	32	0	0	0	0	0	0	0	0	0	0	188	0	0	0	0	0	0	0	0	0	0	0	0	0	0	0	0	0	0	0	0	0	0	0	0	0	0	0	0	0	0	16
assemblage-831-161	0	0	0	0	40	0	0	0	0	3	0	0	0	0	39	0	0	0	0	0	0	0	0	0	0	0	0	0	0	0	34	0	0	0	0	0	172	0	0	44	0	0	0	0	0	0	0	70	0	0	0	0	0	0	9	0	0	0	0	0	0	0	0	0	8	0	0	0	0	0	0	0	65	0	0	0	0	0	0	0	0	0	0	0	0	0	0	0	0	0	0	0	0	0	0	16
assemblage-899-926	0	0	0	0	0	0	0	0	0	0	0	0	0	0	147	0	0	0	0	0	0	0	0	0	0	0	0	0	0	0	0	0	0	0	8	0	84	0	0	126	0	0	0	0	0	0	0	0	0	0	0	0	0	0	57	0	0	0	0	0	0	0	0	0	0	0	0	0	0	0	0	0	66	0	0	0	0	0	0	0	0	0	0	0	0	0	0	0	0	0	0	0	0	0	0	12
assemblage-756-597	0	0	0	0	19	0	0	0	0	0	0	0	0	0	8	0	0	0	0	0	0	0	0	0	0	0	0	0	0	0	0	0	0	0	0	0	96	0	0	0	0	0	0	0	0	0	0	0	0	0	0	0	131	0	17	0	0	8	0	0	0	0	0	0	0	0	17	28	0	0	0	0	37	0	0	0	0	0	0	36	0	0	0	0	0	0	0	0	0	0	0	0	0	0	87	16
assemblage-971-933	0	0	0	0	21	0	0	0	0	0	0	0	0	0	0	0	0	0	0	56	0	0	0	0	0	0	0	0	0	0	0	0	0	0	0	0	0	0	0	0	0	0	0	138	0	0	0	0	0	0	0	0	0	0	176	0	0	0	0	0	0	48	0	0	0	0	0	0	0	0	0	38	0	0	0	0	0	0	0	0	0	0	0	0	0	0	0	0	0	0	0	0	0	8	0	15
assemblage-902-848	0	0	0	0	26	0	0	0	0	0	0	0	0	0	128	0	0	0	0	0	0	0	0	0	0	0	0	0	0	0	19	0	0	0	0	0	98	0	0	91	0	0	0	0	0	0	0	16	0	0	0	0	0	0	27	0	0	0	0	0	0	0	0	0	0	0	0	0	0	0	0	0	44	0	0	0	0	0	0	31	0	0	0	0	0	0	0	0	0	0	0	0	0	0	0	20
assemblage-897-916	0	0	0	0	151	0	0	0	0	0	0	0	0	0	37	0	0	0	0	0	0	0	0	0	0	0	0	0	0	0	0	0	0	0	17	0	65	0	0	16	0	0	0	0	0	0	0	30	0	0	0	0	0	0	100	0	0	0	0	0	0	0	0	0	0	0	36	0	11	0	0	0	18	0	0	0	0	0	0	0	0	0	0	0	0	0	0	0	0	0	0	0	9	0	0	10
assemblage-249-243	0	0	0	0	26	0	0	0	0	0	0	0	0	0	32	0	0	0	0	0	0	0	0	0	0	0	0	0	0	0	42	0	0	0	0	0	175	0	0	40	0	0	0	0	0	0	0	80	0	0	0	0	0	0	6	0	0	0	0	0	0	0	0	0	14	0	0	0	0	0	0	0	68	0	0	0	0	0	0	3	0	0	0	0	0	0	0	0	0	0	0	0	0	0	0	14
assemblage-572-227	0	0	0	0	46	0	0	0	0	0	0	0	0	0	0	0	0	0	0	0	0	0	0	0	0	0	0	0	0	0	0	0	0	0	0	0	96	0	0	0	40	0	0	0	0	0	0	0	0	0	21	0	57	0	0	0	0	0	25	0	0	0	0	0	0	0	131	10	0	0	0	0	9	19	0	0	0	3	0	0	0	0	0	9	0	0	0	0	0	22	0	0	0	0	0	12
assemblage-297-850	0	0	17	0	57	0	0	0	0	0	0	0	8	0	0	0	0	0	0	0	0	0	0	0	0	0	0	0	0	0	0	0	0	0	0	0	46	0	0	0	0	0	0	0	0	0	0	0	0	0	0	0	0	0	0	0	0	0	19	0	0	0	0	0	0	0	276	7	0	0	0	0	10	0	0	0	0	0	0	0	0	0	0	0	0	0	0	0	0	43	0	0	0	0	0	17
assemblage-280-849	0	15	0	0	58	0	0	0	0	0	0	35	0	0	0	0	0	0	0	0	0	0	0	0	0	0	0	12	0	0	0	0	0	0	0	0	69	0	0	0	0	0	0	0	0	0	0	0	0	0	0	0	13	0	0	0	0	0	0	0	0	0	0	0	0	11	153	63	0	0	0	0	14	31	0	0	0	0	0	0	0	0	0	0	0	0	0	0	0	12	0	0	0	0	0	14
assemblage-373-790	0	0	0	0	37	0	0	0	0	0	0	0	0	0	80	0	0	0	0	19	0	0	0	0	4	0	0	0	0	0	0	0	0	0	0	0	48	0	0	0	0	0	6	0	0	0	0	0	0	0	0	0	0	0	28	0	0	0	0	0	0	0	0	0	207	0	0	0	0	0	0	0	33	0	0	0	0	0	0	0	0	0	0	0	17	0	0	0	0	0	0	0	0	0	0	21
assemblage-292-849	0	0	7	0	59	0	0	0	0	0	0	0	9	0	0	0	0	0	0	0	0	0	0	0	0	0	0	0	0	0	0	0	0	0	0	0	55	0	0	0	0	0	0	0	0	0	0	0	0	0	0	0	0	0	0	0	0	0	13	0	0	0	0	0	0	0	298	11	0	0	0	0	6	0	0	0	0	0	0	0	0	0	0	0	0	0	0	0	0	32	0	0	0	0	0	10
assemblage-963-933	0	0	0	0	24	0	0	0	0	0	0	0	0	0	0	0	4	0	0	77	0	0	0	0	0	0	0	0	0	0	0	0	0	0	0	0	0	0	0	0	0	0	0	117	0	0	0	0	0	0	0	0	0	0	184	0	0	0	0	0	0	35	0	0	0	0	0	0	0	0	0	44	0	0	0	0	0	0	0	0	0	0	0	0	0	0	0	0	0	0	0	0	0	0	0	15
assemblage-130-147	0	0	0	0	149	0	0	0	0	0	0	0	0	0	23	0	0	0	0	0	0	0	0	0	0	0	0	0	0	0	0	0	0	0	8	0	80	0	0	15	0	0	0	0	0	0	0	25	0	0	0	0	0	0	102	0	0	0	0	0	0	0	0	0	0	0	45	0	15	0	0	0	17	0	0	0	0	0	0	0	0	0	0	0	0	0	0	0	0	0	0	0	10	0	0	11
assemblage-990-752	0	0	0	0	11	0	0	0	0	0	0	0	0	0	73	0	0	0	0	0	0	0	0	0	0	0	0	0	0	0	75	0	88	0	0	0	79	0	0	0	0	0	0	0	0	0	0	0	0	0	0	0	0	0	19	0	0	0	0	0	0	0	0	0	4	0	0	0	0	0	0	0	87	0	0	0	0	0	0	0	0	0	23	0	0	0	0	0	0	0	0	24	0	0	0	17
assemblage-585-782	0	0	0	0	74	0	0	27	0	0	0	0	0	0	24	0	0	0	0	0	0	0	0	0	0	0	0	0	0	0	0	0	0	0	0	0	58	0	0	0	0	0	0	0	0	0	0	0	0	0	0	0	0	0	49	0	0	0	0	0	0	0	0	0	0	0	51	17	0	0	0	0	86	0	0	0	0	0	11	84	0	0	0	0	0	0	0	0	0	0	0	0	0	0	0	19
assemblage-505-367	0	0	13	0	98	0	0	0	0	0	0	0	0	0	0	0	0	0	0	0	0	0	0	0	0	0	9	0	0	0	0	0	0	0	0	0	206	0	0	0	0	0	0	0	0	0	0	0	0	0	0	0	55	0	0	0	0	0	21	0	0	0	0	0	0	0	40	0	0	0	0	0	15	4	0	0	0	0	0	5	0	0	0	0	0	0	0	0	0	0	0	0	0	0	0	34
assemblage-828-162	0	0	0	0	37	0	0	0	0	0	0	0	0	0	20	0	0	0	0	0	0	0	0	0	0	0	0	0	0	0	54	0	7	0	0	0	153	0	0	43	0	0	0	0	0	0	0	71	0	0	0	0	0	0	7	0	0	0	0	0	0	0	0	0	11	0	0	0	0	0	0	0	88	0	0	0	0	0	0	0	0	0	0	0	0	0	0	0	0	0	0	0	0	0	0	9
assemblage-116-774	0	5	29	0	135	0	0	0	0	0	0	0	0	0	0	0	0	0	0	0	0	0	0	0	0	15	0	0	0	0	0	0	0	0	0	0	102	0	0	0	0	0	0	0	0	0	0	0	0	0	0	0	32	0	0	0	0	0	9	0	0	0	0	0	0	0	31	54	0	10	10	0	41	0	0	0	0	0	0	0	0	0	0	0	0	0	0	0	0	0	0	0	0	0	10	17
assemblage-612-439	0	0	28	0	59	0	0	0	0	0	0	0	0	0	0	0	0	0	0	0	0	0	0	0	0	64	0	0	0	0	0	0	0	0	0	0	38	0	0	0	0	0	0	0	0	0	0	0	0	0	0	0	0	0	0	0	0	0	7	0	0	0	0	0	0	0	221	54	0	0	0	0	0	0	0	0	0	0	0	0	0	0	0	0	0	0	0	0	0	0	0	0	0	0	0	29
assemblage-986-762	0	0	0	0	99	0	0	0	0	0	0	0	0	0	68	0	0	0	0	0	0	0	0	0	0	0	0	0	0	0	30	0	0	0	0	0	170	0	0	0	0	0	0	0	0	0	0	0	0	0	0	0	0	0	36	0	0	0	0	6	0	0	0	0	32	0	0	0	0	0	0	0	16	0	0	0	0	0	0	19	0	0	0	0	0	0	0	0	0	0	0	0	0	0	0	24
assemblage-842-827	0	0	12	0	64	0	0	0	0	0	0	0	11	0	0	0	0	5	0	0	0	0	0	0	0	0	0	0	0	0	0	0	0	0	0	0	66	0	0	0	0	0	0	0	0	0	0	0	0	0	0	0	0	0	0	0	0	0	20	0	0	0	0	0	0	0	273	2	0	0	0	0	6	0	0	0	0	0	0	0	0	0	0	0	0	0	0	0	0	32	0	0	0	0	0	9
assemblage-727-310	0	0	25	0	114	0	0	0	0	0	0	0	0	0	0	0	0	0	0	0	0	0	0	0	0	26	0	0	0	0	0	0	0	0	0	0	109	0	0	0	0	0	0	0	0	0	0	0	0	0	0	0	27	0	0	0	0	0	17	0	0	0	0	0	0	0	58	39	0	1	0	0	51	0	0	0	0	0	0	0	0	0	0	0	0	0	0	0	0	0	0	0	0	0	12	21
assemblage-869-510	15	0	0	0	0	111	0	0	0	0	0	0	0	0	0	0	0	0	0	0	0	0	0	0	0	0	0	0	0	0	0	0	0	0	0	0	166	0	0	0	0	0	0	0	0	0	0	0	0	0	0	0	0	17	0	0	0	0	0	0	0	0	0	0	180	0	0	0	0	0	0	0	0	0	0	0	0	0	0	0	0	0	0	0	0	0	0	0	0	0	0	0	0	0	0	11
assemblage-747-973	0	0	0	0	51	0	0	0	0	0	0	0	0	0	48	0	0	0	0	0	0	0	0	0	0	0	0	0	0	0	61	0	0	0	0	0	41	0	0	9	0	0	0	0	0	0	0	0	0	0	0	0	0	0	8	0	0	0	0	0	0	0	0	0	0	0	21	0	0	0	0	0	23	0	0	0	0	0	0	170	0	0	0	0	0	0	0	0	0	0	0	0	0	0	54	14
assemblage-958-854	0	0	0	0	31	0	0	0	0	0	0	0	0	0	76	0	0	0	0	25	0	0	0	0	7	0	0	0	0	0	0	0	0	0	0	0	33	0	0	0	0	0	11	0	0	0	0	0	0	0	0	0	0	0	23	0	0	0	0	0	0	0	0	0	234	0	0	0	0	0	0	0	29	0	0	0	0	0	0	0	0	0	0	0	8	0	0	0	0	0	0	0	0	0	0	23
assemblage-951-364	0	0	0	0	57	0	0	0	0	0	0	0	0	0	32	0	0	0	0	0	0	0	0	0	0	0	0	0	0	0	0	0	0	0	0	0	44	0	0	0	0	0	0	0	0	0	0	0	17	0	0	0	0	0	0	9	0	0	0	0	0	0	0	0	0	0	49	75	0	26	0	0	105	0	0	0	0	0	0	59	0	0	0	0	0	0	0	0	0	0	0	0	0	0	0	27
assemblage-874-113	0	0	0	0	84	0	0	32	0	0	0	0	0	0	14	0	0	0	0	0	0	0	0	0	0	0	4	0	3	0	0	0	0	0	0	0	54	0	0	0	0	0	0	0	0	0	0	0	0	0	0	0	0	0	43	0	0	0	0	0	0	0	0	0	0	0	66	19	0	0	0	0	75	0	0	0	0	0	10	84	0	0	0	0	0	0	0	0	0	0	0	0	0	0	0	12
assemblage-493-666	0	0	0	0	0	0	0	0	0	0	0	0	0	0	92	0	0	0	0	0	0	0	107	0	0	0	0	0	0	0	0	0	0	0	0	0	7	0	0	0	0	0	0	0	0	0	0	0	0	0	0	0	0	0	0	0	0	0	0	0	25	0	0	0	258	0	0	0	0	0	0	0	0	0	0	0	0	0	0	0	0	0	0	0	0	0	0	0	0	0	0	0	0	0	0	11
assemblage-618-424	0	0	22	0	71	0	0	0	0	0	0	0	3	0	0	0	0	7	0	0	0	0	0	0	0	0	0	0	0	0	0	0	0	0	0	0	53	0	0	0	0	0	0	0	0	0	0	0	0	0	0	0	0	0	0	0	0	0	15	0	0	0	0	0	0	0	282	0	0	0	0	0	5	0	0	0	0	0	0	0	0	0	0	0	0	0	0	0	0	35	0	0	0	0	0	7
assemblage-274-943	0	0	0	0	15	26	0	0	0	0	0	0	0	0	44	0	0	0	0	6	0	0	0	0	0	0	0	0	0	0	44	0	0	0	0	0	188	0	12	0	0	0	0	0	0	0	0	0	0	0	0	0	0	0	0	0	0	0	0	0	0	18	0	0	0	0	0	0	0	0	0	0	50	0	0	0	40	0	0	0	0	0	34	0	10	0	0	0	0	0	0	0	0	0	0	13
assemblage-532-222	0	0	0	0	169	0	0	0	0	0	0	0	0	0	32	0	0	0	0	0	0	0	0	0	0	0	0	0	0	0	0	0	0	0	12	0	73	0	0	13	0	0	0	0	0	0	0	31	0	0	0	0	0	0	83	0	0	0	0	0	0	0	0	0	0	0	43	0	8	0	0	0	19	0	0	0	0	0	0	0	0	0	0	0	0	0	0	0	0	0	0	0	7	0	0	10
assemblage-946-393	0	0	0	0	61	0	0	0	0	0	0	0	0	0	13	0	0	0	0	0	0	0	0	0	0	0	0	0	0	0	0	0	0	0	0	0	56	0	0	0	0	0	0	0	0	0	0	0	22	0	0	0	0	0	0	0	0	0	0	0	0	0	0	0	0	0	58	71	0	16	0	0	101	0	0	0	0	0	0	76	0	0	0	0	0	0	0	0	0	0	0	0	0	0	0	26
assemblage-523-779	0	8	0	0	63	0	0	0	0	0	0	30	0	0	0	0	0	0	0	0	0	0	0	0	0	0	0	9	0	0	0	0	0	0	0	0	74	0	0	0	0	0	0	0	0	0	0	0	0	0	0	0	14	0	0	0	0	0	0	0	0	0	0	0	0	11	146	67	0	0	0	0	11	34	0	0	0	0	0	0	0	0	0	0	0	0	0	0	0	15	0	0	0	0	0	18
assemblage-931-759	0	0	0	0	66	13	0	0	0	0	0	0	0	0	16	0	0	0	0	21	0	0	0	0	0	0	0	0	0	0	0	0	0	0	0	0	76	0	0	0	0	0	0	0	0	0	0	0	0	0	0	0	0	0	0	0	0	0	0	0	0	93	0	0	135	0	0	0	0	0	0	44	0	0	0	0	0	0	0	0	0	0	0	0	15	0	0	0	0	0	0	0	0	0	0	21
assemblage-983-911	0	0	0	0	33	0	0	0	0	0	0	0	0	0	0	0	0	0	0	81	0	0	0	0	0	0	0	0	0	0	0	0	0	0	0	0	0	0	0	0	0	0	0	109	0	0	0	0	0	0	0	0	0	0	177	0	0	0	0	0	0	51	0	0	0	0	0	0	0	0	0	36	0	0	0	0	0	0	0	0	0	0	0	0	0	0	0	0	0	0	0	0	0	0	0	13
assemblage-495-669	0	0	0	0	0	0	0	0	0	0	0	0	0	0	79	0	0	0	0	0	0	0	87	0	0	0	0	0	0	0	0	0	0	0	0	0	10	0	0	0	0	0	0	0	0	0	0	0	0	0	0	0	0	0	0	0	0	0	0	0	44	0	0	0	277	0	0	0	0	0	0	0	0	0	0	0	0	0	0	0	0	0	0	0	0	0	0	0	0	0	0	0	0	0	0	3
assemblage-491-652	0	0	0	0	0	0	0	0	0	0	0	0	0	0	82	0	0	0	0	0	0	0	117	0	0	0	0	0	0	0	0	0	0	0	0	0	12	0	0	0	0	0	0	0	0	0	0	0	0	0	0	0	0	0	0	0	0	0	0	0	45	0	0	0	236	0	0	0	0	0	0	0	0	0	0	0	0	0	0	0	0	0	0	0	0	0	0	0	0	0	0	0	0	0	0	8
assemblage-667-963	0	0	0	0	67	0	0	0	0	0	0	0	0	0	61	0	0	0	0	0	0	0	0	0	0	0	0	0	0	0	30	0	0	0	0	0	204	0	0	0	0	0	0	0	0	0	0	0	0	0	0	0	0	0	31	0	0	0	0	0	0	0	0	0	29	0	0	0	0	0	0	0	27	0	0	0	0	0	0	26	0	0	0	0	0	0	0	0	4	0	0	0	0	0	0	21
assemblage-134-140	0	0	0	0	39	0	0	0	0	0	0	0	0	0	59	0	0	0	0	0	0	0	0	0	0	0	0	0	0	0	75	0	0	0	0	0	103	0	0	36	0	0	0	0	0	0	0	14	0	0	0	0	0	0	93	0	0	0	0	0	0	0	0	0	0	0	0	0	15	0	0	0	16	0	0	0	0	0	0	38	0	0	0	0	0	0	0	0	0	0	0	0	0	0	0	12
assemblage-283-928	0	0	0	0	8	21	0	0	0	0	0	0	0	0	28	0	0	0	0	8	0	0	0	0	0	0	0	0	0	0	53	0	0	0	0	0	187	0	17	0	0	0	0	0	0	0	0	0	0	0	0	0	0	0	0	0	0	0	0	0	0	30	0	0	0	0	0	0	0	0	0	0	44	0	0	0	37	0	0	0	0	0	39	0	14	0	0	0	0	0	0	0	0	0	0	14
assemblage-831-823	0	7	0	0	76	0	0	0	0	0	0	20	0	0	0	0	0	0	0	0	0	0	0	0	0	0	0	12	0	0	0	0	0	0	0	0	89	0	0	0	0	0	0	0	0	0	0	0	0	0	0	0	13	0	0	0	0	0	0	0	0	0	0	0	0	7	147	56	0	0	0	0	18	28	0	0	0	0	0	0	0	0	0	0	0	0	0	0	0	12	0	0	0	0	0	15
assemblage-902-948	0	0	0	0	50	0	0	15	0	0	0	0	0	0	5	0	0	0	0	0	0	0	0	6	0	0	0	0	0	0	64	7	0	0	0	0	21	12	0	5	0	0	0	0	0	0	0	12	21	0	0	0	0	0	0	0	0	0	30	0	0	0	0	0	0	0	110	0	0	20	0	0	25	0	0	0	0	0	0	72	0	0	0	0	0	0	0	0	0	0	0	0	0	0	0	25
assemblage-538-778	0	0	22	0	73	0	0	0	0	0	0	0	0	0	0	0	0	0	0	0	0	0	0	0	0	52	0	0	0	0	0	0	0	0	0	0	38	0	0	0	0	0	0	0	0	0	0	0	0	0	0	0	0	0	0	0	0	0	15	0	0	0	0	0	0	0	258	31	0	0	0	0	0	0	0	0	0	0	0	0	0	0	0	0	0	0	0	0	0	0	0	0	0	0	0	11
assemblage-964-845	0	0	0	0	75	15	0	0	0	0	0	0	0	0	13	0	0	0	0	24	0	0	0	0	0	0	0	0	0	0	0	0	0	0	0	0	49	0	0	0	0	0	0	0	0	0	0	0	0	0	0	0	0	0	12	0	0	0	0	0	0	84	0	0	143	0	0	0	0	0	0	50	0	0	0	0	0	0	0	0	0	0	0	0	12	0	0	0	0	0	0	0	0	0	0	23
assemblage-763-598	0	0	0	0	27	0	0	0	0	0	0	0	0	0	6	0	0	0	0	0	0	0	0	0	0	0	0	0	0	0	0	0	0	0	0	0	100	0	0	0	0	0	0	0	0	0	0	0	0	0	0	0	142	0	24	0	0	0	0	0	0	0	0	0	0	0	11	33	0	0	0	0	43	0	0	0	0	0	0	24	0	0	0	0	0	0	0	0	0	0	0	0	0	0	68	22
assemblage-601-779	0	0	0	0	34	0	0	0	0	0	0	0	0	0	62	0	0	0	0	0	0	0	0	0	0	0	0	0	0	0	58	0	0	0	0	0	41	0	0	7	0	0	0	0	0	0	0	0	0	0	0	0	0	0	13	0	0	0	0	0	0	0	0	0	0	0	24	0	0	0	0	0	21	0	0	0	0	0	0	153	0	0	0	0	0	0	0	0	0	0	0	0	0	0	78	9
assemblage-254-259	0	0	0	0	107	0	0	0	0	0	0	0	0	0	62	0	0	0	0	0	0	0	0	0	0	0	0	0	0	0	0	0	0	0	0	0	101	0	0	78	0	0	0	0	0	0	0	0	0	0	0	0	0	0	63	0	0	0	0	0	0	0	0	0	0	0	0	0	0	0	0	0	13	0	0	0	0	0	0	66	0	0	0	0	0	0	0	0	0	0	0	0	0	0	0	10
assemblage-901-846	0	0	0	0	119	0	0	0	0	0	0	0	0	0	55	0	0	0	0	0	0	0	0	0	0	0	0	0	0	0	0	0	0	0	0	0	106	0	0	96	0	0	0	0	0	0	0	0	0	0	0	0	0	0	47	0	0	0	0	0	0	0	0	0	0	0	0	0	0	0	0	0	9	0	0	0	0	0	0	56	0	0	0	0	0	0	0	0	0	0	0	0	0	0	0	12
assemblage-494-668	0	0	0	0	0	0	0	0	0	0	0	0	0	0	79	0	0	0	0	0	0	0	81	0	0	0	0	0	0	0	0	0	0	0	0	0	10	0	0	0	0	0	0	0	0	0	0	0	0	0	0	0	0	0	0	0	0	0	0	0	41	0	0	0	274	0	0	0	0	0	0	0	0	0	0	0	0	0	0	0	0	0	0	0	0	0	0	0	0	0	0	0	0	0	0	15
assemblage-595-777	0	0	0	0	41	0	0	13	0	0	0	0	0	0	6	0	0	0	0	0	0	0	0	10	0	0	0	0	0	0	63	6	0	0	0	0	22	11	0	3	0	0	0	0	0	0	0	11	29	0	0	0	0	0	0	0	0	0	20	0	0	0	0	0	0	0	130	0	0	17	0	0	25	0	0	0	0	0	0	71	0	0	0	0	0	0	0	0	0	0	0	0	0	0	0	22
assemblage-436-415	0	0	0	0	191	0	0	0	0	0	0	0	0	0	0	0	0	0	0	0	0	0	0	0	0	0	0	0	0	0	0	0	0	0	0	0	0	0	0	0	0	0	0	10	0	0	0	0	0	0	0	0	0	0	0	0	0	0	0	0	0	37	0	0	0	0	0	0	0	0	0	32	48	0	0	0	0	0	0	0	0	0	0	0	165	0	0	0	0	0	0	0	0	0	0	17
assemblage-945-378	0	0	16	0	57	0	0	0	0	0	0	0	0	0	32	0	0	0	0	0	0	0	0	0	0	0	1	0	0	0	0	0	0	0	0	0	118	0	0	0	0	0	0	0	0	0	0	0	6	0	0	0	62	0	8	0	0	0	5	0	0	0	0	0	0	0	31	29	0	8	0	0	53	0	0	0	0	0	0	30	0	0	0	0	0	0	0	0	0	0	0	0	0	0	20	24
assemblage-771-953	0	0	0	0	30	0	0	0	0	0	0	0	0	0	72	0	0	0	0	0	0	0	0	0	0	0	0	0	0	0	11	0	12	0	0	0	130	0	0	0	0	0	0	0	0	0	0	30	0	0	0	0	0	0	146	0	0	0	0	0	0	0	0	0	0	0	0	0	17	0	0	0	11	0	0	0	0	0	0	0	0	0	0	0	0	0	0	0	0	0	0	18	0	0	0	23
assemblage-760-951	0	0	0	0	14	0	0	0	0	0	0	0	0	0	51	0	0	0	0	0	0	0	0	0	0	0	0	0	0	0	28	0	16	0	0	0	143	0	0	0	0	0	0	0	0	0	0	51	0	0	0	0	0	0	153	0	0	0	0	0	0	0	0	0	0	0	0	0	7	0	0	0	13	0	0	0	0	0	0	0	0	0	0	0	0	0	0	0	0	0	0	10	0	0	0	14
assemblage-428-409	0	0	0	0	183	0	0	0	0	0	0	0	0	0	0	0	0	0	0	0	0	0	0	0	6	0	0	0	0	0	0	0	0	0	0	0	0	0	0	0	0	0	0	18	0	0	0	0	0	0	0	0	0	0	0	0	0	0	0	0	0	24	0	0	0	0	0	0	0	0	0	27	47	0	0	0	0	0	0	0	0	7	0	0	183	0	0	0	0	0	0	0	0	0	0	5
assemblage-955-925	0	0	0	0	18	0	0	0	0	0	0	0	0	0	0	0	0	0	0	73	0	0	0	0	0	0	0	0	0	0	0	0	0	0	0	0	0	0	0	0	0	0	0	130	0	0	0	0	0	0	0	0	0	0	194	0	0	0	0	0	0	37	0	0	0	0	0	0	0	0	0	37	0	0	0	0	0	0	0	0	0	0	0	0	0	0	0	0	0	0	0	0	0	0	0	11
assemblage-496-654	0	0	0	0	0	0	0	0	0	0	0	0	0	0	72	0	0	0	0	0	0	0	91	0	0	0	0	0	0	0	0	0	0	0	0	0	16	0	0	0	0	0	0	0	0	0	0	0	0	0	0	0	0	0	0	0	0	0	0	0	35	0	0	0	272	0	0	0	0	0	0	0	0	0	0	0	0	0	0	0	0	0	0	0	0	0	0	0	0	0	0	0	0	0	0	14
assemblage-978-756	0	0	0	0	11	0	0	0	0	0	0	0	0	0	67	0	0	0	0	0	0	0	0	0	0	0	0	0	0	0	69	0	65	0	0	0	110	0	0	0	0	0	0	0	0	0	0	0	0	0	0	0	0	0	23	0	0	0	0	0	0	0	0	0	6	0	0	0	0	0	0	0	69	0	0	0	0	0	0	0	0	0	25	0	0	0	0	0	0	0	4	26	0	0	0	25
assemblage-863-503	5	0	0	0	0	101	0	0	0	0	0	0	0	0	0	0	0	0	0	0	0	0	6	0	0	0	0	0	0	0	0	0	0	0	0	0	181	0	0	0	0	0	0	0	0	0	0	0	0	0	0	0	0	17	0	0	0	0	0	0	0	0	0	0	183	0	0	0	0	0	0	0	0	0	0	0	0	0	0	0	0	0	0	0	0	0	0	0	0	0	0	0	0	0	0	7
assemblage-843-802	0	10	0	0	66	0	0	0	0	0	0	34	0	0	0	0	0	0	0	0	0	0	0	0	0	0	0	9	0	0	0	0	0	0	0	0	76	0	0	0	0	0	0	0	0	0	0	0	0	0	0	0	14	0	0	0	0	0	0	0	0	0	0	0	0	10	148	60	0	0	0	0	10	32	0	0	0	0	0	0	0	0	0	0	0	0	0	0	0	11	0	0	0	0	0	20
assemblage-703-781	0	0	0	0	41	0	0	0	0	0	0	0	0	0	67	0	0	0	0	0	0	0	0	0	0	0	0	0	0	0	56	0	0	0	0	0	103	0	0	50	0	0	0	0	0	0	0	12	0	0	0	0	0	0	89	0	0	0	0	0	0	0	0	0	0	0	0	0	25	0	0	0	22	0	0	0	0	0	0	19	0	0	0	0	0	0	0	0	0	0	0	0	0	0	0	16
assemblage-243-235	0	0	0	0	37	0	0	0	0	0	0	0	0	0	42	0	0	0	0	0	0	0	0	0	0	0	0	0	0	0	38	0	0	0	0	0	141	0	0	47	0	0	0	0	0	0	0	72	0	0	0	0	0	0	5	0	0	0	0	0	0	0	0	0	16	0	0	0	0	0	0	0	80	0	0	0	0	0	0	11	0	0	0	0	0	0	0	0	0	0	0	0	0	0	0	11
assemblage-824-163	0	0	0	0	24	0	0	0	0	0	0	0	0	0	61	0	0	0	0	0	0	0	0	0	0	0	0	0	0	0	9	0	21	0	0	0	164	0	0	0	0	0	0	0	8	0	0	22	0	0	0	0	0	0	136	0	0	0	0	0	0	0	0	0	0	0	0	0	22	0	0	0	10	0	0	0	0	0	0	0	0	0	0	0	0	0	0	0	0	0	0	5	0	0	0	18
assemblage-751-589	0	0	0	0	43	0	0	0	0	0	0	0	0	0	19	0	0	0	0	0	5	0	0	0	0	0	0	0	0	0	0	0	0	0	0	0	58	0	0	0	0	0	0	0	0	0	0	0	26	0	0	0	5	0	0	0	0	0	0	0	0	0	0	0	0	0	67	68	0	15	0	0	102	0	0	0	0	0	0	73	0	0	0	0	0	0	0	0	0	0	0	0	0	0	0	19
assemblage-503-216	0	0	0	0	45	0	0	0	0	0	0	0	0	0	73	0	0	0	0	0	0	0	0	0	0	0	0	0	0	0	71	0	0	0	0	0	104	0	0	45	0	0	0	0	0	0	0	5	0	0	0	0	0	0	90	0	0	0	0	0	0	0	0	0	0	0	0	0	8	0	0	0	20	0	0	0	0	0	0	28	0	0	0	0	0	0	0	0	0	0	0	0	0	0	0	11
assemblage-444-418	0	0	0	0	169	0	0	0	0	0	0	0	0	0	0	0	0	0	0	0	0	0	0	0	15	0	0	0	0	0	0	0	0	0	0	0	0	0	0	0	0	0	0	23	0	0	0	0	0	0	0	0	0	0	0	0	0	0	0	0	0	38	0	0	0	0	0	0	0	0	0	20	67	0	0	0	0	0	0	0	0	3	0	0	161	0	0	0	0	0	0	0	0	0	0	4
assemblage-902-784	0	0	0	0	52	13	0	0	0	0	0	0	0	0	0	0	0	0	0	33	0	0	0	0	68	0	0	0	0	0	0	0	0	0	0	0	48	0	0	6	0	0	0	28	0	0	0	0	0	0	0	0	0	0	20	0	0	0	0	0	0	0	0	0	37	0	0	0	0	0	0	0	21	0	0	0	0	0	0	0	0	0	0	0	144	0	0	0	0	0	0	0	0	0	0	30
assemblage-564-224	0	0	16	0	35	0	0	0	0	0	0	0	0	0	0	0	0	0	0	0	0	0	0	0	0	0	0	0	0	0	0	0	0	0	0	0	110	0	0	0	43	0	0	0	0	0	0	0	0	0	10	0	68	0	0	0	0	0	31	0	0	0	0	0	0	0	115	11	0	0	0	0	5	11	0	0	0	2	0	0	0	0	0	0	0	0	0	0	0	26	0	0	0	0	0	17
assemblage-920-795	0	0	0	0	17	0	0	0	0	0	0	0	0	0	11	0	0	0	0	0	0	0	0	0	0	0	0	0	0	0	0	0	0	0	0	0	93	0	0	0	0	0	0	0	0	0	0	0	0	0	0	0	153	0	21	0	0	0	0	0	0	0	0	0	0	0	15	18	0	0	0	0	52	0	0	0	0	0	0	32	0	0	0	0	0	0	0	0	0	0	0	0	0	0	68	20
assemblage-951-379	0	0	0	0	55	0	0	0	0	0	0	0	0	0	18	0	0	0	0	0	0	0	0	0	0	0	0	0	0	0	0	0	0	0	0	0	61	0	0	0	0	0	0	0	0	0	0	0	19	0	0	0	0	0	0	8	0	0	0	0	0	0	0	0	0	0	61	81	0	16	0	0	99	0	0	0	0	0	0	65	0	0	0	0	0	0	0	0	0	0	0	0	0	0	0	17
assemblage-775-939	0	0	0	0	28	0	0	0	0	0	0	0	0	0	34	0	0	0	0	0	0	0	0	0	0	0	0	0	0	0	50	0	0	0	0	0	132	0	0	60	0	0	0	0	0	0	0	84	0	0	0	0	0	0	10	0	0	0	0	0	0	0	0	0	14	0	0	0	0	0	0	0	60	0	0	0	0	0	0	0	0	0	0	0	0	0	0	0	0	0	0	0	0	0	0	28
assemblage-975-756	0	0	0	0	128	0	0	0	0	0	0	0	0	0	47	0	0	0	0	0	0	0	0	0	0	0	0	0	0	0	50	0	0	0	0	0	104	0	0	16	0	0	0	0	0	0	0	0	0	0	0	0	0	0	63	0	0	0	0	0	0	0	0	0	9	0	0	0	0	0	0	0	31	0	7	0	0	0	0	32	0	0	0	0	0	0	0	0	0	0	0	0	0	0	0	13
assemblage-901-928	0	0	0	0	32	0	0	0	0	0	0	0	0	0	60	0	0	0	0	0	0	0	0	0	0	0	0	0	0	0	83	0	0	0	0	0	102	0	0	45	0	0	0	0	0	0	0	8	0	0	0	0	0	0	79	0	0	0	0	0	0	0	0	0	0	0	0	0	9	0	0	0	38	0	0	0	0	0	0	34	0	0	0	0	0	0	0	0	0	0	0	0	0	0	0	10
assemblage-692-760	0	0	0	0	13	0	0	53	0	0	0	0	0	0	53	0	0	0	0	0	0	0	0	0	0	0	0	0	0	0	4	0	0	0	0	0	96	66	0	8	0	0	0	0	0	0	0	10	0	0	0	0	0	0	68	0	0	0	0	0	0	0	0	0	0	0	0	0	0	0	0	0	78	0	0	0	0	0	0	45	0	0	0	0	0	0	0	0	0	0	0	0	0	0	0	6
assemblage-505-653	0	0	0	0	45	35	0	0	0	0	0	0	0	0	24	0	0	0	0	14	0	0	25	0	0	0	0	0	0	0	0	0	0	0	0	0	38	0	0	0	0	0	0	41	0	0	0	0	0	0	0	0	0	0	57	0	0	0	0	0	6	11	0	0	115	0	0	0	0	0	0	16	22	0	0	0	0	0	0	0	0	0	0	0	38	0	0	0	0	0	0	0	0	0	0	13
assemblage-255-237	0	0	0	0	44	0	0	0	0	7	0	0	0	0	37	0	0	0	0	0	0	0	0	0	0	0	0	0	0	0	48	0	0	0	0	0	137	0	0	33	0	0	0	0	0	0	0	78	0	0	0	0	0	0	4	0	0	0	0	0	0	0	0	0	8	0	0	0	0	0	0	0	89	0	0	0	0	0	0	6	0	0	0	0	0	0	0	0	0	0	0	0	0	0	0	9
assemblage-564-226	0	0	6	0	40	0	0	0	0	0	0	0	0	0	9	0	0	0	0	0	0	0	0	0	0	0	0	0	0	0	0	0	0	0	0	0	99	0	0	0	33	0	0	0	0	0	0	0	0	0	16	0	73	0	0	0	0	0	24	0	0	0	0	0	0	0	122	7	0	0	0	0	9	10	0	0	0	2	0	0	0	0	0	0	0	0	0	0	0	35	0	0	0	0	0	15
assemblage-941-790	0	0	0	0	53	0	0	0	0	0	0	0	0	0	11	0	0	0	0	0	4	0	0	0	0	0	0	0	0	0	0	0	0	0	0	0	44	0	0	0	0	0	0	0	0	0	0	0	16	0	0	0	0	0	0	0	0	0	0	0	0	0	0	0	0	0	68	78	0	20	0	0	102	0	0	0	0	0	0	77	0	0	0	0	0	0	0	0	0	0	0	0	0	0	0	27
assemblage-206-394	0	0	0	0	9	0	0	0	0	0	0	0	0	0	75	0	0	0	0	0	0	0	0	0	0	0	0	0	0	0	83	0	84	0	0	0	98	0	0	0	0	0	0	0	0	0	0	0	0	0	0	0	0	0	14	0	0	0	0	0	0	0	0	0	6	0	0	0	0	0	0	0	78	0	0	0	0	0	0	0	0	0	17	0	0	0	0	0	0	0	0	22	0	0	0	14
assemblage-947-379	0	0	0	0	28	0	0	0	0	0	0	0	0	0	8	0	0	0	0	0	0	0	0	0	0	0	0	0	0	0	0	0	0	0	0	0	85	0	0	0	0	0	0	0	0	0	0	0	0	0	0	0	172	0	23	0	0	4	0	0	0	0	0	0	0	0	12	23	0	0	0	0	27	0	0	0	0	0	0	29	0	0	0	0	0	0	0	0	0	0	0	0	0	0	77	12
assemblage-156-102	0	0	0	0	142	0	0	0	0	0	0	0	0	0	49	0	0	0	0	0	0	0	0	0	0	0	0	0	0	0	45	0	0	0	0	0	128	0	0	17	0	0	0	0	0	0	0	0	0	0	0	0	0	0	49	0	0	0	0	0	0	0	0	0	11	0	0	0	0	0	0	0	28	0	6	0	0	0	0	21	0	0	0	0	0	0	0	0	0	0	0	0	0	0	0	4
assemblage-885-841	0	0	0	0	32	0	0	0	0	0	0	0	0	0	49	0	0	0	0	0	0	0	0	0	0	0	0	0	0	0	17	0	10	0	0	0	164	0	0	0	0	0	0	0	0	0	0	35	0	0	0	0	0	0	127	0	0	0	0	0	0	0	0	0	0	0	0	0	17	0	0	0	16	0	0	0	0	0	0	0	0	0	0	0	0	0	0	0	0	0	0	7	0	0	0	26
assemblage-505-214	0	0	0	0	0	0	0	0	0	0	0	0	0	0	147	0	0	0	0	0	0	0	0	0	0	0	0	0	0	0	0	0	0	0	10	0	110	0	0	105	0	0	0	0	0	0	0	0	0	0	0	0	0	0	50	0	0	0	0	0	0	0	0	0	0	0	0	0	0	0	0	0	61	0	0	0	0	0	0	0	0	0	0	0	0	0	0	0	0	0	0	0	0	0	0	17
assemblage-858-122	0	0	0	0	27	0	0	0	0	0	0	0	0	0	60	0	0	0	0	0	0	0	0	0	0	0	0	0	0	0	59	0	0	0	0	0	30	0	0	11	0	0	0	0	0	0	0	0	0	0	0	0	0	0	10	0	0	0	0	0	0	0	0	0	0	0	9	0	0	0	0	0	29	0	0	0	0	0	0	184	0	0	0	0	0	0	0	0	0	0	0	0	0	0	71	10
assemblage-787-946	0	0	0	0	119	0	0	0	0	0	0	0	0	0	53	0	0	0	0	0	0	0	0	0	0	0	0	0	0	0	0	0	0	0	0	0	100	0	0	85	0	0	0	0	0	0	0	0	0	0	0	0	0	0	54	0	0	0	0	0	0	0	0	0	0	0	0	0	0	0	0	0	16	0	0	0	0	0	0	61	0	0	0	0	0	0	0	0	0	0	0	0	0	0	0	12
assemblage-171-84	0	0	0	0	18	0	0	0	0	0	0	0	0	0	57	0	0	0	0	0	0	0	0	0	0	0	0	0	0	0	17	0	0	0	0	0	94	0	0	109	0	0	0	0	0	0	0	23	0	0	0	0	0	0	0	0	0	0	0	0	0	0	0	0	31	0	0	0	0	0	0	0	8	0	0	0	7	0	0	96	0	0	24	0	0	0	0	0	0	0	0	0	0	0	0	16
assemblage-908-840	0	0	0	0	28	0	0	0	0	0	0	0	0	0	135	0	0	0	0	0	0	0	0	0	0	0	0	0	0	0	19	0	9	0	0	0	106	0	0	58	0	0	0	0	0	0	0	22	0	0	0	0	0	0	31	0	0	0	0	0	0	0	0	0	0	0	0	0	0	0	0	0	44	0	0	0	0	0	0	31	0	0	0	0	0	0	0	0	0	0	0	0	0	0	0	17
assemblage-965-927	0	0	0	0	27	0	0	0	0	0	0	0	0	0	0	0	0	0	0	81	0	0	0	0	0	0	0	0	0	0	0	0	0	0	0	0	0	0	0	0	0	0	0	135	0	0	0	0	0	0	0	0	0	0	181	0	0	0	0	0	0	33	0	0	0	0	0	0	0	0	0	35	0	0	0	0	0	0	0	0	0	0	0	0	0	0	0	0	0	0	0	0	0	4	0	4
assemblage-876-927	0	0	0	0	0	0	0	53	0	0	0	0	0	0	55	0	0	0	0	0	0	0	0	0	0	0	0	0	0	0	0	0	0	0	0	0	100	66	0	8	0	0	0	0	0	0	0	12	0	0	0	0	0	0	79	0	0	0	0	0	0	0	0	0	0	0	0	0	0	0	0	0	64	0	0	0	0	0	0	42	0	0	0	0	0	0	0	0	0	0	0	0	0	0	0	21
assemblage-199-476	0	0	0	0	23	83	0	0	0	0	0	0	0	0	0	0	0	0	0	51	0	0	0	0	0	0	0	0	0	0	11	0	0	0	0	0	43	0	0	0	0	0	0	0	0	0	0	0	0	0	0	0	0	0	50	0	0	0	0	0	0	14	16	0	20	0	0	0	0	0	0	5	88	0	0	0	45	0	0	0	0	0	17	0	0	0	0	0	0	0	0	0	0	0	0	34
assemblage-504-227	0	0	0	0	167	0	0	0	0	0	0	0	0	0	34	0	0	0	0	0	0	0	0	0	0	0	0	0	0	0	0	0	0	0	12	0	66	0	0	12	0	0	0	0	0	0	0	39	0	0	0	0	0	0	103	0	0	0	0	0	0	0	0	0	0	0	31	0	10	0	0	0	11	0	0	0	0	0	0	0	0	0	0	0	0	0	0	0	0	0	0	0	11	0	0	4
assemblage-595-776	0	0	0	11	50	0	0	10	0	0	0	0	0	0	11	0	0	0	0	0	0	0	0	5	0	0	0	0	0	0	59	5	0	0	0	0	12	14	0	6	0	0	0	0	0	0	0	4	17	0	0	0	0	0	0	0	0	0	24	0	0	0	0	0	0	0	118	0	0	22	0	0	35	0	0	0	0	0	0	60	0	0	0	0	0	0	0	0	0	0	0	0	0	0	0	37
assemblage-939-116	0	0	11	0	15	0	0	0	0	0	0	0	0	0	104	0	0	0	0	0	0	3	0	0	0	0	0	0	0	0	0	0	0	0	0	21	106	0	0	0	0	0	0	0	0	0	0	0	0	0	0	0	0	0	0	0	0	0	0	0	0	0	0	0	0	0	33	103	0	0	0	0	78	0	0	0	0	0	0	0	0	0	0	0	0	0	0	0	0	0	0	0	0	0	0	26
assemblage-752-302	0	0	9	0	18	0	0	0	0	0	0	0	0	0	62	0	0	0	0	0	0	0	0	0	0	0	0	0	0	0	0	0	0	0	0	23	135	0	0	0	0	0	0	0	0	0	0	0	0	0	0	0	8	0	0	0	0	0	0	0	0	0	0	0	0	0	51	88	0	8	0	0	83	0	0	0	0	0	0	0	0	0	0	0	0	0	0	0	0	0	0	0	0	0	0	15
assemblage-195-455	0	0	0	0	47	0	0	0	0	0	0	0	0	0	69	0	0	0	0	38	0	0	10	0	7	0	0	0	0	0	0	0	0	0	0	0	30	0	0	0	0	0	6	0	0	0	0	0	0	0	0	0	0	0	26	0	0	0	0	0	8	0	0	0	207	0	0	0	0	0	0	0	35	0	0	0	0	0	0	0	0	0	0	0	9	0	0	0	0	0	0	0	0	0	0	8
assemblage-718-296	0	70	59	0	45	0	0	0	0	0	0	0	0	0	18	0	0	0	0	0	0	0	0	0	0	0	0	0	0	0	0	0	0	0	0	0	99	0	0	0	14	0	0	0	0	0	0	0	0	0	0	0	66	0	0	0	0	0	0	0	0	0	0	0	0	0	56	0	0	5	0	0	0	27	0	0	0	0	0	0	0	0	0	0	0	0	5	0	0	0	0	0	0	0	0	36
assemblage-607-434	0	0	13	0	64	0	0	0	0	0	0	0	7	0	0	0	0	6	0	0	0	0	0	0	0	0	0	0	0	0	0	0	0	0	0	0	43	0	0	0	0	0	0	0	0	0	0	0	0	0	0	0	0	0	0	0	0	0	18	0	0	0	0	0	0	0	278	0	0	0	0	0	10	0	0	0	0	0	0	0	0	0	0	0	0	0	0	0	0	42	0	0	0	0	0	19
assemblage-859-809	0	0	16	0	55	0	0	0	0	0	0	0	0	0	0	0	0	0	0	0	0	0	0	0	0	55	0	0	0	0	0	0	0	0	0	0	44	0	0	0	0	0	0	0	0	0	0	0	0	0	0	0	0	0	0	0	0	0	14	0	0	0	0	0	0	0	249	49	0	0	0	0	0	0	0	0	0	0	0	0	0	0	0	0	0	0	0	0	0	0	0	0	0	0	0	18
assemblage-399-803	0	0	0	0	31	79	0	0	0	0	0	0	0	0	0	0	0	0	0	63	0	0	0	0	3	0	0	0	0	0	11	0	0	0	0	0	37	0	0	0	0	0	0	0	0	0	0	0	0	0	0	0	0	0	44	0	0	0	0	0	0	14	14	0	20	0	0	0	0	0	0	0	94	0	0	0	54	0	0	0	0	0	15	0	7	0	0	0	0	0	0	0	0	0	0	14
assemblage-397-779	0	0	0	0	62	3	0	0	0	0	0	0	0	0	0	0	0	0	0	51	0	0	0	0	57	0	0	0	0	0	7	0	0	0	0	0	44	0	0	9	0	0	0	31	0	0	0	0	0	0	0	0	0	0	25	0	0	0	0	0	0	0	0	0	47	0	0	0	0	0	0	0	16	0	0	0	0	0	0	0	0	0	0	0	129	0	0	0	0	0	0	0	0	0	0	19
assemblage-923-779	0	0	0	0	55	12	0	0	0	0	0	0	0	0	0	0	0	0	0	52	0	0	0	0	53	0	0	0	0	0	0	0	0	0	0	0	43	0	0	8	0	0	0	35	0	0	0	0	0	0	0	0	0	0	24	0	0	0	0	0	0	0	0	0	35	0	0	0	0	0	0	0	20	0	0	0	0	0	0	0	0	0	0	0	139	0	0	0	0	0	0	0	0	0	0	24
assemblage-859-499	16	0	0	0	0	112	0	0	0	0	0	0	0	0	0	0	0	0	0	0	0	0	13	0	0	0	0	0	0	0	0	0	0	0	0	0	156	0	0	0	0	0	0	0	0	0	0	0	0	0	0	0	0	11	0	0	0	0	0	0	0	0	0	0	177	0	0	0	0	0	0	0	0	0	0	0	0	0	0	0	0	0	0	0	0	0	0	0	0	0	0	0	0	0	0	15
assemblage-731-315	0	0	9	0	18	0	0	0	0	0	0	0	0	0	78	0	0	0	0	0	0	0	0	0	0	0	0	0	0	0	0	0	0	0	0	17	118	0	0	0	0	0	0	0	0	0	0	0	0	0	0	0	0	0	0	0	0	0	0	0	0	0	0	0	0	0	45	93	0	0	0	0	85	0	0	0	0	0	0	0	0	0	0	0	0	0	0	0	0	0	0	0	0	0	0	37
assemblage-935-118	0	76	78	0	40	0	0	0	0	0	0	0	0	0	18	0	0	0	0	0	0	0	0	0	0	0	0	0	0	0	0	0	0	0	0	0	75	0	0	0	14	0	0	0	0	0	5	0	0	0	0	0	82	0	0	0	0	0	0	0	0	0	0	0	0	0	43	0	0	0	0	0	0	25	0	0	0	0	0	0	0	0	0	0	0	0	12	0	0	0	0	0	0	0	7	25
assemblage-567-217	0	4	28	0	121	0	0	0	0	0	0	0	0	0	0	7	0	0	0	0	0	0	0	0	0	26	0	0	0	0	0	0	0	0	0	0	89	0	0	0	0	0	0	0	0	0	0	0	0	0	0	0	30	0	0	0	0	0	21	0	0	0	0	0	0	0	41	63	0	13	0	0	34	0	0	0	0	0	0	0	0	0	0	0	0	0	0	0	0	0	0	0	0	0	14	9
assemblage-918-961	0	0	0	0	122	0	0	0	0	0	0	0	0	0	10	0	0	0	0	0	0	0	0	0	0	0	0	0	0	0	24	0	0	0	0	0	159	0	0	12	0	0	0	0	0	0	0	23	0	0	0	0	20	0	22	0	0	0	0	0	0	0	0	0	0	0	55	0	4	0	0	0	28	0	0	0	0	0	0	12	0	0	0	0	0	0	0	0	0	0	0	0	0	0	0	9
assemblage-929-942	0	0	0	0	40	0	0	18	0	0	0	0	0	0	9	0	0	0	0	0	0	0	0	8	0	0	0	0	0	0	58	9	0	0	0	0	16	17	0	0	0	0	0	0	0	0	0	6	19	0	0	0	0	0	4	0	0	0	31	0	0	0	0	0	0	0	119	0	0	30	0	0	30	0	0	0	0	0	0	56	0	0	0	0	0	0	0	0	0	0	0	0	0	0	0	30
assemblage-287-849	0	0	97	0	6	0	0	0	0	0	0	0	0	0	14	0	0	0	0	0	0	0	0	0	0	0	0	0	0	0	0	0	0	0	0	0	83	0	0	0	0	0	0	0	0	0	0	0	0	3	0	7	0	0	0	0	0	0	0	0	0	0	0	0	0	0	167	68	0	0	0	0	39	0	0	0	0	0	0	0	0	0	0	0	0	0	0	0	0	0	0	0	0	0	0	16
assemblage-271-845	0	0	29	0	58	0	0	0	0	0	0	0	0	0	0	0	0	0	0	0	0	0	0	0	0	49	0	0	0	0	0	0	0	0	0	0	30	0	0	0	0	0	0	0	0	0	0	0	0	0	0	0	0	0	0	0	0	0	12	0	0	0	0	0	0	0	263	46	0	0	0	0	0	0	0	0	0	0	0	0	0	0	0	0	0	0	0	0	0	0	0	0	0	0	0	13
assemblage-131-138	0	0	0	0	142	0	0	0	0	0	0	0	0	0	28	0	0	0	0	0	0	0	0	0	0	0	0	0	0	0	0	0	0	0	12	0	63	0	0	13	0	0	0	0	0	0	0	17	0	0	0	0	0	0	138	0	0	0	0	0	0	0	0	0	0	0	35	0	13	0	0	0	17	0	0	0	0	0	0	0	0	0	0	0	0	0	0	0	0	0	0	0	8	0	0	14
assemblage-954-840	0	0	0	0	19	95	0	0	0	0	0	0	0	0	0	0	0	0	0	51	0	0	0	0	0	0	0	0	0	0	15	0	0	0	0	0	36	0	0	0	0	0	0	0	0	0	0	0	0	0	0	0	0	0	41	0	0	0	0	0	0	29	12	0	33	0	0	0	0	0	0	0	77	0	0	0	50	0	0	0	0	0	13	0	6	0	0	0	0	0	0	0	0	0	0	23
assemblage-572-224	0	64	71	0	37	0	0	0	0	0	0	0	0	0	24	0	0	0	0	0	0	0	0	0	0	0	0	0	0	0	0	0	0	0	0	0	100	0	0	0	6	0	0	0	0	0	6	0	0	0	0	0	83	0	0	0	0	0	0	0	0	0	0	0	0	0	40	0	0	0	0	0	0	29	0	0	0	0	0	0	0	0	0	0	0	0	0	0	0	0	0	0	0	0	9	31
assemblage-855-815	0	0	84	0	11	0	0	0	0	0	0	0	0	0	18	0	0	0	0	0	0	0	0	0	0	0	0	0	0	0	0	0	0	5	0	0	85	0	0	0	0	0	0	0	0	0	0	0	0	6	0	0	0	0	0	0	0	0	0	0	0	0	0	0	0	0	150	97	0	0	0	0	33	0	0	0	0	0	0	0	0	0	0	0	0	0	0	0	0	0	0	0	0	0	0	11
assemblage-905-827	0	0	0	0	25	0	0	0	0	0	0	0	0	0	130	0	0	0	0	0	0	0	0	0	0	0	0	0	0	0	17	0	13	0	0	0	96	0	0	75	0	0	0	0	0	0	0	32	0	0	0	0	0	0	29	0	0	0	0	0	0	0	0	0	0	0	0	0	0	0	0	0	38	0	0	0	0	0	0	37	0	0	0	0	0	0	0	0	0	0	0	0	0	0	0	8
assemblage-486-677	0	0	0	0	0	0	0	0	0	0	0	0	0	0	92	0	0	0	0	0	0	0	92	0	0	0	0	0	0	0	0	0	0	0	0	0	13	0	0	0	0	0	0	0	0	0	0	0	0	0	0	0	0	0	0	0	0	0	0	0	43	0	0	0	251	0	0	0	0	0	0	0	0	0	0	0	0	0	0	0	0	0	0	0	0	0	0	0	0	0	0	0	0	0	0	9
assemblage-926-782	0	0	0	0	84	12	0	0	0	0	0	0	0	0	14	0	0	0	0	30	0	0	0	0	0	0	0	0	0	0	0	0	0	0	0	0	61	0	0	0	0	0	0	0	0	0	0	0	0	0	0	0	0	0	9	0	0	0	0	0	0	75	0	0	151	0	0	0	0	0	0	46	0	0	0	0	0	0	0	0	0	0	0	0	6	0	0	0	0	0	0	0	0	0	0	12
assemblage-912-785	0	0	0	0	66	0	0	0	0	0	0	0	0	0	0	0	0	0	0	46	0	0	0	0	42	0	0	0	0	0	0	0	0	0	0	0	40	0	0	13	0	0	0	49	0	0	0	0	0	0	0	0	0	0	25	0	0	0	0	0	0	0	0	0	36	0	0	0	0	0	0	5	16	0	0	0	0	0	0	0	0	0	0	0	137	0	0	0	0	0	0	0	0	0	0	25
assemblage-920-952	0	0	0	0	69	0	0	29	0	0	0	0	0	0	10	0	0	0	0	0	0	0	0	0	0	0	0	0	3	0	0	0	0	0	0	0	59	0	0	0	0	0	0	0	0	0	0	0	0	0	0	0	0	0	34	0	0	0	0	0	0	0	0	0	0	0	57	32	0	0	0	0	97	0	0	0	0	0	8	77	0	0	0	0	0	0	0	0	0	0	0	0	0	0	0	25
assemblage-262-234	0	0	0	0	13	0	0	0	0	0	0	0	0	0	61	0	0	0	0	0	0	0	0	0	0	0	0	0	0	0	16	0	12	0	0	0	159	0	0	0	0	0	0	0	0	0	0	30	0	0	0	0	0	0	142	0	0	0	0	0	0	0	0	0	0	0	0	0	26	0	0	0	9	0	0	0	0	0	0	0	0	0	0	0	0	0	0	0	0	0	0	15	0	0	0	17
assemblage-779-935	0	0	0	0	99	0	0	0	0	0	0	0	0	0	57	0	0	0	0	0	0	0	0	0	0	0	0	0	0	0	0	0	0	0	0	0	79	0	0	96	0	0	0	0	0	0	0	0	0	0	0	0	0	0	74	0	0	0	0	0	0	0	0	0	0	0	0	0	0	0	0	0	16	0	0	0	0	0	0	65	0	0	0	0	0	0	0	0	0	0	0	0	0	0	0	14
assemblage-661-958	0	0	0	0	81	0	0	0	0	0	0	0	0	0	86	0	0	0	0	0	0	0	0	0	0	0	0	0	0	0	38	0	0	0	0	0	178	0	0	0	0	0	0	0	0	0	0	0	0	0	0	0	0	0	41	0	0	0	0	3	0	0	0	0	17	0	0	0	0	0	0	0	18	0	0	0	0	0	0	16	0	0	0	0	0	0	0	0	0	0	0	0	0	0	0	22
assemblage-905-835	0	0	0	0	122	0	0	0	0	0	0	0	0	0	48	0	0	0	0	0	0	0	0	0	0	0	0	0	0	0	0	0	0	0	0	0	84	0	0	96	0	0	0	0	0	0	0	0	0	0	0	0	0	0	42	0	0	0	0	0	0	0	0	0	0	0	0	0	0	0	0	0	15	0	0	0	0	0	0	67	0	0	0	0	0	0	0	0	0	0	0	0	0	0	0	26
assemblage-243-239	0	0	0	0	16	0	0	0	0	0	0	0	0	0	158	0	0	0	0	0	0	0	0	0	0	0	0	0	0	0	13	0	0	0	0	0	99	0	0	64	0	0	0	0	0	0	0	24	0	0	0	0	0	0	39	0	0	0	0	0	0	0	0	0	0	0	0	0	0	0	0	0	36	0	0	0	0	0	0	33	0	0	0	0	0	0	0	0	0	0	0	0	0	0	0	18
assemblage-628-437	0	0	100	0	7	0	0	0	0	0	0	0	0	0	11	0	0	0	0	0	0	0	0	0	0	0	0	0	0	0	0	0	0	6	0	0	70	0	0	0	0	0	0	0	0	0	0	0	0	10	0	0	0	0	0	0	0	0	0	0	0	0	0	0	0	0	161	71	0	0	0	0	49	0	0	0	0	0	0	0	0	0	0	0	0	0	0	0	0	0	0	0	0	0	0	15
assemblage-615-421	0	0	91	0	9	0	0	0	0	0	0	0	0	0	11	0	0	0	0	0	0	0	0	0	0	0	0	0	0	0	0	0	0	10	0	0	76	0	0	0	0	0	0	0	0	0	0	0	0	5	0	4	0	0	0	0	0	0	0	0	0	0	0	0	0	0	148	73	0	0	0	0	50	0	0	0	0	0	0	0	0	0	0	0	0	0	0	0	0	0	0	0	0	0	0	23
assemblage-844-496	10	0	0	0	0	112	0	0	0	0	0	0	0	0	0	0	0	0	0	0	0	0	0	0	0	0	0	0	0	0	0	0	0	0	0	0	152	0	0	0	0	0	0	0	0	0	0	0	0	0	0	0	0	17	0	0	0	0	0	0	0	0	0	0	193	0	0	0	0	0	0	0	0	0	0	0	0	0	0	0	0	0	0	0	0	0	0	0	0	0	0	0	0	0	0	16
assemblage-661-956	0	0	0	0	23	0	0	0	0	0	0	0	0	0	36	0	0	0	0	0	0	0	0	0	0	0	0	0	0	0	10	0	0	0	0	0	109	0	0	105	0	0	0	0	0	0	0	23	0	0	0	0	0	0	0	0	0	0	0	0	0	0	0	0	31	0	0	0	0	0	0	0	7	0	0	0	12	0	0	99	0	0	28	0	0	6	0	0	0	0	0	0	0	0	0	11
assemblage-939-810	0	0	0	0	27	0	0	0	0	0	0	0	0	0	15	0	0	0	0	0	0	0	0	0	0	0	0	0	0	0	0	0	0	0	0	0	94	0	0	0	0	0	0	0	0	0	0	0	0	0	0	0	136	0	19	0	0	0	0	0	0	0	0	0	0	0	19	26	0	0	0	0	45	0	0	0	0	0	0	28	0	0	0	0	0	0	0	0	0	0	0	0	0	0	70	21
assemblage-928-765	0	0	0	0	13	75	0	0	0	0	6	0	0	0	0	0	0	0	0	60	0	0	0	0	0	0	0	0	0	0	7	0	0	0	0	0	49	0	0	0	0	0	0	0	0	0	0	0	0	0	0	0	0	0	52	0	0	0	0	0	0	18	7	0	26	0	0	0	0	0	0	0	93	0	0	0	48	0	0	0	0	0	7	0	0	0	0	0	0	0	0	0	0	0	0	39
assemblage-928-796	0	0	10	0	104	0	0	0	9	0	0	0	0	0	0	0	0	0	0	0	0	0	0	0	0	0	8	0	0	0	0	0	0	0	0	0	189	0	0	0	0	0	0	0	0	0	0	0	0	0	0	0	53	0	0	0	10	0	28	0	0	0	0	0	0	0	44	0	0	0	0	0	8	4	0	0	0	0	0	0	0	0	0	0	0	0	0	0	0	0	0	0	0	0	0	33
assemblage-768-990	0	0	0	0	112	0	0	0	0	0	0	0	0	0	6	0	0	0	0	0	0	0	0	0	0	0	0	0	0	0	30	0	0	0	0	0	141	0	0	25	0	0	0	0	0	0	0	21	0	0	0	0	28	0	16	0	0	0	0	0	0	0	0	0	0	0	55	0	0	0	0	0	32	0	0	0	0	0	0	17	0	0	0	0	0	0	0	0	0	0	0	0	0	0	0	17
assemblage-877-553	0	0	0	0	19	14	0	0	0	0	0	0	0	0	78	0	0	0	0	7	0	0	0	0	12	0	0	0	0	0	0	0	0	0	0	0	80	0	0	98	0	0	0	0	0	0	0	0	0	0	0	0	0	0	6	0	0	0	0	0	0	0	37	15	68	0	0	0	0	0	0	0	0	0	0	0	39	0	0	0	0	0	16	0	0	0	0	0	0	0	0	0	0	0	0	11
assemblage-255-927	0	0	0	0	27	17	0	0	0	0	0	0	0	0	62	0	0	0	0	11	0	0	0	0	28	0	0	0	0	0	0	0	0	0	0	0	84	0	0	92	0	0	0	0	0	0	0	0	0	0	0	0	0	0	6	0	0	0	0	0	0	0	35	7	67	0	0	0	0	0	0	0	0	0	0	0	39	0	0	0	0	0	14	0	0	0	0	0	0	0	0	0	0	0	0	11
assemblage-746-583	0	0	17	0	107	0	0	0	0	0	0	0	0	0	0	0	0	0	0	0	0	0	0	0	0	0	11	0	0	0	0	0	0	0	0	0	211	0	0	0	0	0	0	0	0	0	0	0	0	0	0	0	38	0	0	0	0	0	36	0	0	0	0	0	0	0	35	0	0	0	0	0	12	3	0	0	0	0	0	0	0	0	0	0	0	0	0	0	0	0	0	0	0	0	0	30
assemblage-507-779	0	0	92	0	11	0	0	0	0	0	0	0	0	0	18	0	0	0	0	0	0	0	0	0	0	0	0	0	0	0	0	0	0	6	0	0	64	0	0	0	0	0	0	0	0	0	0	0	0	11	0	8	0	0	0	0	0	0	0	0	0	0	0	0	0	0	148	82	0	0	0	0	45	0	0	0	0	0	0	0	0	0	0	0	0	0	0	0	0	0	0	0	0	0	0	15
assemblage-199-466	0	0	0	0	43	0	0	0	0	0	0	0	0	0	76	0	0	0	0	28	0	0	0	0	20	0	0	0	0	0	0	0	0	0	0	0	27	0	0	0	0	0	9	0	0	0	0	0	0	0	0	0	0	0	34	0	0	0	0	0	8	4	0	0	208	0	0	0	0	0	0	0	16	0	0	0	0	0	0	0	0	0	0	0	12	0	0	0	0	0	0	0	0	0	0	15
assemblage-204-396	0	0	0	0	13	0	0	0	0	0	0	0	0	0	79	0	0	0	0	0	0	0	0	0	0	0	0	0	0	0	67	0	70	0	0	0	98	0	0	0	0	0	0	0	0	0	0	0	0	0	0	0	0	0	14	0	0	0	0	0	0	0	0	0	7	0	0	0	0	0	0	0	98	0	0	0	0	0	0	0	0	0	29	0	0	0	0	0	0	0	0	12	0	0	0	13
assemblage-94-494	0	0	0	0	25	6	0	0	0	0	0	0	0	0	76	0	0	0	0	15	0	0	0	0	26	0	0	0	0	0	0	0	0	0	0	0	77	0	0	89	0	0	0	0	0	0	0	0	0	0	0	0	0	0	0	0	0	0	0	0	0	0	39	10	75	0	0	0	0	0	0	0	0	0	0	0	41	0	0	0	0	0	12	0	0	0	0	0	0	0	0	0	0	0	0	9
assemblage-488-381	0	0	36	0	21	0	0	0	0	0	0	0	0	0	118	0	0	0	0	0	0	0	0	0	0	0	21	0	0	0	0	0	0	0	0	0	84	0	0	0	22	0	0	0	0	0	0	0	0	0	0	0	74	0	0	0	0	0	0	0	0	0	0	0	0	0	14	0	0	3	0	0	76	0	0	0	0	0	0	6	0	0	0	0	0	0	0	0	0	0	0	0	0	0	0	25
assemblage-887-564	0	0	0	0	47	3	0	0	0	0	0	0	0	0	107	0	0	0	0	0	0	0	0	0	6	0	0	0	0	0	0	0	0	0	0	0	55	0	0	15	0	0	0	0	0	0	0	0	0	0	0	0	0	0	50	0	0	0	0	0	0	0	0	0	130	0	0	0	0	0	0	0	4	0	0	0	11	0	0	36	0	0	15	0	13	0	0	0	0	0	0	0	0	0	0	8
assemblage-502-373	0	0	17	0	99	0	0	0	4	0	0	0	0	0	0	0	0	0	0	0	0	0	0	0	0	0	13	0	0	0	0	0	0	0	0	0	195	0	0	0	0	0	0	0	0	0	0	0	0	0	0	0	57	0	0	0	0	0	24	0	0	0	0	0	0	0	36	8	0	0	0	0	15	7	0	0	0	0	0	0	0	0	0	0	0	0	0	0	0	0	0	0	0	0	0	25
assemblage-928-943	0	0	0	0	32	0	0	0	0	0	0	0	0	0	63	0	0	0	0	0	0	0	0	0	0	0	0	0	0	0	73	0	0	0	0	0	39	0	0	4	0	0	0	0	0	0	0	0	0	0	0	0	0	0	5	0	0	0	0	0	0	0	0	0	0	0	31	0	0	0	0	0	15	0	0	0	0	0	0	183	0	0	0	0	0	0	0	0	0	0	0	0	0	0	40	15
assemblage-984-775	0	0	0	0	33	0	0	0	0	0	0	0	0	0	38	0	0	0	0	0	0	0	0	0	0	0	0	0	0	0	11	0	0	0	0	0	107	0	0	118	0	0	0	0	0	0	0	15	0	0	0	0	0	0	0	0	0	0	0	0	0	0	0	0	17	0	0	0	0	0	0	0	12	0	0	0	10	0	0	100	0	0	22	0	0	4	0	0	0	0	0	0	0	0	0	13
assemblage-896-831	0	0	0	0	25	0	0	0	0	0	0	0	0	0	51	0	0	0	0	0	0	0	0	0	0	0	0	0	0	0	16	0	13	0	0	0	156	0	0	0	0	0	0	0	0	4	0	32	0	0	0	0	0	0	143	0	0	0	0	0	0	0	0	0	0	0	0	0	21	0	0	0	16	0	0	0	0	0	0	0	0	0	0	0	0	0	0	0	0	0	0	12	0	0	0	11
assemblage-866-568	0	0	0	0	12	30	0	0	0	0	0	0	0	0	31	0	0	0	0	1	0	0	0	0	0	0	0	0	0	0	48	0	0	0	0	0	180	0	20	0	0	0	0	0	0	0	0	0	0	0	0	0	0	0	0	0	0	0	0	0	0	27	0	0	0	0	0	0	0	0	0	0	47	0	0	0	44	0	0	0	0	0	33	0	8	0	0	0	0	0	0	0	0	0	0	19
assemblage-190-406	0	0	0	0	131	0	0	0	0	0	0	0	0	0	59	0	0	0	0	0	0	0	0	0	0	0	0	0	0	0	51	0	0	0	0	0	116	0	0	9	0	0	0	0	0	0	0	0	0	0	0	0	0	0	37	0	0	0	0	0	0	0	0	0	11	0	0	0	0	0	0	0	36	0	6	0	0	0	0	38	0	0	0	0	0	0	0	0	0	0	0	0	0	0	0	6
assemblage-527-780	0	0	21	0	66	0	0	0	0	0	0	0	0	0	0	0	0	0	0	0	0	0	0	0	0	59	0	0	0	0	0	0	0	0	0	0	40	0	0	0	0	0	0	0	0	0	0	0	0	0	0	0	0	0	0	0	0	0	10	0	0	0	0	0	0	0	237	42	0	0	0	0	0	0	0	0	0	0	0	0	0	0	0	0	0	0	0	0	0	0	0	0	0	0	0	25
assemblage-936-773	0	0	0	0	77	13	0	0	0	0	0	0	0	0	14	0	0	0	0	24	0	0	0	0	0	0	0	0	0	0	0	0	0	0	0	0	65	0	0	0	0	0	0	0	0	0	0	0	0	0	0	0	0	0	0	0	0	0	0	0	0	94	0	0	131	0	0	0	0	0	0	54	0	0	0	0	0	0	0	0	0	0	0	0	10	0	0	0	0	0	0	0	0	0	0	18
assemblage-627-775	0	0	0	0	123	0	0	0	0	0	0	0	0	0	0	0	0	0	0	0	0	0	0	0	0	0	0	0	0	0	18	0	0	0	0	0	145	0	0	26	0	0	0	0	0	0	0	28	0	0	0	0	25	0	15	0	0	0	0	0	0	0	0	0	0	0	66	0	0	0	0	0	32	0	0	0	0	0	0	9	0	0	0	0	0	0	0	0	0	0	0	0	0	0	0	13
assemblage-602-776	0	0	0	0	110	0	0	0	0	0	0	0	0	0	7	0	0	0	0	0	0	0	0	0	0	0	0	0	0	0	15	0	0	0	0	0	159	0	0	14	0	0	0	0	0	0	0	21	0	0	0	0	20	0	17	0	0	0	0	0	0	0	0	0	0	0	65	0	0	0	0	0	35	0	0	0	0	0	0	20	0	0	0	0	0	0	0	0	0	0	0	0	0	0	0	17
assemblage-116-151	0	0	0	0	0	0	0	63	0	0	0	0	0	0	50	0	0	0	0	0	0	0	0	0	0	0	0	0	0	0	0	0	0	0	0	0	111	66	0	15	0	0	0	0	0	0	0	14	0	0	0	0	0	0	70	0	0	0	0	0	0	0	0	0	0	0	0	0	0	0	0	0	53	0	0	0	0	0	0	48	0	0	0	0	0	0	0	0	0	0	0	0	0	0	0	10
assemblage-97-795	0	24	18	0	51	0	0	0	0	0	0	0	0	0	25	0	0	0	0	0	0	0	0	0	0	0	0	0	0	0	0	0	0	0	0	10	105	0	0	0	14	0	0	0	0	0	0	0	0	0	0	0	41	0	0	0	0	0	12	0	0	0	0	0	0	0	69	41	0	0	0	0	28	17	0	0	0	0	0	0	0	0	0	0	0	0	0	0	0	5	0	0	0	0	0	40
assemblage-944-801	0	0	67	0	19	0	0	0	0	0	0	0	0	0	101	0	0	0	0	0	0	0	0	0	0	0	26	0	0	0	0	0	0	0	0	0	85	0	0	0	18	0	0	0	0	0	0	0	0	0	0	0	78	0	0	0	0	0	0	0	0	0	0	0	0	0	19	0	0	5	0	0	56	0	0	0	0	0	0	4	0	0	0	0	0	0	0	0	0	0	0	0	0	0	0	22
assemblage-745-591	0	0	17	0	99	0	0	0	0	0	0	0	0	0	0	0	0	0	0	0	0	0	0	0	0	0	3	0	0	0	0	0	0	0	0	0	224	0	0	0	0	0	0	0	0	0	0	0	0	0	0	0	42	0	0	0	0	0	23	0	0	0	0	0	0	0	43	0	0	0	0	0	21	0	0	0	0	0	0	5	0	0	0	0	0	0	0	0	0	0	0	0	0	0	0	23
assemblage-541-768	0	0	6	0	69	0	0	0	0	0	0	0	9	0	0	0	0	4	0	0	0	0	0	0	0	0	0	0	0	0	0	0	0	0	0	0	28	0	0	0	0	0	0	0	0	0	0	0	0	0	0	0	0	0	0	0	0	0	22	0	0	0	0	0	0	0	306	0	0	0	0	0	6	0	0	0	0	0	0	0	0	0	0	0	0	0	0	0	0	34	0	0	0	0	0	16
assemblage-1000-776	0	0	0	0	11	0	0	0	0	0	0	0	0	0	66	0	0	0	0	0	0	0	0	0	0	0	0	0	0	0	60	0	88	0	0	0	89	0	0	0	0	0	0	0	3	0	0	0	0	0	0	0	0	0	18	0	0	0	0	0	0	0	0	0	13	0	0	0	0	0	0	0	71	0	0	0	0	0	0	0	0	0	42	0	0	0	0	0	0	0	5	24	0	0	0	10
assemblage-956-899	0	0	0	0	22	0	0	0	0	0	0	0	0	0	0	0	0	0	0	68	0	0	0	0	0	0	0	0	0	0	0	0	0	0	0	0	0	0	0	0	0	0	0	154	0	0	0	0	0	0	0	0	0	0	170	0	0	0	0	0	0	29	0	0	0	0	0	0	0	0	0	35	0	0	0	0	0	0	0	0	0	0	0	0	0	0	0	0	0	0	0	0	0	7	0	15
assemblage-504-675	0	0	0	0	0	0	0	0	0	0	0	0	0	0	81	0	0	0	0	0	0	0	105	0	0	0	0	0	0	0	0	0	0	0	0	0	13	0	0	0	0	0	0	0	0	0	0	0	0	0	0	0	0	0	0	0	0	0	0	0	28	0	0	0	264	0	0	0	0	0	0	0	0	0	0	0	0	0	0	0	0	0	0	0	0	0	0	0	0	0	0	0	0	0	0	9
assemblage-983-757	0	0	0	0	88	0	0	0	0	0	0	0	0	0	67	0	0	0	0	0	0	0	0	0	0	0	0	0	0	0	28	0	0	0	0	0	184	0	0	0	0	0	0	0	0	0	0	0	0	0	0	0	0	0	40	0	0	0	0	0	0	0	0	0	27	0	0	0	0	0	0	0	15	0	0	10	0	0	0	12	0	0	0	0	0	0	0	0	0	0	0	0	0	0	0	29
assemblage-974-919	0	0	0	0	23	0	0	0	0	0	0	0	0	0	0	0	0	0	0	62	0	0	0	0	0	0	0	0	0	0	0	0	0	0	0	0	0	0	0	0	0	0	0	124	0	0	0	0	0	0	0	0	0	0	208	0	0	0	0	0	0	44	0	0	0	0	0	0	0	0	0	31	0	0	0	0	0	0	0	0	0	0	0	0	0	0	0	0	0	0	0	0	0	2	0	6
assemblage-774-931	0	0	0	0	37	0	0	0	0	2	0	0	0	0	30	0	0	0	0	0	0	0	0	0	0	0	0	0	0	5	34	0	0	0	0	0	158	0	0	54	0	0	0	0	0	0	0	80	0	0	0	0	0	0	5	0	0	0	0	0	0	0	0	0	8	0	0	0	0	0	0	0	66	0	0	0	0	0	0	9	0	0	0	0	0	0	0	0	0	0	0	0	0	0	0	12
assemblage-125-165	0	0	0	0	7	0	0	46	0	0	0	0	0	0	55	0	0	0	0	0	0	0	0	0	0	0	0	0	0	0	0	0	0	0	0	0	95	57	0	5	0	0	0	0	0	0	0	13	0	0	0	0	0	0	69	0	0	0	0	0	0	0	0	0	0	0	0	0	0	0	0	0	94	0	0	0	0	0	0	57	0	0	0	0	0	0	0	0	0	0	0	0	0	0	0	2
assemblage-497-361	0	0	14	0	88	0	0	0	0	0	0	0	0	0	0	0	0	0	0	0	0	0	0	0	0	0	13	0	0	0	0	0	0	0	0	0	227	0	0	0	0	0	0	0	0	0	0	0	0	0	0	0	61	0	0	0	0	0	32	0	0	0	0	0	0	0	19	0	0	0	0	0	23	5	0	0	0	0	0	0	0	0	0	0	0	0	0	0	0	0	0	0	0	0	0	18
assemblage-266-940	0	0	0	0	86	0	0	0	0	0	0	0	0	0	46	0	0	0	0	0	0	0	0	0	0	0	0	0	0	0	89	0	8	0	0	0	56	0	0	0	0	0	0	0	0	0	0	0	0	0	0	0	0	0	0	0	0	0	0	0	0	23	0	0	43	0	0	0	0	0	0	0	117	0	0	0	9	0	0	0	0	0	6	0	0	0	0	0	0	0	0	0	0	0	0	17
assemblage-103-772	0	0	11	0	17	0	0	0	0	0	0	0	0	0	68	0	0	0	0	0	0	0	0	0	0	0	0	0	0	0	0	0	0	0	0	20	107	0	0	0	0	0	0	0	0	0	0	0	0	0	0	0	6	0	0	0	0	0	0	0	0	0	0	0	0	0	45	102	0	5	0	0	104	0	0	0	0	0	0	0	0	0	0	0	0	0	0	0	0	6	0	0	0	0	0	9
assemblage-245-235	0	0	0	0	23	0	0	0	0	0	0	0	0	0	143	0	0	0	0	0	0	0	0	0	0	0	0	0	0	0	10	0	8	0	0	0	87	0	0	74	0	0	0	0	0	0	0	26	0	0	0	0	0	0	30	0	0	0	0	0	0	0	0	0	0	0	0	0	0	0	0	0	46	0	0	0	0	0	0	37	0	0	0	0	0	0	0	0	0	0	0	0	0	0	0	16
assemblage-419-440	0	0	0	0	158	0	0	0	0	0	0	0	0	0	0	0	0	0	0	0	0	0	0	0	0	0	0	0	0	0	0	0	0	0	0	0	0	0	0	0	0	0	0	7	0	0	0	0	0	0	0	0	0	0	0	0	0	0	0	0	0	26	0	0	0	0	0	0	0	0	0	27	60	0	0	0	0	0	0	0	0	0	0	0	202	0	0	0	0	0	0	0	0	0	0	20
assemblage-106-789	0	6	35	0	139	0	0	0	0	0	0	0	0	0	0	0	0	0	0	0	0	0	0	0	0	20	0	0	0	0	0	0	0	0	0	0	94	0	0	0	0	0	0	0	0	0	0	0	0	0	0	0	23	0	0	0	0	0	30	0	0	0	0	0	0	0	38	37	0	6	7	0	42	0	0	0	0	0	0	0	0	0	0	0	0	0	0	0	0	0	0	0	0	0	11	12
assemblage-393-805	0	0	0	0	46	0	0	0	0	0	0	0	0	0	89	0	0	0	0	21	0	0	0	0	9	0	0	0	0	0	0	0	0	0	0	0	29	0	0	0	0	0	11	0	0	0	0	0	0	0	0	0	0	0	33	0	0	0	0	0	0	0	0	0	197	0	0	0	0	0	0	0	35	0	0	0	0	0	0	0	0	0	0	0	10	0	0	0	0	0	0	0	0	0	0	20
assemblage-752-974	0	0	0	0	48	0	0	0	0	0	0	0	0	0	68	0	0	0	0	0	0	0	0	0	0	0	0	0	0	0	70	0	0	0	0	0	32	0	0	9	0	0	0	0	0	0	0	0	0	0	0	0	0	0	9	0	0	0	0	0	0	0	0	0	0	0	27	0	0	4	0	0	15	0	0	0	0	0	0	145	0	0	0	0	0	0	0	0	0	0	0	0	0	0	56	17
assemblage-922-961	0	0	0	0	50	0	0	15	0	0	0	0	0	0	9	0	0	0	0	0	0	0	0	7	0	0	0	0	0	0	52	12	0	0	0	0	19	5	0	0	0	0	0	0	0	0	0	14	23	0	0	0	0	0	0	0	0	0	30	0	0	0	0	0	0	0	126	0	0	19	0	0	23	0	0	0	0	0	0	57	0	0	0	0	0	0	0	0	0	0	0	0	0	0	0	39
assemblage-393-803	0	0	0	0	77	13	0	0	0	0	0	0	0	0	15	0	0	0	0	22	0	0	0	0	0	0	0	0	0	0	0	0	0	0	0	0	75	0	0	0	0	0	0	0	0	0	0	0	0	0	0	0	0	0	0	0	0	0	0	0	0	85	0	0	128	0	0	0	0	0	0	46	0	0	0	0	0	0	0	0	0	0	0	0	13	0	0	0	0	0	0	0	0	0	0	26
assemblage-739-314	0	73	58	0	61	0	0	0	0	0	0	0	0	0	26	0	0	0	0	0	0	0	0	0	0	0	0	0	0	0	0	0	0	0	0	0	83	0	0	0	7	0	0	0	0	0	7	0	0	0	0	0	56	0	0	0	0	0	0	0	0	0	0	0	0	0	45	11	0	5	0	0	4	29	0	0	0	0	0	0	0	0	0	0	0	0	14	0	0	0	0	0	0	0	0	21
assemblage-497-349	0	0	46	0	14	0	0	0	0	0	0	0	0	0	114	0	0	0	0	0	0	0	0	0	0	0	21	0	0	0	0	0	0	0	0	0	73	0	0	0	26	0	0	0	0	0	0	0	0	0	0	0	72	0	0	0	0	0	0	0	0	0	0	0	0	0	18	0	0	4	0	0	71	0	0	0	0	0	0	7	0	0	0	0	0	0	0	0	0	0	0	0	0	0	0	34
assemblage-248-931	0	0	0	0	100	0	0	0	0	0	0	0	0	0	37	0	0	0	0	0	0	0	0	0	0	0	0	0	0	0	75	0	0	0	0	0	96	0	0	0	0	0	0	0	0	0	0	0	0	0	0	0	0	0	0	0	0	0	0	0	0	22	0	0	28	0	0	0	0	0	0	0	107	0	0	0	11	0	0	0	0	0	5	0	0	0	0	0	0	0	0	0	0	0	0	19
assemblage-969-107	0	0	3	0	58	0	0	0	0	0	0	0	0	0	0	0	0	0	0	0	0	0	0	0	0	0	0	0	0	0	0	0	0	0	0	8	100	0	0	0	49	0	0	0	0	0	0	0	0	0	11	0	58	0	0	0	0	0	28	0	0	0	0	0	0	0	108	10	0	0	0	0	5	12	0	0	0	5	0	0	0	0	0	0	0	0	0	0	0	26	0	0	0	0	0	19
assemblage-711-781	0	0	0	0	0	0	0	51	0	0	0	0	0	0	82	0	0	0	0	0	0	0	0	0	0	0	0	0	0	0	0	0	0	0	0	0	107	54	0	11	0	0	0	0	0	0	0	9	0	0	0	0	0	0	59	0	0	0	0	0	0	0	0	0	0	0	0	0	0	0	0	0	65	0	0	0	0	0	0	49	0	0	0	0	0	0	0	0	0	0	0	0	0	0	0	13
assemblage-521-793	0	0	11	0	77	0	0	0	0	0	0	0	9	0	0	0	0	5	0	0	0	0	0	0	0	0	0	0	0	0	0	0	0	0	0	0	51	0	0	0	0	0	0	0	0	0	0	0	0	0	0	0	0	0	0	0	0	0	21	0	0	0	0	0	0	0	272	8	0	0	0	0	9	0	0	0	0	0	0	0	0	0	0	0	0	0	0	0	0	29	0	0	0	0	0	8
assemblage-968-117	0	88	54	0	50	0	0	0	0	0	0	0	0	0	32	0	0	0	0	0	0	0	0	0	0	0	0	0	0	0	0	0	0	0	0	0	89	0	0	0	4	0	0	0	0	0	7	0	0	0	0	0	55	0	0	0	0	0	0	0	0	0	0	0	0	0	57	0	0	6	0	0	0	19	0	0	0	0	0	0	0	0	0	0	0	0	6	0	0	0	0	0	0	0	4	29
assemblage-866-658	0	0	0	0	101	0	0	0	0	0	0	0	0	0	40	0	0	0	0	0	0	0	0	0	0	0	0	0	0	0	88	0	0	0	0	0	64	0	0	0	0	0	0	0	0	0	0	0	0	0	0	0	0	0	0	0	0	0	0	0	0	25	0	0	21	0	0	0	0	0	0	0	111	0	0	0	16	0	0	0	0	0	13	0	0	0	0	0	0	0	0	0	0	0	0	21
assemblage-114-780	0	0	10	0	35	0	0	0	0	0	0	0	0	0	0	0	0	0	0	0	0	0	0	0	0	0	0	0	0	0	0	0	0	0	0	0	103	0	0	0	37	0	0	0	0	0	0	0	0	0	13	0	56	0	0	0	0	0	23	0	0	0	0	0	0	0	139	15	0	0	0	0	7	19	0	0	0	10	0	0	0	0	0	0	0	0	0	0	0	16	0	0	0	0	0	17
assemblage-874-653	0	0	0	0	57	6	0	0	0	0	0	0	0	0	112	0	0	0	0	0	0	0	0	0	11	0	0	0	0	0	0	0	0	0	0	0	55	0	0	12	0	0	0	0	0	0	0	0	0	0	0	0	0	0	48	0	0	0	0	0	0	0	0	0	115	0	0	0	0	0	0	0	0	0	0	0	19	0	0	32	0	0	10	0	13	0	0	0	0	0	0	0	0	0	0	10
assemblage-771-946	0	0	0	0	107	0	0	0	0	0	0	0	0	0	11	0	0	0	0	0	0	0	0	0	0	0	0	0	0	0	29	0	0	0	0	0	146	0	0	19	0	0	0	0	0	0	0	24	0	0	0	0	27	0	15	0	0	0	0	0	0	0	0	0	0	0	60	0	0	0	0	0	34	0	0	0	0	0	0	9	0	0	0	0	0	0	0	0	0	0	0	0	0	0	0	19
assemblage-905-929	0	0	0	0	0	0	0	0	0	0	0	0	0	0	164	0	0	0	0	0	0	0	0	0	0	0	0	0	0	0	0	0	0	0	4	0	92	0	0	92	0	0	0	0	0	0	0	0	0	0	0	0	0	0	51	0	0	0	0	0	0	0	0	0	0	0	0	0	0	0	0	0	85	0	0	0	0	0	0	0	0	0	0	0	0	0	0	0	0	0	0	0	0	0	0	12
assemblage-843-512	12	0	0	0	0	133	0	0	0	0	0	0	0	0	0	0	0	0	0	0	0	0	0	0	0	0	0	0	0	0	0	0	0	0	0	0	154	0	0	0	0	0	0	0	0	0	0	0	0	0	0	0	0	10	0	0	0	0	0	0	0	0	0	0	176	0	0	0	0	0	0	0	0	0	0	0	0	0	0	0	0	0	0	0	0	0	0	0	0	0	0	0	0	0	0	15
assemblage-942-784	0	0	42	0	18	0	0	0	0	0	0	0	0	0	102	0	0	0	0	0	0	0	0	0	0	0	12	0	0	0	0	0	0	0	0	0	81	0	0	0	22	0	0	0	0	0	0	0	0	0	0	0	102	0	0	0	0	0	0	0	0	0	0	0	0	0	15	0	0	5	0	0	72	0	0	0	0	0	0	5	0	0	0	0	0	0	0	0	0	0	0	0	0	0	0	24
assemblage-135-471	0	0	0	0	28	8	0	0	0	0	0	0	0	0	72	0	0	0	0	12	0	0	0	0	28	0	0	0	0	0	0	0	0	0	0	0	56	0	0	104	0	0	0	0	0	0	0	0	0	0	0	0	0	0	0	0	0	0	0	0	0	0	40	9	74	0	0	0	0	0	0	0	0	0	0	0	42	0	0	0	0	0	18	0	0	0	0	0	0	0	0	0	0	0	0	9
assemblage-765-587	0	0	0	0	65	0	0	0	0	0	0	0	0	0	18	0	0	0	0	0	0	0	0	0	0	0	0	0	0	0	0	0	0	0	0	0	46	0	0	0	0	0	0	0	0	0	0	0	18	0	0	0	0	0	0	4	0	0	0	0	0	0	0	0	0	0	56	79	0	18	0	0	101	0	0	0	0	0	0	72	0	0	0	0	0	0	0	0	0	0	0	0	0	0	0	23
assemblage-902-934	0	0	0	0	0	0	0	0	0	0	0	0	0	0	156	0	0	0	0	0	0	0	0	0	0	0	0	0	0	0	0	0	0	0	7	0	70	0	0	128	0	0	0	0	0	0	0	0	0	0	0	0	0	0	71	0	0	0	0	0	0	0	0	0	0	0	0	0	0	0	0	0	58	0	0	0	0	0	0	0	0	0	0	0	0	0	0	0	0	0	0	0	0	0	0	10
assemblage-746-290	0	0	12	0	9	0	0	0	0	0	0	0	0	0	55	0	0	0	0	0	0	4	0	0	0	0	0	0	0	0	0	0	0	0	0	26	121	0	0	0	0	0	0	0	0	0	0	0	0	0	0	0	8	0	0	0	0	0	0	0	0	0	0	0	0	0	65	81	0	0	0	0	95	0	0	0	0	0	0	0	0	0	0	0	0	0	0	0	0	0	0	0	0	0	0	24
assemblage-862-661	0	0	0	0	19	14	0	0	0	0	0	0	0	0	66	0	0	0	0	15	0	0	0	0	23	0	0	0	0	0	0	0	0	0	0	0	71	0	0	98	0	0	0	0	0	0	0	0	0	0	0	0	0	0	5	0	0	0	0	0	0	0	36	6	67	0	0	0	0	0	0	0	0	0	0	0	44	0	0	0	0	0	21	0	0	0	0	0	0	0	0	0	0	0	0	15
assemblage-186-430	0	0	0	0	30	0	0	0	0	0	0	0	0	0	38	0	0	0	0	0	0	0	0	0	0	0	0	0	0	0	16	0	0	0	0	0	95	0	0	118	0	0	0	0	0	0	0	18	0	0	0	0	0	0	0	0	0	0	0	0	0	0	0	0	23	0	0	0	0	0	0	0	10	0	0	0	4	0	0	95	0	0	25	0	0	5	0	0	0	0	0	0	0	0	0	23
assemblage-959-848	0	0	0	0	72	13	0	0	0	0	0	0	0	0	10	0	0	0	0	18	0	0	0	0	0	0	0	0	0	0	0	0	0	0	0	0	80	0	0	0	0	0	0	0	0	0	0	0	0	0	0	0	0	0	5	0	0	0	0	0	0	85	0	0	144	0	0	0	0	0	0	42	0	0	0	0	0	0	0	0	0	0	0	0	14	0	0	0	0	0	0	0	0	0	0	17
assemblage-122-489	0	0	0	0	18	24	0	0	0	0	0	0	0	0	49	0	0	0	0	5	0	0	0	0	0	0	0	0	0	0	41	0	0	0	0	0	197	0	20	0	0	0	0	0	0	0	0	0	0	0	0	0	0	0	0	0	0	0	0	0	0	27	0	0	7	0	0	0	0	0	0	0	37	0	0	0	28	0	0	0	0	0	32	0	3	0	0	0	0	0	0	0	0	0	0	12
assemblage-522-758	0	3	0	0	78	0	0	0	0	0	0	36	0	0	0	0	0	0	0	0	0	0	0	0	0	0	0	7	0	0	0	0	0	0	0	0	74	0	0	0	0	0	0	0	0	0	0	0	0	0	0	0	13	0	0	0	0	0	0	0	0	0	0	0	0	6	133	81	0	0	0	0	11	34	0	0	0	0	0	0	0	0	0	0	0	0	0	0	0	11	0	0	0	0	0	13
assemblage-923-961	0	0	0	0	68	0	0	10	0	0	0	0	0	0	25	0	0	0	0	0	0	0	0	0	0	0	0	0	0	0	35	0	0	0	0	0	74	0	0	13	0	0	0	0	0	0	0	10	4	0	0	0	6	0	20	0	0	0	4	0	0	0	0	0	0	0	56	2	0	9	0	0	40	0	0	0	0	0	0	91	0	0	0	0	0	0	0	0	0	0	0	0	0	0	17	16
assemblage-176-91	0	0	0	0	27	0	0	0	0	0	0	0	0	0	53	0	0	0	0	0	0	0	0	0	0	0	0	0	0	0	16	0	4	0	0	0	114	0	0	112	0	0	0	0	0	0	0	21	0	0	0	0	0	0	0	0	0	0	0	0	0	0	0	0	27	0	0	0	0	0	0	0	9	0	0	0	5	0	0	70	0	0	29	0	0	0	0	0	0	0	0	0	0	0	0	13
assemblage-200-472	0	0	0	0	48	23	0	0	0	0	0	0	0	0	26	0	0	0	0	40	0	0	0	0	16	0	0	0	0	0	0	0	0	0	0	0	46	0	0	0	0	0	0	6	0	0	0	0	0	0	0	0	0	0	37	0	0	0	0	0	0	25	0	0	96	0	0	0	0	0	0	22	34	0	0	0	14	0	0	0	0	0	0	0	36	0	0	0	0	0	0	0	0	0	0	31
assemblage-953-864	0	0	0	0	17	81	0	0	0	0	3	0	0	0	0	0	0	0	0	42	0	0	0	0	2	0	0	0	0	0	11	0	0	0	0	0	54	0	0	0	0	0	0	0	0	0	0	0	0	0	0	0	0	0	49	0	0	0	0	0	0	20	12	0	23	0	0	0	0	0	0	0	91	0	0	0	62	0	0	0	0	0	10	0	3	0	0	0	0	0	0	0	0	0	0	20
assemblage-492-215	0	0	0	0	36	0	0	0	0	0	0	0	0	0	63	0	0	0	0	0	0	0	0	0	0	0	0	0	0	0	88	0	0	0	0	0	116	0	0	35	0	0	0	0	0	0	0	11	0	0	0	0	0	0	78	0	0	0	0	0	0	0	0	0	0	0	0	0	12	0	0	0	31	0	0	0	0	0	0	24	0	0	0	0	0	0	0	0	0	0	0	0	0	0	0	6
assemblage-706-788	0	0	0	0	0	0	0	0	0	0	0	0	0	0	140	0	0	0	0	0	0	0	0	0	0	0	0	0	0	0	0	0	0	0	10	0	94	0	0	108	0	0	0	0	0	0	0	0	0	0	0	0	0	0	58	0	0	0	0	0	0	0	0	0	0	0	0	0	0	0	0	0	79	0	0	0	0	0	0	0	0	0	0	0	0	0	0	0	0	0	0	0	0	0	0	11
assemblage-177-111	0	0	0	0	72	0	0	0	0	0	0	0	0	0	70	0	0	0	0	0	0	0	0	0	0	0	0	0	0	0	32	0	0	0	0	0	192	0	0	0	0	0	0	0	0	0	0	0	0	0	0	0	0	0	35	0	0	0	0	0	0	0	0	0	25	0	0	0	0	0	0	0	30	0	0	4	0	0	0	16	0	0	0	0	0	0	0	8	0	0	0	0	0	0	0	16
assemblage-172-461	0	0	0	0	53	0	0	0	0	0	0	0	0	0	97	0	0	0	0	18	0	0	5	0	4	0	0	0	0	0	0	0	0	0	0	0	26	0	0	0	0	0	8	0	0	0	0	0	0	0	0	0	0	0	32	0	0	0	0	0	0	0	0	0	202	0	0	0	0	0	0	0	31	0	0	0	0	0	0	0	0	0	0	0	6	0	0	0	0	0	0	0	0	0	0	18
assemblage-203-418	0	0	0	0	129	0	0	0	0	0	0	0	0	0	65	0	0	0	0	0	0	0	0	0	0	0	0	0	0	0	43	0	0	0	0	0	112	0	0	12	0	0	0	0	0	0	0	0	0	0	0	0	0	0	58	0	0	0	0	0	0	0	0	0	13	0	0	0	0	0	0	0	33	0	0	0	0	0	0	26	0	0	0	0	0	0	0	0	0	0	0	0	0	0	0	9
assemblage-174-110	0	0	0	0	122	0	0	0	0	0	0	0	0	0	66	0	0	0	0	0	0	0	0	0	0	0	0	0	0	0	38	0	0	0	0	0	118	0	0	12	0	0	0	0	0	0	0	0	0	0	0	0	0	0	60	0	0	0	0	0	0	0	0	0	17	0	0	0	0	0	0	0	25	0	5	0	0	0	0	30	0	0	0	0	0	0	0	0	0	0	0	0	0	0	0	7
assemblage-522-210	0	0	0	0	37	0	0	0	0	0	0	0	0	0	76	0	0	0	0	0	0	0	0	0	0	0	0	0	0	0	71	0	0	0	0	0	92	0	0	40	0	0	0	0	0	0	0	7	0	0	0	0	0	0	89	0	0	0	0	0	0	0	0	0	0	0	0	0	11	0	0	0	23	0	0	0	0	0	0	36	0	0	0	0	0	0	0	0	0	0	0	0	0	0	0	18
assemblage-297-854	0	0	16	0	61	0	0	0	0	0	0	0	0	0	0	0	0	0	0	0	0	0	0	0	0	54	0	0	0	0	0	0	0	0	0	0	39	0	0	0	0	0	0	0	0	0	0	0	0	0	0	0	0	0	0	0	0	0	8	0	0	0	0	0	0	0	241	54	0	0	0	0	0	0	0	0	0	0	0	0	0	0	0	0	0	0	0	0	0	0	0	0	0	0	0	27
assemblage-492-366	0	0	53	0	17	0	3	0	0	0	0	0	0	0	107	0	0	0	0	0	0	0	0	0	0	0	14	0	0	0	0	0	0	0	0	0	87	0	0	0	15	0	0	0	0	0	0	0	0	0	0	0	79	0	0	0	0	0	0	0	0	0	0	0	0	0	17	0	0	7	0	0	68	0	0	0	0	0	0	12	0	0	0	0	0	0	0	0	0	0	0	0	0	0	0	21
assemblage-962-848	0	0	0	0	47	3	0	0	0	0	0	0	0	0	0	0	0	0	0	43	0	0	0	0	51	0	0	0	0	0	9	0	0	0	0	0	55	0	0	9	0	0	0	31	0	0	0	0	0	0	0	0	0	0	32	0	0	0	0	0	0	0	0	0	44	0	0	0	0	0	0	2	21	0	0	0	0	0	0	0	0	0	0	0	138	0	0	0	0	0	0	0	0	0	0	15
assemblage-806-153	0	0	0	0	53	0	0	0	0	0	0	0	0	0	77	0	0	0	0	0	0	0	0	0	0	0	0	0	0	0	17	0	6	0	0	0	132	0	0	56	0	0	0	0	0	0	0	25	0	0	0	0	0	0	63	0	0	0	0	0	0	0	0	0	0	0	0	0	1	0	0	0	31	0	0	0	0	0	0	26	0	0	0	0	0	0	0	0	0	0	0	0	0	0	0	13
assemblage-282-940	0	0	0	0	63	0	0	0	0	0	0	0	0	0	109	0	0	0	0	0	0	0	0	0	9	0	0	0	0	0	0	0	0	0	0	0	49	0	0	0	0	0	0	0	0	0	0	0	0	0	0	0	0	0	60	0	0	0	0	0	0	0	0	0	126	0	0	0	0	0	0	0	0	0	0	0	8	0	0	24	0	0	23	0	6	0	0	0	0	0	0	0	0	0	0	23
assemblage-847-825	0	0	19	0	63	0	0	0	0	0	0	0	0	0	0	0	0	0	0	0	0	0	0	0	0	43	0	0	0	0	0	0	0	0	0	0	50	0	0	0	0	0	0	0	0	0	0	0	0	0	0	0	0	0	0	0	0	0	15	0	0	0	0	0	0	0	257	39	0	0	0	0	0	0	0	0	0	0	0	0	0	0	0	0	0	0	0	0	0	0	0	0	0	0	0	14
assemblage-582-219	0	0	5	0	29	0	0	0	0	0	0	0	0	0	0	0	0	0	0	0	0	0	0	0	0	0	0	0	0	0	0	0	0	0	0	0	114	0	0	0	30	0	0	0	0	0	0	0	0	0	15	0	54	0	0	0	0	0	33	0	0	0	0	0	0	0	134	7	0	0	0	0	0	19	0	0	0	11	0	0	0	0	0	0	0	0	0	0	0	35	0	0	0	0	0	14
assemblage-163-101	0	0	0	0	6	0	0	0	0	0	0	0	0	0	80	0	0	0	0	0	0	0	0	0	0	0	0	0	0	0	87	0	84	0	0	0	75	0	0	0	0	0	0	0	0	0	0	0	0	0	0	0	0	0	21	0	0	0	0	0	0	0	0	0	4	0	0	0	0	0	0	0	68	0	0	0	0	0	0	0	0	0	34	0	0	0	0	0	0	0	7	24	0	0	0	10
assemblage-856-509	17	0	0	0	0	133	0	0	0	0	0	0	0	0	0	0	0	0	0	0	0	0	8	0	0	0	0	0	0	0	0	0	0	0	0	0	146	0	0	0	0	0	0	0	0	0	0	0	0	0	0	0	0	11	0	0	0	0	0	0	0	0	0	0	171	0	0	0	0	0	0	0	0	0	0	0	0	0	0	0	0	0	0	0	0	0	0	0	0	0	0	0	0	0	0	14
assemblage-877-571	0	0	0	0	52	8	0	0	0	0	0	0	0	0	99	0	0	0	0	0	0	0	0	0	9	0	0	0	0	0	0	0	0	0	0	0	52	0	0	0	0	0	0	0	0	0	0	0	0	0	0	0	0	0	58	0	0	0	0	0	0	0	0	0	132	0	0	0	0	0	0	0	0	0	0	0	15	0	0	22	0	0	24	0	14	0	0	0	0	0	0	0	0	0	0	15
assemblage-856-504	15	0	0	0	0	125	0	0	0	0	0	0	0	0	0	0	0	0	0	0	0	0	8	0	0	0	0	0	0	0	0	0	0	0	0	0	153	0	0	0	0	0	0	0	0	0	0	0	0	0	0	0	0	12	0	0	0	0	0	0	0	0	0	0	170	0	0	0	0	0	0	0	0	0	0	0	0	0	0	0	0	0	0	0	0	0	0	0	0	0	0	0	0	0	0	17
assemblage-776-962	0	0	0	0	87	0	0	23	0	0	0	0	0	0	10	0	0	0	0	0	0	0	0	0	0	0	0	0	0	0	0	0	0	0	0	0	62	0	0	0	0	0	0	0	0	0	0	0	0	0	0	0	0	0	47	0	0	0	0	0	0	0	0	0	0	0	44	29	0	0	0	0	100	0	0	0	0	0	3	74	0	0	0	0	0	0	0	0	0	0	0	0	0	0	0	21
assemblage-859-100	0	0	0	0	33	0	0	0	0	0	0	0	0	0	58	0	0	0	0	0	0	0	0	0	0	0	0	0	0	0	86	0	0	0	0	0	27	0	0	9	0	0	0	0	0	0	0	0	0	0	0	0	0	0	9	0	0	0	0	0	0	0	0	0	0	0	27	0	0	0	0	0	22	0	0	0	0	0	0	163	0	0	0	0	0	0	0	0	0	0	0	0	0	0	56	10
assemblage-118-500	0	0	0	0	14	22	0	0	0	0	0	0	0	0	28	0	0	0	0	0	0	0	0	0	0	0	0	0	0	0	45	0	0	0	0	0	200	0	11	0	0	0	0	0	0	0	0	0	0	0	0	0	0	0	0	0	0	0	0	0	0	23	0	0	5	0	0	0	0	0	0	0	47	0	0	0	41	0	0	0	0	0	31	0	9	0	0	0	0	0	0	0	0	0	0	24
assemblage-964-125	0	63	79	0	49	0	0	0	0	0	0	0	0	0	31	0	0	0	0	0	0	0	0	0	0	0	0	0	0	0	0	0	0	0	0	0	89	0	0	0	6	0	0	0	0	0	5	0	0	0	0	0	81	0	0	0	0	0	0	0	0	0	0	0	0	0	33	0	0	0	0	0	0	28	0	0	0	0	0	0	0	0	0	0	0	0	8	0	0	0	0	0	0	0	5	23
assemblage-870-655	0	0	0	0	19	14	0	0	0	0	0	0	0	0	89	0	0	0	0	14	0	0	0	0	21	0	0	0	0	0	0	0	0	0	0	0	67	0	0	96	0	0	0	0	0	0	0	0	0	0	0	0	0	0	0	0	0	0	0	0	0	0	39	7	62	0	0	0	0	0	0	0	0	0	0	0	48	0	0	0	0	0	10	0	0	0	0	0	0	0	0	0	0	0	0	14
assemblage-777-950	0	0	0	0	18	0	0	0	0	0	0	0	0	0	128	0	0	0	0	0	0	0	0	0	0	0	0	0	0	0	13	0	1	0	0	0	82	0	0	99	0	0	0	0	0	0	0	26	0	0	0	0	0	0	42	0	0	0	0	0	0	0	0	0	0	0	0	0	0	0	0	0	53	0	0	0	0	0	0	27	0	0	0	0	0	0	0	0	0	0	0	0	0	0	0	11
assemblage-99-491	0	0	0	0	7	19	0	0	0	0	0	0	0	0	15	0	0	0	0	0	0	0	0	0	0	0	0	0	0	0	57	0	0	0	0	0	202	0	17	0	0	0	0	0	0	0	0	0	0	0	0	0	0	0	0	0	0	0	0	0	0	28	0	0	7	0	0	0	0	0	0	0	50	0	0	0	41	0	0	0	0	0	26	0	9	0	0	0	0	0	0	0	0	0	0	22
assemblage-664-969	0	0	0	0	123	0	0	0	0	0	0	0	0	0	50	0	0	0	0	0	0	0	0	0	0	0	0	0	0	0	62	0	0	0	0	0	110	0	0	19	0	0	0	0	0	0	0	0	0	0	0	0	0	0	55	0	0	0	0	0	0	0	0	0	5	0	0	0	0	0	0	0	31	0	0	0	0	0	0	32	0	0	0	0	0	0	0	0	0	0	0	0	0	0	0	13
assemblage-131-161	0	0	0	0	33	0	0	0	0	0	0	0	0	0	60	0	0	0	0	0	0	0	0	0	0	0	0	0	0	0	58	0	0	0	0	0	132	0	0	42	0	0	0	0	0	0	0	4	0	0	0	0	0	0	64	0	0	0	0	0	0	0	0	0	0	0	0	0	17	0	0	0	36	0	0	0	0	0	0	42	0	0	0	0	0	0	0	0	0	0	0	0	0	0	0	12
assemblage-937-796	0	0	0	0	19	0	0	0	0	0	0	0	0	0	4	0	0	0	0	0	0	0	0	0	0	0	0	0	0	0	0	0	0	0	0	0	98	0	0	0	0	0	0	0	0	0	0	0	0	0	0	0	166	0	12	0	0	7	0	0	0	0	0	0	0	0	14	31	0	0	0	0	27	0	0	0	0	0	0	31	0	0	0	0	0	0	0	0	0	0	0	0	0	0	73	18
assemblage-894-922	0	0	0	0	0	0	0	66	0	0	0	0	0	0	59	0	0	0	0	0	0	0	0	0	0	0	0	0	0	0	0	0	0	0	0	0	114	61	0	4	0	0	0	0	0	0	0	9	0	0	0	0	0	0	52	0	0	0	0	0	0	0	0	0	0	0	0	0	0	0	0	0	71	0	0	0	0	0	0	56	0	0	0	0	0	0	0	0	0	0	0	0	0	0	0	8
assemblage-201-413	0	0	0	0	129	0	0	0	0	0	0	0	0	0	62	0	0	0	0	0	0	0	0	0	0	0	0	0	0	0	43	0	0	0	0	0	126	0	0	16	0	0	0	0	0	0	0	0	0	0	0	0	0	0	55	0	0	0	0	0	0	0	0	0	9	0	0	0	0	0	0	0	21	0	0	0	0	0	0	29	0	0	0	0	0	0	0	0	0	0	0	0	0	0	0	10
assemblage-711-782	0	0	0	0	0	0	0	0	0	0	0	0	0	0	131	0	0	0	0	0	0	0	0	0	0	0	0	0	0	0	0	0	0	0	6	0	109	0	0	134	0	0	0	0	0	0	0	0	0	0	0	0	0	0	37	0	0	0	0	0	0	0	0	0	0	0	0	0	0	0	0	0	76	0	0	0	0	0	0	0	0	0	0	0	0	0	0	0	0	0	0	0	0	0	0	7
assemblage-766-990	0	0	0	0	82	0	0	25	0	0	0	0	0	0	11	0	0	0	0	0	0	0	0	0	0	0	2	0	0	0	0	0	0	0	0	0	48	0	0	0	0	0	0	0	0	0	0	0	0	0	0	0	0	0	40	0	0	0	0	0	0	0	0	0	0	0	55	21	0	0	0	0	111	0	0	0	0	0	15	64	0	0	0	0	0	0	0	0	0	0	0	0	0	0	0	26
assemblage-201-414	0	0	0	0	78	0	0	0	0	0	0	0	0	0	65	0	0	0	0	0	0	0	0	0	0	0	0	0	0	0	36	0	0	0	0	0	180	0	0	0	0	0	0	0	0	0	0	0	0	0	0	0	0	0	32	0	0	0	0	0	0	0	0	0	34	0	0	0	0	0	0	0	12	0	0	0	0	0	0	31	0	0	0	0	0	0	0	0	5	0	0	0	0	0	0	27
assemblage-494-231	0	0	0	0	0	0	0	54	0	0	0	0	0	0	60	0	0	0	0	0	0	0	0	0	0	0	0	0	0	0	0	0	0	0	0	0	101	63	0	10	0	0	0	0	0	0	0	6	0	0	0	0	0	0	63	0	0	0	0	0	0	0	0	0	0	0	0	0	0	0	0	0	74	0	0	0	0	0	0	53	0	0	0	0	0	0	0	0	0	0	0	0	0	0	0	16
assemblage-948-371	0	0	0	0	15	0	0	0	0	0	0	0	0	0	15	0	0	0	0	0	0	0	0	0	0	0	0	0	0	0	0	0	0	0	0	0	98	0	0	0	0	0	0	0	0	0	0	0	0	0	0	0	154	0	17	0	0	0	0	0	0	0	0	0	0	0	11	31	0	0	0	0	32	0	0	0	0	0	0	20	0	0	0	0	0	0	0	0	0	0	0	0	0	0	83	24
assemblage-515-363	0	0	0	0	57	0	0	0	0	0	0	0	0	0	16	0	0	0	0	0	0	0	0	0	0	0	0	0	0	0	0	0	0	0	0	0	43	0	0	0	0	0	0	0	0	0	0	0	13	0	0	0	0	0	0	6	0	0	0	0	0	0	0	0	0	0	72	95	0	22	0	0	107	0	0	0	0	0	0	48	0	0	0	0	0	0	0	0	0	0	0	0	0	0	0	21
assemblage-699-763	0	0	0	0	0	0	0	0	0	0	0	0	0	0	134	0	0	0	0	0	0	0	0	0	0	0	0	0	0	0	0	0	0	0	0	0	102	0	0	118	0	0	0	0	0	0	0	0	0	0	0	0	0	0	46	0	0	0	0	0	0	0	0	0	0	0	0	0	0	0	0	0	91	0	0	0	0	0	0	0	0	0	0	0	0	0	0	0	0	0	0	0	0	0	0	9
assemblage-658-957	0	0	0	0	10	0	0	0	0	0	0	0	0	0	77	0	0	0	0	0	0	0	0	0	0	0	0	0	0	0	84	0	70	0	0	0	94	0	0	0	0	0	0	0	0	0	0	0	0	0	0	0	0	0	16	0	0	0	0	0	0	0	0	0	4	0	0	0	0	0	0	0	79	0	0	0	0	0	0	0	0	0	24	0	0	0	0	0	0	0	3	23	0	0	0	16
assemblage-390-801	0	0	0	0	58	0	0	0	0	0	0	0	0	0	0	0	0	0	0	40	0	0	0	0	66	0	0	0	0	0	11	0	0	0	0	0	32	0	0	4	0	0	0	38	0	0	0	0	0	0	0	0	0	0	26	0	0	0	0	0	0	0	0	0	41	0	0	0	0	0	0	0	25	0	0	0	0	0	0	0	0	0	0	0	133	0	0	0	0	0	0	0	0	0	0	26
