Assemblage_Name	2-3-4118030	8012547-3-2	2-3-9603312	2905495-3-2	7857976-3126777-0	2-1-9743018	2-1-6933844	3729081-5882793-0	2-3128058-3	3-9477228-0	3-3126777-5477009	6364987-3-2	2-3-1	2-3-2	216199-3-2	2067030-3-1	2-5103318-4	2-3-8554010	9373470-5815927-1	3-3126777-8638273	3236157-3128058-3	3-5882793-7068222	3-7472239-0	4473729-3-2	9393825-3-2	3-5882793-3241640	2-2040811-3	8496319-5882793-9231941	8113134-1-3	4688181-3-2	2-4-4733922	1-241641-2	1-1590513-2	3-2724819-0	2-3-4697913	3-5882793-0	3-2961242-0	3-5882793-3121813	8496319-5882793-0	1851491-3-2	2-4-4	3-5882793-4011644	2-1-5283645	3-1275912-0	2-2040811-880982	2-9602227-0	3-3126777-8832939	4500442-5882793-0	3577190-1-7614362	6035835-241641-2	2-1-174131	1-241641-3581186	3622711-1-3	4-1-7614362	3-5882793-8334283	2-2040811-5006001	2845711-1-3	5825536-241641-2	3-3126777-0	2-3-1055526	2-1-3	2457517-1-3	1-8733526-2	3-435558-0	3-5792296-0	9269434-5882793-0	2-2643468-2	2994532-3-2	1624505-5103318-4	2-9371226-3	9373470-3-1	2-2040811-6768573
assemblage-752-988	0	18	0	0	0	0	0	0	0	0	0	0	0	132	0	0	0	0	0	0	0	0	0	0	0	0	23	0	0	0	0	21	0	0	0	134	0	122	0	0	0	0	0	0	0	0	0	0	0	0	0	0	0	0	0	0	0	0	0	0	45	0	0	0	0	0	0	0	0	0	0	5
assemblage-868-649	0	0	0	0	0	4	0	0	0	0	0	0	0	61	0	0	0	0	0	0	0	0	0	0	0	0	67	0	0	0	0	28	0	0	0	74	0	0	0	20	0	0	0	0	0	0	0	0	0	0	0	0	0	75	0	0	0	0	0	11	119	0	0	0	0	0	0	0	23	0	0	18
assemblage-866-95	0	24	0	0	0	0	0	0	0	0	0	0	0	113	0	0	0	0	0	0	0	0	0	0	0	0	16	0	0	0	0	18	0	0	0	139	0	115	0	0	0	0	0	0	0	0	0	0	0	0	0	0	0	0	0	0	0	0	0	0	68	0	0	0	0	0	0	0	0	0	0	7
assemblage-671-963	0	25	0	0	0	0	0	0	0	0	0	0	0	118	0	0	0	0	0	0	0	0	0	0	0	0	3	0	0	17	0	12	0	0	0	183	0	0	0	24	0	0	0	0	0	0	0	0	0	0	0	0	0	16	0	0	0	0	0	0	22	0	0	0	0	0	0	0	73	0	0	7
assemblage-885-931	0	80	0	0	0	0	0	0	0	0	0	0	0	105	17	0	0	0	0	0	0	0	0	0	0	0	29	0	0	0	0	46	0	0	0	113	8	0	0	0	0	0	0	0	0	0	0	0	0	0	0	0	0	0	0	0	0	0	0	0	55	0	0	34	0	0	0	0	0	0	0	13
assemblage-829-151	0	6	0	0	0	0	0	0	0	0	0	0	0	200	0	0	0	0	0	0	0	0	0	0	0	0	19	0	0	0	0	0	0	0	9	90	0	0	0	0	0	0	0	0	0	0	0	0	0	0	0	0	0	0	0	0	0	0	0	0	96	0	0	75	0	0	0	0	0	0	0	5
assemblage-93-772	0	58	0	0	0	0	0	0	0	0	0	11	0	191	0	0	0	13	0	0	0	0	0	0	0	0	44	24	0	0	0	0	0	0	0	54	0	39	3	0	0	0	0	0	0	0	0	0	0	0	0	0	0	0	0	0	0	0	20	0	33	0	0	0	0	0	0	0	0	0	0	10
assemblage-953-850	0	0	0	0	0	0	0	0	0	0	0	0	37	5	0	0	0	0	0	0	0	0	0	0	0	0	52	0	0	0	0	149	0	0	0	53	0	0	0	0	82	0	0	0	0	0	0	0	0	0	0	0	0	56	0	11	0	0	0	0	37	12	0	0	0	0	0	0	0	0	0	6
assemblage-830-129	0	18	0	0	0	0	0	0	0	0	0	0	0	135	0	0	0	0	0	0	0	0	0	0	0	0	15	0	0	0	0	26	0	0	0	36	0	0	0	0	0	0	0	0	0	0	0	0	0	0	0	0	0	28	0	0	0	0	0	0	119	0	0	107	0	0	0	0	0	0	0	16
assemblage-207-398	4	109	0	0	0	0	0	0	16	0	0	0	0	64	0	0	0	0	0	0	0	0	0	0	0	0	16	0	0	0	0	168	5	0	0	29	0	0	0	0	0	0	0	0	0	0	0	0	0	0	0	0	0	40	0	0	0	0	0	20	18	0	0	0	0	0	0	0	0	0	0	11
assemblage-956-115	0	25	10	0	9	0	0	0	0	0	0	109	0	66	0	0	0	0	0	0	0	0	0	0	0	0	40	0	0	0	0	0	0	0	0	56	0	0	0	0	0	0	0	11	0	0	0	0	0	0	0	0	0	0	0	0	0	0	82	0	76	0	0	0	0	0	0	0	0	0	0	16
assemblage-375-787	0	0	0	0	0	0	0	0	0	0	0	0	64	60	0	0	0	0	0	0	0	0	0	0	0	0	0	0	0	0	0	70	0	0	0	121	0	0	0	0	9	0	0	0	0	0	0	0	0	0	0	0	0	77	0	0	0	0	0	0	93	0	0	0	0	0	0	0	0	0	0	6
assemblage-987-763	0	47	0	0	0	0	0	0	5	0	0	0	0	100	0	0	0	0	0	0	0	0	0	0	0	0	38	0	0	0	0	49	0	0	0	113	0	0	0	2	0	0	0	0	0	0	0	0	0	0	0	0	0	32	0	0	0	0	0	8	61	0	0	0	0	0	0	0	25	0	0	20
assemblage-300-862	0	34	0	0	0	0	0	26	0	0	0	37	0	37	0	0	0	6	0	0	0	0	0	0	0	0	0	0	0	0	0	0	0	0	0	64	0	24	0	0	0	0	0	0	0	0	0	0	0	0	0	0	0	0	0	0	0	0	185	0	85	0	0	0	0	0	0	0	0	0	0	2
assemblage-532-763	0	27	0	0	0	0	0	48	0	0	0	166	0	41	0	0	0	0	0	6	0	0	0	0	0	0	0	0	0	0	0	0	0	0	0	26	0	11	0	0	0	0	0	0	0	0	0	0	0	0	11	0	0	0	0	0	0	0	18	0	133	0	0	0	0	0	0	0	0	0	0	13
assemblage-181-462	0	0	0	0	0	0	0	0	0	0	0	0	34	16	0	0	0	0	0	0	0	0	0	0	0	0	58	0	0	0	0	144	0	0	0	70	0	0	0	0	54	0	0	0	0	0	0	0	0	0	0	0	0	64	0	17	0	0	0	0	29	7	0	0	0	0	0	0	0	0	0	7
assemblage-943-371	0	0	7	0	0	0	0	20	0	0	0	0	0	98	0	0	0	0	0	0	0	8	0	0	0	0	42	0	0	0	0	8	0	0	0	21	0	150	0	0	0	0	0	0	0	0	0	0	0	0	0	0	8	0	0	0	0	0	0	0	132	0	0	0	0	0	0	0	0	0	0	6
assemblage-866-109	0	105	0	0	0	0	0	0	0	0	0	0	0	172	0	0	0	0	0	0	0	0	0	0	0	11	31	0	0	0	0	42	0	0	0	67	0	0	0	0	0	0	0	0	0	0	0	0	0	0	0	0	0	0	0	0	0	0	36	0	23	0	0	0	0	0	0	0	0	0	0	13
assemblage-877-569	0	0	0	0	0	0	0	0	65	0	0	0	19	148	0	0	0	0	0	0	0	0	0	0	0	0	0	0	0	0	0	89	0	0	0	51	0	0	0	0	0	0	0	0	0	0	0	0	0	5	0	0	0	86	0	0	0	0	0	0	7	0	0	0	0	0	0	0	0	0	0	30
assemblage-877-568	0	0	0	0	0	0	0	0	45	0	0	0	15	157	0	0	0	0	0	0	0	0	0	0	0	0	0	0	0	0	0	81	0	0	0	63	0	0	0	0	0	0	0	0	0	0	0	0	0	8	0	0	0	101	0	0	0	0	0	0	12	0	0	0	0	0	0	0	3	0	0	15
assemblage-857-558	0	8	0	0	0	0	0	0	15	0	0	0	18	119	0	0	3	0	0	0	0	0	0	0	0	0	10	0	0	0	0	50	0	0	0	97	0	0	0	5	0	0	0	0	0	0	0	0	0	0	0	0	0	82	0	0	0	0	0	0	67	0	0	0	0	0	0	0	9	0	0	17
assemblage-510-208	0	24	0	0	0	0	0	0	0	0	0	0	0	190	0	0	0	0	0	0	0	0	0	0	0	0	35	0	0	0	0	0	0	0	0	195	0	31	0	0	0	0	0	0	0	0	0	0	0	0	0	0	0	0	0	0	0	0	0	0	6	0	0	6	0	0	0	0	0	0	0	13
assemblage-617-440	0	44	0	0	0	0	0	18	0	0	0	77	0	51	0	0	0	0	0	0	0	0	0	0	0	0	0	0	0	0	0	0	0	0	0	85	0	6	0	0	0	0	0	0	0	0	0	4	0	0	0	0	0	0	0	0	0	0	130	0	63	0	0	0	0	0	0	0	0	0	0	22
assemblage-881-672	0	0	0	0	0	0	0	0	0	0	0	0	16	120	0	0	18	0	0	0	0	0	0	0	0	0	0	0	0	0	0	55	0	0	0	161	0	0	0	0	0	0	0	0	0	0	0	0	0	0	0	0	0	57	0	0	0	0	0	0	72	0	0	0	0	0	0	0	0	0	0	1
assemblage-573-213	0	0	7	0	0	0	0	14	0	0	10	63	0	96	0	0	0	0	0	0	0	0	0	0	0	0	12	0	0	0	0	0	0	0	0	10	0	68	0	0	0	0	0	11	0	0	0	0	0	0	0	0	0	0	0	0	0	0	140	0	53	0	0	0	0	0	0	0	0	0	0	16
assemblage-637-432	0	33	0	0	0	0	0	3	0	0	0	39	0	97	0	0	0	0	0	7	0	0	0	0	11	0	5	0	0	0	0	0	0	0	0	103	0	0	0	0	0	0	0	0	0	0	8	22	0	0	0	0	0	0	0	0	0	0	144	0	11	0	0	0	0	0	0	0	0	0	0	17
assemblage-698-780	0	37	0	0	0	0	6	0	0	0	0	0	0	176	0	0	0	0	0	0	0	0	0	0	0	0	76	0	0	0	0	4	0	0	0	98	0	0	0	0	0	0	0	0	0	0	0	0	0	0	0	0	0	0	0	0	0	0	0	0	86	0	0	0	0	0	0	0	0	12	0	5
assemblage-863-648	0	0	0	0	0	0	0	0	64	0	0	0	20	152	0	0	0	0	0	0	0	0	0	0	0	0	0	0	0	0	0	78	0	0	0	43	0	0	0	0	0	0	0	0	0	0	0	0	0	13	0	7	0	101	0	0	0	0	0	0	0	0	0	0	0	0	0	0	7	0	0	15
assemblage-871-116	0	31	0	0	0	0	0	0	0	0	0	0	0	209	0	0	0	0	0	0	0	0	0	0	0	0	0	0	0	0	0	0	0	0	0	58	0	14	0	0	0	0	0	0	0	0	0	0	0	0	0	0	0	0	0	0	0	0	20	0	146	0	0	0	0	0	0	0	0	0	0	22
assemblage-239-219	0	2	0	0	0	0	0	0	0	0	0	0	0	204	0	0	0	0	0	0	0	0	0	0	0	0	31	0	0	0	0	0	0	0	7	90	0	0	0	0	0	0	0	0	0	0	0	0	0	0	0	0	0	0	0	0	0	0	0	0	85	0	0	57	0	0	0	0	0	0	0	24
assemblage-124-179	0	29	0	0	0	0	0	0	0	0	0	0	0	170	0	0	0	0	0	0	0	0	0	0	0	0	29	0	0	0	0	21	0	0	0	152	0	7	0	0	0	0	0	0	0	0	0	0	0	0	0	0	0	0	0	0	0	0	0	0	59	0	0	16	0	0	0	0	0	0	0	17
assemblage-961-129	0	40	0	0	0	0	0	0	0	0	0	22	0	116	0	0	0	28	0	0	0	0	0	0	0	0	45	0	0	0	0	0	0	0	0	6	0	0	0	0	0	0	0	0	0	0	0	0	0	0	0	0	0	0	0	0	0	0	127	0	107	0	0	0	0	0	0	0	0	0	0	9
assemblage-867-659	0	28	0	0	0	0	0	0	23	0	0	0	21	85	0	0	0	0	0	0	12	0	0	0	0	0	0	0	0	0	0	23	0	0	0	134	0	0	0	0	0	0	0	0	0	0	0	0	0	0	0	0	0	113	0	0	0	0	0	0	54	0	0	0	0	0	0	0	0	0	0	7
assemblage-908-762	0	0	0	0	0	0	0	0	0	0	0	0	72	53	0	0	0	0	0	0	0	0	0	0	0	0	0	0	0	0	0	73	0	0	0	117	0	0	0	0	9	0	0	0	0	0	0	0	0	0	0	0	0	105	0	0	0	0	0	0	67	0	0	0	0	0	0	0	0	0	0	4
assemblage-781-955	0	35	0	0	0	0	0	0	0	0	0	0	0	150	0	0	0	0	0	0	0	0	0	0	0	0	6	0	0	0	0	38	0	0	0	26	0	0	0	0	0	0	0	0	0	0	0	0	0	0	0	0	0	22	0	0	0	0	0	0	110	0	0	104	0	0	0	0	0	0	0	9
assemblage-94-496	0	0	0	0	0	18	0	0	0	0	0	0	0	71	0	0	0	0	0	0	0	0	0	0	0	0	62	0	0	0	0	19	0	0	0	59	0	0	0	24	0	0	0	0	0	0	0	0	0	0	0	0	0	68	0	0	0	0	0	8	134	0	0	0	0	0	0	0	27	0	0	10
assemblage-816-142	0	87	0	0	0	0	0	0	0	0	0	0	0	151	0	0	0	0	0	0	0	0	4	0	0	0	0	0	0	0	0	9	0	0	0	199	0	0	0	0	0	0	0	0	0	0	0	0	0	0	0	0	0	0	0	0	0	0	0	0	0	0	0	26	0	0	0	0	14	0	0	10
assemblage-818-149	0	60	0	0	0	0	0	0	0	0	0	0	0	156	0	0	0	0	0	0	0	0	0	0	0	0	7	0	2	0	0	102	0	0	0	116	0	0	0	0	0	0	0	0	0	0	0	0	0	0	0	0	0	0	0	0	0	0	0	0	34	0	0	0	0	0	0	0	0	0	0	23
assemblage-963-905	0	0	0	0	0	0	0	0	0	0	0	0	0	35	0	0	0	0	0	0	0	0	0	0	0	0	19	0	0	0	0	226	0	0	0	0	0	0	0	0	0	0	0	0	0	0	0	0	0	0	0	0	0	0	0	0	0	0	0	0	205	0	0	0	0	0	0	0	0	0	0	15
assemblage-844-834	0	38	0	0	0	0	0	39	0	0	0	55	0	34	0	0	0	4	0	0	0	0	0	0	0	0	0	0	0	0	0	0	0	0	0	59	0	19	0	0	0	0	0	0	0	0	0	0	0	0	0	0	0	0	0	0	0	0	181	0	70	0	0	0	0	0	0	0	0	0	0	1
assemblage-603-766	0	75	0	0	0	0	0	0	0	0	0	0	0	36	0	0	0	0	0	0	0	0	0	0	0	0	23	0	0	0	0	0	0	0	0	143	0	23	0	0	0	0	9	0	0	0	0	0	0	0	0	0	0	0	0	0	0	0	0	0	177	0	0	0	0	0	0	0	0	0	0	14
assemblage-672-954	0	30	0	0	0	0	0	0	13	0	0	0	0	106	0	0	0	0	0	0	0	0	0	0	0	0	50	0	0	0	0	12	0	0	0	202	0	0	0	0	0	0	0	0	0	0	0	0	0	0	0	0	0	61	0	0	0	0	0	0	7	0	0	10	0	0	0	0	0	0	0	9
assemblage-104-483	0	0	0	0	0	8	0	0	0	0	0	0	0	75	0	0	0	0	0	0	0	0	0	0	0	0	61	0	0	0	0	15	0	0	0	68	0	0	0	29	0	0	0	0	0	0	0	0	0	0	0	0	0	65	0	0	0	0	0	13	122	0	0	0	0	0	0	0	33	0	0	11
assemblage-289-864	0	32	0	0	0	0	0	30	0	0	0	70	0	30	0	0	0	0	0	0	0	0	0	0	0	0	0	0	0	0	0	0	0	0	0	61	0	30	0	0	0	0	0	0	0	0	0	0	0	0	0	0	0	0	0	0	0	0	176	0	60	0	0	0	0	0	0	0	0	0	0	11
assemblage-269-930	0	0	0	0	0	0	0	0	84	0	0	0	19	147	0	0	0	0	0	0	0	0	0	0	0	0	0	0	0	0	0	65	0	0	0	52	0	0	0	0	0	0	0	0	0	0	0	0	0	9	0	7	0	92	0	0	0	0	0	0	1	0	0	0	0	0	0	0	7	0	0	17
assemblage-176-112	10	89	0	0	0	0	0	0	29	0	0	0	0	62	0	0	0	0	0	0	0	0	0	0	0	0	22	0	0	0	0	179	4	0	0	20	0	0	0	0	0	0	0	0	0	0	0	0	0	0	0	0	0	33	0	0	0	0	0	19	22	0	0	0	0	0	0	0	0	0	0	11
assemblage-440-414	0	0	0	0	0	0	0	0	0	0	0	0	0	157	0	0	0	0	0	0	0	0	0	0	0	0	0	0	0	0	0	37	0	0	0	0	0	0	0	0	0	0	0	0	0	0	0	0	0	0	0	0	0	125	0	0	0	0	0	0	126	0	50	0	0	0	0	0	0	0	0	5
assemblage-570-232	0	42	0	0	0	0	0	0	0	0	0	20	0	179	0	0	0	13	0	0	0	0	0	0	0	0	49	13	0	0	0	0	0	0	0	73	0	38	3	0	0	0	0	0	0	0	0	0	0	0	0	0	0	0	0	0	0	0	22	0	38	0	0	0	0	0	0	0	0	0	0	10
assemblage-969-101	0	55	0	0	0	0	0	0	0	0	0	18	0	90	0	0	0	42	0	0	0	0	0	0	0	0	41	0	0	0	0	0	0	0	0	11	0	0	0	0	0	0	0	0	0	0	0	0	0	0	0	0	0	0	0	0	0	0	121	0	115	0	0	0	0	0	0	0	0	0	0	7
assemblage-632-438	0	13	0	0	0	0	0	40	0	0	0	181	0	43	0	0	0	0	0	9	0	0	0	0	0	0	0	0	0	0	0	0	0	0	0	30	0	6	0	0	0	0	0	0	0	0	0	7	0	0	11	0	0	0	0	0	0	0	29	0	122	0	0	0	0	0	0	0	0	0	0	9
assemblage-754-596	0	7	0	0	0	0	0	0	0	0	0	0	0	185	0	0	0	18	0	0	0	0	0	0	0	0	23	0	0	0	0	19	0	27	0	4	0	45	0	0	0	0	0	28	0	0	0	0	0	0	0	0	0	0	0	0	0	0	39	0	82	0	0	0	0	0	0	4	0	0	0	19
assemblage-753-307	0	62	0	0	0	0	0	0	0	0	0	17	0	168	0	0	0	18	0	0	0	0	0	0	0	0	47	15	0	0	0	0	0	0	0	50	0	48	8	0	0	0	0	0	0	0	0	0	0	0	0	0	0	0	0	0	0	0	18	0	42	0	0	0	0	0	0	0	0	0	0	7
assemblage-108-487	0	24	0	0	0	0	0	0	10	0	0	0	18	92	0	0	0	0	0	0	17	0	0	0	0	0	4	0	0	0	0	21	0	0	0	110	0	0	0	0	0	0	0	0	0	0	0	0	0	0	0	0	0	115	0	0	0	0	0	0	84	0	0	0	0	0	0	0	0	0	0	5
assemblage-843-805	0	27	0	0	0	0	0	33	0	0	0	174	0	27	0	0	0	0	0	8	0	0	0	0	0	0	0	0	0	0	0	0	0	0	0	35	0	8	0	0	0	0	0	0	0	0	0	12	0	0	13	0	0	0	0	0	0	0	16	0	133	0	0	0	0	0	0	0	0	0	0	14
assemblage-205-456	0	0	0	0	0	0	0	0	32	0	0	0	0	27	0	0	43	0	0	0	0	0	0	0	0	0	0	0	0	0	0	118	0	0	0	111	0	0	0	0	46	0	0	0	0	0	0	0	0	0	0	0	0	8	0	0	0	0	0	0	83	0	0	0	0	0	0	0	0	0	0	32
assemblage-719-315	0	0	9	0	0	0	0	18	0	0	5	63	0	120	0	0	0	0	0	0	0	0	0	0	0	0	10	0	0	0	0	0	0	0	0	0	0	66	0	0	0	0	0	12	0	0	0	0	0	0	0	0	0	0	0	0	0	0	122	0	62	0	0	0	0	0	0	0	0	0	0	13
assemblage-864-95	0	49	0	0	0	0	0	0	0	0	0	0	0	206	0	0	0	0	0	0	0	0	0	0	0	0	0	0	0	0	0	0	0	0	0	63	0	12	0	0	0	0	0	0	0	0	0	0	0	0	0	0	0	0	0	0	0	0	11	0	136	0	0	0	0	0	0	0	0	0	0	23
assemblage-124-770	0	0	5	0	0	0	0	7	0	0	8	55	0	125	0	0	0	0	0	0	0	0	0	0	0	0	13	0	0	0	0	0	0	0	0	7	0	81	0	0	0	0	0	0	0	0	0	0	0	0	0	0	0	0	0	0	0	0	123	0	56	0	0	0	0	0	0	0	0	0	0	20
assemblage-180-470	0	0	0	0	0	0	0	0	0	0	0	0	102	92	0	16	41	0	0	0	0	0	0	0	0	0	0	0	0	0	0	50	0	0	0	116	0	0	0	0	0	0	0	0	0	0	0	0	0	0	0	0	0	63	0	0	0	0	0	0	4	0	0	0	0	0	0	0	0	0	0	16
assemblage-530-360	0	5	0	0	0	0	0	0	0	0	0	0	0	169	0	0	0	17	0	0	0	0	0	0	0	0	41	0	0	0	0	15	0	27	0	7	0	37	0	0	0	0	0	28	0	0	0	0	0	0	0	0	0	0	0	0	0	0	31	0	99	0	0	0	0	0	0	6	0	0	0	18
assemblage-855-123	0	88	0	0	0	0	0	0	0	0	0	0	0	162	0	0	0	0	0	0	0	0	0	0	0	4	20	0	0	0	0	53	0	0	0	74	0	0	0	0	0	0	0	0	0	0	0	0	0	0	0	0	0	0	0	0	0	0	48	0	44	0	0	0	0	0	0	0	0	0	0	7
assemblage-924-941	0	55	0	0	0	0	0	0	0	0	0	0	0	23	0	0	0	0	0	0	0	0	0	0	0	0	24	0	0	0	0	0	0	0	0	150	0	16	0	0	0	0	11	0	0	0	0	0	0	0	0	0	0	0	0	0	0	0	0	0	213	0	0	0	0	0	0	0	0	0	0	8
assemblage-89-798	0	56	0	0	0	0	0	0	0	0	0	8	0	177	0	0	0	9	0	0	0	0	0	0	0	0	42	8	0	0	0	0	0	0	0	86	0	36	15	0	0	0	0	0	0	0	0	0	0	0	0	0	0	0	0	0	0	0	23	0	26	0	0	0	0	0	0	0	0	0	0	14
assemblage-408-809	0	0	0	0	0	0	0	0	0	0	0	0	60	59	0	0	0	0	0	0	0	0	0	0	0	0	0	0	0	0	0	70	0	0	0	142	0	0	0	0	6	0	0	0	0	0	0	0	0	0	0	0	0	83	0	0	0	0	0	0	74	0	0	0	0	0	0	0	0	0	0	6
assemblage-860-563	0	0	0	0	0	8	0	0	0	0	0	0	0	59	0	0	0	0	0	0	0	0	0	0	0	0	57	0	0	0	0	27	0	0	0	67	0	0	0	27	0	0	0	0	0	0	0	0	0	0	0	0	0	85	0	0	0	0	0	10	109	0	0	0	0	0	0	0	41	0	0	10
assemblage-968-844	0	0	0	0	0	0	0	0	0	0	0	0	82	89	0	20	33	0	0	0	0	0	0	0	0	0	5	0	0	0	0	45	0	0	0	126	0	0	0	0	0	0	0	0	0	0	0	0	0	0	0	0	0	71	0	0	0	0	0	0	10	0	0	0	0	0	0	0	0	0	0	19
assemblage-927-390	0	69	0	0	0	0	0	24	0	0	0	38	0	96	0	0	0	0	0	0	0	0	0	0	0	0	8	0	0	0	0	10	0	0	0	28	0	35	0	0	0	0	0	0	0	0	0	0	0	0	0	0	0	0	0	0	0	0	73	0	96	0	0	0	0	0	0	0	0	0	0	23
assemblage-419-432	0	0	0	0	0	0	0	0	0	0	0	0	0	164	0	0	0	0	0	0	0	0	0	0	0	0	0	0	0	0	0	37	0	0	0	0	0	0	0	0	0	0	0	0	0	0	0	0	0	0	0	0	0	100	0	0	0	0	0	0	126	0	66	0	0	0	0	0	0	0	0	7
assemblage-937-805	0	122	0	0	0	0	0	17	0	4	0	0	0	84	0	0	0	0	0	0	0	0	0	0	0	0	18	0	0	0	0	13	0	0	0	58	0	0	50	0	0	0	0	0	0	0	0	0	0	0	0	0	8	0	0	0	14	0	18	0	67	0	0	0	8	0	0	0	0	0	0	19
assemblage-141-138	0	70	0	0	0	0	0	0	0	0	0	0	0	128	0	0	0	0	0	0	0	0	0	0	0	0	23	0	0	0	0	33	0	0	0	133	13	0	0	0	0	0	0	0	0	0	0	0	0	0	0	0	0	0	0	0	0	0	0	0	62	0	0	19	0	0	0	0	0	0	0	19
assemblage-777-970	0	78	0	0	0	0	0	0	0	0	0	0	0	186	0	0	0	0	0	0	0	0	0	0	0	10	27	0	0	0	0	46	0	0	0	54	0	0	0	0	0	0	0	0	0	0	0	0	0	0	0	0	0	0	0	0	0	0	50	0	38	0	0	0	0	0	0	0	0	0	0	11
assemblage-767-570	0	11	0	0	0	0	0	0	0	0	0	0	0	158	0	0	0	18	0	0	0	0	0	0	0	0	38	0	0	0	0	24	0	30	0	5	0	39	0	0	0	0	0	30	0	0	0	0	0	0	0	0	0	0	0	0	0	0	34	0	85	0	0	0	0	0	0	9	0	0	0	19
assemblage-428-423	0	0	0	0	0	0	0	0	0	0	0	0	0	152	0	0	0	0	0	0	0	0	0	0	0	0	0	0	0	0	0	26	0	0	0	0	0	0	0	0	0	0	0	0	0	0	0	0	0	0	0	0	0	124	0	0	0	0	0	0	133	0	60	0	0	0	0	0	0	0	0	5
assemblage-604-759	0	65	0	0	0	0	0	0	0	0	0	0	0	29	0	0	0	0	0	0	0	0	0	0	0	0	32	0	0	0	0	0	0	0	0	132	0	19	0	0	0	0	12	0	0	0	0	0	0	0	0	0	0	0	0	0	0	0	0	0	201	0	0	0	0	0	0	0	0	0	0	10
assemblage-687-960	0	32	0	0	0	0	0	0	19	0	0	0	0	106	0	0	0	0	0	0	0	0	0	0	0	0	81	0	0	0	0	7	0	0	0	180	0	0	0	0	0	0	0	0	0	0	0	0	0	0	0	0	0	50	0	0	0	0	0	0	6	0	0	10	0	0	0	0	0	0	0	9
assemblage-181-106	0	10	0	0	0	0	0	0	0	0	0	0	0	113	0	0	0	0	0	0	0	0	0	0	0	0	51	0	0	0	0	0	0	0	0	73	0	0	0	9	0	0	0	0	0	0	0	0	0	0	0	0	0	22	0	0	0	0	0	20	173	0	0	0	0	13	0	0	0	0	0	16
assemblage-698-797	0	74	0	0	0	0	0	0	0	0	0	0	0	110	4	0	0	0	0	0	0	0	0	0	0	0	24	0	0	0	0	22	0	0	0	167	0	0	0	0	0	0	0	0	0	0	0	0	0	0	0	0	0	0	0	0	0	0	0	0	63	0	0	21	0	0	0	0	0	0	0	15
assemblage-906-831	0	78	0	0	0	0	0	0	0	0	0	0	0	137	0	0	0	0	0	0	0	0	11	0	0	0	0	0	0	0	0	14	0	0	0	202	0	0	0	0	0	0	0	0	0	0	0	0	0	0	0	0	0	0	0	0	0	0	0	0	0	0	0	33	0	0	0	0	13	0	0	12
assemblage-454-431	0	0	0	0	0	0	0	0	0	0	0	0	0	175	0	0	0	0	0	0	0	0	0	0	0	0	0	0	0	0	0	18	0	0	0	0	0	0	0	0	0	0	0	0	0	0	0	0	0	0	0	0	0	112	0	0	0	0	0	0	138	0	53	0	0	0	0	0	0	0	0	4
assemblage-262-925	0	0	0	0	0	0	0	0	0	0	0	0	12	118	0	0	18	0	0	0	0	0	0	0	0	0	0	0	0	0	0	56	0	0	0	162	0	0	0	0	0	0	0	0	0	0	0	0	0	0	0	0	0	51	0	0	0	0	0	0	78	0	0	0	0	0	0	0	0	0	0	5
assemblage-848-504	0	0	0	0	0	0	0	0	0	0	0	0	223	0	0	0	0	0	12	0	0	0	0	0	0	0	0	0	0	0	0	0	0	0	0	126	0	0	0	0	0	0	0	0	0	8	0	0	0	0	0	0	0	0	4	0	0	0	0	0	0	0	0	0	0	0	0	0	0	0	118	9
assemblage-831-161	0	66	0	0	0	0	0	0	0	0	0	0	0	146	0	0	0	0	0	0	0	0	0	0	0	0	3	0	0	0	0	81	0	0	0	151	0	0	0	0	0	0	0	0	0	0	0	0	0	0	0	0	0	0	0	0	0	0	0	0	39	0	0	6	0	0	0	0	0	0	0	8
assemblage-899-926	0	31	0	0	0	0	12	0	0	0	0	0	0	178	0	0	0	0	0	0	0	0	0	0	0	0	56	0	0	0	0	9	0	0	0	79	0	0	0	0	0	0	0	0	0	0	0	0	0	0	0	0	0	0	0	0	0	0	0	0	107	0	0	12	0	0	0	0	0	8	0	8
assemblage-756-597	0	128	0	0	0	0	0	25	0	6	0	0	0	82	0	0	0	0	0	0	0	0	0	0	0	0	11	0	0	0	0	0	0	0	0	52	0	1	47	0	0	0	0	0	0	0	0	0	0	0	0	0	8	0	0	0	15	0	28	0	76	0	0	0	5	0	0	0	0	0	0	16
assemblage-971-933	0	0	0	0	0	0	0	0	0	0	0	0	0	30	0	0	0	0	0	0	0	0	0	0	0	0	23	0	0	0	0	253	0	0	0	0	0	0	0	0	0	0	0	0	0	0	0	0	0	0	0	0	0	0	0	0	0	5	0	0	177	5	0	0	0	0	0	0	0	0	0	7
assemblage-902-848	0	22	0	0	0	0	0	0	0	0	0	0	0	132	0	0	0	0	0	0	0	0	0	0	0	0	7	0	0	0	0	29	0	0	0	55	0	0	0	0	0	0	0	0	0	0	0	0	0	0	0	0	0	30	0	0	0	0	0	0	111	0	0	108	0	0	0	0	0	0	0	6
assemblage-897-916	0	81	0	0	0	0	0	0	0	0	0	0	0	89	8	0	0	0	0	0	0	0	0	0	0	0	31	0	0	0	0	23	0	0	0	148	8	0	0	0	0	0	0	0	0	0	0	0	0	0	0	0	0	0	0	0	0	0	0	0	76	0	0	25	0	0	0	0	0	0	0	11
assemblage-249-243	0	51	0	0	0	0	0	0	0	0	0	0	0	153	0	0	0	0	0	0	0	0	0	0	0	0	9	0	0	0	0	74	0	0	0	164	0	0	0	0	0	0	0	0	0	0	0	0	0	0	0	0	0	0	0	0	0	0	0	0	26	0	0	0	0	0	0	0	0	0	0	23
assemblage-572-227	0	27	3	0	5	0	0	0	0	0	0	128	0	90	0	0	0	0	0	0	0	0	0	0	0	0	23	0	0	0	0	0	0	0	0	37	0	0	0	0	0	0	0	0	0	0	0	0	0	0	0	0	0	0	0	0	0	0	87	0	78	0	0	0	0	0	0	0	0	0	0	22
assemblage-297-850	0	66	0	0	6	0	0	6	0	0	0	19	0	43	0	0	0	0	0	0	0	0	0	0	0	0	0	0	0	0	0	0	0	0	0	188	0	0	0	0	0	0	0	0	0	0	0	12	0	0	0	0	0	0	0	0	0	0	129	0	21	0	0	0	0	0	0	0	0	0	0	10
assemblage-280-849	0	17	0	0	0	0	0	38	0	0	0	168	0	52	0	0	0	0	0	9	0	0	0	0	0	0	0	0	0	0	0	0	0	0	0	32	0	3	0	0	0	0	0	0	0	0	0	0	0	0	10	0	0	0	0	0	0	0	31	0	131	0	0	0	0	0	0	0	0	0	0	9
assemblage-373-790	0	0	0	0	0	0	0	0	15	0	0	0	0	15	0	0	54	0	0	0	0	0	0	0	0	0	0	0	0	0	0	107	0	0	0	127	0	0	0	0	43	9	0	0	0	0	0	0	0	0	0	0	0	13	0	0	0	0	0	0	94	0	0	0	0	0	0	0	5	0	0	18
assemblage-292-849	0	67	0	0	13	0	0	8	0	0	0	27	0	39	0	0	0	0	0	0	0	0	0	0	0	0	0	0	0	0	0	0	0	0	0	174	0	0	0	0	0	0	0	0	0	0	0	7	0	0	0	0	0	0	0	0	0	0	139	0	21	0	0	0	0	0	0	0	0	0	0	5
assemblage-963-933	0	0	0	0	0	0	0	0	0	0	0	0	0	47	0	0	0	0	0	0	0	0	0	0	0	0	26	0	0	0	0	210	0	0	0	0	0	0	0	0	0	0	0	0	0	0	0	0	0	0	0	0	0	0	0	0	0	7	0	0	190	6	0	0	0	0	0	0	0	0	0	14
assemblage-130-147	0	80	0	0	0	0	0	0	0	0	0	0	0	114	6	0	0	0	0	0	0	0	0	0	0	0	33	0	0	0	0	28	0	0	0	136	8	0	0	0	0	0	0	0	0	0	0	0	0	0	0	0	0	0	0	0	0	0	0	0	65	0	0	20	0	0	0	0	0	0	0	10
assemblage-990-752	0	9	0	0	0	0	0	0	0	0	0	0	0	96	0	0	0	0	0	0	0	0	0	0	0	0	63	0	0	0	0	0	0	0	0	85	0	0	0	13	0	0	0	0	0	0	0	0	0	0	0	0	0	13	0	0	0	0	0	25	182	0	0	0	0	3	0	0	2	0	0	9
assemblage-585-782	0	62	0	0	0	0	0	0	0	0	0	0	0	31	0	0	0	0	0	0	0	0	0	0	0	0	34	0	0	0	0	0	0	0	0	135	0	17	0	0	0	0	8	0	0	0	0	0	0	0	0	0	0	0	0	0	0	0	0	0	204	0	0	0	0	0	0	0	0	0	0	9
assemblage-505-367	0	64	0	0	0	0	0	41	0	0	0	32	0	102	0	0	0	0	0	0	0	0	0	0	0	0	9	0	0	0	0	4	0	0	0	23	0	36	0	0	0	0	0	0	0	0	0	0	0	0	0	0	0	0	0	0	0	0	91	0	77	0	0	0	0	0	0	0	0	0	0	21
assemblage-828-162	0	53	0	0	0	0	0	0	0	0	0	0	0	143	0	0	0	0	0	0	0	0	0	0	0	0	2	0	0	0	0	99	0	0	0	142	0	0	0	0	0	0	0	0	0	0	0	0	0	0	0	0	0	0	0	0	0	0	0	0	35	0	0	4	0	0	0	0	0	0	0	22
assemblage-116-774	0	60	0	0	0	0	0	0	0	0	0	11	0	173	0	0	0	17	0	0	0	0	0	0	0	0	46	12	0	0	0	0	0	0	0	72	0	53	7	0	0	0	0	0	0	0	0	0	0	0	0	0	0	0	0	0	0	0	12	0	29	0	0	0	0	0	0	0	0	0	0	8
assemblage-612-439	0	27	0	0	0	0	0	13	0	0	0	33	0	101	0	0	0	0	0	8	0	0	0	0	3	0	5	0	0	0	0	0	0	0	0	113	0	0	0	0	0	0	0	0	0	0	6	21	0	0	0	0	0	0	0	0	0	0	141	0	10	0	0	0	0	0	0	0	0	0	0	19
assemblage-986-762	0	35	0	0	0	0	0	0	7	0	0	0	0	94	0	0	0	0	0	0	0	0	0	0	0	0	80	0	0	0	0	8	0	0	0	189	0	0	0	0	0	0	0	0	0	0	0	0	0	0	0	0	0	52	0	0	0	0	0	0	10	0	0	10	0	0	0	0	0	0	0	15
assemblage-842-827	0	77	0	0	9	0	0	13	0	0	0	19	0	39	0	0	0	0	0	0	0	0	0	0	0	0	0	0	0	0	0	0	0	0	0	172	0	0	0	0	0	0	0	0	0	0	0	11	0	0	0	0	0	0	0	0	0	0	132	0	19	0	0	0	0	0	0	0	0	0	0	9
assemblage-727-310	0	49	0	0	0	0	0	0	0	0	0	16	0	179	0	0	0	16	0	0	0	0	0	0	0	0	49	17	0	0	0	0	0	0	0	47	0	62	0	0	0	0	0	0	0	0	0	0	0	0	0	0	0	0	0	0	0	0	11	0	35	0	0	0	0	0	0	0	0	0	0	19
assemblage-869-510	0	0	0	0	0	0	0	0	0	0	0	0	207	0	0	0	0	0	15	0	0	0	0	0	0	0	0	0	0	0	0	0	0	0	0	145	0	0	0	0	10	0	0	0	0	6	0	0	0	0	0	0	0	0	6	0	0	0	0	0	0	0	0	0	0	0	0	0	0	0	103	8
assemblage-747-973	0	44	0	0	0	0	0	0	0	0	0	0	0	196	0	0	0	0	0	0	0	0	0	0	0	0	0	0	0	0	0	0	0	0	0	72	0	18	0	0	0	0	0	0	0	0	0	0	0	0	0	0	0	0	0	0	0	0	21	0	136	0	0	0	0	0	0	0	0	0	0	13
assemblage-958-854	0	0	0	0	0	0	0	0	17	0	0	0	0	18	0	0	48	0	0	0	0	0	0	0	0	0	0	0	0	0	0	111	0	0	0	135	0	0	0	0	59	0	0	0	0	0	0	0	0	0	0	0	0	10	0	0	0	0	0	0	81	0	0	0	0	0	0	0	5	0	0	16
assemblage-951-364	0	0	11	0	0	0	0	20	0	0	0	0	0	95	0	0	0	0	0	0	0	8	0	0	0	0	39	0	0	0	0	10	0	0	0	13	0	142	0	0	0	0	0	0	0	0	0	0	0	0	0	0	10	0	0	0	0	0	0	0	140	0	0	0	0	0	0	0	0	0	0	12
assemblage-874-113	0	69	0	0	0	0	0	0	0	0	0	0	0	32	0	0	0	0	0	0	0	0	0	0	0	0	22	0	0	0	0	0	0	0	0	144	0	10	0	0	0	0	8	0	0	0	0	0	0	0	0	0	0	0	0	0	0	0	0	0	207	0	0	0	0	0	0	0	0	0	0	8
assemblage-493-666	0	0	0	0	0	0	0	0	0	0	0	0	0	0	0	0	54	0	0	0	0	0	0	0	0	0	0	0	0	0	0	0	0	0	0	309	0	0	0	0	129	0	0	0	0	0	0	0	0	0	0	0	0	0	0	0	0	0	0	0	0	0	0	0	0	0	0	0	0	0	0	8
assemblage-618-424	0	85	0	0	0	0	0	11	0	0	0	20	0	35	0	0	0	0	0	0	0	0	0	0	0	0	0	0	0	0	0	0	0	0	0	186	0	0	0	0	0	0	0	0	0	0	0	12	0	0	0	0	0	0	0	0	0	0	122	0	11	0	0	0	0	0	0	0	0	0	0	18
assemblage-274-943	0	31	0	0	0	0	0	0	16	0	0	0	14	95	0	0	0	0	0	0	18	0	0	0	0	0	0	0	0	0	0	32	0	0	0	112	0	0	0	0	0	0	0	0	0	0	0	0	0	0	0	0	0	109	0	0	0	0	0	0	66	0	0	0	0	0	0	0	0	0	0	7
assemblage-532-222	0	100	0	2	0	0	0	0	0	0	0	0	0	113	0	0	0	0	0	0	0	0	0	0	0	0	25	0	0	0	0	26	0	0	0	118	10	0	0	0	0	0	0	0	0	0	0	0	0	0	0	0	0	0	0	0	0	0	0	0	69	0	0	25	0	0	0	0	0	0	0	12
assemblage-946-393	0	0	7	0	0	0	0	8	0	0	0	0	0	92	0	0	0	0	0	0	0	7	0	0	0	0	41	0	0	0	0	6	0	0	0	24	0	161	0	0	0	0	0	0	0	0	0	0	0	0	0	0	6	0	0	0	0	0	0	0	142	0	0	0	0	0	0	0	0	0	0	6
assemblage-523-779	0	18	0	0	0	0	0	28	0	0	0	178	0	37	0	0	0	0	0	5	0	0	0	0	0	0	0	0	0	0	0	0	0	0	0	24	0	8	0	0	0	0	0	0	0	0	0	4	0	0	19	0	0	0	0	0	0	0	24	0	131	0	0	0	0	0	0	0	0	0	0	24
assemblage-931-759	0	0	0	0	0	0	0	0	0	0	0	0	42	12	0	0	0	0	0	0	0	0	0	0	0	0	47	0	0	0	0	156	0	0	0	65	0	0	0	0	72	0	0	0	0	0	0	0	0	0	0	0	0	63	0	13	0	0	0	0	16	10	0	0	0	0	0	0	0	0	0	4
assemblage-983-911	0	0	0	0	0	0	0	0	0	0	0	0	0	19	0	0	0	0	0	0	0	0	0	0	0	0	23	0	0	0	0	247	0	0	0	0	0	0	0	0	0	0	0	0	0	0	0	0	0	0	0	0	0	0	0	0	0	0	0	0	189	0	0	0	0	0	0	0	0	0	0	22
assemblage-495-669	0	0	0	0	0	0	0	0	0	0	0	0	0	0	0	0	29	0	0	0	0	0	0	0	0	0	0	0	0	0	0	0	0	0	0	352	0	0	0	0	111	0	0	0	0	0	0	0	0	0	0	0	0	0	0	0	0	0	0	0	0	0	0	0	0	0	0	0	0	0	0	8
assemblage-491-652	0	0	0	0	0	0	0	0	0	0	0	0	0	0	0	0	35	0	0	0	0	0	0	0	0	0	0	0	0	0	0	0	0	0	0	343	0	0	0	0	119	0	0	0	0	0	0	0	0	0	0	0	0	0	0	0	0	0	0	0	0	0	0	0	0	0	0	0	0	0	0	3
assemblage-667-963	0	20	0	0	0	0	0	0	11	0	0	0	0	116	0	0	0	0	0	0	0	0	0	0	0	0	54	0	0	0	0	4	0	0	0	192	0	0	0	0	0	0	0	0	0	0	0	0	0	0	0	0	0	67	0	0	0	0	0	0	10	0	0	15	0	0	0	0	0	0	0	11
assemblage-134-140	0	32	0	0	0	0	0	0	0	0	0	0	0	214	0	0	0	0	0	0	0	0	0	0	0	0	29	0	0	0	0	0	0	0	0	178	0	27	0	0	0	0	0	0	0	0	0	0	0	0	0	0	0	0	0	0	0	0	0	0	0	0	0	8	0	0	0	0	0	0	0	12
assemblage-283-928	0	35	0	0	0	0	0	0	13	0	0	0	9	85	0	0	0	0	0	0	14	0	0	0	0	0	0	0	0	0	0	28	0	0	0	117	0	0	0	0	0	0	0	0	0	0	0	0	0	0	0	0	0	115	0	0	0	0	0	0	78	0	0	0	0	0	0	0	0	0	0	6
assemblage-831-823	0	27	0	0	0	0	0	39	0	0	0	180	0	31	0	0	0	0	0	13	0	0	0	0	0	0	0	0	0	0	0	0	0	0	0	32	0	6	0	0	0	0	0	0	0	0	0	0	0	0	15	0	0	0	0	0	0	0	24	0	114	0	0	0	0	0	0	0	0	0	0	19
assemblage-902-948	0	19	0	0	0	0	0	0	0	0	0	0	0	99	0	0	0	0	0	0	0	0	0	0	0	0	18	0	0	0	0	27	0	0	0	149	0	116	0	0	0	0	0	0	0	0	0	0	0	0	0	0	0	0	0	0	0	0	0	0	69	0	0	0	0	0	0	0	0	0	0	3
assemblage-538-778	0	26	0	0	0	0	0	3	0	0	0	34	0	104	0	0	0	0	0	0	0	0	0	0	10	0	0	0	0	0	0	0	0	0	0	96	0	0	0	0	0	0	0	0	0	0	7	10	0	0	0	0	0	0	0	0	0	0	169	0	12	0	0	0	0	0	0	0	0	0	0	29
assemblage-964-845	0	0	0	0	0	0	0	0	0	0	0	0	26	5	0	0	0	0	0	0	0	0	0	0	0	0	56	0	0	0	0	148	0	0	0	77	0	0	0	0	68	0	0	0	0	0	0	0	0	0	0	0	0	57	0	9	0	0	0	0	36	8	0	0	0	0	0	0	0	0	0	10
assemblage-763-598	0	107	0	0	0	0	0	21	0	2	0	0	0	85	0	0	0	0	0	0	0	0	0	0	0	0	16	0	0	0	0	6	0	0	0	55	0	8	35	0	0	0	0	0	0	0	0	0	0	0	0	0	0	0	0	0	14	0	21	0	92	0	0	0	19	0	0	0	0	0	0	19
assemblage-601-779	0	46	0	0	0	0	0	0	0	0	0	0	0	181	0	0	0	0	0	0	0	0	0	0	0	0	16	0	0	0	0	0	0	0	0	69	0	16	0	0	0	0	0	0	0	0	0	0	0	0	0	0	0	0	0	0	0	0	13	0	143	0	0	0	0	0	0	0	0	0	0	16
assemblage-254-259	0	63	0	0	0	0	0	0	0	0	0	0	0	131	0	0	0	0	0	0	0	0	5	0	0	0	0	0	0	0	0	12	0	0	4	236	0	0	0	0	0	0	0	0	0	0	0	0	0	0	0	0	0	0	0	0	0	0	0	0	0	0	0	29	0	0	0	0	12	0	0	8
assemblage-901-846	0	72	0	0	0	0	0	0	0	0	0	0	0	168	0	0	0	0	0	0	0	0	8	0	0	0	0	0	0	0	0	13	0	0	4	187	0	0	0	0	0	0	0	0	0	0	0	0	0	0	0	0	0	0	0	0	0	0	0	0	0	0	0	32	0	0	0	0	7	0	0	9
assemblage-494-668	0	0	0	0	0	0	0	0	0	0	0	0	0	0	0	0	42	0	0	0	0	0	0	0	0	0	0	0	0	0	0	0	0	0	0	310	0	0	0	0	139	0	0	0	0	0	0	0	0	0	0	0	0	0	0	0	0	0	0	0	0	0	0	0	0	0	0	0	0	0	0	9
assemblage-595-777	0	18	0	0	0	0	0	0	0	0	0	0	0	102	0	0	0	0	0	0	0	0	0	0	0	0	20	0	0	0	0	17	0	0	0	124	0	144	0	0	0	0	0	0	0	0	0	0	0	0	0	0	0	0	0	0	0	0	0	0	66	0	0	0	0	0	0	0	0	0	0	9
assemblage-436-415	0	0	0	0	0	0	0	0	0	0	0	0	0	152	0	0	0	0	0	0	0	0	0	0	0	0	0	0	0	0	0	22	0	0	0	0	0	0	0	0	0	0	0	0	0	0	0	0	0	0	0	0	0	129	0	0	0	0	0	0	144	0	51	0	0	0	0	0	0	0	0	2
assemblage-945-378	0	51	0	0	0	0	0	17	0	0	0	7	0	104	0	0	0	0	0	0	0	0	0	0	0	0	32	0	0	0	0	8	0	7	0	29	0	63	8	0	0	0	0	8	0	0	0	0	0	0	0	0	0	0	0	0	0	0	38	0	97	0	0	0	0	0	0	0	0	0	0	31
assemblage-771-953	0	0	0	0	0	0	0	0	0	0	0	0	0	194	0	0	0	0	0	0	0	0	0	0	0	0	30	0	0	0	0	0	0	0	0	81	0	0	0	0	0	0	0	0	0	0	0	0	0	0	0	0	0	0	0	0	0	0	0	0	86	0	0	83	0	0	0	0	0	0	0	26
assemblage-760-951	0	11	0	0	0	0	0	0	0	0	0	0	0	208	0	0	0	0	0	0	0	0	0	0	0	0	34	0	0	0	0	2	0	0	7	76	0	0	0	0	0	0	0	0	0	0	0	0	0	0	0	0	0	0	0	0	0	0	0	0	72	0	0	76	0	0	0	0	0	0	0	14
assemblage-428-409	0	0	0	0	0	0	0	0	0	0	0	0	0	176	0	0	0	0	0	0	0	0	0	0	0	0	0	0	0	0	0	34	0	0	0	0	0	0	0	0	0	0	0	0	0	0	0	0	0	0	0	0	0	99	0	0	0	0	0	0	120	0	69	0	0	0	0	0	0	0	0	2
assemblage-955-925	0	0	0	0	0	0	0	0	0	0	0	0	0	38	0	0	0	0	0	0	0	0	0	0	0	0	27	0	0	0	0	214	0	0	0	0	0	0	0	0	0	0	0	0	0	0	0	0	0	0	0	0	0	0	0	0	0	5	0	0	205	0	0	0	0	0	0	0	0	0	0	11
assemblage-496-654	0	0	0	0	0	0	0	0	0	0	0	0	0	0	0	0	32	0	0	0	0	0	0	0	0	0	0	0	0	0	0	0	0	0	0	355	0	0	0	0	101	0	0	0	0	0	0	0	0	0	0	0	0	0	0	0	0	0	0	0	0	0	0	0	0	0	0	0	0	0	0	12
assemblage-978-756	0	7	0	0	0	0	0	0	0	0	0	0	0	107	0	0	0	0	0	0	0	0	0	0	0	0	59	0	0	0	0	0	0	0	0	91	0	0	0	7	0	0	0	0	0	0	0	0	0	0	0	0	0	17	0	0	0	0	0	19	172	0	0	0	0	5	0	0	0	0	0	16
assemblage-863-503	0	0	0	0	0	0	0	0	0	0	0	0	217	0	0	0	0	0	19	0	0	0	0	0	0	0	0	0	0	0	0	0	0	0	0	131	0	0	0	0	0	0	0	0	0	11	0	0	0	0	0	0	0	0	12	0	0	0	0	0	0	0	0	0	0	0	0	0	0	0	102	8
assemblage-843-802	0	30	0	0	0	0	0	39	0	0	0	167	0	47	0	0	0	0	0	12	0	0	0	0	0	0	0	0	0	0	0	0	0	0	0	38	0	0	0	0	0	0	0	0	0	0	0	0	0	0	13	0	0	0	0	0	0	0	22	0	113	0	0	0	0	0	0	0	0	0	0	19
assemblage-703-781	0	23	0	0	0	0	0	0	0	0	0	0	0	196	0	0	0	0	0	0	0	0	0	0	0	0	23	0	0	0	0	0	0	0	0	199	0	30	0	0	0	0	0	0	0	0	0	0	0	0	0	0	0	0	0	0	0	0	0	0	9	0	0	7	0	0	0	0	0	0	0	13
assemblage-243-235	0	57	0	0	0	0	0	0	0	0	0	0	0	148	0	0	0	0	0	0	0	0	0	0	0	0	0	0	0	0	0	93	0	0	0	137	0	0	0	0	0	0	0	0	0	0	0	0	0	0	0	0	0	0	0	0	0	0	0	0	34	0	0	11	0	0	0	0	0	0	0	20
assemblage-824-163	0	8	0	0	0	0	0	0	0	0	0	0	0	210	0	0	0	0	0	0	0	0	0	0	0	0	28	0	0	0	0	0	0	0	0	72	0	0	0	0	0	0	0	0	0	0	0	0	0	0	0	0	0	0	0	0	0	0	0	0	102	0	0	60	0	0	0	0	0	0	0	20
assemblage-751-589	0	0	5	0	0	0	0	13	0	0	0	0	0	123	0	0	0	0	0	0	0	10	0	0	0	0	42	0	0	0	0	12	0	0	0	13	0	138	0	0	0	0	0	0	0	0	0	0	0	0	0	0	8	0	0	0	0	0	0	0	129	0	0	0	0	0	0	0	0	0	0	7
assemblage-503-216	0	24	0	0	0	0	0	0	0	0	0	0	0	209	0	0	0	0	0	0	0	0	0	0	0	0	24	0	0	0	0	0	0	0	0	192	0	25	0	0	0	0	0	0	0	0	0	0	0	0	0	0	0	0	0	0	0	0	0	0	4	0	0	12	0	0	0	0	0	0	0	10
assemblage-444-418	0	0	0	0	0	0	0	0	0	0	0	0	0	183	0	0	0	0	0	0	0	0	0	0	0	0	0	0	0	0	0	24	0	0	0	0	0	0	0	0	0	0	0	0	0	0	0	0	0	0	0	0	0	111	0	0	0	0	0	0	136	0	42	0	0	0	0	0	0	0	0	4
assemblage-902-784	0	0	0	0	0	0	0	0	0	0	0	0	97	83	0	6	44	0	0	0	0	0	0	0	0	0	0	0	0	0	0	56	0	0	0	135	0	0	0	0	0	0	0	0	0	0	0	0	0	0	0	0	0	56	0	0	0	0	0	0	2	0	0	0	0	0	0	0	0	0	0	21
assemblage-564-224	0	26	12	0	13	0	0	8	0	0	0	97	0	94	0	0	0	0	0	0	0	0	0	0	0	0	36	0	0	0	0	0	0	0	0	60	0	5	0	0	0	0	0	0	0	0	0	0	0	0	0	0	0	0	0	0	0	0	68	0	72	0	0	0	0	0	0	0	0	0	0	9
assemblage-920-795	0	123	0	0	0	0	0	16	0	4	0	0	0	73	0	0	0	0	0	0	0	0	0	0	0	0	10	0	0	0	0	7	0	0	0	51	0	0	43	0	0	0	0	0	0	0	0	0	0	0	0	0	0	0	0	0	11	0	25	0	95	0	0	0	11	0	0	0	0	0	0	31
assemblage-951-379	0	0	4	0	0	0	0	16	0	0	0	0	0	102	0	0	0	0	0	0	0	2	0	0	0	0	48	0	0	0	0	13	0	0	0	26	0	147	0	0	0	0	0	0	0	0	0	0	0	0	0	0	14	0	0	0	0	0	0	0	123	0	0	0	0	0	0	0	0	0	0	5
assemblage-775-939	0	65	0	0	0	0	0	0	0	0	0	0	0	158	0	0	0	0	0	0	0	0	0	0	0	0	9	0	0	0	0	85	0	0	0	129	0	0	0	0	0	0	0	0	0	0	0	0	0	0	0	0	0	0	0	0	0	0	0	0	32	0	0	0	0	0	0	0	0	0	0	22
assemblage-975-756	0	22	0	0	0	0	0	0	0	0	0	0	0	101	0	0	0	0	0	0	0	0	0	0	0	0	3	0	0	16	0	17	0	0	0	185	0	0	0	26	0	0	0	0	0	0	0	0	0	0	0	0	0	23	0	0	0	0	0	0	24	0	0	0	0	0	0	0	77	0	0	6
assemblage-901-928	0	27	0	0	0	0	0	0	0	0	0	0	0	182	0	0	0	0	0	0	0	0	0	0	0	0	30	0	0	0	0	0	0	0	0	213	0	24	0	0	0	0	0	0	0	0	0	0	0	0	0	0	0	0	0	0	0	0	0	0	11	0	0	9	0	0	0	0	0	0	0	4
assemblage-692-760	0	33	0	0	0	0	0	0	0	0	0	0	0	185	0	0	0	0	0	0	0	0	0	0	0	0	0	0	0	0	0	46	0	0	0	140	0	0	0	0	0	0	0	0	0	0	0	0	0	0	0	0	0	0	0	0	0	0	0	0	68	0	0	18	0	0	0	0	0	0	0	10
assemblage-505-653	0	0	0	0	0	0	0	0	0	0	0	0	48	48	0	0	15	0	0	0	0	0	0	0	0	0	8	0	0	0	0	76	0	0	0	124	0	0	0	0	28	0	0	0	0	0	0	0	0	0	0	0	0	32	0	0	0	0	0	0	68	0	14	0	0	0	0	0	0	0	24	15
assemblage-255-237	0	54	0	0	0	0	0	0	0	0	0	0	0	156	0	0	0	0	0	0	0	0	0	0	0	0	10	0	0	0	0	77	0	0	0	150	0	0	0	0	0	0	0	0	0	0	0	0	0	0	0	0	0	0	0	0	0	0	0	0	34	0	0	0	0	0	0	0	0	0	0	19
assemblage-564-226	0	28	11	0	3	0	0	0	0	0	0	99	0	90	0	0	0	0	0	0	0	0	0	0	0	0	38	0	0	0	0	0	0	0	0	45	0	0	0	0	0	0	0	0	0	0	0	0	0	0	0	0	0	0	0	0	0	0	84	0	80	0	0	0	0	0	0	0	0	0	0	22
assemblage-941-790	0	0	3	0	0	0	0	17	0	0	0	0	0	99	0	0	0	0	0	0	0	15	0	0	0	0	39	0	0	0	0	11	0	0	0	15	0	144	0	0	0	0	0	0	0	0	0	0	0	0	0	0	6	0	0	0	0	0	0	0	142	0	0	0	0	0	0	0	0	0	0	9
assemblage-206-394	0	13	0	0	0	0	0	0	0	0	0	0	0	86	0	0	0	0	0	0	0	0	0	0	0	0	63	0	0	0	0	0	0	0	0	80	0	0	0	12	0	0	0	0	0	0	0	0	0	0	0	0	0	15	0	0	0	0	0	39	162	0	0	0	0	7	0	0	0	0	0	23
assemblage-947-379	0	119	0	0	0	0	0	13	0	2	0	0	0	91	0	0	0	0	0	0	0	0	0	0	0	0	22	0	0	0	0	5	0	0	0	59	0	0	35	0	0	0	0	0	0	0	0	0	0	0	0	0	7	0	0	0	17	0	27	0	64	0	0	0	13	0	0	0	0	0	0	26
assemblage-156-102	0	32	0	0	0	0	0	0	0	0	0	0	0	111	0	0	0	0	0	0	0	0	0	0	0	0	6	0	0	10	0	10	0	0	0	209	0	0	0	24	0	0	0	0	0	0	0	0	0	0	0	0	0	15	0	0	0	0	0	0	15	0	0	0	0	0	0	0	65	0	0	3
assemblage-885-841	0	11	0	0	0	0	0	0	0	0	0	0	0	191	0	0	0	0	0	0	0	0	0	0	0	0	16	0	0	0	0	8	0	0	0	82	0	0	0	0	0	0	0	0	0	0	0	0	0	0	0	0	0	0	0	0	0	0	0	0	101	0	0	68	0	0	0	0	0	0	0	23
assemblage-505-214	0	36	0	0	0	0	18	0	0	0	0	0	0	181	0	0	0	0	0	0	0	0	0	0	0	0	46	0	0	0	0	9	0	0	0	104	0	0	0	0	0	0	0	0	0	0	0	0	0	0	0	0	0	0	0	0	0	0	0	0	94	0	0	4	0	0	0	0	0	5	0	3
assemblage-858-122	0	40	0	0	0	0	0	0	0	0	0	0	0	207	0	0	0	0	0	0	0	0	0	0	0	0	0	0	0	0	0	0	0	0	0	44	0	11	0	0	0	0	0	0	0	0	0	0	0	0	0	0	0	0	0	0	0	0	15	0	167	0	0	0	0	0	0	0	0	0	0	16
assemblage-787-946	0	74	0	0	0	0	0	0	0	0	0	0	0	134	0	0	0	0	0	0	0	0	2	0	0	0	0	0	0	0	0	13	0	0	3	225	0	0	0	0	0	0	0	0	0	0	0	0	0	0	0	0	0	0	0	0	0	0	0	0	0	0	0	31	0	0	0	0	14	0	0	4
assemblage-171-84	8	90	0	0	0	0	0	0	16	0	0	0	0	70	0	0	0	0	0	0	0	0	0	0	0	0	23	0	0	0	0	166	7	0	0	27	0	0	0	0	0	0	0	0	0	0	0	0	0	0	0	0	0	34	0	0	0	0	0	19	28	0	0	0	0	0	0	0	0	0	0	12
assemblage-908-840	0	38	0	0	0	0	0	0	0	0	0	0	0	143	0	0	0	0	0	0	0	0	0	0	0	0	9	0	0	0	0	23	0	0	0	43	0	0	0	0	0	0	0	0	0	0	0	0	0	0	0	0	0	17	0	0	0	0	0	0	105	0	0	113	0	0	0	0	0	0	0	9
assemblage-965-927	0	0	0	0	0	0	0	0	0	0	0	0	0	30	0	0	0	0	0	0	0	0	0	0	0	0	17	0	0	0	0	259	0	0	0	0	0	0	0	0	0	0	0	0	0	0	0	0	0	0	0	0	0	0	0	0	0	0	0	0	171	0	0	0	0	0	0	0	0	0	0	23
assemblage-876-927	0	42	0	0	0	0	0	0	0	0	0	0	0	189	0	0	0	0	0	0	0	0	0	0	0	0	0	0	0	0	0	39	0	0	0	133	0	0	0	0	0	0	0	0	0	0	0	0	0	0	0	0	0	0	0	0	0	0	0	0	72	0	0	22	0	0	0	0	0	0	0	3
assemblage-199-476	0	0	0	0	0	0	0	0	0	0	0	0	51	72	0	0	0	0	0	0	0	0	0	0	0	0	0	0	0	0	0	92	0	0	0	124	0	0	0	0	8	0	0	0	0	0	0	0	0	0	0	0	0	79	0	0	0	0	0	0	70	0	0	0	0	0	0	0	0	0	0	4
assemblage-504-227	0	84	0	0	0	0	0	0	0	0	0	0	0	94	8	0	0	0	0	0	0	0	0	0	0	0	27	0	0	0	0	28	0	0	0	135	5	0	0	0	0	0	0	0	0	0	0	0	0	0	0	0	0	0	0	0	0	0	0	0	74	0	0	29	0	0	0	0	0	0	0	16
assemblage-595-776	0	20	0	0	0	0	0	0	0	0	0	0	0	113	0	0	0	0	0	0	0	0	0	0	0	0	37	0	0	0	0	11	0	0	0	142	0	119	0	0	0	0	0	0	0	0	0	0	0	0	0	0	0	0	0	0	0	0	0	0	53	0	0	0	0	0	0	0	0	0	0	5
assemblage-939-116	0	0	9	0	0	0	0	19	0	0	3	49	0	125	0	0	0	0	0	0	0	0	0	0	0	0	6	0	0	0	0	0	0	0	0	12	0	82	0	0	0	0	0	9	0	0	0	0	0	0	0	0	6	0	0	0	0	0	138	0	29	0	0	0	0	0	0	0	0	0	0	13
assemblage-752-302	0	0	10	0	0	0	0	21	0	0	8	56	0	109	0	0	0	0	0	0	0	0	0	0	0	0	16	0	0	0	0	0	0	0	0	2	0	85	0	0	0	0	0	5	0	0	0	0	0	0	0	0	0	0	0	0	0	0	120	0	49	0	0	0	0	0	0	0	0	0	0	19
assemblage-195-455	0	0	0	0	0	0	0	0	25	0	0	0	0	16	0	0	55	0	0	0	0	0	0	0	0	0	0	0	0	0	0	118	0	0	0	128	0	0	0	0	51	0	0	0	0	0	0	0	0	0	0	0	0	14	0	0	0	0	0	0	74	0	0	0	0	0	0	0	3	0	0	16
assemblage-718-296	0	47	0	0	0	0	0	0	0	0	0	18	0	101	0	0	0	49	0	0	0	0	0	0	0	0	61	0	0	0	0	0	0	0	0	8	0	0	0	0	0	0	0	0	0	0	0	0	0	0	0	0	0	0	0	0	0	0	94	0	109	0	0	0	0	0	0	0	0	0	0	13
assemblage-607-434	0	85	0	0	7	0	0	8	0	0	0	15	0	37	0	0	0	0	0	0	0	0	0	0	0	0	0	0	0	0	0	0	0	0	0	192	0	0	0	0	0	0	0	0	0	0	0	7	0	0	0	0	0	0	0	0	0	0	119	0	19	0	0	0	0	0	0	0	0	0	0	11
assemblage-859-809	0	28	0	0	0	0	0	11	0	0	0	25	0	115	0	0	0	0	0	0	0	0	0	0	0	0	5	0	0	0	0	0	0	0	0	112	0	0	0	0	0	0	0	0	0	0	6	12	0	0	0	0	0	0	0	0	0	0	157	0	2	0	0	0	0	0	0	0	0	0	0	27
assemblage-399-803	0	0	0	0	0	0	0	0	0	0	0	0	45	60	0	0	0	0	0	0	0	0	0	0	0	0	0	0	0	0	0	66	0	0	0	143	0	0	0	0	6	0	0	0	0	0	0	0	0	0	0	0	0	87	0	0	0	0	0	0	84	0	0	0	0	0	0	0	0	0	0	9
assemblage-397-779	0	0	0	0	0	0	0	0	0	0	0	0	86	107	0	22	38	0	0	0	0	0	0	0	0	0	0	0	0	0	0	43	0	0	0	106	0	0	0	0	0	0	0	0	0	0	0	0	0	0	0	0	0	70	0	0	0	0	0	0	8	0	0	0	0	0	0	0	0	0	0	20
assemblage-923-779	0	0	0	0	0	0	0	0	0	0	0	0	104	77	0	25	41	0	0	0	0	0	0	0	0	0	0	0	0	0	0	41	0	0	0	127	0	0	0	0	0	0	0	0	0	0	0	0	0	0	0	0	0	60	0	0	0	0	0	0	5	0	0	0	0	0	0	0	0	0	5	15
assemblage-859-499	0	0	0	0	0	0	0	0	0	0	0	0	218	0	0	0	0	0	9	0	0	0	0	0	0	0	0	0	0	0	0	0	0	0	0	133	0	0	0	0	0	0	0	0	0	6	0	0	0	0	0	0	0	0	15	0	0	0	0	0	0	0	0	0	0	0	0	0	0	0	114	5
assemblage-731-315	0	0	9	0	0	0	0	19	0	0	9	50	0	133	0	0	0	0	0	0	0	0	0	0	0	0	11	0	0	0	0	0	0	0	0	14	0	59	0	0	0	0	0	12	0	0	0	0	0	0	0	0	0	0	0	0	0	0	114	0	51	0	0	0	0	0	0	0	0	0	0	19
assemblage-935-118	0	55	0	0	0	0	0	0	0	0	0	13	0	108	0	0	0	32	0	0	0	0	0	0	0	0	34	0	0	0	0	0	0	0	0	5	0	0	0	0	0	0	0	0	0	0	0	0	0	0	0	0	0	0	0	0	0	0	109	0	140	0	0	0	0	0	0	0	0	0	0	4
assemblage-567-217	0	60	0	0	0	0	0	0	0	0	0	12	0	150	0	0	0	21	0	0	0	0	0	0	0	0	59	8	0	0	0	0	0	0	0	76	0	32	9	0	0	0	0	0	0	0	0	0	0	0	0	0	0	0	0	0	0	0	19	0	44	0	0	0	0	0	0	0	0	0	0	10
assemblage-918-961	0	76	0	0	0	0	0	0	0	0	0	0	0	170	0	0	0	0	0	0	0	0	0	0	0	8	32	0	0	0	0	42	0	0	0	79	0	10	0	0	0	0	0	0	0	0	0	0	0	0	0	0	0	0	0	0	0	0	45	0	29	0	0	0	0	0	0	0	0	0	0	9
assemblage-929-942	0	16	0	0	0	0	0	0	0	0	0	0	0	137	0	0	0	0	0	0	0	0	0	0	0	0	18	0	0	0	0	18	0	0	0	136	0	114	0	0	0	0	0	0	0	0	0	0	0	0	0	0	0	0	0	0	0	0	0	0	53	0	0	0	0	0	0	0	0	0	0	8
assemblage-287-849	0	23	0	0	0	0	0	40	0	0	0	54	0	35	0	0	0	0	0	0	0	0	0	0	0	0	0	0	0	0	0	0	0	0	0	73	0	27	0	0	0	0	0	0	0	0	0	0	0	0	0	0	0	0	0	0	0	0	157	0	73	0	0	0	0	0	0	0	0	0	0	18
assemblage-271-845	0	44	0	0	0	0	0	6	0	0	0	26	0	113	0	0	0	0	0	0	0	0	0	5	0	0	3	0	0	0	0	0	0	0	0	103	0	0	0	0	0	0	0	0	0	0	14	19	0	0	0	0	0	0	0	0	0	0	134	0	13	0	0	0	0	0	0	0	0	0	0	20
assemblage-131-138	0	91	0	0	0	0	0	0	0	0	0	0	0	87	12	0	0	0	0	0	0	0	0	0	0	0	28	0	0	0	0	40	0	0	0	154	3	0	0	0	0	0	0	0	0	0	0	0	0	0	0	0	0	0	0	0	0	0	0	0	58	0	0	19	0	0	0	0	0	0	0	8
assemblage-954-840	0	0	0	0	0	0	0	0	0	0	0	0	60	55	0	0	0	0	0	0	0	0	0	0	0	0	0	0	0	0	0	79	0	0	0	137	0	0	0	0	7	0	0	0	0	0	0	0	0	0	0	0	0	85	0	0	0	0	0	0	70	0	0	0	0	0	0	0	0	0	0	7
assemblage-572-224	0	46	0	0	0	0	0	0	0	0	0	20	0	85	0	0	0	43	0	0	0	0	0	0	0	0	46	0	0	0	0	0	0	0	0	0	0	0	0	0	0	0	0	0	0	0	0	0	0	0	0	0	0	0	0	0	0	0	126	0	120	0	0	0	0	0	0	0	0	0	0	14
assemblage-855-815	0	32	0	0	0	0	0	42	0	0	0	64	0	36	0	0	0	0	0	0	0	0	0	0	0	0	0	0	0	0	0	0	0	0	0	43	0	40	0	0	0	0	0	0	0	0	0	0	0	0	0	0	0	0	0	0	0	0	173	0	60	0	0	0	0	0	0	0	0	0	0	10
assemblage-905-827	0	28	0	0	0	0	0	0	0	0	0	0	0	135	0	0	0	0	0	0	0	0	0	0	0	0	10	0	0	0	0	40	0	0	0	56	0	0	0	0	0	0	0	0	0	0	0	0	0	0	0	0	0	20	0	0	0	0	0	0	91	0	0	114	0	0	0	0	0	0	0	6
assemblage-486-677	0	0	0	0	0	0	0	0	0	0	0	0	0	0	0	0	42	0	0	0	0	0	0	0	0	0	0	0	0	0	0	0	0	0	0	338	0	0	0	0	114	0	0	0	0	0	0	0	0	0	0	0	0	0	0	0	0	0	0	0	0	0	0	0	0	0	0	0	0	0	0	6
assemblage-926-782	0	0	0	0	0	0	0	0	0	0	0	0	43	5	0	0	0	0	0	0	0	0	0	0	0	0	53	0	0	0	5	137	0	0	0	63	0	0	0	0	90	0	0	0	0	0	0	0	0	0	0	0	0	51	0	10	0	0	0	0	28	12	0	0	0	0	0	0	0	0	0	3
assemblage-912-785	0	0	0	0	0	0	0	0	0	0	0	0	91	71	0	14	31	0	0	0	0	0	0	0	0	0	0	0	0	0	0	56	0	0	0	142	0	0	0	0	0	0	0	0	0	0	0	0	0	0	0	0	0	60	0	0	0	0	0	0	0	0	0	0	0	0	0	0	0	0	10	25
assemblage-920-952	0	57	0	0	0	0	0	0	0	0	0	0	0	32	0	0	0	0	0	0	0	0	0	0	0	0	25	0	0	0	0	0	0	0	0	118	0	13	0	0	0	0	15	0	0	0	0	0	0	0	0	0	0	0	0	0	0	0	0	0	228	0	0	0	0	0	0	0	0	0	0	12
assemblage-262-234	0	7	0	0	0	0	0	0	0	0	0	0	0	212	0	0	0	0	0	0	0	0	0	0	0	0	21	0	0	0	0	0	0	0	0	57	0	0	0	0	0	0	0	0	2	0	0	0	0	0	0	0	0	0	0	0	0	0	0	0	98	0	0	80	0	0	0	0	0	0	0	23
assemblage-779-935	0	80	0	0	0	0	0	0	0	0	0	0	0	139	0	0	0	0	0	0	0	0	7	0	0	0	0	0	0	0	0	5	0	0	5	209	0	0	0	0	0	0	0	0	0	0	0	0	0	0	0	0	0	0	0	0	0	0	0	0	0	0	0	31	0	0	0	0	13	0	0	11
assemblage-661-958	0	15	0	0	0	0	0	0	12	0	0	0	0	99	0	0	0	0	0	0	0	0	0	0	0	0	64	0	0	0	0	7	0	0	0	195	0	0	0	0	0	0	0	0	0	0	0	0	0	0	0	0	0	67	0	0	0	0	0	0	12	0	0	10	0	0	0	0	0	0	0	19
assemblage-905-835	0	83	0	0	0	0	0	0	0	0	0	0	0	149	0	0	0	0	0	0	0	0	5	0	0	0	0	0	0	0	0	15	0	0	4	198	0	0	0	0	0	0	0	0	0	0	0	0	0	0	0	0	0	0	0	0	0	0	0	0	0	0	0	23	0	0	0	0	17	0	0	6
assemblage-243-239	0	19	0	0	0	0	0	0	0	0	0	0	0	132	0	0	0	0	0	0	0	0	0	0	0	0	10	0	0	0	0	34	0	0	0	39	0	0	0	0	0	0	0	0	0	0	0	0	0	0	0	0	0	20	0	0	0	0	0	0	127	0	0	115	0	0	0	0	0	0	0	4
assemblage-628-437	0	33	0	0	0	0	0	29	0	0	0	54	0	38	0	0	0	10	0	0	0	0	0	0	0	0	0	0	0	0	0	0	0	0	0	50	0	14	0	0	0	0	0	0	0	0	0	0	0	0	0	0	0	0	0	0	0	0	175	0	90	0	0	0	0	0	0	0	0	0	0	7
assemblage-615-421	0	31	0	0	0	0	0	26	0	0	0	52	0	47	0	0	0	0	0	0	0	0	0	0	0	0	0	0	0	0	0	0	0	0	0	67	0	29	0	0	0	0	0	0	0	0	0	0	0	0	0	0	0	0	0	0	0	0	160	0	82	0	0	0	0	0	0	0	0	0	0	6
assemblage-844-496	0	0	0	0	0	0	0	0	0	0	0	0	194	0	0	0	0	0	10	0	0	0	0	0	0	0	0	0	0	0	0	0	0	0	0	153	0	0	0	0	0	0	0	0	0	10	0	0	0	0	0	0	0	0	3	0	0	0	0	0	0	0	0	0	0	0	0	0	0	0	120	10
assemblage-661-956	12	108	0	0	0	0	0	0	15	0	0	0	0	62	0	0	0	0	0	0	0	0	0	0	0	0	28	0	0	0	0	164	0	0	0	22	0	0	0	0	0	0	0	0	0	0	0	0	0	0	0	0	0	36	0	0	0	0	0	25	16	0	0	0	0	0	0	0	0	0	0	12
assemblage-939-810	0	125	0	0	0	0	0	17	0	6	0	0	0	85	0	0	0	0	0	0	0	0	0	0	0	0	10	0	0	0	0	6	0	0	0	50	0	0	52	0	0	0	0	0	0	0	0	0	0	0	0	0	12	0	0	0	5	0	18	0	74	0	0	0	15	0	0	0	0	0	0	25
assemblage-928-765	0	0	0	0	0	0	0	0	0	0	0	0	50	68	0	0	0	0	0	0	0	0	0	0	0	0	0	0	0	0	0	76	0	0	0	125	0	0	0	0	15	0	0	0	0	0	0	0	0	0	0	0	0	90	0	0	0	0	0	0	71	0	0	0	0	0	0	0	0	0	0	5
assemblage-928-796	0	67	0	0	0	0	0	37	0	0	0	30	0	85	0	0	0	0	0	0	0	0	0	0	0	0	16	0	0	0	0	7	0	0	0	27	0	35	0	0	0	0	0	11	0	0	0	0	0	0	0	0	0	0	0	0	0	0	84	0	89	0	0	0	0	0	0	0	0	0	0	12
assemblage-768-990	0	102	0	0	0	0	0	0	0	0	0	0	0	161	0	0	0	0	0	0	0	0	0	0	0	7	22	0	0	0	0	35	0	0	0	86	0	8	0	0	0	0	0	0	0	0	0	0	0	0	0	0	0	0	0	0	0	0	39	0	36	0	0	0	0	0	0	0	0	0	0	4
assemblage-877-553	0	0	0	0	0	0	0	0	0	0	0	0	8	131	0	0	34	0	0	0	0	0	0	0	0	0	0	0	0	0	0	52	0	0	0	146	0	0	0	0	0	0	0	0	0	0	0	0	0	0	0	0	0	56	0	0	0	0	0	0	61	0	0	0	0	0	0	0	0	0	0	12
assemblage-255-927	0	0	0	0	0	0	0	0	0	0	0	0	10	109	0	0	29	0	0	0	0	0	0	0	0	0	0	0	0	0	0	55	0	0	0	164	0	0	0	0	0	0	0	0	0	0	0	0	0	0	0	0	0	53	0	0	0	0	0	0	76	0	0	0	0	0	0	0	0	0	0	4
assemblage-746-583	0	67	0	0	0	0	0	41	0	0	0	31	0	87	0	0	0	0	0	0	0	0	0	0	0	0	9	0	0	0	0	0	0	0	0	28	0	33	0	0	0	0	0	5	0	0	0	0	0	0	0	0	0	0	0	0	0	0	76	0	99	0	0	0	0	0	0	0	0	0	0	24
assemblage-507-779	0	28	0	0	0	0	0	37	0	0	0	68	0	46	0	0	0	0	0	0	0	0	0	0	0	0	0	0	0	0	0	0	0	0	0	54	0	31	0	0	0	0	0	0	0	0	0	0	0	0	0	0	0	0	0	0	0	0	152	0	74	0	0	0	0	0	0	0	0	0	0	10
assemblage-199-466	0	0	0	0	0	0	0	0	28	0	0	0	0	17	0	0	42	0	0	0	0	0	0	0	0	0	0	0	0	0	0	114	0	0	0	146	0	0	0	0	39	0	0	0	0	0	0	0	0	0	0	0	0	12	0	0	0	0	0	0	69	0	0	0	0	0	0	0	9	0	0	24
assemblage-204-396	0	6	0	0	0	0	0	0	0	0	0	0	0	76	0	0	0	0	0	0	0	0	0	0	0	0	61	0	0	0	0	0	0	0	0	87	0	0	0	4	0	0	0	0	0	0	0	0	0	0	0	0	0	18	0	0	0	0	0	31	195	0	0	0	0	8	0	0	0	0	0	14
assemblage-94-494	0	0	0	0	0	0	0	0	0	0	0	0	20	127	0	0	20	0	0	0	0	0	0	0	0	0	0	0	0	0	0	56	0	0	0	172	0	0	0	0	0	0	0	0	0	0	0	0	0	0	0	0	0	37	0	0	0	0	0	0	61	0	0	0	0	0	0	0	0	0	0	7
assemblage-488-381	0	6	0	0	0	0	0	0	0	0	0	0	0	166	0	0	0	7	0	0	0	0	0	0	0	0	25	0	0	0	0	15	0	45	0	7	0	38	0	0	0	0	0	39	0	0	0	0	0	0	0	0	0	0	0	0	0	0	35	0	101	0	0	0	0	0	0	9	0	0	0	7
assemblage-887-564	0	0	0	0	0	0	0	0	88	0	0	0	17	151	0	0	0	0	0	0	0	0	0	0	0	0	0	0	0	0	0	91	0	0	0	45	0	0	0	0	0	0	0	0	0	0	0	0	0	4	0	0	0	80	0	0	0	0	0	0	5	0	0	0	0	0	0	0	7	0	0	12
assemblage-502-373	0	63	0	0	0	0	0	36	0	0	0	33	0	76	0	0	0	0	0	0	0	0	0	0	0	0	9	0	0	0	0	0	0	0	0	34	0	33	0	0	0	0	0	0	0	0	0	0	0	0	0	0	0	0	0	0	0	0	109	0	84	0	0	0	0	0	0	0	0	0	0	23
assemblage-928-943	0	45	0	0	0	0	0	0	0	0	0	0	0	194	0	0	0	0	0	0	0	0	0	0	0	0	0	0	0	0	0	0	0	0	0	54	0	9	0	0	0	0	0	0	0	0	0	0	0	0	0	0	0	0	0	0	0	0	16	0	168	0	0	0	0	0	0	0	0	0	0	14
assemblage-984-775	13	105	0	0	0	0	0	0	18	0	0	0	0	72	0	0	0	0	0	0	0	0	0	0	0	0	17	0	0	0	0	150	7	0	0	41	0	0	0	0	0	0	0	0	0	0	0	0	0	0	0	0	0	37	0	0	0	0	0	12	22	0	0	0	0	0	0	0	0	0	0	6
assemblage-896-831	0	8	0	0	0	0	0	0	0	0	0	0	0	204	0	0	0	0	0	0	0	0	0	0	0	0	15	0	0	0	0	0	0	0	0	85	0	0	0	0	0	0	0	0	0	0	0	0	0	0	0	0	0	0	0	0	0	0	0	0	98	0	0	71	0	0	0	0	0	0	0	19
assemblage-866-568	0	18	0	0	0	0	0	0	18	0	0	0	12	78	0	0	0	0	0	0	15	0	0	0	0	0	0	0	0	0	0	37	0	0	0	119	0	0	0	0	0	0	0	0	0	0	0	0	0	0	0	0	0	122	0	0	0	0	0	0	63	0	0	0	0	0	0	0	0	0	0	18
assemblage-190-406	0	16	0	0	0	0	0	0	0	0	0	0	0	105	0	0	0	0	0	0	0	0	0	0	0	0	5	0	0	14	0	15	0	0	0	206	0	0	0	22	0	0	0	0	0	0	0	0	0	0	0	0	0	13	0	0	0	0	0	0	16	0	0	0	0	0	0	0	85	0	0	3
assemblage-527-780	0	27	0	0	0	0	0	5	0	0	0	33	0	130	0	0	0	0	0	5	0	0	0	0	3	0	4	0	0	0	0	0	0	0	0	86	0	0	0	0	0	0	0	0	0	0	17	11	0	0	0	0	0	0	0	0	0	0	158	0	6	0	0	0	0	0	0	0	0	0	0	15
assemblage-936-773	0	0	0	0	0	0	0	0	0	0	0	0	39	4	0	0	0	0	0	0	0	0	0	0	0	0	54	0	0	0	5	136	0	0	0	82	0	0	0	0	68	0	0	0	0	0	0	0	0	0	0	0	0	54	0	13	0	0	0	0	30	9	0	0	0	0	0	0	0	0	0	6
assemblage-627-775	0	76	0	0	0	0	0	0	0	0	0	0	0	190	0	0	0	0	0	0	0	0	0	0	0	0	35	0	0	0	0	47	0	0	0	62	0	0	0	0	0	0	0	0	0	0	0	0	0	0	0	0	0	0	0	0	0	0	42	0	39	0	0	0	0	0	0	0	0	0	0	9
assemblage-602-776	0	94	0	0	0	0	0	0	0	0	0	0	0	177	0	0	0	0	0	0	0	0	0	0	0	8	21	0	0	0	0	36	0	0	0	59	0	0	0	0	0	0	0	0	0	0	0	0	0	0	0	0	0	0	0	0	0	0	57	0	24	0	0	0	0	0	0	0	0	0	0	24
assemblage-116-151	0	41	0	0	0	0	0	0	0	0	0	0	0	163	0	0	0	0	0	0	0	0	0	0	0	0	0	0	0	0	0	51	0	0	0	162	0	0	0	0	0	0	0	0	0	0	0	0	0	0	0	0	0	0	0	0	0	0	0	0	56	0	0	16	0	0	0	0	0	0	0	11
assemblage-97-795	0	45	11	0	0	0	0	5	0	0	0	49	0	107	0	0	0	12	0	0	0	0	0	0	0	0	30	0	0	0	0	0	0	0	0	27	0	20	0	0	0	0	0	0	0	0	0	0	0	0	0	0	0	0	0	0	0	0	97	0	74	0	0	0	0	0	0	0	0	0	0	23
assemblage-944-801	0	5	0	0	0	0	0	0	0	0	0	0	0	148	0	0	0	18	0	0	0	0	0	0	0	0	27	0	0	0	0	15	0	53	0	0	0	43	0	0	0	0	0	38	0	0	0	0	0	0	0	0	0	0	0	0	0	0	34	0	90	0	0	0	0	0	0	6	0	0	0	23
assemblage-745-591	0	63	0	0	0	0	0	39	0	0	0	41	0	69	0	0	0	0	0	0	0	0	0	0	0	0	13	0	0	0	0	0	0	0	0	34	0	37	0	0	0	0	0	0	0	0	0	0	0	0	0	0	0	0	0	0	0	0	94	0	90	0	0	0	0	0	0	0	0	0	0	20
assemblage-541-768	0	88	0	0	8	0	0	10	0	0	0	15	0	34	0	0	0	0	0	0	0	0	0	0	0	0	0	0	0	0	0	0	0	0	0	159	0	0	0	0	0	0	0	0	0	0	0	13	0	0	0	0	0	0	0	0	0	0	138	0	19	0	0	0	0	0	0	0	0	0	0	16
assemblage-1000-776	0	9	0	0	0	0	0	0	5	0	0	0	0	102	0	0	0	0	0	0	0	0	0	0	0	0	54	0	0	0	0	0	0	0	0	83	0	0	0	11	0	0	0	0	0	0	0	0	0	0	0	0	0	16	0	0	0	0	0	30	167	0	0	0	0	13	0	0	0	0	0	10
assemblage-956-899	0	0	0	0	0	0	0	0	0	0	0	0	0	43	0	0	0	0	0	0	0	0	0	0	0	0	18	0	0	0	0	229	0	0	0	0	0	0	0	0	0	0	0	0	0	0	0	0	0	0	0	0	0	0	0	0	0	4	0	0	189	0	0	0	0	0	0	0	0	0	0	17
assemblage-504-675	0	0	0	0	0	0	0	0	0	0	0	0	0	0	0	0	36	0	0	0	0	0	0	0	0	0	0	0	0	0	0	0	0	0	0	347	0	0	0	0	109	0	0	0	0	0	0	0	0	0	0	0	0	0	0	0	0	0	0	0	0	0	0	0	0	0	0	0	0	0	0	8
assemblage-983-757	0	24	0	0	0	0	0	0	8	0	0	0	0	101	0	0	0	0	0	0	0	0	0	0	0	0	86	0	0	0	0	5	0	0	0	168	0	0	0	0	0	0	0	0	0	0	0	0	6	0	0	0	0	63	0	0	0	0	0	0	13	0	0	13	0	0	0	0	0	0	0	13
assemblage-974-919	0	0	0	0	0	0	0	0	0	0	0	0	0	26	0	0	0	0	0	0	0	0	0	0	0	0	17	0	0	0	0	235	0	0	0	0	0	0	0	0	0	0	0	0	0	0	0	0	0	0	0	0	0	0	0	0	0	0	0	0	207	0	0	0	0	0	0	0	0	0	0	15
assemblage-774-931	0	55	0	0	0	0	0	0	0	0	0	0	0	128	0	0	0	0	0	0	0	0	0	0	0	0	6	0	0	0	0	78	0	0	0	157	0	0	0	0	0	0	0	0	0	0	0	0	0	0	0	0	0	0	0	0	0	0	0	0	50	0	0	0	0	0	0	0	8	0	0	18
assemblage-125-165	0	39	0	0	0	0	0	0	0	0	0	0	0	170	0	0	0	0	0	0	0	0	0	0	0	0	0	0	0	0	0	60	0	0	0	138	0	0	0	0	0	0	0	0	0	0	0	0	0	0	0	0	0	0	0	0	0	0	0	0	66	0	0	21	0	0	0	0	0	0	0	6
assemblage-497-361	0	64	0	0	0	0	0	47	0	0	0	23	0	108	0	0	0	0	0	0	0	0	0	0	0	0	9	0	0	0	0	0	0	0	0	18	0	35	0	0	0	0	0	0	0	0	0	0	0	0	0	0	0	0	0	0	0	0	90	0	76	0	0	0	0	0	0	0	0	0	0	30
assemblage-266-940	0	0	0	0	0	13	0	0	0	0	0	0	0	69	0	0	0	0	0	0	0	0	0	0	0	0	60	0	0	0	0	26	0	0	0	70	0	0	0	19	0	0	0	0	0	0	0	0	0	0	0	0	0	86	0	0	0	0	0	7	108	0	0	0	0	0	0	0	35	0	0	7
assemblage-103-772	0	0	9	0	0	0	0	17	0	0	0	48	0	119	0	0	0	0	0	0	0	0	0	0	0	0	9	0	0	0	0	0	0	0	0	5	0	75	0	0	0	0	0	9	0	0	0	0	0	0	0	0	0	0	0	0	0	0	141	0	44	0	0	0	0	0	0	0	0	0	0	24
assemblage-245-235	0	24	0	0	0	0	0	0	0	0	0	0	0	132	0	0	0	0	0	0	0	0	0	0	0	0	15	0	0	0	0	28	0	0	0	39	0	0	0	0	0	0	0	0	0	0	0	0	0	0	0	0	0	38	0	0	0	0	0	0	90	0	0	125	0	0	0	0	0	0	0	9
assemblage-419-440	0	0	0	0	0	0	0	0	0	0	0	0	0	171	0	0	0	0	0	0	0	0	0	0	0	0	0	0	0	0	0	19	0	0	0	0	0	0	0	0	0	0	0	0	0	0	0	0	0	0	0	0	0	128	0	0	0	0	0	0	121	0	60	0	0	0	0	0	0	0	0	1
assemblage-106-789	0	48	0	0	0	0	0	0	0	0	0	19	0	187	0	0	0	9	0	0	0	0	0	0	0	0	45	6	0	0	0	0	0	0	0	54	0	39	3	0	0	0	0	0	0	0	0	0	0	0	0	0	0	0	0	0	0	0	25	0	53	0	0	0	0	0	0	0	0	0	0	12
assemblage-393-805	0	0	0	0	0	0	0	0	31	0	0	0	0	10	0	0	33	0	0	0	0	0	0	0	0	0	0	0	0	0	0	101	0	0	0	148	0	0	0	0	38	0	0	0	0	0	0	0	0	0	0	0	0	17	0	0	0	0	0	0	97	0	0	0	0	0	0	0	10	0	0	15
assemblage-752-974	0	46	0	0	0	0	0	0	0	0	0	0	0	196	0	0	0	0	0	0	0	0	0	0	0	0	0	0	0	0	0	0	0	0	0	58	0	15	0	0	0	0	0	0	0	0	0	0	0	0	0	0	0	0	0	0	0	0	13	0	146	0	0	0	0	0	0	0	0	0	0	26
assemblage-922-961	0	27	0	0	0	0	0	0	0	0	0	0	0	126	0	0	0	0	0	0	0	0	0	0	0	0	22	0	0	0	0	17	0	0	0	145	0	97	0	0	0	0	0	0	0	0	0	0	0	0	0	0	0	0	0	0	0	0	0	0	60	0	0	0	0	0	0	0	0	0	0	6
assemblage-393-803	0	0	0	0	0	0	0	0	0	0	0	0	32	7	0	0	0	0	0	0	0	0	0	0	0	0	42	0	0	0	5	169	0	0	0	66	0	0	0	0	60	0	0	0	0	0	0	0	0	0	0	0	0	64	0	17	0	0	0	0	26	8	0	0	0	0	0	0	0	0	0	4
assemblage-739-314	0	40	0	0	0	0	0	0	0	0	0	24	0	97	0	0	0	50	0	0	0	0	0	0	0	0	42	0	0	0	0	0	0	0	0	6	0	0	0	0	0	0	0	0	0	0	0	0	0	0	0	0	0	0	0	0	0	0	119	0	112	0	0	0	0	0	0	0	0	0	0	10
assemblage-497-349	0	9	0	0	0	0	0	0	0	0	0	0	0	160	0	0	0	8	0	0	0	0	0	0	0	0	27	0	0	0	0	19	0	26	0	4	0	52	0	0	0	0	0	27	0	0	0	0	0	0	0	0	0	0	0	0	0	0	31	0	121	0	0	0	0	0	0	6	0	0	0	10
assemblage-248-931	0	0	0	0	0	13	0	0	0	0	0	0	0	67	0	0	0	0	0	0	0	0	0	0	0	0	53	0	0	0	0	22	0	0	0	65	0	0	0	22	0	0	0	0	0	0	0	0	0	0	0	0	0	73	0	0	0	0	0	8	118	0	0	0	0	0	0	0	41	0	0	18
assemblage-969-107	0	28	11	0	7	0	0	0	0	0	0	108	0	83	0	0	0	0	0	0	0	0	0	0	0	0	42	0	0	0	0	0	0	0	0	54	0	4	0	0	0	0	0	0	0	0	0	0	0	0	0	0	0	0	0	0	0	0	88	0	68	0	0	0	0	0	0	0	0	0	0	7
assemblage-711-781	0	21	0	0	0	0	0	0	0	0	0	0	0	164	0	0	0	0	0	0	0	0	0	0	0	0	0	0	0	0	0	37	0	0	0	193	0	0	0	0	0	0	0	0	0	0	0	0	0	0	0	0	0	0	0	0	0	0	0	0	56	0	0	20	0	0	0	0	0	0	0	9
assemblage-521-793	0	78	0	0	4	0	0	15	0	0	0	31	0	45	0	0	0	0	0	0	0	0	0	0	0	0	0	0	0	0	0	0	0	0	0	163	0	0	0	0	0	0	0	0	0	0	0	10	0	0	0	0	0	0	0	0	0	0	117	0	24	0	0	0	0	0	0	0	0	0	0	13
assemblage-968-117	0	38	0	0	0	0	0	0	0	0	0	12	0	78	0	0	0	54	0	0	0	0	0	0	0	0	26	0	0	0	0	0	0	0	0	14	0	0	0	0	0	0	0	0	0	0	0	0	0	0	0	0	0	0	0	0	0	0	130	0	139	0	0	0	0	0	0	0	0	0	0	9
assemblage-866-658	0	0	0	0	0	13	0	0	0	0	0	0	0	70	0	0	0	0	0	0	0	0	0	0	0	0	49	0	0	0	0	21	0	0	0	68	0	0	0	15	0	0	0	0	0	0	0	0	0	0	0	0	0	81	0	0	0	0	0	8	137	0	0	0	0	0	0	0	31	0	0	7
assemblage-114-780	0	27	16	0	8	0	0	2	0	0	0	125	0	99	0	0	0	0	0	0	0	0	0	0	0	0	30	0	0	0	0	0	0	0	0	40	0	0	0	0	0	0	0	0	0	0	0	0	0	0	0	0	0	0	0	0	0	0	71	0	76	0	0	0	0	0	0	0	0	0	0	6
assemblage-874-653	0	0	0	0	0	0	0	0	56	0	0	0	27	136	0	0	0	0	0	0	0	0	0	0	0	0	0	0	0	0	0	92	0	0	0	58	0	0	0	0	0	0	0	0	0	0	0	0	0	11	0	0	0	91	0	0	0	0	0	0	4	0	0	0	0	0	0	0	7	0	0	18
assemblage-771-946	0	81	0	0	0	0	0	0	0	0	0	0	0	194	0	0	0	0	0	0	0	0	0	0	0	7	27	0	0	0	0	38	0	0	0	62	0	0	0	0	0	0	0	0	0	0	0	0	0	0	0	0	0	0	0	0	0	0	42	0	36	0	0	0	0	0	0	0	0	0	0	13
assemblage-905-929	0	34	0	0	0	0	10	0	0	0	0	0	0	189	0	0	0	0	0	0	0	0	0	0	0	0	55	0	0	0	0	7	0	0	0	113	0	0	0	0	0	0	0	0	0	0	0	0	0	0	0	0	0	0	0	0	0	0	0	0	77	0	0	6	0	0	0	0	0	0	0	9
assemblage-843-512	0	0	0	0	0	0	0	0	0	0	0	0	198	0	0	0	0	0	15	0	0	0	0	0	0	0	0	0	0	0	0	0	0	0	0	139	0	0	0	0	0	0	0	0	0	11	0	0	0	0	0	0	0	0	0	0	0	0	0	0	0	0	0	0	0	0	0	0	0	0	130	7
assemblage-942-784	0	7	0	0	0	0	0	0	0	0	0	0	0	183	0	0	0	14	0	0	0	0	0	0	0	0	40	0	0	0	0	18	0	30	0	8	0	34	0	0	0	0	0	34	0	0	0	0	0	0	0	0	0	0	0	0	0	0	20	0	83	0	0	0	0	0	0	9	0	0	0	20
assemblage-135-471	0	0	0	0	0	0	0	0	0	0	0	0	20	118	0	0	28	0	0	0	0	0	0	0	0	0	0	0	0	0	0	61	0	0	0	166	0	0	0	0	0	0	0	0	0	0	0	0	0	0	0	0	0	34	0	0	0	0	0	0	68	0	0	0	0	0	0	0	0	0	0	5
assemblage-765-587	0	0	4	0	0	0	0	17	0	0	0	0	0	113	0	0	0	0	0	0	0	11	0	0	0	0	31	0	0	0	0	11	0	0	0	25	0	143	0	0	0	0	0	0	0	0	0	0	0	0	0	0	8	0	0	0	0	0	0	0	130	0	0	0	0	0	0	0	0	0	0	7
assemblage-902-934	0	49	0	0	0	0	19	0	0	0	0	0	0	160	0	0	0	0	0	0	0	0	0	0	0	0	68	0	0	0	0	7	0	0	0	93	0	0	0	0	0	0	0	0	0	0	0	0	0	0	0	0	0	0	0	0	0	0	0	0	88	0	0	6	0	0	0	0	0	9	0	1
assemblage-746-290	0	0	5	0	0	0	0	16	0	0	9	57	0	135	0	0	0	0	0	0	0	0	0	0	0	0	12	0	0	0	0	0	0	0	0	5	0	58	0	0	0	0	0	14	0	0	0	0	0	0	0	0	0	0	0	0	0	0	133	0	44	0	0	0	0	0	0	0	0	0	0	12
assemblage-862-661	0	0	0	0	0	0	0	0	0	0	0	0	9	134	0	0	19	0	0	0	0	0	0	0	0	0	0	0	0	0	0	43	0	0	0	167	0	0	0	0	0	0	0	0	0	0	0	0	0	0	0	0	0	49	0	0	0	0	0	0	70	0	0	0	0	0	0	0	0	0	0	9
assemblage-186-430	5	83	0	0	0	0	0	0	28	0	0	0	0	76	0	0	0	0	0	0	0	0	0	0	0	0	23	0	0	0	0	148	5	0	0	30	0	0	0	0	0	0	0	0	0	0	0	0	0	0	0	0	0	32	0	0	0	0	0	32	25	0	0	0	0	0	0	0	0	0	0	13
assemblage-959-848	0	0	0	0	0	0	0	0	0	0	0	0	37	6	0	0	0	0	0	0	0	0	0	0	0	0	52	0	0	0	4	137	0	0	0	61	0	0	0	0	77	0	0	0	0	0	0	0	0	0	0	0	0	58	0	16	0	0	0	0	36	10	0	0	0	0	0	0	0	0	0	6
assemblage-122-489	0	34	0	0	0	0	0	0	17	0	0	0	11	69	0	0	0	0	0	0	14	0	0	0	0	0	6	0	0	0	0	29	0	0	0	161	0	0	0	0	0	0	0	0	0	0	0	0	0	0	0	0	0	91	0	0	0	0	0	0	60	0	0	0	0	0	0	0	0	0	0	8
assemblage-522-758	0	19	0	0	0	0	0	39	0	0	0	162	0	39	0	0	0	0	0	8	0	0	0	0	0	0	0	0	0	0	0	0	0	0	0	30	0	6	0	0	0	0	0	0	0	0	0	0	0	0	19	0	0	0	0	0	0	0	18	0	144	0	0	0	0	0	0	0	0	0	0	16
assemblage-923-961	0	58	0	0	0	0	0	0	0	0	0	0	0	143	0	0	0	0	0	0	0	0	0	0	0	0	22	0	0	0	0	13	0	0	0	81	0	37	0	0	0	0	0	0	0	0	0	0	0	0	0	0	0	0	0	0	0	0	20	0	114	0	0	0	0	0	0	0	0	0	0	12
assemblage-176-91	7	105	0	0	0	0	0	0	17	0	0	0	0	66	0	0	0	0	0	0	0	0	0	0	0	0	16	0	0	0	0	166	8	0	0	34	0	0	0	0	0	0	0	0	0	0	0	0	0	0	0	0	0	39	0	0	0	0	0	15	18	0	0	0	0	0	0	0	0	0	0	9
assemblage-200-472	0	0	0	0	0	0	0	0	7	0	0	0	50	44	0	10	28	0	0	0	0	0	0	0	0	0	8	0	0	0	0	67	0	0	0	119	0	0	0	0	36	0	0	0	0	0	0	0	0	0	0	0	0	59	0	0	0	0	0	0	52	0	0	0	0	0	0	0	0	0	0	20
assemblage-953-864	0	0	0	0	0	0	0	0	0	0	0	0	49	76	0	0	0	0	0	0	0	0	0	0	0	0	0	0	0	0	0	78	0	0	0	136	0	0	0	0	15	0	0	0	0	0	0	0	0	0	0	0	0	96	0	0	0	0	0	0	45	0	0	0	0	0	0	0	0	0	0	5
assemblage-492-215	0	30	0	0	0	0	0	0	0	0	0	0	0	201	0	0	0	0	0	0	0	0	0	0	0	0	16	0	0	0	0	0	0	0	0	207	0	27	0	0	0	0	0	0	0	0	0	0	0	0	0	0	0	0	0	0	0	0	0	0	5	0	0	7	0	0	0	0	0	0	0	7
assemblage-706-788	0	20	0	0	0	0	9	0	0	0	0	0	0	156	0	0	0	0	0	0	0	0	0	0	0	0	69	0	0	0	0	13	0	0	0	119	0	0	0	0	0	0	0	0	0	0	0	0	0	0	0	0	0	0	0	0	0	0	0	0	95	0	0	0	0	0	0	0	0	0	0	19
assemblage-177-111	0	18	0	0	0	0	0	0	7	0	0	0	0	103	0	0	0	0	0	0	0	0	0	0	0	0	74	0	0	0	0	5	0	0	0	188	0	0	0	0	0	0	0	0	0	0	0	0	0	0	0	0	0	75	0	0	0	0	0	0	15	0	0	4	0	0	0	0	0	0	0	11
assemblage-172-461	0	0	0	0	0	0	0	0	19	0	0	0	0	18	0	0	31	0	0	0	0	0	0	0	0	0	0	0	0	0	0	104	0	0	0	167	0	0	0	0	51	0	0	0	0	0	0	0	0	0	0	0	0	10	0	0	0	0	0	0	79	0	0	0	0	0	0	0	6	0	0	15
assemblage-203-418	0	20	0	0	0	0	0	0	0	0	0	0	0	116	0	0	0	0	0	0	0	0	0	0	0	0	5	0	0	10	0	16	0	0	0	187	0	0	0	14	0	0	0	0	0	0	0	0	0	0	0	0	0	26	0	0	0	0	0	0	20	0	0	0	0	0	0	0	83	0	0	3
assemblage-174-110	0	24	0	0	0	0	0	0	0	0	0	0	0	121	0	0	0	0	0	0	0	0	0	0	0	0	0	0	0	11	0	10	0	0	0	168	0	0	0	20	0	0	0	0	0	0	0	0	0	0	0	0	0	23	0	0	0	0	0	0	15	0	0	0	0	0	0	0	91	0	0	17
assemblage-522-210	0	22	0	0	0	0	0	0	0	0	0	0	0	205	0	0	0	0	0	0	0	0	0	0	0	0	28	0	0	0	0	0	0	0	0	201	0	22	0	0	0	0	0	0	0	0	0	0	0	0	0	0	0	0	0	0	0	0	0	0	5	0	0	6	0	0	0	0	0	0	0	11
assemblage-297-854	0	23	0	0	10	0	0	9	0	0	0	29	0	112	0	0	0	0	0	4	0	0	0	0	0	0	0	0	0	0	0	0	0	0	0	106	0	0	0	0	0	0	0	0	0	0	10	20	0	0	0	0	0	0	0	0	0	0	146	0	6	0	0	0	0	0	0	0	0	0	0	25
assemblage-492-366	0	0	0	0	0	0	0	0	0	0	0	0	0	148	0	0	0	16	0	0	0	0	0	0	0	0	33	0	0	0	0	15	0	44	0	7	0	49	0	0	0	0	0	30	0	0	0	0	0	0	0	0	0	0	0	0	0	0	29	0	103	0	0	0	0	0	0	8	0	0	0	18
assemblage-962-848	0	0	0	0	0	0	0	0	0	0	0	0	90	80	0	24	28	0	0	0	0	0	0	0	0	0	0	0	0	0	0	46	0	0	0	133	0	0	0	0	0	0	0	0	0	0	0	0	0	0	0	0	0	72	0	0	0	0	0	0	11	0	0	0	0	0	0	0	0	0	0	16
assemblage-806-153	0	45	0	0	0	0	0	0	0	0	0	0	0	154	0	0	0	0	0	0	0	0	0	0	0	0	14	0	0	0	0	28	0	0	0	124	0	0	0	0	0	0	0	0	0	0	0	0	0	0	0	0	0	12	0	0	0	0	0	0	49	0	0	56	0	0	0	0	0	0	0	18
assemblage-282-940	0	0	0	0	0	0	0	0	72	0	0	0	17	148	0	0	0	0	0	0	0	0	0	0	0	0	0	0	0	0	0	83	0	0	0	53	0	0	0	0	0	0	0	0	0	0	0	0	0	17	0	6	0	77	0	0	0	0	0	0	5	0	0	0	0	0	0	0	10	0	0	12
assemblage-847-825	0	41	0	0	0	0	0	11	0	0	0	32	0	108	0	0	0	0	0	0	0	0	0	0	0	0	3	0	0	0	0	0	0	0	0	110	0	0	0	0	0	0	0	0	0	0	6	24	0	0	0	0	0	0	0	0	0	0	127	0	13	0	0	0	0	0	0	0	0	0	0	25
assemblage-582-219	0	24	6	0	9	0	0	9	0	0	0	108	0	89	0	0	0	0	0	0	0	0	0	0	0	0	24	0	0	0	0	0	0	0	0	45	0	0	0	0	0	0	0	10	0	0	0	0	0	0	0	0	0	0	0	0	0	0	85	0	86	0	0	0	0	0	0	0	0	0	0	5
assemblage-163-101	0	8	0	0	0	0	0	0	0	0	0	0	0	78	0	0	0	0	0	0	0	0	0	0	0	0	70	0	0	0	0	0	0	0	0	58	0	0	0	9	0	0	0	0	0	0	0	0	0	0	0	0	0	16	0	0	0	0	0	24	213	0	0	0	0	7	0	0	0	0	0	17
assemblage-856-509	0	0	0	0	0	0	0	0	0	0	0	0	221	0	0	0	0	0	5	0	0	0	0	0	0	0	0	0	0	0	0	0	0	0	0	143	0	0	0	0	0	0	0	0	0	9	0	0	0	0	0	0	0	0	0	0	0	0	0	0	0	0	0	0	0	0	0	0	0	0	112	10
assemblage-877-571	0	0	0	0	0	0	0	0	70	0	0	0	16	135	0	0	0	0	0	0	0	0	0	0	0	0	0	0	0	0	0	70	0	0	0	57	0	0	0	0	0	0	0	0	0	0	0	0	0	11	0	12	0	105	0	0	0	0	0	0	5	0	0	0	0	0	0	0	6	0	0	13
assemblage-856-504	0	0	0	0	0	0	0	0	0	0	0	0	233	0	0	0	0	0	11	0	0	0	0	0	0	0	0	0	0	0	0	0	0	0	0	134	0	0	0	0	0	0	0	0	0	16	0	0	0	0	0	0	0	0	2	0	0	0	0	0	0	0	0	0	0	0	0	0	0	0	99	5
assemblage-776-962	0	73	0	0	0	0	0	0	0	0	0	0	0	32	0	0	0	0	0	0	0	0	0	0	0	0	19	0	0	0	0	0	0	0	0	123	0	25	0	0	0	0	9	0	0	0	0	0	0	0	0	0	0	0	0	0	0	0	0	0	207	0	0	0	0	0	0	0	0	0	0	12
assemblage-859-100	0	35	0	0	0	0	0	0	0	0	0	0	0	196	0	0	0	0	0	0	0	0	0	0	0	0	0	0	0	0	0	0	0	0	0	54	0	13	0	0	0	0	0	0	0	0	0	0	0	0	0	0	0	0	0	0	0	0	19	0	163	0	0	0	0	0	0	0	0	0	0	20
assemblage-118-500	0	33	0	0	0	0	0	0	15	0	0	0	14	77	0	0	0	0	0	0	24	0	0	0	0	0	0	0	0	0	0	27	0	0	0	135	0	0	0	0	0	0	0	0	0	0	0	0	0	0	0	0	0	119	0	0	0	0	0	0	52	0	0	0	0	0	0	0	0	0	0	4
assemblage-964-125	0	45	0	0	0	0	0	0	0	0	0	20	0	83	0	0	0	47	0	0	0	0	0	0	0	0	39	0	0	0	0	0	0	0	0	10	0	0	0	0	0	0	0	0	0	0	0	0	0	0	0	0	0	0	0	0	0	0	130	0	119	0	0	0	0	0	0	0	0	0	0	7
assemblage-870-655	0	0	0	0	0	0	0	0	0	0	0	0	15	136	0	0	20	0	0	0	0	0	0	0	0	0	0	0	0	0	0	40	0	0	0	159	0	0	0	0	0	0	0	0	0	0	0	0	0	0	0	0	0	46	0	0	0	0	0	0	74	0	0	0	0	0	0	0	0	0	0	10
assemblage-777-950	0	23	0	0	0	0	0	0	0	0	0	0	0	144	0	0	0	0	0	0	0	0	0	0	0	0	7	0	0	0	0	33	0	0	0	48	0	0	0	0	0	0	0	0	0	0	0	0	0	0	0	0	0	34	0	0	0	0	0	0	107	0	0	102	0	0	0	0	0	0	0	2
assemblage-99-491	0	33	0	0	0	0	0	0	18	0	0	0	10	89	0	0	0	0	0	0	17	0	0	0	0	0	0	0	0	0	0	28	0	0	0	139	0	0	0	0	0	0	0	0	0	0	0	0	0	0	0	0	0	110	0	0	0	0	0	0	46	0	0	0	0	0	0	0	0	0	0	10
assemblage-664-969	0	29	0	0	0	0	0	0	0	0	0	0	0	102	0	0	0	0	0	0	0	0	0	0	0	0	0	0	0	20	0	15	0	0	0	185	0	0	0	18	0	0	0	0	0	0	0	0	0	0	0	0	0	30	0	0	0	0	0	0	20	0	0	0	0	0	0	0	69	0	0	12
assemblage-131-161	0	22	0	0	0	0	0	0	0	0	0	0	0	190	0	0	0	0	0	0	0	0	0	0	0	0	31	0	0	0	0	0	0	0	0	200	0	29	0	0	0	0	0	0	0	0	0	0	0	0	0	0	0	0	0	0	0	0	0	0	6	0	0	9	0	0	0	0	0	0	0	13
assemblage-937-796	0	120	0	0	0	0	0	16	0	5	0	0	0	77	0	0	0	0	0	0	0	0	0	0	0	0	19	0	0	0	0	12	0	0	0	56	0	0	31	0	0	0	0	0	0	0	0	0	0	0	0	0	0	0	0	0	14	0	9	0	90	0	0	0	19	0	0	0	0	0	0	32
assemblage-894-922	0	41	0	0	0	0	0	0	0	0	0	0	0	185	0	0	0	0	0	0	0	0	0	0	0	0	0	0	0	0	0	42	0	0	0	161	0	0	0	0	0	0	0	0	0	0	0	0	0	0	0	0	0	0	0	0	0	0	0	0	46	0	0	22	0	0	0	0	0	0	0	3
assemblage-201-413	0	18	0	0	0	0	0	0	0	0	0	0	0	129	0	0	0	0	0	0	0	0	0	0	0	0	6	0	0	8	0	10	0	0	0	191	0	0	0	21	0	0	0	0	0	0	0	0	0	0	0	0	0	12	0	0	0	0	0	0	17	0	0	0	0	0	0	0	79	0	0	9
assemblage-711-782	0	29	0	0	0	0	11	0	0	0	0	0	0	183	0	0	0	0	0	0	0	0	0	0	0	0	72	0	0	0	0	13	0	0	0	102	0	0	0	0	0	0	0	0	0	0	0	0	0	0	0	0	0	0	0	0	0	0	0	0	75	0	0	8	0	0	0	0	0	2	0	5
assemblage-766-990	0	68	0	0	0	0	0	0	0	0	0	0	0	31	0	0	0	0	0	0	0	0	0	0	0	0	32	0	0	0	0	0	0	0	0	142	0	12	0	0	0	0	14	0	0	0	0	0	0	0	0	0	0	0	0	0	0	0	0	0	193	0	0	0	0	0	0	0	0	0	0	8
assemblage-201-414	0	19	0	0	0	0	0	0	6	0	0	0	0	107	0	0	0	0	0	0	0	0	0	0	0	0	74	0	0	0	0	9	0	0	0	182	0	0	0	0	0	0	0	0	0	0	0	0	6	0	0	0	0	70	0	0	0	0	0	0	7	0	0	14	0	0	0	0	0	0	0	6
assemblage-494-231	0	41	0	0	0	0	0	0	0	0	0	0	0	159	0	0	0	0	0	0	0	0	0	0	0	0	0	0	0	0	0	39	0	0	0	170	0	0	0	0	0	0	0	0	0	0	0	0	0	0	0	0	0	0	0	0	0	0	0	0	59	0	0	23	0	0	0	0	0	0	0	9
assemblage-948-371	0	113	0	0	0	0	0	20	0	4	0	0	0	80	0	0	0	0	0	0	0	0	0	0	0	0	9	0	0	0	0	7	0	0	0	53	0	0	55	0	0	0	0	0	0	0	0	0	0	0	0	0	0	0	0	0	18	0	26	0	82	0	0	0	5	0	8	0	0	0	0	20
assemblage-515-363	0	0	10	0	0	0	0	13	0	0	0	0	0	91	0	0	0	0	0	0	0	7	0	0	0	0	54	0	0	0	0	11	0	0	0	12	0	150	0	0	0	0	0	0	0	0	0	0	0	0	0	0	13	0	0	0	0	0	0	0	134	0	0	0	0	0	0	0	0	0	0	5
assemblage-699-763	0	46	0	0	0	0	12	0	0	0	0	0	0	172	0	0	0	0	0	0	0	0	0	0	0	0	56	0	0	0	0	10	0	0	0	117	0	0	0	0	0	0	0	0	0	0	0	0	0	0	0	0	0	0	0	0	0	0	0	0	73	0	0	6	0	0	0	0	0	5	0	3
assemblage-658-957	0	18	0	0	0	0	0	0	0	0	0	0	0	86	0	0	0	0	0	0	0	0	0	0	0	0	59	0	0	0	0	0	0	0	0	79	0	0	0	5	0	0	0	0	0	0	0	0	0	0	0	0	0	17	0	0	0	0	0	30	173	0	0	0	0	8	0	0	9	0	0	16
assemblage-390-801	0	0	0	0	0	0	0	0	0	0	0	0	99	95	0	17	25	0	0	0	0	0	0	0	0	0	0	0	0	0	0	48	0	0	0	122	0	0	0	0	0	0	0	0	0	0	0	0	0	0	0	0	0	63	0	0	0	0	0	0	4	0	0	0	0	0	0	0	0	0	0	27
