Assemblage_Name	2581266-4-1	4714289-4-1	2-1-5173486	7767156-2-1	3-4-7706627	3-5219007-1	3-4-4138814	3-5691757-1	5308540-1-0	2-3699471-0	6984668-4-7062564	3-4-3420650	3-7874582-3832917	0-7669892-1	2826122-7874582-1	3-2260941-5806071	4-0-4	5031352-2-1	9551775-1-0	2-1-3520996	0-2-1	3-1365739-1	3-0-1268566	3-4-7062564	3-0-4	7792431-4-1	3-7874582-1	2-1-0	2-1-1	3-2-8167752	8594824-4-1	3-4-1	3-0-4735914	5255421-4-1	9320988-4-1	49366-2-1	7767156-2-8808176	3-2-1	9916447-4-1	3-1851856-1	4480489-4-1	4356978-1-0	3-4-6402831	3-6594629-1
assemblage-250-731	0	0	0	0	0	0	0	0	0	0	0	0	0	0	0	0	0	0	0	0	0	0	0	0	0	0	208	64	13	0	0	175	0	0	0	0	32	0	0	0	0	0	0	8
assemblage-747-590	0	0	0	0	0	0	0	0	0	0	0	0	0	0	0	0	0	0	0	0	0	0	0	0	0	0	101	185	0	0	0	209	0	0	0	0	0	0	0	0	0	0	0	5
assemblage-96-896	0	0	0	0	0	0	0	0	0	0	0	0	0	0	0	0	27	0	0	10	68	0	8	0	15	0	85	96	12	0	0	117	0	0	0	0	24	22	0	0	0	0	0	16
assemblage-759-483	0	0	0	0	0	0	0	0	0	0	0	0	0	12	0	0	0	0	0	0	0	0	0	0	0	0	79	26	0	0	0	313	0	0	0	0	0	68	0	0	0	0	0	2
assemblage-677-301	0	0	0	0	0	0	0	0	0	0	0	0	0	111	0	0	0	0	0	0	37	0	0	0	4	0	125	8	0	0	0	178	0	0	0	0	0	27	0	0	0	0	0	10
assemblage-700-275	0	0	0	0	0	0	0	0	0	0	0	0	0	4	0	0	0	0	0	12	67	0	12	0	0	0	27	121	0	4	0	197	0	0	0	0	0	50	0	0	0	0	0	6
assemblage-240-941	0	0	0	0	0	0	0	0	0	0	0	0	0	0	0	0	0	0	0	0	0	0	0	0	0	0	141	203	0	0	0	154	0	0	0	0	0	0	0	0	0	0	0	2
assemblage-467-749	0	0	0	0	0	0	0	0	18	0	0	0	0	0	0	0	0	0	0	0	0	0	0	0	0	0	6	80	0	0	0	391	0	0	0	0	0	0	0	0	0	0	0	5
assemblage-636-922	0	0	0	0	0	0	0	0	0	0	0	0	0	114	0	0	0	0	0	0	31	0	0	0	0	0	119	6	0	0	0	181	0	0	0	0	0	32	0	0	0	0	0	17
assemblage-678-943	40	0	0	0	0	0	0	0	0	0	0	0	0	0	0	0	0	0	0	0	0	0	0	16	0	0	37	34	0	0	0	351	0	0	0	0	0	0	0	0	15	0	0	7
assemblage-238-92	6	0	0	0	0	0	0	0	0	0	0	0	0	0	0	0	0	0	0	0	0	0	0	33	0	0	0	30	0	0	0	417	0	0	0	0	0	0	0	0	0	0	0	14
assemblage-747-593	0	0	1	0	0	0	0	0	0	0	0	0	0	0	0	0	0	0	0	0	0	118	0	0	0	7	21	78	0	0	0	258	0	0	0	0	0	0	0	0	0	0	0	17
assemblage-234-493	0	0	0	0	0	0	0	0	0	0	0	0	0	0	0	0	0	0	0	0	0	0	0	0	0	0	67	112	0	0	0	264	0	0	0	0	0	51	0	0	0	0	0	6
assemblage-595-739	0	0	0	0	0	0	0	0	0	0	0	0	0	33	0	0	0	0	0	0	4	0	0	0	0	0	8	106	0	0	0	334	0	0	0	0	0	9	0	0	0	0	0	6
assemblage-571-457	5	0	0	0	0	0	0	0	0	0	0	0	0	0	0	0	0	0	0	0	0	0	0	14	0	0	32	0	0	0	0	444	0	0	0	0	0	0	0	0	0	0	0	5
assemblage-689-282	0	0	0	0	0	0	0	0	0	0	0	0	0	4	0	0	40	0	0	0	11	0	28	0	0	0	30	7	0	0	0	345	0	7	0	0	0	23	0	0	0	0	0	5
assemblage-328-698	0	0	0	0	0	0	0	0	0	0	0	0	0	0	0	0	0	0	0	0	0	4	0	0	0	0	7	171	0	0	0	284	0	0	0	0	0	0	0	0	0	0	31	3
assemblage-253-726	0	0	0	0	0	0	0	0	0	0	0	0	0	0	0	0	0	0	0	0	0	0	0	0	0	0	178	75	11	0	0	193	0	0	0	0	30	0	0	0	0	0	0	13
assemblage-340-683	0	0	0	0	0	0	0	0	16	0	0	0	0	0	0	0	0	0	0	0	0	0	0	0	0	0	6	94	0	0	0	383	0	0	0	0	0	0	0	0	0	0	0	1
assemblage-730-622	0	0	0	0	0	0	0	0	0	0	0	0	0	0	0	0	0	0	0	0	0	0	0	0	0	0	45	116	0	0	0	221	0	0	0	0	0	113	0	0	0	0	0	5
assemblage-599-945	0	6	0	0	0	0	0	0	0	0	0	0	0	0	0	0	0	4	0	0	0	0	0	0	0	0	92	92	0	0	0	204	0	0	0	0	6	60	0	16	0	0	0	20
assemblage-465-737	0	0	0	0	0	0	0	0	0	0	0	0	0	0	0	0	0	0	0	0	0	49	0	0	0	0	14	118	0	0	0	305	0	0	0	0	0	0	0	0	0	0	5	9
assemblage-604-525	0	0	0	0	0	0	0	0	0	0	0	0	0	111	0	0	0	0	0	0	19	0	0	0	4	0	151	0	0	0	0	166	0	0	0	0	0	32	0	0	0	0	0	17
assemblage-604-735	0	0	0	0	0	0	0	0	0	0	0	0	0	36	0	0	0	0	0	0	0	0	0	0	0	0	4	188	0	0	0	267	0	0	0	0	0	0	0	0	0	0	0	5
assemblage-234-166	0	0	0	0	0	0	0	0	0	0	0	0	0	0	0	0	0	0	0	0	0	0	0	19	0	0	22	8	0	0	0	443	0	0	0	0	0	0	0	0	0	0	0	8
assemblage-351-499	0	0	0	0	0	0	0	0	0	0	0	0	0	0	0	0	0	0	0	0	0	23	0	0	0	0	0	98	0	0	0	367	0	0	0	0	0	0	0	0	0	0	0	12
assemblage-224-673	0	0	0	0	0	0	0	0	0	0	21	0	0	0	0	0	0	0	0	0	0	0	0	70	0	0	56	77	0	0	0	269	0	0	0	0	0	0	0	0	0	0	0	7
assemblage-669-934	0	0	0	0	0	0	0	0	0	0	0	0	0	0	0	0	0	0	0	0	0	36	0	0	0	0	107	79	0	0	0	277	0	0	0	0	0	0	0	0	0	0	0	1
assemblage-455-398	0	0	0	0	0	0	0	0	0	0	0	0	0	6	0	0	0	0	0	0	0	0	0	0	0	0	58	153	0	0	0	205	0	0	0	0	0	77	0	0	0	0	0	1
assemblage-473-651	0	0	0	13	0	0	0	0	0	0	0	0	0	0	0	0	0	0	4	0	18	0	0	0	0	0	39	180	0	0	0	155	0	0	0	9	19	57	0	0	0	0	0	6
assemblage-612-775	37	0	0	0	0	0	0	0	0	0	0	0	0	0	0	0	0	0	0	0	0	0	0	12	0	0	82	76	0	0	0	288	0	0	0	0	0	0	0	0	0	0	0	5
assemblage-268-734	0	0	0	0	0	0	0	0	0	0	0	0	0	0	0	0	0	0	0	0	0	0	0	0	0	0	199	56	11	0	0	197	0	0	0	0	31	0	0	0	0	0	0	6
assemblage-336-700	0	0	0	0	0	0	0	0	0	14	0	0	0	0	0	0	0	0	0	0	0	17	0	0	0	0	99	35	0	0	0	331	0	0	0	0	0	0	0	0	0	0	0	4
assemblage-238-351	0	0	0	0	0	0	0	0	30	0	0	0	0	0	0	0	0	0	0	0	0	0	0	0	0	0	0	0	0	0	0	452	0	0	0	0	0	0	0	0	0	0	0	18
assemblage-470-744	0	0	0	0	0	0	0	0	0	0	0	0	0	0	0	0	0	0	0	0	0	158	0	0	0	0	0	151	0	0	0	184	0	0	0	0	0	0	0	0	0	0	0	7
assemblage-331-183	38	0	0	0	0	0	6	0	0	0	0	0	0	0	0	0	0	0	0	0	0	0	0	62	0	0	30	19	0	0	0	339	0	0	0	0	0	0	0	0	0	0	0	6
assemblage-696-280	0	0	0	0	0	0	0	0	0	0	0	0	0	9	0	0	44	0	0	0	15	0	19	0	10	0	28	9	0	0	0	325	0	0	0	0	0	38	0	0	0	0	0	3
assemblage-757-478	0	0	0	0	0	0	0	0	0	0	0	0	0	45	0	0	0	0	0	0	12	0	0	0	0	0	7	109	0	0	0	314	0	0	0	0	0	8	0	0	0	0	0	5
assemblage-617-283	0	0	0	0	0	0	0	0	0	7	0	0	0	0	0	0	0	0	0	0	0	79	0	0	0	0	67	193	0	0	0	151	0	0	0	0	0	0	0	0	0	0	0	3
assemblage-361-733	0	0	0	0	0	0	0	0	0	0	0	0	0	0	0	0	35	0	0	0	10	0	12	0	10	0	18	5	0	0	0	360	0	9	0	0	0	33	0	0	0	0	0	8
assemblage-925-970	0	0	0	0	0	0	0	0	0	0	0	0	0	7	0	0	0	0	0	0	0	0	0	0	0	0	87	24	0	0	0	317	0	0	0	0	0	62	0	0	0	0	0	3
assemblage-849-911	0	0	0	0	0	0	0	0	0	0	0	0	0	0	0	0	0	0	0	0	0	0	0	0	0	0	188	46	0	0	0	258	0	0	0	0	0	0	0	0	0	0	0	8
assemblage-341-187	3	0	0	0	0	0	0	0	0	0	19	0	0	0	0	0	0	0	0	0	0	0	0	49	0	0	74	71	0	0	0	279	0	0	0	0	0	0	0	0	0	0	0	5
assemblage-227-460	0	0	0	0	0	0	0	0	0	10	0	0	0	0	0	0	0	0	0	0	0	83	0	0	0	0	41	211	0	0	0	153	0	0	0	0	0	0	0	0	0	0	0	2
assemblage-885-866	0	0	0	0	0	0	0	0	0	0	0	0	0	0	0	0	0	0	0	0	0	186	0	0	0	0	0	126	0	0	0	178	0	0	0	0	0	0	0	0	0	0	0	10
assemblage-343-696	0	0	0	0	0	0	0	0	13	0	0	0	0	0	0	0	0	0	0	0	0	0	0	0	0	0	6	85	0	0	0	391	0	0	0	0	0	0	0	0	0	0	0	5
assemblage-581-731	0	0	0	0	0	0	0	0	0	0	0	0	0	36	0	0	0	0	0	0	0	0	0	0	0	0	7	194	0	0	0	251	0	0	0	0	0	0	0	0	0	0	0	12
assemblage-897-857	0	0	0	0	0	0	0	0	0	0	0	0	0	0	0	0	0	0	0	0	0	155	0	0	0	0	3	162	0	0	0	173	0	0	0	0	0	0	0	0	0	0	0	7
assemblage-474-671	0	0	0	15	0	0	0	0	0	0	0	0	0	0	0	0	0	0	12	0	15	0	0	0	0	0	46	171	0	0	0	138	0	0	0	4	30	65	0	0	0	0	0	4
assemblage-262-640	30	0	0	0	0	0	0	0	0	0	0	0	0	0	0	0	0	0	0	0	0	0	0	18	0	0	51	64	0	0	0	332	0	0	0	0	0	0	0	0	0	0	0	5
assemblage-942-369	0	0	0	0	0	0	0	0	0	15	0	0	0	0	0	0	0	0	0	0	0	83	0	0	0	0	38	216	0	0	0	145	0	0	0	0	0	0	0	0	0	0	0	3
assemblage-239-945	0	0	8	0	6	0	0	0	0	0	0	0	0	0	0	0	0	0	0	0	0	108	0	0	0	7	24	85	0	0	0	243	0	0	0	0	0	8	0	0	0	0	0	11
assemblage-831-655	0	0	0	0	0	0	0	0	0	0	0	0	0	0	0	0	103	0	0	41	175	0	37	0	61	0	9	6	9	0	0	32	11	0	0	0	8	0	0	0	0	0	0	8
assemblage-894-875	0	0	0	0	0	0	0	0	0	0	0	0	0	0	0	0	0	0	0	0	0	13	0	0	0	0	8	207	0	0	0	243	0	0	0	0	0	0	0	0	0	0	27	2
assemblage-364-249	0	0	0	0	0	0	0	0	0	0	0	0	0	0	0	0	0	0	0	0	0	0	0	0	0	0	31	168	0	0	0	186	0	0	0	0	0	110	0	0	0	0	0	5
assemblage-509-129	0	0	0	0	0	0	0	0	0	0	0	0	0	0	0	0	0	0	0	0	0	8	0	0	0	0	5	222	0	0	0	238	0	0	0	0	0	0	0	0	0	0	26	1
assemblage-233-168	0	0	0	0	0	0	0	0	0	0	0	0	0	0	0	0	0	0	0	0	0	0	0	28	0	0	39	60	0	0	0	364	0	0	0	0	0	0	0	0	0	0	0	9
assemblage-575-462	14	0	0	0	0	0	0	0	0	0	0	0	0	0	0	0	0	0	0	0	0	0	0	31	0	0	6	32	0	0	0	408	0	0	0	0	0	0	0	0	0	0	0	9
assemblage-247-170	0	0	0	0	0	0	0	0	0	0	0	0	0	0	0	0	0	0	0	0	0	0	0	45	0	0	37	50	0	0	0	359	0	0	0	0	0	0	0	0	0	0	0	9
assemblage-915-994	0	0	0	0	0	0	0	0	0	0	0	0	0	7	0	0	0	0	0	0	0	0	0	0	0	0	160	37	0	0	0	283	0	0	0	0	0	0	0	0	0	0	0	13
assemblage-903-862	0	0	0	0	0	0	0	0	0	0	0	0	0	0	0	0	0	0	0	0	0	202	0	0	0	0	1	139	0	0	0	150	0	0	0	0	0	0	0	0	0	0	0	8
assemblage-243-323	0	0	0	0	0	0	0	0	0	0	0	0	0	0	0	0	0	0	0	0	0	25	0	0	0	0	0	121	0	0	0	351	0	0	0	0	0	0	0	0	0	0	0	3
assemblage-218-797	45	0	0	0	0	0	10	0	0	0	0	0	0	0	0	0	0	0	0	0	0	0	0	63	0	0	24	18	0	0	0	336	0	0	0	0	0	0	0	0	0	0	0	4
assemblage-599-513	0	0	0	0	0	0	0	0	0	0	0	0	0	12	0	0	0	0	0	6	77	0	0	0	0	0	24	108	0	0	0	192	0	0	0	0	0	66	0	0	0	0	0	15
assemblage-361-291	0	0	0	0	9	0	0	0	0	0	0	0	0	0	0	0	0	0	0	0	0	115	0	0	0	4	34	93	0	0	0	233	0	0	0	0	0	0	0	0	0	0	0	12
assemblage-722-982	0	0	0	0	0	0	0	0	0	0	0	0	0	30	0	0	0	0	0	0	0	0	0	0	0	0	15	204	0	0	0	240	0	0	0	0	0	0	0	0	0	0	0	11
assemblage-412-850	47	0	0	0	0	0	0	0	0	0	0	0	0	0	0	0	0	0	0	0	0	0	0	10	0	0	26	38	0	0	0	359	0	0	0	0	0	0	0	0	12	0	0	8
assemblage-596-281	0	0	0	0	0	0	0	0	0	0	0	0	0	0	0	0	0	0	0	0	0	40	0	0	0	0	43	118	0	0	0	278	0	0	0	0	0	15	0	0	0	0	0	6
assemblage-731-474	0	0	0	0	0	0	0	0	0	0	0	0	0	35	0	0	0	0	0	0	0	0	0	0	0	0	7	191	0	0	0	255	0	0	0	0	0	0	0	0	0	0	0	12
assemblage-601-501	0	0	0	0	0	0	0	0	0	0	0	0	0	6	0	0	0	0	0	11	53	0	10	0	0	0	27	128	0	4	0	198	0	0	0	0	0	54	0	0	0	0	0	9
assemblage-421-842	0	0	0	0	0	0	0	0	29	0	0	0	0	0	0	0	0	0	0	0	0	0	0	0	0	0	0	5	0	0	0	462	0	0	0	0	0	0	0	0	0	0	0	4
assemblage-249-737	0	0	0	0	0	0	0	0	0	0	0	0	0	0	0	0	0	0	0	0	0	0	0	0	0	0	198	54	13	0	0	185	0	0	0	0	34	0	0	0	0	0	0	16
assemblage-810-118	0	0	0	0	0	0	0	0	0	0	0	0	0	0	0	0	0	0	0	0	0	0	0	0	0	0	52	143	0	0	0	299	0	0	0	0	0	0	0	0	0	0	0	6
assemblage-676-292	0	0	0	0	0	0	0	0	0	0	0	0	0	7	0	0	0	0	0	5	66	0	9	0	0	0	14	143	0	0	0	181	0	0	0	0	0	66	0	0	0	0	0	9
assemblage-367-320	0	0	0	0	0	0	0	0	0	0	0	0	0	0	0	0	0	0	0	0	0	0	0	32	0	0	26	66	0	0	0	365	0	0	0	0	0	0	0	0	0	0	0	11
assemblage-362-487	35	0	0	0	0	0	0	0	0	0	0	0	0	0	0	0	0	0	0	0	0	0	0	19	0	0	31	28	0	0	0	370	0	0	0	0	0	0	0	0	12	0	0	5
assemblage-347-470	0	0	0	0	0	0	0	0	0	0	0	0	0	0	0	0	0	0	0	0	0	18	0	0	0	0	0	96	0	0	0	375	0	0	0	0	0	0	0	0	0	0	0	11
assemblage-223-654	39	0	0	0	0	0	7	0	0	0	0	0	0	0	0	0	0	0	0	0	0	0	0	50	0	0	12	16	0	0	0	364	0	0	0	0	0	0	0	0	0	0	0	12
assemblage-734-991	0	0	0	0	0	0	0	0	0	0	0	0	0	32	0	0	0	0	0	0	0	0	0	0	0	0	0	210	0	0	0	244	0	0	0	0	0	0	0	0	0	0	0	14
assemblage-340-180	11	0	0	0	0	0	0	0	0	0	17	0	0	0	0	0	0	0	0	0	0	0	0	58	0	0	76	67	0	0	0	265	0	0	0	0	0	0	0	0	0	0	0	6
assemblage-251-956	0	0	0	0	0	0	0	0	0	0	0	0	0	0	0	0	0	0	0	0	0	0	0	0	0	0	150	208	0	0	0	142	0	0	0	0	0	0	0	0	0	0	0	0
assemblage-632-931	0	0	0	0	0	0	0	0	0	0	0	0	0	4	0	0	0	0	0	3	75	0	3	0	0	0	19	124	0	12	0	179	0	0	0	0	0	67	0	0	0	0	0	14
assemblage-757-602	0	0	0	0	0	0	0	0	0	0	0	0	0	0	0	0	0	0	0	0	0	0	0	0	0	0	143	200	0	0	0	152	0	0	0	0	0	0	0	0	0	0	0	5
assemblage-610-770	48	0	0	0	0	0	8	0	0	0	0	0	0	0	0	0	0	0	0	0	0	0	0	67	0	0	26	8	0	0	0	337	0	0	0	0	0	0	0	0	0	0	0	6
assemblage-239-733	0	0	0	0	0	0	0	0	0	0	0	0	0	0	0	0	0	0	0	0	0	0	0	0	0	0	181	82	17	0	0	170	0	0	0	0	38	0	0	0	0	0	0	12
assemblage-226-489	0	0	0	0	0	0	0	0	0	0	0	0	0	0	0	0	0	0	0	0	0	34	0	0	0	0	23	91	0	0	0	348	0	0	0	0	0	0	0	0	0	0	0	4
assemblage-618-925	0	0	0	0	0	0	0	0	0	0	0	0	0	6	0	0	0	5	0	0	0	0	0	0	0	0	83	61	0	0	0	252	0	0	0	0	0	56	0	14	0	0	0	23
assemblage-103-910	0	0	0	0	0	0	0	0	0	0	0	0	0	0	0	0	0	0	0	0	129	0	0	0	0	0	97	70	43	0	0	120	0	0	0	0	33	0	0	0	0	0	0	8
assemblage-365-492	0	0	0	0	0	0	0	0	0	0	0	0	0	0	0	0	0	0	0	0	0	41	0	0	0	0	87	65	0	0	0	305	0	0	0	0	0	0	0	0	0	0	0	2
assemblage-516-766	0	0	0	0	0	0	0	0	0	0	0	0	0	0	0	0	0	0	0	0	0	0	0	0	0	0	39	223	0	0	0	152	0	0	0	0	0	83	0	0	0	0	0	3
assemblage-606-504	0	8	0	0	0	0	0	0	0	0	0	0	0	0	0	0	0	3	0	0	0	0	0	0	0	0	80	91	0	0	0	234	0	0	0	0	0	60	0	7	0	0	0	17
assemblage-943-355	0	0	0	0	0	0	0	0	0	7	0	0	0	0	0	0	0	0	0	0	0	64	0	0	0	0	53	231	0	0	0	141	0	0	0	0	0	0	0	0	0	0	0	4
assemblage-110-907	0	0	0	0	0	0	0	0	0	0	0	0	0	0	0	0	0	0	0	0	118	0	0	0	0	0	88	83	33	0	0	128	0	0	0	0	36	7	0	0	0	0	0	7
assemblage-612-728	0	0	0	0	0	0	0	0	0	0	0	0	0	29	0	0	0	0	0	0	16	0	0	0	0	0	5	102	0	0	0	338	0	0	0	0	0	7	0	0	0	0	0	3
assemblage-222-939	0	0	0	0	0	0	0	0	0	0	0	0	0	0	0	0	0	0	0	0	0	0	0	0	0	0	138	203	0	0	0	155	0	0	0	0	0	0	0	0	0	0	0	4
assemblage-223-771	53	0	0	0	0	0	0	0	0	0	0	0	0	0	0	0	0	0	0	0	0	0	0	101	0	0	22	13	0	0	0	304	0	0	0	0	0	0	0	0	0	0	0	7
assemblage-230-174	0	0	0	0	0	0	0	0	0	0	0	0	0	0	0	0	0	0	0	0	0	0	0	36	0	0	24	69	0	0	0	361	0	0	0	0	0	0	0	0	0	0	0	10
assemblage-825-627	0	0	0	0	0	0	0	0	0	0	0	0	0	5	0	0	71	0	0	43	183	0	52	0	52	0	14	13	8	0	0	25	10	0	0	0	16	5	0	0	0	0	0	3
assemblage-815-115	0	0	0	0	0	0	0	0	0	0	0	0	0	0	0	0	0	0	0	0	0	0	0	0	0	0	195	54	0	0	0	247	0	0	0	0	0	0	0	0	0	0	0	4
assemblage-866-914	0	0	0	0	0	0	0	0	0	0	0	0	0	0	0	0	0	0	0	0	0	0	0	0	0	0	50	145	0	0	0	295	0	0	0	0	0	0	0	0	0	0	0	10
assemblage-943-359	0	0	0	0	0	0	0	0	0	0	0	0	0	0	0	0	0	0	0	0	0	0	0	0	0	0	75	97	0	0	0	272	0	0	0	0	0	51	0	0	0	0	0	5
assemblage-731-490	0	0	0	0	0	0	0	0	0	0	0	0	0	12	0	0	0	0	0	0	0	0	0	0	0	0	130	33	0	0	0	315	0	0	6	0	0	0	0	0	0	0	0	4
assemblage-218-462	0	0	0	0	0	0	0	0	0	0	0	0	0	0	0	0	0	0	0	0	0	0	0	0	0	0	55	110	0	0	0	287	0	0	0	0	0	40	0	0	0	0	0	8
assemblage-236-458	0	0	0	0	0	0	0	0	0	0	0	0	0	0	0	0	0	0	0	0	0	27	0	0	0	0	35	127	0	0	0	299	0	0	0	0	0	0	0	0	0	8	0	4
assemblage-358-487	0	0	0	0	0	0	0	0	0	0	0	0	0	0	0	0	0	0	0	0	0	46	0	0	0	0	76	63	0	0	0	311	0	0	0	0	0	0	0	0	0	0	0	4
assemblage-370-248	0	0	0	0	0	0	0	0	0	0	0	0	0	0	0	0	0	0	0	0	0	0	0	0	0	0	94	190	0	0	0	211	0	0	0	0	0	0	0	0	0	0	0	5
assemblage-212-161	0	0	0	0	0	0	0	0	0	0	0	0	0	0	0	0	0	0	0	0	0	0	0	21	0	0	32	11	0	0	0	427	0	0	0	0	0	0	0	0	0	0	0	9
assemblage-359-472	0	0	0	0	0	0	0	0	0	0	0	0	0	0	0	0	0	0	0	0	0	10	0	0	0	0	0	136	0	0	0	345	0	0	0	0	0	0	0	0	0	0	0	9
assemblage-352-687	0	0	0	0	0	0	0	0	16	0	0	0	0	0	0	0	0	0	0	0	0	0	0	0	0	0	9	90	0	0	0	382	0	0	0	0	0	0	0	0	0	0	0	3
assemblage-896-872	0	0	0	0	0	0	0	0	15	0	0	0	0	0	0	0	0	0	0	0	0	0	0	0	0	0	13	75	0	0	0	393	0	0	0	0	0	0	0	0	0	0	0	4
assemblage-818-651	0	0	0	0	0	0	0	0	0	0	0	0	0	3	0	0	97	0	0	53	168	0	38	0	52	0	15	17	7	0	0	21	13	0	0	0	9	0	0	0	0	0	0	7
assemblage-817-130	0	0	0	0	0	0	0	0	0	0	0	0	0	0	0	0	0	0	0	0	0	6	0	0	0	0	206	42	0	0	0	239	0	0	0	0	0	0	0	0	0	0	0	7
assemblage-228-644	6	0	0	0	0	0	0	0	0	0	24	0	0	0	0	0	0	0	0	0	0	0	0	54	0	0	86	72	0	0	0	255	0	0	0	0	0	0	0	0	0	0	0	3
assemblage-262-660	42	0	0	0	0	0	0	0	0	0	0	0	0	0	0	0	0	0	0	0	0	0	0	11	0	0	71	60	0	0	0	309	0	0	0	0	0	0	0	0	0	0	0	7
assemblage-261-342	29	0	0	0	0	0	0	0	0	0	0	0	0	0	0	0	0	0	0	0	0	0	0	15	0	0	31	37	0	0	7	364	0	0	0	0	0	0	0	0	13	0	0	4
assemblage-224-659	7	0	0	0	0	0	0	0	0	0	20	0	0	0	0	0	0	0	0	0	0	0	0	53	0	0	65	70	0	0	0	281	0	0	0	0	0	0	0	0	0	0	0	4
assemblage-909-972	0	0	0	0	0	0	0	0	0	0	0	0	0	12	0	0	0	0	0	0	0	0	0	0	0	0	77	23	0	0	0	320	0	0	0	0	0	67	0	0	0	0	0	1
assemblage-665-923	0	0	0	0	0	0	0	0	0	0	0	0	0	0	0	0	0	0	0	0	0	21	0	0	0	0	0	116	0	0	0	357	0	0	0	0	0	0	0	0	0	0	0	6
assemblage-752-603	0	0	0	0	0	0	0	0	0	0	0	0	0	0	0	0	0	0	0	0	0	0	0	0	0	0	25	210	0	0	0	165	0	0	0	0	0	97	0	0	0	0	0	3
assemblage-262-104	10	0	0	0	0	0	0	0	0	0	0	0	0	0	0	0	0	0	0	0	0	0	0	31	0	0	0	32	0	0	0	422	0	0	0	0	0	0	0	0	0	0	0	5
assemblage-858-890	0	0	0	0	0	0	0	0	0	0	0	0	0	11	0	0	0	0	0	0	0	0	0	0	0	0	23	237	0	0	0	219	0	0	0	0	0	0	0	0	0	0	0	10
assemblage-583-465	25	0	0	0	0	0	0	0	0	0	0	0	0	0	0	0	0	0	0	0	0	0	0	55	0	0	40	49	0	0	0	315	0	0	0	0	0	0	0	0	0	0	0	16
assemblage-258-727	0	0	0	0	0	0	0	0	0	0	0	0	0	0	0	0	0	0	0	0	0	0	0	0	0	0	188	59	17	0	0	178	0	0	0	0	48	0	0	0	0	0	0	10
assemblage-680-942	0	0	0	0	0	0	0	0	0	0	0	0	0	0	0	0	0	0	0	0	0	46	0	0	0	0	121	62	0	0	0	270	0	0	0	0	0	0	0	0	0	0	0	1
assemblage-594-508	0	0	0	0	0	0	0	0	0	0	0	0	0	69	0	0	0	0	0	0	34	0	0	0	6	0	155	7	0	0	0	189	0	0	0	0	0	28	0	0	0	0	0	12
assemblage-608-915	0	0	0	0	0	0	0	0	0	0	0	0	0	0	0	0	40	0	0	0	5	0	14	0	0	0	31	8	0	0	0	348	0	0	0	0	0	36	0	0	0	0	0	18
assemblage-339-716	0	0	0	0	0	0	0	0	0	0	0	0	0	4	0	0	0	0	0	0	0	0	0	0	0	0	73	90	0	0	0	227	0	0	0	0	0	60	0	17	0	0	0	29
assemblage-111-900	0	0	0	0	0	0	0	0	0	0	0	0	0	0	0	0	0	0	0	0	127	0	0	0	0	0	104	88	58	0	0	89	0	0	0	0	28	2	0	0	0	0	0	4
assemblage-608-767	28	0	0	0	0	0	0	0	0	0	0	0	0	0	0	0	0	0	0	0	0	0	0	14	0	0	61	52	0	0	0	341	0	0	0	0	0	0	0	0	0	0	0	4
assemblage-211-786	6	0	0	0	0	0	0	0	0	0	20	0	0	0	0	0	0	0	0	0	0	0	0	50	0	0	71	61	0	0	0	286	0	0	0	0	0	0	0	0	0	0	0	6
assemblage-247-716	0	0	0	0	0	0	0	0	0	0	0	0	0	0	0	0	0	0	0	0	0	0	0	0	0	0	201	65	17	0	0	169	0	0	0	0	45	0	0	0	0	0	0	3
assemblage-353-255	0	0	7	0	0	0	0	0	0	0	0	0	0	0	0	0	0	0	0	0	0	105	0	0	0	6	19	76	0	0	0	272	0	0	0	0	0	0	0	0	0	0	0	15
assemblage-621-771	26	0	0	0	0	0	0	0	0	0	0	0	0	0	0	0	0	0	0	0	0	0	0	9	0	0	74	60	0	0	0	320	0	0	0	0	0	0	0	0	0	0	0	11
assemblage-814-115	0	0	0	0	0	0	0	0	0	0	0	0	0	0	0	0	0	0	0	0	0	7	0	0	0	0	188	47	0	0	0	255	0	0	0	0	0	0	0	0	0	0	0	3
assemblage-613-289	0	0	0	0	0	0	0	0	0	7	0	0	0	0	0	0	0	0	0	0	0	87	0	0	0	0	43	224	0	0	0	131	0	0	0	0	0	7	0	0	0	0	0	1
assemblage-94-905	0	0	0	0	0	0	0	0	0	0	0	0	0	0	0	0	0	0	0	0	123	0	0	0	0	0	104	78	46	0	0	114	0	0	0	0	21	9	0	0	0	0	0	5
assemblage-578-483	8	0	0	0	0	0	0	0	0	0	0	0	0	0	0	0	0	0	0	0	0	0	0	45	0	0	0	20	0	0	0	415	0	0	0	0	0	0	0	0	0	0	0	12
assemblage-604-772	64	0	0	0	0	0	0	0	0	0	0	0	0	0	0	7	0	0	0	0	0	0	0	6	0	0	35	33	0	0	0	349	0	0	0	0	0	0	0	0	0	0	0	6
assemblage-370-702	0	0	0	0	0	0	0	0	0	0	0	0	0	82	0	0	0	0	0	0	29	0	0	0	0	0	160	2	0	0	0	179	0	0	0	0	0	30	0	0	0	0	0	18
assemblage-608-762	56	0	0	0	0	0	8	0	0	0	0	0	0	0	0	0	0	0	0	0	0	0	0	62	0	0	12	10	0	0	0	346	0	0	0	0	0	0	0	0	0	0	0	6
assemblage-826-115	0	0	0	0	0	0	0	0	0	0	0	0	0	0	0	0	0	0	0	0	0	8	0	0	0	0	209	63	0	0	0	218	0	0	0	0	0	0	0	0	0	0	0	2
assemblage-734-616	0	0	0	0	0	0	0	0	0	0	0	0	0	0	0	0	0	0	0	0	0	0	0	0	0	0	99	179	0	0	0	216	0	0	0	0	0	0	0	0	0	6	0	0
assemblage-914-974	0	0	0	0	0	0	0	0	0	0	0	0	0	34	0	0	0	0	0	0	10	0	0	0	0	0	6	95	0	0	0	340	0	0	0	0	0	10	0	0	0	0	0	5
assemblage-248-353	0	0	0	0	0	0	0	0	35	0	0	0	0	0	0	0	0	0	0	0	0	0	0	0	0	0	0	10	0	0	0	440	0	0	0	0	0	0	0	0	0	0	0	15
assemblage-492-657	0	0	0	0	0	0	0	0	0	0	0	0	0	0	0	0	0	0	6	0	10	0	0	0	0	0	34	197	0	0	0	134	0	0	0	10	37	59	0	0	0	0	0	13
assemblage-818-645	0	0	0	0	0	0	0	0	0	0	0	0	0	14	0	0	80	0	0	64	175	0	31	0	56	0	12	24	6	0	0	21	6	0	0	0	8	0	0	0	0	0	0	3
assemblage-262-106	10	0	0	0	0	0	0	0	0	0	0	0	0	0	0	0	0	0	0	0	0	0	0	21	0	0	41	13	0	0	0	412	0	0	0	0	0	0	0	0	0	0	0	3
assemblage-891-868	0	0	0	0	0	0	0	0	0	17	0	0	0	0	0	0	0	0	0	0	0	20	0	0	0	0	78	36	0	0	0	343	0	0	0	0	0	0	0	0	0	0	0	6
assemblage-502-119	0	0	0	0	0	0	0	0	0	0	0	0	0	0	0	0	0	0	0	0	0	17	0	0	0	0	7	182	0	0	0	270	0	0	0	0	0	0	0	0	0	0	22	2
assemblage-939-363	0	0	0	0	0	0	0	0	0	0	0	0	0	0	7	0	0	0	0	0	0	19	0	0	0	0	52	119	0	0	0	288	0	0	0	0	0	0	0	0	0	8	0	7
assemblage-620-507	0	5	0	0	0	0	0	0	0	0	0	0	0	0	0	0	0	9	0	0	0	0	0	0	0	0	87	83	0	0	0	222	0	0	0	0	9	58	0	11	0	0	0	16
assemblage-845-912	0	0	0	0	0	0	0	0	0	0	0	0	0	0	0	0	0	0	0	0	0	8	0	0	0	0	193	55	0	0	0	239	0	0	0	0	0	0	0	0	0	0	0	5
assemblage-249-343	0	0	0	0	0	0	0	0	48	0	0	0	0	0	0	0	0	0	0	0	0	0	0	0	0	0	0	5	0	0	0	437	0	0	0	0	0	0	0	0	0	0	0	10
assemblage-113-897	0	0	0	0	0	0	0	0	0	0	0	0	0	0	0	0	0	0	0	0	124	0	0	0	0	0	74	84	42	0	0	147	0	0	0	0	19	0	0	0	0	0	0	10
assemblage-725-980	0	0	0	0	0	0	0	0	0	0	0	0	0	36	0	0	0	0	0	0	0	0	0	0	0	0	7	193	0	0	0	259	0	0	0	0	0	0	0	0	0	0	0	5
assemblage-486-668	0	0	0	4	0	0	0	0	0	0	0	0	0	0	0	0	0	0	0	0	6	0	0	0	0	0	32	204	0	0	0	134	0	0	0	8	34	71	0	0	0	0	0	7
assemblage-393-317	0	0	0	0	0	0	0	0	0	0	0	0	0	0	0	0	0	0	0	0	0	0	0	54	0	0	16	45	0	0	0	377	0	0	0	0	0	0	0	0	0	0	0	8
assemblage-868-903	0	0	0	0	0	0	0	0	0	0	0	0	0	0	0	0	0	0	0	0	0	0	0	0	0	0	51	129	0	0	0	319	0	0	0	0	0	0	0	0	0	0	0	1
assemblage-482-665	0	0	0	7	0	0	0	0	0	0	0	0	0	0	0	0	0	0	9	0	14	0	0	0	0	0	33	188	0	0	0	134	0	0	0	3	45	66	0	0	0	0	0	1
assemblage-685-298	0	0	0	0	0	0	0	0	0	0	0	0	0	0	0	0	44	0	0	0	9	0	21	0	6	0	33	3	0	0	0	330	0	0	0	0	0	35	0	0	0	0	0	19
assemblage-602-930	0	0	0	0	0	0	0	0	0	0	0	0	0	11	0	0	0	0	0	6	68	0	7	0	0	0	20	128	0	6	0	194	0	0	0	0	0	54	0	0	0	0	0	6
assemblage-243-471	0	0	0	0	0	0	0	0	0	0	0	0	0	0	0	0	0	0	0	0	0	38	0	0	0	0	22	80	0	0	0	354	0	0	0	0	0	0	0	0	0	0	0	6
assemblage-746-471	0	0	0	0	0	0	0	0	0	0	0	0	0	40	0	0	0	0	0	0	10	0	0	0	0	0	12	91	0	0	0	326	0	0	0	0	0	10	0	0	0	0	0	11
assemblage-104-339	0	0	0	0	0	0	0	0	0	0	0	0	0	0	0	0	0	0	0	0	0	0	0	0	0	0	64	114	0	0	0	280	0	0	0	0	0	38	0	0	0	0	0	4
assemblage-748-479	0	0	0	0	0	0	0	0	0	0	0	0	0	10	0	0	0	0	0	0	0	0	0	0	0	0	78	27	0	0	0	310	0	0	0	0	0	71	0	0	0	0	0	4
assemblage-726-586	0	0	0	0	0	0	0	0	0	0	0	0	0	0	0	0	0	0	0	0	0	0	0	0	0	0	141	221	0	0	0	137	0	0	0	0	0	0	0	0	0	0	0	1
assemblage-523-751	0	0	7	0	12	0	0	0	0	0	0	0	0	0	0	0	0	0	0	0	0	121	0	0	0	6	25	91	0	0	0	227	0	0	0	0	0	3	0	0	0	0	0	8
assemblage-901-855	0	0	0	0	0	0	0	0	0	0	0	0	0	0	0	0	0	0	0	0	0	179	0	0	0	0	0	130	0	0	0	179	0	0	0	0	0	0	0	0	0	0	0	12
assemblage-247-99	16	0	0	0	0	0	0	0	0	0	0	0	0	0	0	0	0	0	0	0	0	0	0	41	0	0	2	36	0	0	0	401	0	0	0	0	0	0	0	0	0	0	0	4
assemblage-828-627	0	0	0	0	0	0	0	0	0	0	0	0	0	1	0	0	101	0	0	54	168	0	25	0	59	0	10	17	4	0	0	29	13	0	0	0	16	0	0	0	0	0	0	3
assemblage-613-755	55	0	0	0	0	0	0	0	0	0	0	0	0	0	0	0	0	0	0	0	0	0	0	6	0	0	57	45	0	0	0	325	0	0	0	0	0	0	0	0	0	0	0	12
assemblage-227-792	39	0	0	0	0	0	22	0	0	0	0	0	0	0	0	0	0	0	0	0	0	0	0	48	0	0	19	14	0	0	0	355	0	0	0	0	0	0	0	0	0	0	0	3
assemblage-497-751	0	0	0	0	0	0	0	0	0	0	0	0	0	0	0	0	0	0	0	0	0	29	0	0	0	0	65	167	0	0	0	203	0	0	0	0	0	29	0	0	0	0	0	7
assemblage-618-292	0	0	0	0	0	0	0	0	0	0	0	0	0	0	0	0	0	0	0	0	0	0	0	0	0	0	77	108	0	0	0	275	0	0	0	0	0	32	0	0	0	0	0	8
assemblage-344-184	72	0	0	0	0	0	0	0	0	0	0	0	0	0	0	0	0	0	0	0	0	0	0	10	0	0	38	32	0	0	0	334	0	0	0	0	0	0	0	0	0	0	0	14
assemblage-461-403	0	0	0	0	0	0	0	0	0	0	0	0	0	0	0	0	0	0	0	0	0	0	0	0	0	0	57	129	0	0	0	305	0	0	0	0	0	0	0	0	0	0	0	9
assemblage-928-974	0	0	0	0	0	0	0	0	0	0	0	0	0	17	0	0	0	0	0	0	0	0	0	0	0	0	69	30	0	0	0	307	0	0	0	0	0	77	0	0	0	0	0	0
assemblage-114-348	0	0	0	0	0	0	0	0	0	0	0	0	0	0	0	0	0	0	0	0	0	17	0	0	0	0	53	124	0	0	0	286	0	0	0	0	0	0	0	0	0	13	0	7
assemblage-689-310	0	0	0	0	0	0	0	0	0	0	0	0	0	5	0	0	0	6	0	8	0	0	0	0	0	0	84	102	0	0	0	208	0	0	0	0	0	51	0	7	0	0	0	29
assemblage-937-366	0	0	0	0	0	0	0	0	0	0	0	0	0	0	0	0	0	0	0	0	0	36	0	0	0	0	14	83	0	0	0	360	0	0	0	0	0	0	0	0	0	0	0	7
assemblage-597-286	0	0	0	0	0	0	0	0	0	0	0	0	0	0	0	0	0	0	0	0	0	0	0	0	0	0	86	124	0	0	0	257	0	0	0	0	0	33	0	0	0	0	0	0
assemblage-358-189	0	0	0	0	0	0	0	0	0	0	13	0	0	0	0	0	0	0	0	0	0	0	0	71	0	0	57	74	0	0	0	277	0	0	0	0	0	0	0	0	0	0	0	8
assemblage-503-748	0	0	0	0	0	0	0	0	0	0	0	0	0	0	0	0	0	0	0	0	0	0	0	0	0	0	124	188	0	0	0	187	0	0	0	0	0	0	0	0	0	0	0	1
assemblage-685-929	34	0	0	0	0	0	0	0	0	0	0	0	0	0	0	0	0	0	0	0	0	5	0	26	0	0	32	42	0	0	0	348	0	0	0	0	0	0	0	0	9	0	0	4
assemblage-365-269	0	0	0	0	0	0	0	0	0	0	0	0	0	0	0	0	0	0	0	0	0	0	0	0	0	0	35	188	0	0	0	166	0	0	0	0	0	102	0	0	0	0	0	9
assemblage-357-276	0	0	0	0	0	0	0	0	0	0	0	0	0	0	0	0	0	0	0	0	0	0	0	0	0	0	137	207	0	0	0	154	0	0	0	0	0	0	0	0	0	0	0	2
assemblage-385-320	24	0	0	0	0	0	0	0	0	0	0	0	0	0	0	0	0	0	0	0	0	0	0	50	0	0	71	57	0	0	0	292	0	0	0	0	0	0	1	0	0	0	0	5
assemblage-237-956	0	0	0	0	0	0	0	0	0	0	0	0	0	0	0	0	0	0	0	0	0	0	0	0	0	0	145	203	0	0	0	152	0	0	0	0	0	0	0	0	0	0	0	0
assemblage-373-247	0	0	5	0	0	0	0	0	0	0	0	0	0	0	0	0	0	0	0	0	0	129	0	0	0	9	24	88	0	0	0	227	0	0	0	0	0	6	0	0	0	0	0	12
assemblage-732-983	0	0	0	0	0	0	0	0	0	0	0	0	0	11	0	0	0	0	0	0	0	0	0	0	0	0	141	43	0	0	0	297	0	0	0	0	0	0	0	0	0	0	0	8
assemblage-933-359	0	0	0	0	0	0	0	0	0	0	0	0	0	0	0	0	0	0	0	0	0	44	0	0	0	0	21	78	0	0	0	352	0	0	0	0	0	0	0	0	0	0	0	5
assemblage-110-333	0	0	0	0	0	0	0	0	0	0	0	0	0	0	0	0	0	0	0	0	0	28	0	0	0	0	23	77	0	0	0	367	0	0	0	0	0	0	0	0	0	0	0	5
assemblage-101-914	0	0	0	0	0	0	0	0	0	0	0	0	0	0	0	0	0	0	0	0	117	0	0	0	0	0	105	94	42	0	0	115	0	0	0	0	10	13	0	0	0	0	0	4
assemblage-936-352	0	0	0	0	0	0	0	0	0	0	0	0	0	0	0	0	0	0	0	0	0	0	0	0	0	0	62	134	0	0	0	248	0	0	0	0	0	52	0	0	0	0	0	4
assemblage-463-409	0	0	0	0	0	0	0	0	0	0	0	0	0	9	0	0	0	0	0	0	0	0	0	0	0	0	34	241	0	0	0	210	0	0	0	0	0	0	0	0	0	0	0	6
assemblage-472-737	0	0	0	0	0	0	0	0	0	0	0	0	0	0	0	0	0	0	0	0	0	0	0	0	0	0	0	213	0	0	0	264	0	0	0	0	0	0	0	0	0	0	17	6
assemblage-474-731	0	0	0	0	0	0	0	0	0	0	0	0	0	0	0	0	0	0	0	0	0	1	0	0	0	0	0	194	0	0	0	274	0	0	0	0	0	0	0	0	0	0	22	9
assemblage-226-782	58	0	0	0	0	0	0	0	0	0	0	6	0	0	0	0	0	0	0	0	0	0	0	2	0	0	52	36	0	0	0	342	0	0	0	0	0	0	0	0	0	0	0	4
assemblage-104-904	0	0	0	0	0	0	0	0	0	0	0	0	0	0	0	0	0	0	0	0	115	0	0	0	0	0	95	104	48	0	0	114	0	0	0	0	22	0	0	0	0	0	0	2
assemblage-605-286	0	0	0	0	0	0	0	0	0	0	0	0	0	0	0	0	0	0	0	0	0	21	0	0	0	0	37	123	0	0	0	302	0	0	0	0	0	0	0	0	0	13	0	4
assemblage-607-773	74	0	0	0	0	0	0	0	0	0	0	0	0	0	0	0	0	0	0	0	0	0	0	0	0	0	40	41	0	0	0	334	0	0	0	0	0	0	0	0	0	0	0	11
assemblage-327-693	0	0	0	0	0	0	0	0	0	0	0	0	0	0	0	0	0	0	0	0	0	186	0	0	0	0	0	145	0	0	0	158	0	0	0	0	0	0	0	0	0	0	0	11
assemblage-721-988	0	0	0	0	0	0	0	0	0	0	0	0	0	37	0	0	0	0	0	0	12	0	0	0	0	0	15	100	0	0	0	330	0	0	0	0	0	4	0	0	0	0	0	2
assemblage-243-933	0	0	0	0	0	0	0	0	0	0	0	0	0	0	0	0	0	0	0	0	0	0	0	0	0	0	39	171	0	0	0	177	0	0	0	0	0	107	0	0	0	0	0	6
assemblage-515-132	0	0	0	0	0	0	0	0	0	0	0	0	0	0	0	0	0	0	0	0	0	159	0	0	0	0	5	141	0	0	0	188	0	0	0	0	0	0	0	0	0	0	0	7
assemblage-344-482	9	0	0	0	0	0	0	0	8	0	0	0	0	0	0	0	0	0	0	0	0	14	0	0	0	0	25	74	0	0	0	360	0	0	0	0	0	0	0	0	0	0	0	10
assemblage-450-743	0	0	0	0	0	0	0	0	0	11	0	0	0	0	0	0	0	0	0	0	0	24	0	0	0	0	71	38	0	0	0	353	0	0	0	0	0	0	0	0	0	0	0	3
assemblage-236-475	0	0	0	0	0	0	0	0	0	0	0	0	0	0	0	0	0	0	0	0	0	27	0	0	0	0	42	138	0	0	0	279	0	0	0	0	0	0	0	0	0	8	0	6
assemblage-217-641	59	0	0	0	0	0	0	0	0	0	0	0	0	0	0	0	0	0	0	0	0	0	0	3	0	0	53	39	0	0	0	335	0	0	0	0	0	0	0	0	0	0	0	11
assemblage-564-470	19	0	0	0	0	0	0	0	0	0	0	0	0	0	0	0	0	0	0	0	0	0	0	55	0	0	69	47	0	0	0	293	0	0	0	0	0	0	9	0	0	0	0	8
assemblage-236-112	29	0	0	0	0	0	0	0	0	0	0	0	0	0	0	0	0	0	0	0	0	0	0	39	0	0	58	49	0	0	0	310	0	0	0	0	0	0	0	0	0	0	0	15
assemblage-608-503	0	0	0	0	0	0	0	0	0	0	0	0	0	25	0	0	12	0	0	0	26	0	4	0	0	0	61	63	0	0	0	249	0	0	0	0	0	36	0	0	0	0	0	24
assemblage-350-481	30	0	0	0	0	0	0	0	0	0	0	0	0	0	0	0	0	0	0	0	0	0	0	27	0	0	36	41	0	0	0	349	0	0	0	0	0	0	0	0	9	0	0	8
assemblage-377-697	0	0	0	0	0	0	0	0	0	0	0	0	0	0	0	0	33	0	0	0	7	0	17	0	0	0	25	1	0	0	0	372	0	0	0	0	0	33	0	0	0	0	0	12
assemblage-566-457	14	0	0	0	0	0	0	0	0	0	0	0	0	0	0	0	0	0	0	0	0	0	0	41	0	0	80	52	0	0	0	290	0	0	0	0	0	0	9	0	0	0	0	14
assemblage-755-641	0	0	0	0	0	0	0	0	0	0	0	0	0	0	0	0	0	0	0	0	0	0	0	0	0	0	76	148	0	0	0	246	0	0	0	0	0	23	0	0	0	0	0	7
assemblage-488-754	0	0	0	0	0	0	0	0	0	0	0	0	0	0	0	0	0	0	0	0	0	0	0	0	0	0	28	179	0	0	0	177	0	0	0	0	0	115	0	0	0	0	0	1
assemblage-435-396	0	0	0	0	0	0	0	0	0	0	0	0	0	0	0	0	0	0	0	0	0	5	0	0	0	0	206	47	0	0	0	238	0	0	0	0	0	0	0	0	0	0	0	4
assemblage-734-635	0	0	0	0	0	0	0	0	0	0	0	0	0	0	0	0	0	0	0	0	0	0	0	0	0	0	47	130	0	0	0	320	0	0	0	0	0	0	0	0	0	0	0	3
assemblage-336-184	12	0	0	0	0	0	0	0	0	0	24	0	0	0	0	0	0	0	0	0	0	0	0	46	0	0	59	63	0	0	0	288	0	0	0	0	0	0	0	0	0	0	0	8
assemblage-403-849	29	0	0	0	0	0	0	0	0	0	0	0	0	0	0	0	0	0	0	0	0	0	0	13	0	0	32	37	0	0	0	376	0	0	0	0	0	0	0	0	12	0	0	1
assemblage-903-987	0	0	0	0	0	0	0	0	0	0	0	0	0	8	0	0	0	0	0	0	0	0	0	0	0	0	70	23	0	0	0	325	0	0	0	0	0	74	0	0	0	0	0	0
assemblage-393-312	3	0	0	0	0	0	0	0	0	0	0	0	0	0	0	0	0	0	0	0	0	0	0	33	0	0	33	73	0	0	0	355	0	0	0	0	0	0	0	0	0	0	0	3
assemblage-331-188	52	0	0	0	0	0	9	0	0	0	0	0	0	0	0	0	0	0	0	0	0	0	0	62	0	0	18	11	0	0	0	345	0	0	0	0	0	0	0	0	0	0	0	3
assemblage-347-681	0	0	0	0	0	0	0	0	14	0	0	0	0	0	0	0	0	0	0	0	0	0	0	0	0	0	5	98	0	0	0	373	0	0	0	0	0	0	0	0	0	0	0	10
assemblage-395-318	35	0	0	0	0	0	0	0	0	0	0	0	0	0	0	0	0	0	0	0	0	0	0	64	0	0	68	44	0	0	0	265	0	0	0	0	0	0	0	0	0	0	0	24
assemblage-824-118	0	0	0	0	0	0	0	0	0	0	0	0	0	10	0	0	0	0	0	0	0	0	0	0	0	0	32	191	0	0	0	250	0	0	0	0	0	0	0	0	0	0	0	17
assemblage-383-267	0	0	0	0	0	0	0	0	0	0	0	0	0	0	0	0	0	0	0	0	0	106	0	0	0	2	24	84	0	0	0	251	0	0	0	0	0	9	0	0	0	0	0	24
assemblage-469-755	0	0	0	0	0	0	0	0	0	12	0	0	0	0	0	0	0	0	0	0	0	23	0	0	0	0	82	32	0	0	0	351	0	0	0	0	0	0	0	0	0	0	0	0
assemblage-385-319	6	0	0	0	0	0	0	0	0	0	0	0	0	0	0	0	0	0	0	0	0	0	0	11	0	0	36	7	0	0	0	436	0	0	0	0	0	0	0	0	0	0	0	4
assemblage-752-634	0	0	0	0	0	0	0	0	0	0	0	0	0	4	0	0	0	0	0	0	0	0	0	0	0	0	45	143	0	0	0	239	0	0	0	0	0	69	0	0	0	0	0	0
assemblage-369-692	0	0	0	0	0	0	0	0	0	0	0	0	0	0	0	0	24	0	0	0	13	0	19	0	0	0	30	9	0	0	0	361	0	12	0	0	0	16	0	0	0	0	0	16
assemblage-323-684	0	0	0	0	0	0	0	0	0	11	0	0	0	0	0	0	0	0	0	0	0	22	0	0	0	0	78	42	0	0	0	342	0	0	0	0	0	0	0	0	0	0	0	5
assemblage-869-918	0	0	0	0	0	0	0	0	0	0	0	0	0	7	0	0	0	0	0	0	0	0	0	0	0	0	16	237	0	0	0	228	0	0	0	0	0	0	0	0	0	0	0	12
assemblage-501-749	0	0	6	0	12	0	0	0	0	0	0	0	0	0	0	0	0	0	0	0	0	111	0	0	0	6	20	76	0	0	0	248	0	0	0	0	0	14	0	0	0	0	0	7
assemblage-501-748	0	0	0	0	0	0	0	0	0	0	0	0	0	0	0	0	0	0	0	0	0	0	0	0	0	0	149	195	0	0	0	155	0	0	0	0	0	0	0	0	0	0	0	1
assemblage-213-781	71	0	0	0	0	0	0	0	0	0	0	0	0	0	0	0	0	0	0	0	0	0	0	0	0	0	41	31	0	0	0	339	0	0	0	0	0	0	0	0	0	0	0	18
assemblage-688-285	0	0	0	0	0	0	0	0	0	0	0	0	0	94	0	0	0	0	0	0	18	0	0	0	10	0	142	3	0	0	0	182	0	0	0	0	0	41	0	0	0	0	0	10
assemblage-932-998	0	0	0	0	0	0	0	0	0	0	0	0	0	12	0	0	0	0	0	0	0	0	0	0	0	0	77	20	0	0	0	304	0	0	0	0	0	83	0	0	0	0	0	4
assemblage-761-624	0	0	0	0	0	0	0	0	0	0	0	0	0	7	0	0	0	0	0	0	0	0	0	0	0	0	36	139	0	0	0	243	0	0	0	0	0	74	0	0	0	0	0	1
assemblage-137-330	0	0	0	0	0	0	0	0	0	0	0	0	0	0	0	0	0	0	0	0	0	16	0	0	0	0	55	104	0	0	0	308	0	0	0	0	0	0	0	0	0	7	0	10
assemblage-754-638	0	0	0	0	0	0	0	0	0	0	0	0	0	11	0	0	0	0	0	0	0	0	0	0	0	0	20	211	0	0	0	243	0	0	0	0	0	0	0	0	0	0	0	15
assemblage-729-1006	0	0	0	0	0	0	0	0	0	0	0	0	0	16	0	0	0	0	0	0	0	0	0	0	0	0	68	11	0	0	0	336	0	0	0	0	0	68	0	0	0	0	0	1
assemblage-842-915	0	0	0	0	0	0	0	0	0	0	0	0	0	0	0	0	0	0	0	0	0	3	0	0	0	0	192	62	0	0	0	242	0	0	0	0	0	0	0	0	0	0	0	1
assemblage-851-901	0	0	0	0	0	0	0	0	0	0	0	0	0	2	0	0	0	0	0	0	0	0	0	0	0	0	30	160	0	0	0	223	0	0	0	0	0	83	0	0	0	0	0	2
assemblage-828-136	0	0	0	0	0	0	0	0	0	0	0	0	0	0	0	0	0	0	0	0	0	0	0	0	0	0	38	133	0	0	0	231	0	0	0	0	0	92	0	0	0	0	0	6
assemblage-600-497	0	0	0	0	0	0	0	0	0	0	0	0	0	122	0	0	0	0	0	0	38	0	0	0	4	0	119	0	0	0	0	180	0	0	0	0	0	31	0	0	0	0	0	6
assemblage-437-378	0	0	0	0	0	0	0	0	0	0	0	0	0	0	0	0	0	0	0	0	0	0	0	0	0	0	36	148	0	0	0	310	0	0	0	0	0	0	0	0	0	0	0	6
assemblage-458-410	0	0	0	0	0	0	0	0	0	0	0	0	0	15	0	0	0	0	0	0	0	0	0	0	0	0	19	222	0	0	0	234	0	0	0	0	0	0	0	0	0	0	0	10
assemblage-685-923	0	0	0	0	0	0	0	0	0	0	0	0	0	0	0	0	0	0	0	0	0	13	0	0	0	0	0	128	0	0	0	350	0	0	0	0	0	0	0	0	0	0	0	9
assemblage-477-657	0	0	0	14	0	0	0	0	0	0	0	0	0	0	0	0	0	0	5	0	15	0	0	0	0	0	47	190	0	0	0	111	0	0	0	5	40	62	0	0	0	0	0	11
assemblage-612-275	0	0	0	0	0	0	0	0	0	13	0	0	0	0	0	0	0	0	0	0	0	76	0	0	0	0	46	224	0	0	0	140	0	0	0	0	0	0	0	0	0	0	0	1
assemblage-210-937	0	0	0	0	0	0	0	0	0	0	0	0	0	0	0	0	0	0	0	0	0	0	0	0	0	0	106	197	0	0	0	192	0	0	0	0	0	0	0	0	0	0	0	5
assemblage-240-109	22	0	0	0	0	0	0	0	0	0	0	0	0	0	0	0	0	0	0	0	0	0	0	31	0	0	0	26	0	0	0	409	0	0	0	0	0	0	0	0	0	0	0	12
assemblage-879-838	0	0	0	0	0	0	0	0	0	0	0	0	0	0	0	0	0	0	0	0	0	162	0	0	0	0	0	135	0	0	0	184	0	0	0	0	0	0	0	0	0	0	0	19
assemblage-524-131	0	0	0	0	0	0	0	0	0	16	0	0	0	0	0	0	0	0	0	0	0	10	0	0	0	0	76	44	0	0	0	348	0	0	0	0	0	0	0	0	0	0	0	6
assemblage-255-725	0	0	0	0	0	0	0	0	0	0	0	0	0	0	0	0	0	0	0	0	0	0	0	0	0	0	205	50	17	0	0	192	0	0	0	0	25	0	0	0	0	0	0	11
assemblage-745-570	0	0	0	0	0	0	0	0	0	0	0	0	0	0	0	0	0	0	0	0	0	0	0	0	0	0	97	210	0	0	0	187	0	0	0	0	0	0	0	0	0	0	0	6
assemblage-585-727	0	0	0	0	0	0	0	0	0	0	0	0	0	48	0	0	0	0	0	0	0	0	0	0	0	0	7	184	0	0	0	253	0	0	0	0	0	0	0	0	0	0	0	8
assemblage-243-162	2	0	0	0	0	0	0	0	0	0	0	0	0	0	0	0	0	0	0	0	0	0	0	27	0	0	32	43	0	0	0	395	0	0	0	0	0	0	0	0	0	0	0	1
assemblage-246-669	33	0	0	0	0	0	0	0	0	0	0	0	0	0	0	0	0	0	0	0	0	0	0	10	0	0	67	60	0	0	0	322	0	0	0	0	0	0	0	0	0	0	0	8
assemblage-478-642	0	0	0	9	0	0	0	0	0	0	0	0	0	0	0	0	0	0	7	0	18	0	0	0	0	0	29	187	0	0	0	156	0	0	0	9	32	51	0	0	0	0	0	2
assemblage-821-647	0	0	0	0	0	0	0	0	0	0	0	0	0	0	0	0	74	0	0	53	172	0	44	0	51	0	14	18	8	0	0	22	9	0	0	0	22	3	0	0	0	0	0	10
assemblage-243-797	35	0	0	0	0	0	0	0	0	0	0	0	1	0	0	0	0	0	0	0	0	0	0	13	0	0	62	59	0	0	0	330	0	0	0	0	0	0	0	0	0	0	0	0
assemblage-821-643	0	0	0	0	0	0	0	0	0	0	0	0	0	8	0	0	91	0	0	53	177	0	40	0	55	0	12	10	5	0	0	22	10	0	0	0	10	0	0	0	0	0	0	7
assemblage-611-922	0	0	0	0	0	0	0	0	0	0	0	0	0	12	0	0	0	0	0	6	54	0	0	0	0	0	22	134	0	5	0	195	0	0	0	0	0	67	0	0	0	0	0	5
assemblage-724-995	0	0	0	0	0	0	0	0	0	0	0	0	0	17	0	0	0	0	0	0	0	0	0	0	0	0	56	100	0	0	0	308	0	0	0	0	0	13	0	0	0	0	0	6
assemblage-393-321	18	0	0	0	0	0	0	0	0	0	0	0	0	0	0	0	0	0	0	0	0	0	0	31	0	0	0	24	0	0	0	417	0	0	0	0	0	0	0	0	0	0	0	10
assemblage-728-992	0	0	0	0	0	0	0	0	0	0	0	0	0	10	0	0	0	0	0	0	0	0	0	0	0	0	148	27	0	0	0	310	0	0	0	0	0	0	0	0	0	0	0	5
assemblage-597-731	0	0	0	0	0	0	0	0	0	0	0	0	0	38	0	0	0	0	0	0	7	0	0	0	0	0	7	91	0	0	0	342	0	0	0	0	0	12	0	0	0	0	0	3
assemblage-605-717	0	0	0	0	0	0	0	0	0	0	0	0	0	12	0	0	0	0	0	0	0	0	0	0	0	0	138	35	0	0	0	306	0	0	8	0	0	0	0	0	0	0	0	1
assemblage-668-930	39	0	0	0	0	0	0	0	0	0	0	0	0	0	0	0	0	0	0	0	0	0	0	14	0	0	24	38	0	0	0	359	0	0	0	0	0	0	0	0	18	0	0	8
assemblage-405-318	4	0	0	0	0	0	0	0	0	0	0	0	0	0	0	0	0	0	0	0	0	0	0	14	0	0	44	10	0	0	0	427	0	0	0	0	0	0	0	0	0	0	0	1
assemblage-121-343	0	0	0	0	0	0	0	0	0	0	0	0	0	0	0	0	0	0	0	0	0	39	0	0	0	0	19	76	0	0	0	364	0	0	0	0	0	0	0	0	0	0	0	2
assemblage-576-485	4	0	0	0	0	0	0	0	0	0	0	0	0	0	0	0	0	0	0	0	0	0	0	23	0	0	31	8	0	0	0	429	0	0	0	0	0	0	0	0	0	0	0	5
assemblage-387-847	0	0	0	0	0	0	0	0	0	0	0	0	0	0	0	0	0	0	0	0	0	47	0	0	0	0	95	56	0	0	0	294	0	0	0	0	0	0	0	0	0	0	0	8
assemblage-453-406	0	0	0	0	0	0	0	0	0	0	0	0	0	12	0	0	0	0	0	0	0	0	0	0	0	0	29	214	0	0	0	222	0	0	0	0	0	0	0	0	0	0	0	23
assemblage-739-488	0	0	0	0	0	0	0	0	0	0	0	0	0	26	0	0	0	0	0	0	12	0	0	0	0	0	10	97	0	0	0	339	0	0	0	0	0	12	0	0	0	0	0	4
assemblage-412-860	0	0	0	0	0	5	0	0	35	0	0	0	0	0	0	0	0	0	0	0	0	0	0	0	0	0	0	0	0	0	0	448	0	0	0	0	0	0	0	0	0	0	0	12
assemblage-472-664	0	0	0	9	0	0	0	0	0	0	0	0	0	0	0	0	0	0	0	0	19	0	0	0	0	0	35	194	0	0	0	130	0	0	0	6	44	56	0	0	0	0	0	7
assemblage-348-188	66	0	0	0	0	0	0	0	0	0	0	0	0	0	0	0	0	0	0	0	0	0	0	11	0	0	53	39	0	0	0	322	0	0	0	0	0	0	0	0	0	0	0	9
assemblage-932-368	0	0	0	0	0	0	0	0	0	8	0	0	0	0	0	0	0	0	0	0	0	63	0	0	0	0	40	229	0	0	0	154	0	0	0	0	0	0	0	0	0	0	0	6
assemblage-235-123	1	0	0	0	0	0	0	0	0	0	0	0	0	0	0	0	0	0	0	0	0	0	0	13	0	0	46	9	0	0	0	426	0	0	0	0	0	0	0	0	0	0	0	5
assemblage-209-484	0	0	0	0	0	0	0	0	0	0	0	0	0	0	0	0	0	0	0	0	0	39	0	0	0	0	14	72	0	0	0	370	0	0	0	0	0	0	0	0	0	0	0	5
assemblage-420-841	0	0	0	0	0	0	0	0	0	0	0	0	0	0	0	0	0	0	0	0	0	46	0	0	0	0	90	68	0	0	0	295	0	0	0	0	0	0	0	0	0	0	0	1
assemblage-360-710	0	0	0	0	0	0	0	0	0	0	0	0	0	114	0	0	0	0	0	0	31	0	0	0	2	0	141	5	0	0	0	163	0	0	0	0	0	29	0	0	0	0	0	15
assemblage-234-940	0	0	0	0	0	0	0	0	0	0	0	0	0	0	0	0	0	0	0	0	0	0	0	0	0	0	96	185	0	0	0	215	0	0	0	0	0	0	0	0	0	0	0	4
assemblage-827-631	0	0	0	0	0	0	0	0	0	0	0	0	0	0	0	0	101	0	0	54	162	0	52	0	49	0	8	12	6	0	0	27	11	0	0	0	12	0	0	0	0	0	0	6
assemblage-254-112	25	0	0	0	0	0	0	0	0	0	0	0	0	0	0	0	0	0	0	0	0	0	0	59	0	0	67	50	0	0	0	285	0	0	0	0	0	0	0	0	0	0	0	14
assemblage-214-177	33	0	0	0	0	0	0	0	0	0	0	0	0	0	0	0	0	0	0	0	0	0	0	47	0	0	66	51	0	0	0	287	0	0	0	0	0	0	0	0	0	0	0	16
assemblage-224-778	36	0	0	0	0	0	0	0	0	0	8	0	0	0	0	0	0	0	0	0	0	0	0	32	0	0	47	59	0	0	0	311	0	0	0	0	0	0	0	0	0	0	0	7
assemblage-441-398	0	0	0	0	0	0	0	0	0	0	0	0	0	5	0	0	0	0	0	0	0	0	0	0	0	0	45	129	0	0	0	226	0	0	0	0	0	94	0	0	0	0	0	1
assemblage-743-627	0	0	0	0	0	0	0	0	0	0	0	0	0	0	0	0	0	0	0	0	0	0	0	0	0	0	49	163	0	0	0	215	0	0	0	0	0	68	0	0	0	0	0	5
assemblage-519-125	0	0	0	0	0	0	0	0	14	0	0	0	0	0	0	0	0	0	0	0	0	0	0	0	0	0	7	86	0	0	0	389	0	0	0	0	0	0	0	0	0	0	0	4
assemblage-483-768	0	0	0	0	0	0	0	0	0	0	0	0	0	0	0	0	0	0	0	0	0	8	0	0	0	0	0	187	0	0	0	266	0	0	0	0	0	0	0	0	0	0	33	6
assemblage-526-107	0	0	0	0	0	0	0	0	0	10	0	0	0	0	0	0	0	0	0	0	0	28	0	0	0	0	80	44	0	0	0	337	0	0	0	0	0	0	0	0	0	0	0	1
assemblage-211-180	0	0	0	0	0	0	0	4	0	0	0	0	0	0	0	0	0	0	0	0	0	0	0	40	0	0	31	82	0	0	0	337	0	0	0	0	0	0	0	0	0	0	0	6
assemblage-264-360	0	0	0	0	0	0	0	0	41	0	0	0	0	0	0	0	0	0	0	0	0	0	0	0	0	0	0	0	0	0	0	449	0	0	0	0	0	0	0	0	0	0	0	10
assemblage-264-339	0	0	0	0	0	0	0	0	24	0	0	0	0	0	0	0	0	0	0	0	0	0	0	0	0	0	0	7	0	0	0	463	0	0	0	0	0	0	0	0	0	0	0	6
assemblage-109-340	0	0	0	0	0	0	0	0	0	0	0	0	0	0	0	0	0	0	0	0	0	8	0	0	0	0	46	141	0	0	0	292	0	0	0	0	0	0	0	0	0	6	0	7
assemblage-675-940	0	0	0	0	0	0	0	0	0	0	0	0	0	0	0	0	0	0	0	0	0	55	0	0	0	0	99	60	0	0	0	286	0	0	0	0	0	0	0	0	0	0	0	0
assemblage-918-974	0	0	0	0	0	0	0	0	0	0	0	0	0	51	0	0	0	0	0	0	0	0	0	0	0	0	5	203	0	0	0	230	0	0	0	0	0	0	0	0	0	0	0	11
assemblage-609-945	0	5	0	0	0	0	0	0	0	0	0	0	0	6	0	0	0	8	0	0	0	0	0	0	0	0	79	91	0	0	0	227	0	0	0	0	4	55	0	15	0	0	0	10
assemblage-399-852	0	0	0	0	0	0	0	0	0	0	0	0	0	0	0	0	0	0	0	0	0	46	0	0	0	0	92	84	0	0	0	275	0	0	0	0	0	0	0	0	0	0	0	3
assemblage-350-720	0	0	0	0	0	0	0	0	0	0	0	0	0	11	0	0	0	0	0	3	67	0	8	0	0	0	25	120	0	0	0	186	0	0	0	0	0	64	0	0	0	0	0	16
assemblage-762-597	0	0	0	0	0	0	0	0	0	0	0	0	0	0	0	0	0	0	0	0	0	0	0	0	0	0	114	169	0	0	0	209	0	0	0	0	0	0	0	0	0	6	0	2
assemblage-818-138	0	0	0	0	0	0	0	0	0	0	0	0	0	9	0	0	0	0	0	0	0	0	0	0	0	0	22	233	0	0	0	230	0	0	0	0	0	0	0	0	0	0	0	6
assemblage-252-346	0	0	0	0	0	0	0	0	0	0	0	0	0	0	0	0	0	0	0	0	0	14	0	0	0	0	0	140	0	0	0	338	0	0	0	0	0	0	0	0	0	0	0	8
assemblage-362-702	0	0	0	0	0	0	0	0	0	0	0	0	0	0	0	0	34	0	0	0	5	0	18	0	0	0	22	0	0	0	0	376	0	0	0	0	0	31	0	0	0	0	0	14
assemblage-516-120	0	0	0	0	0	0	0	0	0	13	0	0	0	0	0	0	0	0	0	0	0	13	0	0	0	0	72	24	0	0	0	375	0	0	0	0	0	0	0	0	0	0	0	3
assemblage-122-342	0	0	0	0	0	0	0	0	0	0	0	0	0	0	0	0	0	0	0	0	0	19	0	0	0	0	45	117	0	0	0	301	0	0	0	0	0	0	0	0	0	10	0	8
assemblage-516-122	0	0	0	0	0	0	0	0	18	0	0	0	0	0	0	0	0	0	0	0	0	0	0	0	0	0	6	78	0	0	0	390	0	0	0	0	0	0	0	0	0	0	0	8
assemblage-733-469	0	0	0	0	0	0	0	0	0	0	0	0	0	8	0	0	0	0	0	0	0	0	0	0	0	0	148	38	0	0	0	294	0	0	8	0	0	0	0	0	0	0	0	4
assemblage-602-744	0	0	0	0	0	0	0	0	0	0	0	0	0	10	0	0	0	0	0	0	0	0	0	0	0	0	137	30	0	0	0	315	0	0	0	0	0	0	0	0	0	0	0	8
assemblage-412-842	0	0	0	0	0	0	0	0	0	0	0	0	0	0	0	0	0	0	0	0	0	15	0	0	0	0	0	125	0	0	0	355	0	0	0	0	0	0	0	0	0	0	0	5
assemblage-496-749	0	0	0	0	0	0	0	0	0	0	0	0	0	0	0	0	0	0	0	0	0	0	0	0	0	0	35	201	0	0	0	168	0	0	0	0	0	87	0	0	0	0	0	9
assemblage-758-647	0	0	0	0	0	0	0	0	0	0	0	0	0	0	0	0	0	0	0	0	0	0	0	0	0	0	57	119	0	0	0	319	0	0	0	0	0	0	0	0	0	0	0	5
assemblage-605-283	0	0	0	0	0	0	0	0	0	0	0	0	0	0	0	0	0	0	0	0	0	29	0	0	0	0	20	92	0	0	0	356	0	0	0	0	0	0	0	0	0	0	0	3
assemblage-559-476	7	0	0	0	0	0	0	0	0	0	0	0	0	0	0	0	0	0	0	0	0	0	0	39	0	0	31	40	0	0	0	378	0	0	0	0	0	0	0	0	0	0	0	5
assemblage-110-339	0	0	0	0	0	0	0	0	0	6	0	0	0	0	0	0	0	0	0	0	0	71	0	0	0	0	49	227	0	0	0	140	0	0	0	0	0	0	0	0	0	0	0	7
