Assemblage_Name	4-8800782-6871829	5529538-8800782-3911792	2-2-3762471	4-8800782-1873287	8757830-3701009-4	9825770-8800782-3911792	4-3-1360380	814241-3254148-3911792	3-1-1	4-3-2838633	4-3218807-4	9825770-8800782-9497377	3351340-8800782-3911792	6402693-3-4	5717370-2-3	4-8800782-4497202	4607174-2-3	4-3-9725036	4-5043594-3911792	4-3-6308998	4-255833-4	8585044-8800782-3911792	5479110-8800782-5334774	4-3-5234822	3351340-2693149-3911792	4-3-5109829	9825770-8800782-1756235	4860892-3-0	2-2-6604224	1498693-8800782-5334774	6402693-3-7653068	9147920-8800782-3911792	2-2-3481965	7591983-3-4	4-3-0	4-3-4	4-4556026-4	4-3701009-4	2179156-8800782-3911792	4-8811315-3911792	4-3-7111663	2-2-9887235	4-3-2875646	814241-8800782-3911792	4-4694505-3911792	4-8800782-3911792	9825770-8800782-5334774	4-3-8538632	2-2-3	9825770-2179893-5334774	4-8800782-9004968	4-8800782-4785994	5182737-3-4	4-8800782-9638264	0-2-4	4060760-2-3	4-6101684-3911792	4-8800782-2731826	4-4843932-3911792	4-8800782-2045162	4-1216877-0	4-3-3911792	5124336-3-4	3-5803975-1	5641647-8800782-3911792	4-8509743-0	4-7136511-3911792	4-8800782-1295176	4-3-1321718	8595077-2-3	9205383-3-0	2-2-4337818	4-3-5954115	9652347-8800782-3911792	2-2-8838488	2-2-7989941	4-4590795-0	3403736-8800782-3911792	5486081-258205-4	5486081-4556026-4	4-3-6546802
assemblage-250-731	0	0	0	0	0	0	0	0	0	0	0	0	0	0	0	0	0	0	0	0	0	0	0	0	0	0	0	0	0	0	0	0	0	0	80	0	0	0	0	0	0	0	0	0	0	0	0	0	60	0	0	0	0	0	20	0	0	0	0	0	0	261	0	0	0	0	0	0	0	0	0	0	72	0	0	0	0	0	0	0	7
assemblage-747-590	0	0	0	0	0	17	0	0	46	0	0	0	0	0	0	0	0	0	0	0	0	0	0	59	0	0	0	0	0	0	0	0	0	0	17	151	0	0	0	0	0	0	0	0	0	186	0	0	17	0	0	0	0	0	0	0	0	0	0	0	0	0	0	0	0	0	0	0	0	0	0	0	0	0	0	0	0	0	0	0	7
assemblage-96-896	0	0	0	0	0	0	0	0	44	0	0	0	0	0	0	0	0	0	0	0	0	0	0	0	0	0	0	0	0	0	0	0	0	0	141	66	15	0	0	0	0	0	0	0	0	8	0	0	97	0	0	0	0	0	0	0	0	0	0	0	0	81	0	0	0	0	0	0	0	0	0	0	24	0	0	0	0	0	0	0	24
assemblage-759-483	0	0	0	0	0	0	0	0	86	0	0	0	0	0	0	0	0	0	0	0	0	0	0	0	0	0	0	0	0	0	0	0	0	0	6	30	14	0	0	0	0	0	0	0	0	149	0	0	106	0	0	0	0	0	0	0	0	0	0	0	0	78	0	0	0	0	0	0	0	0	0	0	0	0	0	0	0	0	0	0	31
assemblage-677-301	0	0	0	0	0	0	0	0	207	0	0	0	0	0	0	0	0	0	0	0	0	0	0	0	0	0	0	0	0	0	0	0	0	0	36	3	8	0	0	0	0	0	0	0	0	39	0	0	93	0	0	0	0	0	0	0	0	0	0	0	0	78	0	0	0	0	0	0	0	0	17	0	0	0	0	0	0	0	0	0	19
assemblage-700-275	0	0	0	0	0	0	0	0	6	0	0	0	0	0	0	0	0	0	0	0	0	0	0	0	0	0	0	0	0	0	0	0	0	0	93	108	6	0	0	0	0	0	0	0	0	78	0	0	181	0	0	0	0	0	0	0	0	0	0	0	0	17	0	0	0	0	0	0	0	0	7	0	0	0	0	0	0	0	0	0	4
assemblage-240-941	0	0	0	0	0	0	0	0	29	0	0	0	0	0	0	0	0	0	0	0	0	0	0	37	0	0	0	20	0	0	0	0	0	0	220	99	0	0	0	0	0	0	0	0	0	88	0	0	0	0	0	0	0	0	0	0	0	0	0	0	0	0	0	0	0	0	0	0	0	0	0	0	0	0	0	0	0	0	0	0	7
assemblage-467-749	0	0	0	0	0	0	0	0	0	0	0	0	0	13	0	0	0	0	0	8	0	0	0	0	0	0	0	0	0	0	0	0	0	0	43	61	0	0	0	0	0	0	0	0	0	317	33	0	6	0	0	0	0	0	0	0	0	0	0	0	0	0	0	5	0	0	0	0	0	0	0	0	0	0	0	0	0	0	0	0	14
assemblage-636-922	0	0	0	0	0	0	0	0	184	0	0	0	0	0	0	0	0	0	0	0	0	0	0	0	0	0	0	0	0	0	0	0	0	0	38	8	8	0	0	0	0	0	0	0	0	67	0	0	77	0	0	0	0	0	0	0	0	0	0	0	0	92	0	0	0	0	0	0	0	0	18	0	0	0	0	0	0	0	0	0	8
assemblage-678-943	0	0	0	0	0	0	0	0	0	0	28	0	0	0	0	0	0	0	0	0	0	0	0	0	0	0	0	0	0	0	0	0	0	0	0	64	0	0	0	0	0	0	0	0	9	327	0	0	63	0	0	0	0	0	0	0	0	0	0	0	0	0	0	0	0	0	0	0	0	0	0	0	0	0	0	0	0	0	0	0	9
assemblage-238-92	0	0	0	0	0	0	0	0	0	0	0	0	0	0	0	0	0	0	0	0	0	0	0	0	0	0	0	0	0	0	0	0	0	0	0	10	0	0	0	0	0	0	0	0	0	243	62	0	157	7	0	0	0	0	0	0	0	0	0	0	0	0	0	0	0	0	0	0	0	0	0	0	0	0	0	0	0	0	0	0	21
assemblage-747-593	0	4	0	0	0	0	0	0	0	0	0	0	0	0	0	0	0	0	0	97	0	0	0	0	0	0	0	0	0	0	0	0	0	0	0	0	0	0	0	9	0	0	0	0	0	291	0	0	38	0	0	0	0	0	0	0	12	0	0	0	0	0	0	0	0	0	0	0	0	0	0	0	0	0	0	0	0	28	0	0	21
assemblage-234-493	0	0	0	0	0	6	0	0	112	0	0	0	0	0	0	0	0	0	0	11	0	0	0	10	0	0	0	0	0	0	0	0	0	0	83	64	0	0	0	50	0	0	0	0	0	159	0	0	0	0	0	0	0	0	0	0	0	0	0	0	0	0	0	0	0	0	0	0	0	0	0	0	0	0	0	0	0	0	0	0	5
assemblage-595-739	0	0	0	0	0	0	0	0	15	6	0	0	0	0	0	0	0	0	0	0	0	0	0	0	0	0	0	0	0	0	0	0	0	0	14	77	56	0	0	0	0	0	0	0	0	61	0	0	224	0	0	0	0	0	0	0	0	0	0	0	0	3	0	0	0	0	0	0	0	0	0	0	33	0	0	0	0	0	0	0	11
assemblage-571-457	0	0	0	0	0	0	0	0	0	0	0	28	8	0	0	0	12	0	0	0	0	0	0	0	2	0	9	0	14	0	0	0	0	0	7	0	0	0	0	0	0	0	0	24	0	71	58	0	56	0	0	0	0	99	0	0	0	0	0	0	0	0	0	0	73	0	20	0	0	0	0	0	0	0	0	0	0	0	0	0	19
assemblage-689-282	0	0	0	0	0	0	0	0	0	0	0	0	0	0	0	0	0	0	0	0	0	0	0	0	0	0	0	0	0	0	0	0	0	0	119	26	98	0	0	0	0	0	0	0	0	0	0	0	55	0	0	0	0	0	0	0	0	0	0	0	0	155	0	0	0	0	0	0	0	0	0	0	8	0	0	0	0	0	0	19	20
assemblage-328-698	0	0	0	0	0	0	0	0	0	0	11	0	0	0	0	0	0	0	0	0	0	0	0	0	0	0	0	0	0	0	0	0	0	0	38	167	0	14	0	0	0	0	0	0	0	104	0	0	147	0	0	0	0	0	0	0	0	0	0	0	0	0	0	6	0	0	0	0	0	0	0	0	0	0	5	0	0	0	0	0	8
assemblage-253-726	0	0	0	0	0	0	0	0	0	0	0	0	0	0	0	0	0	0	0	0	0	0	0	0	0	0	0	0	0	0	0	0	0	0	73	4	0	0	0	0	0	0	0	0	0	0	0	0	58	0	0	0	0	0	15	0	0	0	0	0	0	260	0	0	0	0	0	0	0	0	0	0	84	0	0	0	0	0	0	0	6
assemblage-340-683	0	0	0	0	0	0	0	0	0	0	0	0	0	9	0	0	0	0	0	3	0	0	0	0	0	0	0	0	0	0	0	0	0	0	37	72	0	0	0	0	0	0	0	0	0	306	40	0	15	0	0	0	0	0	0	0	0	0	0	0	0	0	0	9	0	0	0	0	0	0	0	0	0	0	0	0	0	0	0	0	9
assemblage-730-622	0	0	0	0	0	0	26	0	100	0	0	0	0	0	0	0	0	0	0	0	0	0	0	0	0	0	0	0	0	0	0	0	0	0	2	81	0	0	0	0	0	0	0	0	0	207	0	0	47	0	0	0	0	0	0	0	0	0	0	0	0	9	0	0	0	0	0	0	0	0	0	0	0	18	0	0	0	0	0	0	10
assemblage-599-945	0	0	0	0	0	0	0	0	29	0	0	0	0	0	0	0	0	18	0	0	0	0	0	0	0	0	0	0	0	0	0	0	0	0	118	8	21	0	0	0	7	0	0	0	0	30	0	7	129	0	0	0	0	0	0	0	0	0	0	0	0	120	0	0	0	0	0	0	0	0	0	0	0	0	0	0	0	0	0	0	13
assemblage-465-737	0	0	0	0	0	0	0	0	0	0	6	0	0	12	0	0	0	0	0	0	0	0	0	0	0	0	0	0	0	0	0	0	0	0	55	110	0	0	0	0	0	0	0	0	0	213	10	0	56	0	0	0	0	0	0	0	0	0	0	0	0	0	0	9	0	0	0	0	0	0	0	0	0	0	0	0	0	0	0	0	29
assemblage-604-525	0	0	0	0	0	0	0	0	175	0	0	0	0	0	0	0	0	0	0	0	0	0	0	0	0	0	0	0	0	0	0	0	0	0	41	6	4	0	0	0	0	0	0	0	0	64	0	0	98	0	0	0	0	0	0	0	0	0	0	0	0	91	0	0	0	0	0	0	0	0	16	0	0	0	0	0	0	0	0	0	5
assemblage-604-735	0	0	0	0	0	0	0	0	20	15	0	0	0	0	0	0	0	0	0	0	0	0	0	0	0	0	0	0	0	0	0	0	0	0	84	100	16	0	0	0	0	0	0	0	0	151	0	0	85	0	0	0	0	0	0	0	0	0	0	0	0	12	0	0	0	0	0	0	0	0	0	0	0	0	0	0	9	0	0	0	8
assemblage-234-166	0	0	0	0	0	0	0	0	0	0	0	23	4	0	0	0	14	0	0	0	0	0	0	0	3	0	16	0	5	0	0	0	0	0	10	0	0	0	0	0	0	0	0	30	0	97	49	0	40	0	0	0	0	63	0	0	0	0	0	0	0	0	0	0	100	0	27	0	0	0	0	0	0	0	0	0	0	0	0	0	19
assemblage-351-499	0	0	0	0	0	0	0	0	0	0	0	0	0	0	0	0	0	0	0	0	0	0	0	0	0	0	0	0	0	0	0	0	0	0	22	102	0	0	0	0	0	0	0	0	0	289	74	0	0	0	0	0	0	0	0	0	0	0	0	0	0	0	0	0	0	0	0	0	0	0	0	0	0	0	0	0	0	0	0	0	13
assemblage-224-673	0	0	0	0	0	0	0	0	0	0	0	0	0	0	0	0	0	0	0	0	0	0	0	0	0	0	0	0	0	0	0	0	0	0	0	14	0	0	0	0	0	0	0	40	0	246	36	0	145	0	0	0	0	0	0	0	0	0	0	0	0	0	0	0	0	0	0	0	0	0	0	0	0	0	0	0	0	0	0	0	19
assemblage-669-934	0	0	0	0	0	0	0	0	0	0	0	0	0	0	0	0	0	0	0	0	0	0	0	0	0	0	0	0	0	0	0	0	0	0	27	112	0	0	0	0	0	0	0	0	0	233	0	0	102	0	0	0	0	0	0	0	0	0	0	0	0	0	0	0	0	0	0	0	0	8	0	0	0	0	0	0	0	0	0	0	18
assemblage-455-398	0	0	0	0	0	0	21	0	120	0	0	0	0	0	0	0	0	0	0	0	0	0	0	0	0	0	0	0	0	0	0	0	0	0	6	94	0	0	0	0	0	0	0	0	0	202	0	0	40	0	0	0	0	0	0	0	0	0	0	0	0	0	0	0	0	0	0	0	0	0	0	0	0	9	0	0	0	0	0	0	8
assemblage-473-651	0	0	0	0	0	0	0	0	13	0	0	0	0	0	0	0	0	0	0	0	0	0	0	0	0	0	0	0	0	0	0	0	0	0	204	88	0	0	0	0	0	0	0	0	0	19	0	0	26	0	0	0	0	0	0	0	0	0	0	0	0	132	0	0	0	0	0	0	0	0	0	0	0	0	0	5	0	0	0	0	13
assemblage-612-775	0	0	0	0	0	0	0	0	0	0	51	54	0	0	12	0	0	0	2	0	0	0	0	0	0	0	0	0	0	6	0	0	0	0	27	18	0	0	0	0	0	0	0	0	0	116	66	0	103	0	0	0	6	0	0	0	0	0	0	0	0	0	0	0	17	0	0	0	0	15	0	0	0	0	0	0	0	0	0	0	7
assemblage-268-734	0	0	0	0	0	0	0	0	0	0	0	0	0	0	0	0	0	0	0	0	0	0	0	0	0	0	0	0	0	0	0	0	0	0	98	0	0	0	0	0	0	0	0	0	0	0	0	0	78	0	0	0	0	0	13	0	0	0	0	0	0	222	0	0	0	0	0	0	0	0	0	0	75	0	0	0	0	0	0	0	14
assemblage-336-700	0	0	0	0	0	0	0	0	0	0	0	0	0	11	0	0	0	0	0	0	0	0	0	0	0	0	0	0	0	0	16	0	0	0	50	50	0	0	0	0	0	0	0	0	0	326	0	0	9	0	0	0	0	0	0	0	0	0	0	0	0	0	0	25	0	0	0	0	0	0	0	0	0	0	0	0	0	0	0	0	13
assemblage-238-351	0	0	0	0	0	0	0	0	0	0	0	0	0	0	0	0	0	0	33	0	0	0	0	0	0	0	0	0	0	0	0	0	0	0	39	20	0	0	0	0	0	0	0	0	0	335	51	0	10	0	0	0	0	0	0	0	0	0	0	0	0	0	0	0	0	0	0	0	0	0	0	0	0	0	0	0	0	0	0	0	12
assemblage-470-744	0	0	0	0	0	0	0	0	0	0	0	0	0	10	0	0	0	0	0	0	0	0	0	0	0	0	0	0	0	0	0	0	0	0	93	217	0	0	0	7	0	0	22	0	0	92	0	0	50	0	0	0	0	0	0	0	0	0	0	0	0	0	0	0	0	0	0	0	0	0	0	0	0	0	0	0	0	0	0	0	9
assemblage-331-183	0	0	0	0	0	0	0	0	0	0	0	0	0	0	0	0	0	0	0	0	0	0	0	0	0	0	0	0	0	0	0	0	0	0	6	83	0	0	0	0	0	0	0	0	0	323	6	0	62	0	0	0	0	0	0	0	0	0	0	0	0	0	0	0	0	0	7	0	0	0	0	0	0	0	0	0	0	0	0	0	13
assemblage-696-280	0	0	0	0	0	0	0	0	0	0	0	0	0	0	0	0	0	0	0	0	0	0	0	0	0	0	0	0	0	0	0	0	0	0	135	19	98	0	0	0	0	0	0	0	0	4	0	0	59	0	0	0	0	0	0	0	0	0	0	0	0	134	0	0	0	0	0	0	0	0	0	0	24	0	0	0	0	0	0	16	11
assemblage-757-478	0	0	0	0	0	0	0	0	19	0	0	0	0	0	0	0	0	0	0	0	0	0	0	0	0	0	0	0	0	0	0	0	0	0	23	85	54	0	0	0	0	0	0	0	0	57	0	0	222	0	0	0	0	0	0	0	0	0	0	0	0	0	0	0	0	0	0	0	0	0	0	0	20	0	0	0	0	0	0	0	20
assemblage-617-283	0	0	0	0	0	0	0	0	22	0	0	0	0	13	0	0	0	0	0	16	0	0	0	20	0	0	0	0	0	0	0	0	0	0	0	206	0	0	0	16	0	0	0	0	0	164	0	0	0	0	0	0	0	0	0	0	0	0	0	12	0	0	0	18	0	0	0	0	0	0	0	0	0	0	0	0	0	0	0	0	13
assemblage-361-733	0	0	0	0	0	0	0	0	0	0	0	0	0	0	0	0	0	0	0	0	0	0	0	0	0	0	0	0	0	0	0	0	0	0	106	26	112	0	0	0	0	0	0	0	0	0	0	0	75	0	0	0	0	0	0	0	0	0	0	0	0	132	0	0	0	0	0	0	0	0	0	0	22	0	0	0	0	0	0	14	13
assemblage-925-970	0	0	0	0	0	0	0	0	84	0	0	0	0	0	0	0	0	0	0	0	0	0	0	0	0	0	0	0	0	0	0	0	0	0	16	33	18	0	0	0	0	0	0	0	0	138	0	0	105	0	0	0	0	0	0	0	0	0	0	0	0	87	0	0	0	0	0	0	0	0	0	0	0	0	0	0	0	0	0	0	19
assemblage-849-911	0	0	0	0	0	0	0	0	84	0	0	0	0	0	0	0	0	0	0	0	0	0	0	66	0	0	0	0	0	0	0	0	0	0	25	49	0	0	0	0	0	0	0	0	0	224	0	0	29	0	0	0	0	0	0	0	0	0	0	0	0	0	0	0	0	0	0	0	0	0	0	0	0	0	0	0	0	0	0	10	13
assemblage-341-187	0	0	0	0	0	0	0	0	0	0	0	0	0	0	0	0	0	0	0	0	0	0	0	0	0	0	0	0	0	0	0	0	0	0	0	19	0	0	0	0	0	0	0	58	0	264	16	0	124	0	0	0	0	0	0	0	0	0	0	0	0	0	0	0	0	0	0	0	0	0	0	0	0	0	0	0	0	0	0	0	19
assemblage-227-460	0	0	0	0	0	0	0	0	28	0	0	0	0	20	0	0	0	0	0	19	0	0	0	8	0	0	0	0	0	0	0	0	0	0	0	203	0	0	0	19	0	0	0	0	0	159	0	0	0	0	0	0	0	0	0	0	0	0	0	8	0	0	0	23	0	0	0	0	0	0	0	0	0	0	0	0	0	0	0	0	13
assemblage-885-866	0	0	0	0	0	0	0	0	0	0	0	0	0	12	0	0	0	0	0	0	0	0	0	0	0	0	0	0	0	0	0	0	0	0	84	215	0	0	0	0	0	0	10	0	0	102	0	0	53	0	0	0	0	0	0	0	0	0	0	0	0	0	0	0	0	0	0	0	0	0	0	0	0	0	0	0	0	0	0	0	24
assemblage-343-696	0	0	0	0	0	0	0	0	0	0	0	0	0	9	0	0	0	0	0	0	0	0	0	0	0	0	0	0	0	0	0	0	0	0	34	66	0	0	0	0	0	0	0	0	0	312	39	0	8	0	0	0	0	0	0	0	0	0	0	0	0	0	0	20	0	0	0	0	0	0	0	0	0	0	0	0	0	0	0	0	12
assemblage-581-731	0	0	0	0	0	0	0	0	26	11	0	0	0	0	0	0	0	0	0	0	0	0	0	0	0	0	0	0	0	0	0	0	0	0	89	105	22	0	0	0	0	0	0	0	0	130	0	0	94	0	0	0	0	0	0	0	0	0	0	0	0	4	0	0	0	0	0	0	0	0	0	0	0	0	0	0	8	0	0	0	11
assemblage-897-857	0	0	0	0	0	0	0	0	5	0	0	0	0	11	0	0	0	0	0	0	0	0	0	0	0	0	0	0	0	0	0	0	0	0	78	231	0	0	0	8	0	0	21	0	0	76	0	0	59	0	0	0	0	0	0	0	0	0	0	0	0	0	0	0	0	0	0	0	0	0	0	0	0	0	0	0	0	0	0	0	11
assemblage-474-671	0	0	0	0	0	0	0	0	6	0	0	0	0	0	0	0	0	0	0	0	0	0	0	0	0	0	0	0	0	0	0	0	0	0	194	91	0	0	0	0	0	0	0	0	0	25	0	0	18	0	0	0	0	0	0	0	0	0	0	0	0	140	0	0	0	0	0	0	0	0	0	0	0	0	0	8	0	0	0	0	18
assemblage-262-640	0	0	0	0	0	0	0	0	0	0	39	60	0	0	8	0	0	0	0	0	0	0	0	0	0	0	0	0	0	5	0	0	0	0	27	21	0	0	0	0	0	0	0	0	0	108	59	0	123	0	0	0	15	0	0	0	0	0	0	0	0	0	0	0	16	0	0	0	0	12	0	0	0	0	0	0	0	0	0	0	7
assemblage-942-369	0	0	0	0	0	0	0	0	29	0	0	0	0	20	0	0	0	0	0	23	0	0	0	17	0	0	0	0	0	0	0	0	0	0	0	190	0	0	0	21	0	0	0	0	0	143	0	0	0	0	0	0	0	0	0	0	0	0	0	11	0	0	0	32	0	0	0	0	0	0	0	0	0	0	0	0	0	0	0	0	14
assemblage-239-945	0	0	0	0	0	0	0	0	5	0	0	0	0	0	0	0	0	0	0	86	0	0	0	9	0	0	0	0	0	0	0	0	0	0	0	0	0	0	0	20	0	0	0	0	0	285	0	0	49	0	0	0	0	0	0	0	7	0	0	0	0	0	0	0	0	0	0	0	0	0	0	0	0	0	0	0	0	28	0	0	11
assemblage-831-655	0	0	0	0	0	0	0	0	31	0	0	0	0	0	0	0	0	0	0	0	0	0	0	0	0	0	0	0	0	0	0	0	0	16	187	204	40	0	0	0	0	0	0	0	0	0	0	0	14	0	0	0	0	0	0	0	0	0	0	0	0	0	0	0	0	0	0	0	0	0	0	0	0	0	0	0	0	0	0	0	8
assemblage-894-875	0	0	0	0	0	0	0	0	0	0	20	0	0	0	0	0	0	0	0	0	0	0	0	0	0	0	0	0	0	0	0	0	0	0	36	163	0	15	0	0	0	0	0	0	0	110	0	0	126	0	0	0	0	0	0	0	0	0	0	0	0	0	0	8	0	0	0	0	0	0	0	0	0	0	0	0	0	0	0	0	22
assemblage-364-249	0	0	0	0	0	0	0	0	74	0	0	0	0	0	0	0	0	0	0	0	0	14	0	12	0	0	0	0	0	0	0	0	0	0	9	107	0	0	0	0	0	0	0	0	0	254	0	0	5	0	0	0	0	0	0	0	0	0	0	0	0	0	11	0	0	0	0	0	8	0	0	0	0	0	0	0	0	0	0	0	6
assemblage-509-129	0	0	0	0	0	0	0	0	0	0	31	0	0	0	0	0	0	0	0	0	0	0	0	0	0	0	0	0	0	0	0	0	0	0	27	159	0	7	0	0	0	0	0	0	0	113	0	0	132	0	0	0	0	0	0	0	0	0	0	0	0	0	0	13	0	0	0	0	0	0	0	0	0	0	0	0	0	0	0	0	18
assemblage-233-168	8	0	0	0	0	0	0	0	0	0	0	13	0	0	0	0	0	0	0	0	0	0	0	0	0	0	0	0	0	0	0	0	0	0	0	0	0	0	0	0	0	0	0	38	0	142	47	0	91	0	0	0	0	0	0	0	0	0	0	0	0	0	0	0	156	0	0	0	0	0	0	0	0	0	0	0	0	0	0	0	5
assemblage-575-462	0	0	0	0	0	0	0	0	0	0	0	0	0	0	0	0	0	0	0	0	0	0	0	0	0	0	0	0	0	0	0	0	0	0	0	9	0	0	0	0	0	0	0	0	0	245	64	0	168	0	0	0	0	0	0	0	0	0	0	0	0	0	0	0	0	0	0	0	0	0	0	0	0	0	0	0	0	0	0	0	14
assemblage-247-170	6	0	0	0	0	0	0	0	0	0	0	14	0	0	0	0	0	0	0	0	0	0	0	0	0	0	0	0	0	0	0	0	0	0	0	0	0	0	0	0	0	0	0	33	0	128	60	0	101	0	0	0	0	0	0	0	0	0	0	0	0	0	0	0	149	0	0	0	0	0	0	0	0	0	0	0	0	0	0	0	9
assemblage-915-994	0	0	0	0	0	0	0	0	104	0	0	0	0	0	0	0	0	0	0	0	0	0	0	0	0	0	0	0	0	0	0	0	5	0	24	35	4	0	0	0	0	0	0	0	0	167	0	4	84	0	0	0	0	0	0	0	0	0	0	0	0	15	0	0	0	0	0	0	0	0	0	0	0	0	0	0	0	0	0	49	9
assemblage-903-862	0	0	0	0	0	0	0	0	10	0	0	0	0	4	0	0	0	0	0	0	0	0	0	0	0	0	0	0	0	0	0	0	0	0	80	230	0	0	0	6	0	0	17	0	0	86	0	0	54	0	0	0	0	0	0	0	0	0	0	0	0	0	0	0	0	0	0	0	0	0	0	0	0	0	0	0	0	0	0	0	13
assemblage-243-323	0	0	0	0	0	0	0	0	0	0	0	0	0	0	0	0	0	0	0	0	0	0	0	0	0	0	0	0	0	0	0	0	0	0	16	117	0	0	0	0	0	0	0	0	0	293	63	0	6	0	0	0	0	0	0	0	0	0	0	0	0	0	0	0	0	0	0	0	0	0	0	0	0	0	0	0	0	0	0	0	5
assemblage-218-797	0	0	0	0	0	0	0	0	0	0	0	0	0	0	0	0	0	0	0	0	0	0	0	0	0	0	0	0	0	0	0	0	0	0	9	102	0	0	0	0	0	0	0	0	0	307	7	0	47	0	0	0	0	0	0	0	0	0	0	0	0	0	0	0	0	0	0	0	0	0	0	0	0	0	0	0	0	0	0	0	28
assemblage-599-513	0	0	0	0	0	0	0	0	17	0	0	0	0	0	0	0	0	0	0	0	0	0	0	0	0	0	0	0	0	0	0	0	0	0	99	106	9	0	0	0	0	0	0	0	0	53	0	0	189	0	0	0	0	0	0	0	0	0	0	0	0	21	0	0	0	0	0	0	0	0	0	0	0	0	0	0	0	0	0	0	6
assemblage-361-291	0	0	0	0	0	0	0	0	0	0	0	0	0	0	0	0	0	0	0	74	0	0	0	0	0	0	0	0	0	0	0	0	0	0	0	0	0	0	0	7	0	0	0	0	0	304	0	0	49	0	0	0	0	0	0	0	20	0	0	0	0	0	0	0	0	0	0	0	0	0	0	0	0	0	0	0	0	31	0	0	15
assemblage-722-982	0	0	0	0	0	0	0	0	22	8	0	0	0	0	0	0	0	0	0	0	0	0	0	0	0	0	0	0	0	0	0	0	0	0	95	120	13	0	0	0	0	0	0	0	0	142	0	0	72	0	0	0	0	0	0	0	0	0	0	0	0	8	0	0	0	0	0	0	0	0	0	0	0	0	0	0	11	0	0	0	9
assemblage-412-850	0	0	0	0	0	0	0	0	0	0	30	0	0	0	0	0	0	0	0	0	0	0	0	0	0	0	0	0	0	0	0	0	0	0	0	80	0	0	0	0	0	0	0	0	11	320	0	0	50	0	0	0	0	0	0	0	0	0	0	0	0	0	0	0	0	0	0	0	0	0	0	0	0	0	0	0	0	0	0	0	9
assemblage-596-281	0	0	0	0	0	0	0	0	50	0	0	0	0	0	0	0	0	0	0	15	0	0	0	5	0	0	0	0	0	0	0	0	0	0	74	112	0	0	0	23	0	0	0	0	0	171	10	0	19	0	0	0	0	0	0	0	0	0	0	3	0	0	0	6	0	0	0	0	0	0	0	0	0	0	0	0	0	0	0	0	12
assemblage-731-474	0	0	0	0	0	0	0	0	26	3	0	0	0	0	0	0	0	0	0	0	0	0	0	0	0	0	0	0	0	0	0	0	0	0	93	115	15	0	0	0	0	0	0	0	0	137	0	0	81	0	0	0	0	0	0	0	0	0	0	0	0	10	0	0	0	0	0	0	0	0	0	0	0	0	0	0	6	0	0	0	14
assemblage-601-501	0	0	0	0	0	0	0	0	8	0	0	0	0	0	0	0	0	0	0	0	0	0	0	0	0	0	0	0	0	0	0	0	0	0	99	126	6	0	0	0	0	0	0	0	0	62	0	0	157	0	0	0	0	0	0	0	0	0	0	0	0	23	0	0	0	0	0	0	0	0	0	0	0	0	0	0	0	0	0	0	19
assemblage-421-842	0	0	0	0	0	0	0	0	0	0	0	0	0	0	0	0	0	0	38	0	0	0	0	0	0	0	0	0	0	0	0	0	0	0	23	19	0	0	0	0	0	0	0	0	0	342	67	0	0	0	0	0	0	0	0	0	0	0	0	0	0	0	0	0	0	0	0	0	0	0	0	0	0	0	0	0	0	0	0	0	11
assemblage-249-737	0	0	0	0	0	0	0	0	0	0	0	0	0	0	0	0	0	0	0	0	0	0	0	0	0	0	0	0	0	0	0	0	0	0	75	8	0	0	0	0	0	0	0	0	0	0	0	0	80	0	0	0	0	0	13	0	0	0	0	0	0	241	0	0	0	0	0	0	0	0	0	0	75	0	0	0	0	0	0	0	8
assemblage-810-118	0	0	0	0	0	0	0	0	72	0	0	0	0	0	0	0	0	0	0	0	0	0	0	0	0	0	0	0	0	0	0	0	0	0	9	47	6	0	0	0	0	0	0	0	0	249	0	0	80	0	0	0	0	0	0	0	0	0	0	0	0	0	0	0	0	0	0	0	0	0	0	0	0	0	0	0	0	19	0	0	18
assemblage-676-292	0	0	0	0	0	0	0	0	10	0	0	0	0	0	0	0	0	0	0	0	0	0	0	0	0	0	0	0	0	0	0	0	0	0	105	130	8	0	0	0	0	0	0	0	0	63	0	0	152	0	0	0	0	0	0	0	0	0	0	0	0	15	0	0	0	0	0	0	0	0	0	0	0	0	0	0	0	0	0	0	17
assemblage-367-320	8	0	0	0	0	0	0	0	0	0	0	9	0	0	0	0	0	0	0	0	0	0	0	0	0	0	0	0	0	0	0	0	0	0	0	0	0	0	0	0	0	0	0	35	0	162	41	0	83	0	0	0	0	0	0	0	0	0	0	0	0	0	0	0	143	0	0	0	0	0	0	0	0	0	0	0	0	0	0	0	19
assemblage-362-487	0	0	0	0	0	0	0	0	0	0	26	0	0	0	0	0	0	0	0	0	0	0	0	0	0	0	0	0	0	0	0	0	0	0	7	64	0	0	0	0	0	0	0	0	10	324	0	0	65	0	0	0	0	0	0	0	0	0	0	0	0	0	0	0	0	0	0	0	0	0	0	0	0	0	0	0	0	0	0	0	4
assemblage-347-470	0	0	0	0	0	0	0	0	0	0	0	0	0	0	0	0	0	0	0	0	0	0	0	0	0	0	0	0	0	0	0	0	0	0	24	87	0	0	0	0	0	0	0	0	0	312	64	0	6	0	0	0	0	0	0	0	0	0	0	0	0	0	0	0	0	0	0	0	0	0	0	0	0	0	0	0	0	0	0	0	7
assemblage-223-654	0	0	0	0	0	0	0	0	0	0	0	0	0	0	0	0	0	0	3	0	0	0	0	0	0	0	0	0	0	0	0	0	0	0	8	93	0	0	0	0	0	0	0	0	0	300	13	0	65	0	0	0	0	0	0	0	0	0	0	0	0	0	0	0	0	0	8	0	0	0	0	0	0	0	0	0	0	0	0	0	10
assemblage-734-991	0	0	0	0	0	0	0	0	18	10	0	0	0	0	0	0	0	0	0	0	0	0	0	0	0	0	0	0	0	0	0	0	0	0	98	101	14	0	0	0	0	0	0	0	0	145	0	0	83	0	0	0	0	0	0	0	0	0	0	0	0	8	0	0	0	0	0	0	0	0	0	0	0	0	0	0	11	0	0	0	12
assemblage-340-180	0	0	0	0	0	0	0	4	0	0	0	0	0	0	0	0	0	0	0	0	0	0	0	0	0	0	0	0	0	0	0	0	0	0	0	14	0	0	0	0	0	0	0	56	0	265	29	0	112	0	0	0	0	0	0	0	0	0	0	0	0	0	0	0	0	0	0	0	0	0	0	0	0	0	0	0	0	0	0	0	20
assemblage-251-956	0	0	0	0	0	0	0	0	32	0	0	0	0	0	0	0	0	0	0	0	0	0	0	36	0	0	0	10	0	0	0	0	0	0	222	116	0	0	0	0	0	0	0	0	0	70	0	0	0	0	0	0	0	0	0	0	0	0	0	0	6	0	0	0	0	0	0	0	0	0	0	0	0	0	0	0	0	0	0	0	8
assemblage-632-931	0	0	0	0	0	0	0	0	7	0	0	0	0	0	0	0	0	0	0	0	0	0	0	0	0	0	0	0	0	0	0	0	0	0	115	130	11	0	0	0	0	0	0	0	0	51	0	0	159	0	0	0	0	0	0	0	0	0	0	0	0	19	0	0	0	0	0	0	0	0	0	0	0	0	0	0	0	0	0	0	8
assemblage-757-602	0	0	0	0	0	0	0	0	45	0	0	0	0	0	0	0	0	0	0	0	0	0	0	38	0	0	0	9	0	0	0	0	0	0	240	84	0	0	0	0	0	0	0	0	0	68	0	0	0	0	0	0	0	0	0	0	0	0	0	0	7	0	0	0	0	0	0	0	0	0	0	0	0	0	0	0	0	0	0	0	9
assemblage-610-770	0	0	0	0	0	0	0	0	0	0	6	0	0	0	0	0	0	0	0	0	0	0	0	0	0	0	0	0	0	0	0	0	0	0	4	99	0	0	0	0	0	0	0	0	0	305	10	0	53	0	0	0	0	0	0	0	0	0	0	0	0	0	0	0	0	0	0	0	0	0	0	0	0	0	0	0	0	0	0	0	23
assemblage-239-733	0	0	0	0	0	0	0	0	0	0	0	0	0	0	0	0	0	0	0	0	0	0	0	0	0	0	0	0	0	0	0	0	0	0	94	7	0	0	0	0	0	0	0	0	0	0	0	0	63	0	0	0	0	0	17	0	0	0	0	0	0	235	0	0	0	0	0	0	0	0	0	0	72	0	0	0	0	0	0	0	12
assemblage-226-489	0	0	0	0	0	7	0	0	17	0	0	0	0	0	0	0	0	0	0	9	0	0	0	12	0	0	0	0	0	0	0	0	0	0	118	14	0	0	0	11	0	0	0	0	0	205	0	0	99	0	0	0	0	0	0	0	0	0	0	0	0	0	0	0	0	0	0	0	0	0	0	0	0	0	0	0	0	0	0	0	8
assemblage-618-925	0	0	0	0	0	0	0	0	45	0	0	0	0	0	0	0	0	25	0	0	0	0	0	0	0	0	0	0	0	0	0	0	0	0	76	11	19	0	0	0	9	0	0	0	0	47	0	0	126	0	0	0	0	0	0	0	0	0	0	0	0	135	0	0	0	0	0	0	0	0	0	0	0	0	0	0	0	0	0	0	7
assemblage-103-910	0	0	0	0	0	0	0	0	170	0	0	0	0	0	0	0	0	0	0	0	0	0	0	0	0	13	0	0	0	0	0	0	0	0	75	10	0	0	0	0	0	0	0	0	0	0	0	0	212	0	0	0	0	0	0	0	0	0	0	0	0	13	0	0	0	0	0	0	0	0	0	0	0	0	0	0	0	0	0	0	7
assemblage-365-492	0	0	0	0	0	0	0	0	0	0	0	0	0	0	0	0	0	0	0	0	0	0	0	0	0	0	0	0	0	0	0	0	0	0	20	119	0	0	0	0	0	0	0	0	0	236	0	0	93	0	0	0	0	0	0	0	0	0	0	0	0	0	0	0	0	0	0	0	0	15	0	0	0	0	0	0	0	0	0	0	17
assemblage-516-766	0	0	0	0	0	0	0	0	64	0	0	0	0	0	0	0	0	0	0	0	0	0	0	18	0	0	0	0	0	0	0	0	0	0	7	122	0	0	0	0	0	0	0	0	0	245	0	0	11	0	0	0	0	0	0	0	0	0	0	0	0	0	8	0	0	0	0	0	13	0	0	0	0	0	0	0	0	0	0	0	12
assemblage-606-504	0	0	0	0	0	0	0	0	40	0	0	0	0	0	0	0	0	13	0	0	0	0	0	0	0	0	0	0	0	0	0	0	0	0	100	6	40	0	0	0	12	0	0	0	0	34	0	0	116	0	0	0	0	0	0	0	0	0	0	0	0	129	0	0	0	0	0	0	0	0	0	0	0	0	0	0	0	0	0	0	10
assemblage-943-355	0	0	0	0	0	0	0	0	32	0	0	0	0	21	0	0	0	0	0	23	0	0	0	7	0	0	0	0	0	0	0	0	0	0	0	207	0	0	0	8	0	0	0	0	0	151	0	0	0	0	0	0	0	0	0	0	0	0	0	21	0	0	0	18	0	0	0	0	0	0	0	0	0	0	0	0	0	0	0	0	12
assemblage-110-907	0	0	0	0	0	0	0	0	173	0	0	0	0	0	0	0	0	0	0	0	0	0	0	0	0	20	0	0	0	0	0	0	0	0	74	9	0	0	0	0	0	0	0	0	0	0	0	0	199	0	0	0	0	0	0	0	0	0	0	0	0	10	0	0	0	0	0	0	0	0	0	0	0	0	0	0	0	0	0	0	15
assemblage-612-728	0	0	0	0	0	0	0	0	32	5	0	0	0	0	0	0	0	0	0	0	0	0	0	0	0	0	0	0	0	0	0	0	0	0	11	73	77	0	0	0	0	0	0	0	0	58	0	0	200	0	0	0	0	0	0	0	0	0	0	0	0	0	0	0	0	0	0	0	0	0	0	0	35	0	0	0	0	0	0	3	6
assemblage-222-939	0	0	0	0	0	0	0	0	32	0	0	0	0	0	0	0	0	0	0	0	0	0	0	37	0	0	0	11	0	0	0	0	0	0	242	99	0	0	0	0	0	0	0	0	0	67	0	0	0	0	0	0	0	0	0	0	0	0	0	0	5	0	0	0	0	0	0	0	0	0	0	0	0	0	0	0	0	0	0	0	7
assemblage-223-771	0	0	0	0	0	0	0	0	0	0	0	0	0	0	0	0	0	0	7	0	0	0	0	0	0	0	0	0	0	0	0	0	0	0	8	89	0	0	0	0	0	0	0	0	0	285	15	0	74	0	0	0	0	0	0	0	0	0	0	0	0	0	0	0	0	0	0	0	0	0	0	0	0	0	0	0	0	0	0	0	22
assemblage-230-174	4	0	0	0	0	0	0	0	0	0	0	12	0	0	0	0	0	0	0	0	0	0	0	0	0	0	0	0	0	0	0	0	0	0	0	0	0	0	0	0	0	0	0	52	0	126	45	0	88	0	0	0	0	0	0	0	0	0	0	0	0	0	0	0	161	0	0	0	0	0	0	0	0	0	0	0	0	0	0	0	12
assemblage-825-627	0	0	0	0	0	0	0	0	24	0	0	0	0	0	0	0	0	0	0	0	0	0	0	0	0	0	0	0	0	0	0	0	0	9	202	200	32	0	0	0	0	0	0	0	0	0	0	0	9	0	0	0	0	0	0	0	0	0	0	0	0	10	0	0	0	0	0	0	0	0	0	0	0	0	0	0	0	0	0	0	14
assemblage-815-115	0	0	0	0	0	0	0	0	96	0	0	0	0	0	0	0	0	0	0	0	0	0	0	60	0	0	0	0	0	0	0	0	0	0	22	44	0	0	0	0	0	0	0	0	0	249	0	0	13	0	0	0	0	0	0	0	0	0	0	0	0	0	0	0	0	0	0	0	0	0	0	0	0	0	0	0	0	0	0	5	11
assemblage-866-914	0	0	0	0	0	0	0	0	84	0	0	0	0	0	0	0	0	0	0	0	0	0	0	0	0	0	0	0	0	0	0	0	0	0	7	22	13	0	0	0	0	0	0	0	0	253	0	0	81	0	0	0	0	0	0	0	0	0	0	0	0	0	0	0	0	0	0	0	0	0	0	0	0	0	0	0	0	19	0	0	21
assemblage-943-359	0	0	0	0	0	0	0	0	97	0	0	0	0	0	0	0	0	0	0	16	0	0	0	12	0	0	0	0	0	0	0	0	0	0	84	55	0	0	0	67	0	0	0	0	0	156	0	0	0	0	0	0	0	0	0	0	0	0	0	0	0	0	0	0	0	0	0	0	0	0	0	0	0	0	0	0	0	0	0	0	13
assemblage-731-490	0	0	0	0	0	0	0	0	129	0	0	0	0	0	0	0	0	0	0	0	0	0	0	0	0	0	0	0	0	0	0	0	5	0	18	31	6	0	0	0	0	0	0	0	0	156	0	6	88	0	0	0	0	0	0	0	0	0	0	0	0	11	0	0	0	0	0	0	0	0	0	0	0	0	0	0	0	0	0	44	6
assemblage-218-462	0	0	0	0	0	0	0	0	95	0	0	0	0	0	0	0	0	0	0	14	0	0	0	2	0	0	0	0	0	0	0	0	0	0	91	71	0	0	0	40	0	0	0	0	0	175	0	0	3	0	0	0	0	0	0	0	0	0	0	0	0	0	0	0	0	0	0	0	0	0	0	0	0	0	0	0	0	0	0	0	9
assemblage-236-458	0	0	0	0	0	0	0	0	4	0	0	0	0	0	0	0	0	0	0	20	7	0	0	0	0	0	0	0	0	0	0	0	0	0	63	210	0	0	0	0	0	0	0	0	0	149	38	0	0	0	0	0	0	0	0	0	0	0	0	0	0	0	0	0	0	0	0	0	0	0	0	0	0	0	0	0	0	0	0	0	9
assemblage-358-487	0	0	0	0	0	0	0	0	0	0	0	0	0	0	0	0	0	0	0	0	0	0	0	0	0	0	0	0	0	0	0	0	0	0	21	122	0	0	0	0	0	0	0	0	0	226	0	0	100	0	0	0	0	0	0	0	0	0	0	0	0	0	0	0	0	0	0	0	0	12	0	0	0	0	0	0	0	0	0	0	19
assemblage-370-248	0	0	0	0	0	19	0	0	40	0	0	0	0	0	0	0	0	0	0	0	0	0	0	63	0	0	0	0	0	0	0	0	0	0	26	154	0	0	0	0	0	0	0	0	0	165	0	0	18	0	0	0	0	0	0	0	0	0	0	0	0	0	0	0	0	0	0	0	0	0	0	0	0	0	0	0	0	0	0	0	15
assemblage-212-161	0	0	0	0	0	0	0	0	0	0	0	19	13	0	0	0	12	0	0	0	0	0	0	0	15	0	2	0	6	0	0	0	0	0	12	0	0	0	0	0	0	0	0	35	0	103	52	0	42	0	0	0	0	59	0	0	0	0	0	0	0	0	0	0	77	0	33	0	0	0	0	0	0	0	0	0	0	0	0	0	20
assemblage-359-472	0	0	0	0	0	0	0	0	0	0	0	0	0	0	0	0	0	0	0	0	0	0	0	0	0	0	0	0	0	0	0	0	0	0	14	84	0	0	0	0	0	0	0	0	0	339	54	0	7	0	0	0	0	0	0	0	0	0	0	0	0	0	0	0	0	0	0	0	0	0	0	0	0	0	0	0	0	0	0	0	2
assemblage-352-687	0	0	0	0	0	0	0	0	0	0	0	0	0	7	0	0	0	0	0	0	0	0	0	0	0	0	0	0	0	0	0	0	0	0	41	63	0	0	0	0	0	0	0	0	0	316	27	0	10	0	0	0	0	0	0	0	0	0	0	0	0	0	0	10	0	0	0	0	0	0	0	0	0	0	0	0	0	0	0	0	26
assemblage-896-872	0	0	0	0	0	0	0	0	0	0	0	0	0	5	0	0	0	0	0	0	0	0	0	0	0	0	0	0	0	0	0	0	0	0	37	66	0	0	0	0	0	0	0	0	0	317	43	0	11	0	0	0	0	0	0	0	0	0	0	0	0	0	0	6	0	0	0	0	0	0	0	0	0	0	0	0	0	0	0	0	15
assemblage-818-651	0	0	0	0	0	0	0	0	23	0	0	0	0	0	0	0	0	0	0	0	0	0	0	0	0	0	0	0	0	0	0	0	0	11	195	218	28	0	0	0	0	0	0	0	0	0	0	0	12	0	0	0	0	0	0	0	0	0	0	0	0	0	0	0	0	0	0	0	0	0	0	0	0	0	0	0	0	0	0	0	13
assemblage-817-130	0	0	0	0	0	0	0	0	87	0	0	0	0	0	0	0	0	0	0	0	0	0	0	68	0	0	0	0	0	0	0	0	0	0	23	54	0	0	0	0	0	0	0	0	0	214	0	0	32	0	0	0	0	0	0	0	0	0	0	0	0	0	0	0	0	0	0	0	0	0	0	0	0	0	0	0	0	0	0	14	8
assemblage-228-644	0	0	0	0	0	0	0	0	0	0	0	0	0	0	0	0	0	0	0	0	0	0	0	0	0	0	0	0	0	0	0	0	0	0	0	7	0	0	0	0	0	0	0	51	0	272	25	0	130	0	0	0	0	0	0	0	0	0	0	0	0	0	0	0	0	0	0	0	0	0	0	0	0	0	0	0	0	0	0	0	15
assemblage-262-660	0	0	0	0	0	0	0	0	0	0	62	59	0	0	6	0	0	0	0	0	0	0	0	0	0	0	0	0	0	0	0	0	0	0	24	15	0	0	0	0	0	0	0	0	0	122	70	0	87	0	0	0	6	0	0	0	0	0	0	0	0	0	0	0	22	0	0	0	0	17	0	0	0	0	0	0	0	0	0	0	10
assemblage-261-342	0	0	0	0	0	0	0	0	0	0	28	0	0	0	0	0	0	0	0	0	0	0	0	0	0	0	0	0	0	0	0	0	0	0	0	67	0	0	0	0	0	0	0	0	9	338	0	0	50	0	0	0	0	0	0	0	0	0	0	0	0	0	0	0	0	0	0	0	0	0	0	0	0	0	0	0	0	0	0	0	8
assemblage-224-659	0	0	0	0	0	0	0	0	0	0	0	0	0	0	0	0	0	0	0	0	0	0	0	0	0	0	0	0	0	0	0	0	0	0	0	10	0	0	0	0	0	0	0	59	0	247	37	0	123	0	0	0	0	0	0	0	0	0	0	0	0	0	0	0	0	0	0	0	0	0	0	0	0	0	0	0	0	0	0	0	24
assemblage-909-972	0	0	0	0	0	0	0	0	89	4	0	0	0	0	0	0	0	0	0	0	0	0	0	0	0	0	0	0	0	0	0	0	0	0	4	34	10	0	0	0	0	0	0	0	0	153	0	0	103	0	0	0	0	0	0	5	0	0	0	0	0	86	0	0	0	0	0	0	0	0	0	0	0	0	0	0	0	0	0	0	12
assemblage-665-923	0	0	0	0	0	0	0	0	0	0	0	0	0	0	0	0	0	0	0	0	0	0	0	0	0	0	0	0	0	0	0	0	0	0	19	97	0	0	0	0	0	0	0	0	0	306	61	0	11	0	0	0	0	0	0	0	0	0	0	0	0	0	0	0	0	0	0	0	0	0	0	0	0	0	0	0	0	0	0	0	6
assemblage-752-603	0	0	0	0	0	0	0	0	57	0	0	0	0	0	0	0	0	0	0	0	0	0	0	19	0	0	0	0	0	0	0	0	0	0	4	115	0	0	0	0	0	0	0	0	0	276	0	0	6	0	0	0	0	0	0	0	0	0	0	0	0	0	7	0	0	0	0	0	4	0	0	0	0	0	0	0	0	0	0	0	12
assemblage-262-104	0	0	0	0	0	0	0	0	0	0	0	0	0	0	0	0	0	0	0	0	0	0	0	0	0	0	0	0	0	0	0	0	0	0	0	4	0	0	0	0	0	0	0	0	0	273	49	0	152	0	0	0	0	0	0	0	0	0	0	0	0	0	0	0	0	0	0	0	0	0	0	0	0	0	0	0	0	0	0	0	22
assemblage-858-890	0	0	0	0	0	0	0	0	6	0	0	0	0	0	0	0	0	0	0	0	0	0	0	16	0	0	0	0	0	0	0	0	0	0	46	161	0	0	0	0	0	0	0	0	0	162	0	0	93	0	0	0	0	0	0	0	0	0	0	0	0	0	0	0	0	0	0	0	0	0	0	0	0	0	0	0	0	0	0	0	16
assemblage-583-465	0	0	0	0	0	0	0	0	0	0	0	0	0	0	0	0	0	0	0	0	0	0	0	0	0	0	0	0	0	0	0	0	0	0	0	55	0	0	17	0	0	0	0	28	0	153	12	0	127	0	0	0	0	0	0	0	0	0	0	0	0	0	0	0	81	0	16	0	0	0	0	0	0	0	0	0	0	0	0	0	11
assemblage-258-727	0	0	0	0	0	0	0	0	0	0	0	0	0	0	0	0	0	0	0	0	0	0	0	0	0	0	0	0	0	0	0	0	0	0	85	0	0	0	0	0	0	0	0	0	0	0	0	0	45	0	0	0	0	0	15	0	0	0	0	0	0	251	0	0	0	0	0	0	0	0	0	0	90	0	0	0	0	0	0	0	14
assemblage-680-942	0	0	0	0	0	0	0	0	0	0	0	0	0	0	0	0	0	0	0	0	0	0	0	0	0	0	0	0	0	0	0	0	0	0	20	134	0	0	0	0	0	0	0	0	0	208	0	0	93	0	0	0	0	0	0	0	0	0	0	0	0	0	0	0	0	0	0	0	0	19	0	0	0	0	0	0	0	0	0	0	26
assemblage-594-508	0	0	0	0	0	0	0	0	184	0	0	0	0	0	0	0	0	0	0	0	0	0	0	0	0	0	0	0	0	0	0	0	0	0	46	0	4	0	0	0	0	0	0	0	0	60	0	0	93	0	0	0	0	0	0	0	0	0	0	0	0	90	0	0	0	0	0	0	0	0	12	0	0	0	0	0	0	0	0	0	11
assemblage-608-915	0	0	0	0	0	0	0	0	0	0	0	0	0	0	0	0	0	0	0	0	0	0	0	0	0	0	0	0	0	0	0	0	0	0	124	13	120	0	0	0	0	0	0	0	0	0	0	0	66	0	0	0	0	0	0	0	0	0	0	0	0	123	0	0	0	0	0	0	0	0	0	0	23	0	0	0	0	0	0	17	14
assemblage-339-716	0	0	0	0	0	0	0	0	51	0	0	0	0	0	0	0	0	18	0	0	0	0	0	0	0	0	0	0	0	0	0	0	0	0	109	13	23	0	0	0	8	0	0	0	0	40	0	0	118	0	0	0	0	0	0	0	0	0	0	0	0	113	0	0	0	0	0	0	0	0	0	0	0	0	0	0	0	0	0	0	7
assemblage-111-900	0	0	0	0	0	0	0	0	188	0	0	0	0	0	0	0	0	0	0	0	0	0	0	0	0	14	0	0	0	0	0	0	0	0	73	11	0	0	0	0	0	0	0	0	0	0	0	0	196	0	0	0	0	0	0	0	0	0	0	0	0	8	0	0	0	0	0	0	0	0	0	0	0	0	0	0	0	0	0	0	10
assemblage-608-767	0	0	0	0	0	0	0	0	0	0	52	70	0	0	7	0	0	0	3	0	0	0	0	0	0	0	0	0	0	0	0	0	0	0	21	11	0	0	0	0	0	0	0	0	0	109	56	0	134	0	0	0	11	0	0	0	0	0	0	0	0	0	0	0	15	0	0	0	0	7	0	0	0	0	0	0	0	0	0	0	4
assemblage-211-786	0	0	0	0	0	0	0	0	0	0	0	0	0	0	0	0	0	0	0	0	0	0	0	0	0	0	0	0	0	0	0	0	0	0	0	11	0	0	0	0	0	0	0	60	0	257	32	0	120	0	0	0	0	0	0	0	0	0	0	0	0	0	0	0	0	0	0	0	0	0	0	0	0	0	0	0	0	0	0	0	20
assemblage-247-716	0	0	0	0	0	0	0	0	0	0	0	0	0	0	0	0	0	0	0	0	0	0	0	0	0	0	0	0	0	0	0	0	0	0	78	0	0	0	0	0	0	0	0	0	0	0	0	0	71	0	0	0	0	0	10	0	0	0	0	0	0	239	0	0	0	0	0	0	0	0	0	0	88	0	0	0	0	0	0	0	14
assemblage-353-255	0	0	0	0	0	0	0	0	0	0	0	0	0	0	0	0	0	0	0	65	0	0	0	0	0	0	0	0	0	0	0	0	0	0	0	0	0	0	0	14	0	0	0	0	0	291	0	0	42	0	0	0	0	0	0	0	21	0	0	0	0	0	0	0	0	0	0	0	0	0	0	0	0	0	0	0	0	38	0	0	29
assemblage-621-771	0	0	0	0	0	0	0	0	0	0	41	55	0	0	3	0	0	0	0	0	0	0	0	0	0	0	0	0	0	9	0	0	0	0	24	25	0	0	0	0	0	0	0	0	0	102	54	0	138	0	0	0	6	0	0	0	0	0	0	0	0	0	0	0	14	0	0	0	0	13	0	0	0	0	0	0	0	0	0	0	16
assemblage-814-115	0	0	0	0	0	0	0	0	78	0	0	0	0	0	0	0	0	0	0	0	0	0	0	65	0	0	0	0	0	0	0	0	0	0	35	82	0	0	0	0	0	0	0	0	0	210	0	0	15	0	0	0	0	0	0	0	0	0	0	0	0	0	0	0	0	0	0	0	0	0	0	0	0	0	0	0	0	0	0	8	7
assemblage-613-289	0	0	0	0	0	0	0	0	30	0	0	0	0	9	0	0	0	0	0	25	0	0	0	14	0	0	0	0	0	0	0	0	0	0	0	178	0	0	0	28	0	0	0	0	0	161	0	0	0	0	0	0	0	0	0	0	0	0	0	14	0	0	0	35	0	0	0	0	0	0	0	0	0	0	0	0	0	0	0	0	6
assemblage-94-905	0	0	0	0	0	0	0	0	152	0	0	0	0	0	0	0	0	0	0	0	0	0	0	0	0	19	0	0	0	0	0	0	0	0	105	7	0	0	0	0	0	0	0	0	0	0	0	0	190	0	0	0	0	0	0	0	0	0	0	0	0	8	0	0	0	0	0	0	0	0	0	0	0	0	0	0	0	0	0	0	19
assemblage-578-483	0	0	0	0	0	0	0	0	0	0	0	0	0	0	0	0	0	0	0	0	0	0	0	0	0	0	0	0	0	0	0	0	0	0	0	8	0	0	0	0	0	0	0	0	0	235	37	0	189	3	0	0	0	0	0	0	0	0	0	0	0	0	0	0	8	0	0	0	0	0	0	0	0	0	0	0	0	0	0	0	20
assemblage-604-772	0	0	0	0	0	0	0	0	0	0	0	0	0	0	0	0	0	0	0	0	0	0	0	0	0	0	0	0	0	0	0	0	0	0	0	44	0	0	5	0	0	0	0	0	0	284	69	0	48	0	0	25	0	0	0	0	0	5	0	0	0	0	0	0	0	0	0	0	0	0	0	0	0	0	0	0	0	0	0	0	20
assemblage-370-702	0	0	0	0	0	0	0	0	190	0	0	0	0	0	0	0	0	0	0	0	0	0	0	0	0	0	0	0	0	0	0	0	0	0	36	0	8	0	0	0	0	0	0	0	0	66	0	0	70	0	0	0	0	0	0	0	0	0	0	0	0	94	0	0	0	0	0	0	0	0	15	0	0	0	0	0	0	0	0	0	21
assemblage-608-762	0	0	0	0	0	0	0	0	0	0	9	0	0	0	0	0	0	0	6	0	0	0	0	0	0	0	0	0	0	0	0	0	0	0	6	110	0	0	0	0	0	0	0	0	0	292	15	0	49	0	0	0	0	0	0	0	0	0	0	0	0	0	0	0	0	0	0	0	0	0	0	0	0	0	0	0	0	0	0	0	13
assemblage-826-115	0	0	0	0	0	0	0	0	96	0	0	0	0	0	0	0	0	0	0	0	0	0	0	66	0	0	0	0	0	0	0	0	0	0	19	53	0	0	0	0	0	0	0	0	0	226	0	0	21	0	0	0	0	0	0	0	0	0	0	0	0	0	0	0	0	0	0	0	0	0	0	0	0	0	0	0	0	0	0	8	11
assemblage-734-616	0	0	0	0	0	15	0	0	32	0	0	0	0	0	0	0	0	0	0	0	0	0	0	69	0	0	0	0	0	0	0	0	0	0	19	166	0	0	0	0	0	0	0	0	0	178	0	0	17	0	0	0	0	0	0	0	0	0	0	0	0	0	0	0	0	0	0	0	0	0	0	0	0	0	0	0	0	0	0	0	4
assemblage-914-974	0	0	0	0	0	0	0	0	22	0	0	0	0	0	0	0	0	0	0	0	0	0	0	0	0	0	0	0	0	0	0	0	0	0	14	74	59	0	0	0	0	0	0	0	0	51	0	0	237	0	0	0	0	0	0	0	0	0	0	0	0	0	0	0	0	0	0	0	0	0	0	0	26	0	0	0	0	0	0	0	17
assemblage-248-353	0	0	0	0	0	0	0	0	0	0	0	0	0	0	0	0	0	0	44	0	0	0	0	0	0	0	0	0	0	0	0	0	0	0	58	27	0	0	0	0	0	0	0	0	0	314	43	0	0	0	0	0	0	0	0	0	0	0	0	0	0	0	0	0	0	0	0	0	0	0	0	0	0	0	0	0	0	0	0	0	14
assemblage-492-657	0	0	0	0	0	0	0	0	12	0	0	0	0	0	0	0	0	0	0	0	0	0	0	0	0	0	0	0	0	0	0	0	0	0	217	77	0	0	0	0	0	0	0	0	0	15	0	0	30	0	0	0	0	0	0	0	0	0	0	0	0	134	0	0	0	4	0	0	0	0	0	0	0	0	0	0	0	0	0	0	11
assemblage-818-645	0	0	0	0	0	0	0	0	30	0	0	0	0	0	0	0	0	0	0	0	0	0	0	0	0	0	0	0	0	0	0	0	0	22	184	214	35	0	0	0	0	0	0	0	0	0	0	0	7	0	0	0	0	0	0	0	0	0	0	0	0	0	0	0	0	0	0	0	0	0	0	0	0	0	0	0	0	0	0	0	8
assemblage-262-106	0	0	0	0	0	0	0	0	0	0	10	47	5	0	0	0	15	0	0	0	0	0	0	0	3	0	0	0	7	0	0	0	0	0	11	0	0	0	0	0	0	0	0	28	0	74	45	0	41	0	0	0	0	65	0	0	0	0	0	0	0	0	0	0	108	0	20	0	0	0	0	0	0	0	0	0	0	0	0	0	21
assemblage-891-868	0	0	0	0	0	0	0	0	0	0	0	0	0	11	0	0	0	0	0	0	0	0	0	0	0	0	0	0	0	0	8	0	0	0	31	80	0	0	0	0	0	0	0	0	0	316	0	0	8	0	0	0	0	0	0	0	0	0	0	0	0	0	0	31	0	0	0	0	0	0	0	0	0	0	0	0	0	0	0	0	15
assemblage-502-119	0	0	12	0	0	0	0	0	0	0	21	0	0	0	0	0	0	0	0	0	0	0	0	0	0	0	0	0	0	0	0	0	0	0	40	149	0	10	0	0	0	0	0	0	0	108	0	0	131	0	0	0	0	0	0	0	0	0	0	0	0	0	0	12	0	0	0	0	0	0	0	0	0	0	0	0	0	0	0	0	17
assemblage-939-363	0	0	0	0	0	0	0	0	12	0	0	0	0	0	0	0	0	0	0	17	10	0	0	0	0	0	0	0	0	0	0	0	0	0	54	191	0	0	0	0	0	0	0	0	0	170	28	0	5	0	0	0	0	0	0	0	0	0	0	0	0	0	0	0	0	0	0	0	0	0	0	0	0	0	0	0	0	0	0	0	13
assemblage-620-507	0	0	0	0	0	0	0	0	46	0	0	0	0	0	0	0	0	26	0	0	0	0	0	0	0	0	0	0	0	0	0	0	0	0	111	6	21	0	0	0	5	0	0	0	0	45	0	0	108	0	0	0	0	0	0	0	0	0	0	0	0	118	0	0	0	0	0	0	0	0	0	0	0	0	0	0	0	0	0	0	14
assemblage-845-912	0	0	0	0	0	0	0	0	99	0	0	0	0	0	0	0	0	0	0	0	0	0	0	73	0	0	0	0	0	0	0	0	0	0	22	63	0	0	0	0	0	0	0	0	0	206	0	0	20	0	0	0	0	0	0	0	0	0	0	0	0	0	0	0	0	0	0	0	0	0	0	0	0	0	0	0	0	0	0	5	12
assemblage-249-343	0	0	0	0	0	0	0	0	0	0	0	0	0	0	0	0	0	0	40	0	0	0	0	0	0	0	0	0	0	0	0	0	0	0	42	17	0	0	0	0	0	0	0	0	0	320	63	0	0	0	0	3	0	0	0	0	0	0	0	0	0	0	0	0	0	0	0	0	0	0	0	0	0	0	0	0	0	0	0	0	15
assemblage-113-897	0	0	0	0	0	0	0	0	159	0	0	0	0	0	0	0	0	0	0	0	0	0	0	0	0	18	0	0	0	0	0	0	0	0	110	5	0	0	0	0	0	0	0	0	0	0	0	0	192	0	0	0	0	0	0	0	0	0	0	0	0	6	0	0	0	0	0	0	0	0	0	0	0	0	0	0	0	0	0	0	10
assemblage-725-980	0	0	0	0	0	0	0	0	12	10	0	0	0	0	0	0	0	0	0	0	0	0	0	0	0	0	0	0	0	0	0	0	0	0	104	103	13	0	0	0	0	0	0	0	0	128	0	0	104	0	0	0	0	0	0	0	0	0	0	0	0	7	0	0	0	0	0	0	0	0	0	0	0	0	0	0	5	0	0	0	14
assemblage-486-668	0	0	0	0	0	0	0	0	14	0	0	0	0	0	0	0	0	0	0	0	0	0	0	0	0	0	0	0	0	0	0	0	0	0	213	72	0	0	0	0	0	0	0	0	0	22	0	0	24	0	0	0	0	0	0	0	0	0	0	0	0	133	0	0	0	0	0	0	0	0	0	0	0	0	0	10	0	0	0	0	12
assemblage-393-317	6	0	0	0	0	0	0	0	0	0	0	9	0	0	0	0	0	0	0	0	0	0	0	0	0	0	0	0	0	0	0	0	0	0	0	0	0	0	0	0	0	0	0	41	0	141	51	0	95	0	0	0	0	0	0	0	0	0	0	0	0	0	0	0	147	0	0	0	0	0	0	0	0	0	0	0	0	0	0	0	10
assemblage-868-903	0	0	0	0	0	0	0	0	71	0	0	0	0	0	0	0	0	0	0	0	0	0	0	0	0	0	0	0	0	0	0	0	0	0	0	24	12	0	0	0	0	0	0	0	0	268	0	0	78	0	0	0	0	0	0	0	0	0	0	0	0	4	0	0	0	0	0	0	0	0	0	0	0	0	0	0	0	16	0	0	27
assemblage-482-665	0	0	0	0	0	0	0	0	12	0	0	0	0	0	0	0	0	0	0	0	0	0	0	0	0	0	0	0	0	0	0	0	0	0	204	84	0	0	0	0	0	0	0	0	0	26	0	0	28	0	0	0	0	0	0	0	0	0	0	0	0	132	0	0	0	0	0	0	0	0	0	0	0	0	0	0	0	0	0	0	14
assemblage-685-298	0	0	0	0	0	0	0	0	0	0	0	0	0	0	0	0	0	0	0	0	0	0	0	0	0	0	0	0	0	0	0	0	0	0	123	25	117	0	0	0	0	0	0	0	0	0	0	0	62	0	0	0	0	0	0	0	0	0	0	0	0	113	0	0	0	0	0	0	0	0	0	0	21	0	0	0	0	0	0	17	22
assemblage-602-930	0	0	0	0	0	0	0	0	8	0	0	0	0	0	0	0	0	5	0	0	0	0	0	0	0	0	0	0	0	0	0	0	0	0	95	125	6	0	0	0	0	0	0	0	0	57	0	0	182	0	0	0	0	0	0	0	0	0	0	0	0	16	0	0	0	0	0	0	0	0	0	0	0	0	0	0	0	0	0	0	6
assemblage-243-471	0	0	0	0	0	12	0	0	23	0	0	0	0	0	0	0	0	0	0	20	0	0	0	17	0	0	0	0	0	0	0	0	0	0	101	18	0	0	0	4	0	0	0	0	0	194	0	0	97	0	0	0	0	0	0	0	0	0	0	0	0	0	0	0	0	0	0	0	0	0	0	0	0	0	0	0	0	0	0	0	14
assemblage-746-471	0	0	0	0	0	0	0	0	39	4	0	0	0	0	0	0	0	0	0	0	0	0	0	0	0	0	0	0	0	0	0	0	0	0	20	61	56	0	0	0	0	0	0	0	0	54	0	0	215	0	0	0	0	0	0	0	0	0	0	0	0	0	0	0	0	0	0	0	0	0	0	0	35	0	0	0	0	0	0	8	8
assemblage-104-339	0	0	0	0	0	0	0	0	94	0	0	0	0	0	0	0	0	0	0	9	0	0	0	0	0	0	0	0	0	0	0	0	0	0	76	64	0	0	0	71	0	0	0	0	0	164	0	0	0	0	0	0	0	0	0	0	0	0	0	0	0	0	0	0	0	0	0	0	0	0	0	0	0	0	0	0	0	0	0	0	22
assemblage-748-479	0	0	0	0	0	0	0	0	86	5	0	0	0	0	0	0	0	0	0	0	0	0	0	0	0	0	0	0	0	0	0	0	0	0	10	29	8	0	0	0	0	0	0	0	0	141	0	0	118	0	0	0	0	0	0	0	0	0	0	0	0	74	0	0	0	0	0	0	0	0	0	0	0	0	0	0	0	0	0	0	29
assemblage-726-586	0	0	0	0	0	0	0	0	42	0	0	0	0	0	0	0	0	0	0	0	0	0	0	35	0	0	0	10	0	0	0	0	0	0	220	105	0	0	0	0	0	0	0	0	0	78	0	0	0	0	0	0	0	0	0	0	0	0	0	0	5	0	0	0	0	0	0	0	0	0	0	0	0	0	0	0	0	0	0	0	5
assemblage-523-751	0	6	0	0	0	0	0	0	0	0	0	0	0	0	0	0	0	0	0	68	0	0	0	0	0	0	0	0	0	0	0	0	0	0	0	8	0	0	0	13	0	0	0	0	0	291	0	0	62	0	0	0	0	0	0	0	14	0	0	0	0	0	0	0	0	0	0	0	0	0	0	0	0	0	0	0	0	18	0	0	20
assemblage-901-855	0	0	0	0	0	0	0	0	0	0	0	0	0	12	0	0	0	0	0	0	0	0	0	0	0	0	0	0	0	0	0	0	0	0	78	221	0	0	0	0	0	0	12	0	0	92	0	0	62	0	0	0	0	0	0	0	0	0	0	0	0	0	0	0	0	0	0	0	0	0	0	0	0	0	0	0	0	0	0	0	23
assemblage-247-99	0	0	0	0	0	0	0	0	0	0	0	0	0	0	0	0	0	0	0	0	0	0	0	0	0	0	0	0	0	0	0	0	0	0	0	7	0	0	0	0	0	0	0	0	0	242	78	0	159	0	0	0	0	0	0	0	0	0	0	0	0	0	0	0	0	0	0	0	0	0	0	0	0	0	0	0	0	0	0	0	14
assemblage-828-627	0	0	0	0	0	0	0	0	26	0	0	0	0	0	0	0	0	0	0	0	0	0	0	0	0	0	0	0	0	0	0	0	0	15	216	199	31	0	0	0	0	0	0	0	0	0	0	0	7	0	0	0	0	0	0	0	0	0	0	0	0	0	0	0	0	0	0	0	0	0	0	0	0	0	0	0	0	0	0	0	6
assemblage-613-755	0	0	0	0	0	0	0	0	0	0	0	0	0	0	0	0	0	0	0	0	0	0	3	0	0	0	0	0	0	0	0	0	0	0	0	25	0	0	10	0	0	0	0	0	0	311	52	0	56	0	4	19	0	0	0	0	0	0	0	0	0	0	0	0	0	0	0	0	0	3	0	0	0	0	0	0	0	0	0	0	17
assemblage-227-792	0	0	0	0	0	0	0	0	0	0	0	0	0	0	0	0	0	0	4	0	0	0	0	0	0	0	0	0	0	0	0	0	0	0	10	107	0	0	0	0	0	0	0	0	0	284	19	0	59	0	0	0	0	0	0	0	0	0	0	0	0	0	0	0	0	0	3	0	0	0	0	0	0	0	0	0	0	0	0	0	14
assemblage-497-751	0	0	0	0	0	0	0	0	39	0	0	0	0	0	0	0	0	0	0	25	0	0	0	34	0	0	0	0	0	0	0	0	0	0	83	87	0	0	0	0	0	0	0	0	0	185	0	0	18	0	0	0	0	0	0	0	0	0	0	0	0	0	0	0	0	0	0	0	0	0	0	0	0	0	0	0	0	6	0	0	23
assemblage-618-292	0	0	0	0	0	0	0	0	92	0	0	0	0	0	0	0	0	0	0	20	0	0	0	0	0	0	0	0	0	0	0	0	0	0	98	62	0	0	0	64	0	0	0	0	0	150	0	0	0	0	0	0	0	0	0	0	0	0	0	0	0	0	0	0	0	0	0	0	0	0	0	0	0	0	0	0	0	0	0	0	14
assemblage-344-184	0	0	0	0	0	0	0	0	0	0	0	0	0	0	0	0	0	0	0	0	0	0	3	0	0	0	0	0	0	0	0	0	0	0	0	25	0	0	9	0	0	0	0	0	0	266	73	0	64	0	0	27	0	0	0	0	0	0	0	0	0	0	0	0	0	0	0	0	0	0	0	0	0	0	0	0	0	0	0	0	33
assemblage-461-403	0	0	0	0	0	0	0	0	70	0	0	0	0	0	0	0	0	0	0	0	0	0	0	0	0	0	0	0	0	0	0	0	0	0	0	19	17	0	0	0	0	0	0	0	0	260	0	0	92	0	0	0	0	0	0	0	0	0	0	0	0	0	0	0	0	0	0	0	0	0	0	0	0	0	0	0	0	21	0	0	21
assemblage-928-974	0	0	0	0	0	0	0	0	65	6	0	0	0	0	0	0	0	0	0	0	0	0	0	0	0	0	0	0	0	0	0	0	0	0	5	38	14	0	0	0	0	0	0	0	0	151	0	0	110	0	0	0	0	0	0	0	0	0	0	0	0	86	0	0	0	0	0	0	0	0	0	0	10	0	0	0	0	0	0	0	15
assemblage-114-348	0	0	0	0	0	0	0	0	18	0	0	0	0	0	0	0	0	0	0	17	2	0	0	0	0	0	0	0	0	0	0	4	0	0	39	204	0	0	0	0	0	0	0	0	0	168	35	0	0	0	0	0	0	0	0	0	0	0	0	0	0	0	0	0	0	0	0	0	0	0	0	0	0	0	0	0	0	0	0	0	13
assemblage-689-310	0	0	0	0	0	0	0	0	43	0	0	0	0	0	0	0	0	16	0	0	0	0	0	0	0	0	0	0	0	0	0	0	0	0	100	13	30	0	0	0	6	0	0	0	0	46	0	0	113	0	0	0	0	0	0	0	0	0	0	0	0	125	0	0	0	0	0	0	0	0	0	0	0	0	0	0	0	0	0	0	8
assemblage-937-366	0	0	0	0	0	11	0	0	20	0	0	0	0	0	0	0	0	0	0	16	0	0	0	8	0	0	0	0	0	0	0	0	0	0	123	9	0	0	0	9	0	0	0	0	0	216	0	0	82	0	0	0	0	0	0	0	0	0	0	3	0	0	0	0	0	0	0	0	0	0	0	0	0	0	0	0	0	0	0	0	3
assemblage-597-286	0	0	0	0	0	0	0	0	86	0	0	0	0	0	0	0	0	0	0	16	0	0	0	8	0	0	0	0	0	0	0	0	0	0	69	70	0	0	0	53	0	0	0	0	0	183	0	0	0	0	0	0	0	0	0	0	0	0	0	0	0	0	0	0	0	0	0	0	0	0	0	0	0	0	0	0	0	0	0	0	15
assemblage-358-189	0	0	0	0	0	0	0	0	0	0	0	0	0	0	0	0	0	0	0	0	0	0	0	0	0	0	0	0	0	0	0	0	0	0	0	6	0	0	0	0	0	0	0	45	0	279	44	0	110	0	0	0	0	0	0	0	0	0	0	0	0	0	0	0	0	0	0	5	0	0	0	0	0	0	0	0	0	0	0	0	11
assemblage-503-748	0	0	0	0	0	11	0	0	45	0	0	0	0	0	0	0	0	0	0	0	0	0	0	56	0	0	0	0	0	0	0	0	0	0	12	172	0	0	0	0	0	0	0	0	0	182	0	0	16	0	0	0	0	0	0	0	0	0	0	0	0	0	0	0	0	0	0	0	0	0	0	0	0	0	0	0	0	0	0	0	6
assemblage-685-929	0	0	0	0	0	0	0	0	0	0	40	0	0	0	0	0	0	0	0	0	0	0	0	0	0	0	0	0	0	0	0	0	0	0	0	90	0	0	0	0	0	0	0	0	9	292	0	0	53	0	0	0	0	0	0	0	0	0	0	0	0	0	0	0	0	0	0	0	0	0	0	0	0	0	0	0	0	0	0	0	16
assemblage-365-269	0	0	0	0	0	0	0	0	76	0	0	0	0	0	0	0	0	0	0	9	0	0	0	12	0	0	0	0	0	0	0	0	0	0	6	125	0	0	0	0	0	0	0	0	0	240	0	0	8	0	0	0	0	0	0	0	0	0	0	0	0	0	6	0	0	0	0	0	9	0	0	0	0	0	0	0	0	0	0	0	9
assemblage-357-276	0	0	0	0	0	0	0	0	27	0	0	0	0	0	0	0	0	0	0	0	0	0	0	39	0	0	0	13	0	0	0	0	0	0	244	89	0	0	0	0	0	0	0	0	0	74	0	0	0	0	0	0	0	0	0	0	0	0	0	0	6	0	0	0	0	0	0	0	0	0	0	0	0	0	0	0	0	0	0	0	8
assemblage-385-320	0	0	0	0	0	0	0	0	0	0	0	7	0	0	0	0	0	0	0	0	0	0	0	0	0	0	0	0	0	0	0	0	0	0	0	64	0	0	13	0	0	0	0	27	0	149	6	0	132	0	0	0	0	0	0	0	0	0	0	0	0	0	0	0	81	0	7	0	0	0	0	0	0	0	0	0	0	0	0	0	14
assemblage-237-956	0	0	0	0	0	0	0	0	41	0	0	0	0	0	0	0	0	0	0	0	0	0	0	35	0	0	0	7	0	0	0	0	0	0	245	95	0	0	0	0	0	0	0	0	0	61	0	0	6	0	0	0	0	0	0	0	0	0	0	0	0	0	0	0	0	0	0	0	0	0	0	0	0	0	0	0	0	0	0	0	10
assemblage-373-247	0	14	0	0	0	0	0	0	8	0	0	0	0	0	0	0	0	0	0	62	0	0	0	0	0	0	0	0	0	0	0	0	0	0	0	7	0	0	0	21	0	0	0	0	0	296	0	0	37	0	0	0	0	0	0	0	10	0	0	0	0	0	0	0	0	0	0	0	0	0	0	0	0	0	0	0	0	30	0	0	15
assemblage-732-983	0	0	0	0	0	0	0	0	113	0	0	0	0	0	0	0	0	0	0	0	0	0	0	0	0	0	0	0	0	0	0	0	5	0	21	30	10	0	0	0	0	0	0	0	0	192	0	6	66	0	0	0	0	0	0	0	0	0	0	0	0	13	0	0	0	0	0	0	0	0	0	0	0	0	0	0	0	0	0	34	10
assemblage-933-359	0	0	0	0	0	4	0	0	17	0	0	0	0	0	0	0	0	0	0	6	0	0	0	9	0	0	0	0	0	0	0	0	0	0	135	11	0	0	0	6	0	0	0	0	0	216	0	0	87	0	0	0	0	0	0	0	0	0	0	0	0	0	0	0	0	0	0	0	0	0	0	0	0	0	0	0	0	0	0	0	9
assemblage-110-333	0	0	0	0	0	9	0	0	17	0	0	0	0	0	0	0	0	0	0	12	0	0	0	13	0	0	0	0	0	0	0	0	0	0	122	11	0	0	0	8	0	0	0	0	0	233	0	0	68	0	0	0	0	0	0	0	0	0	0	0	0	0	0	0	0	0	0	0	0	0	0	0	0	0	0	0	0	0	0	0	7
assemblage-101-914	0	0	0	0	0	0	0	0	167	0	0	0	0	0	0	0	0	4	0	0	0	0	0	0	0	12	0	0	0	0	0	0	0	0	90	5	0	0	0	0	0	0	0	0	0	0	0	0	203	0	0	0	0	0	0	0	0	0	0	0	0	7	0	0	0	0	0	0	0	0	0	0	0	0	0	0	0	0	0	0	12
assemblage-936-352	0	0	0	0	0	9	0	0	88	0	0	0	0	0	0	0	0	0	0	6	0	0	0	0	0	0	0	0	0	0	0	0	0	0	89	69	0	0	0	55	0	0	0	0	0	172	0	0	0	0	0	0	0	0	0	0	0	0	0	0	0	0	0	0	0	0	0	0	0	0	0	0	0	0	0	0	0	0	0	0	12
assemblage-463-409	0	0	0	13	0	0	0	0	6	0	0	0	0	0	0	0	0	0	0	0	0	0	0	28	0	0	0	0	0	0	0	0	0	0	49	149	0	0	0	0	0	0	0	0	0	164	0	0	82	0	0	0	0	0	0	0	0	0	0	0	0	0	0	0	0	0	0	0	0	0	0	0	0	0	0	0	0	0	0	0	9
assemblage-472-737	0	0	0	0	0	0	0	0	0	0	16	0	0	0	0	0	0	0	0	0	0	0	0	0	0	0	0	0	0	0	0	0	0	0	26	187	0	6	0	0	0	0	0	0	0	124	0	0	111	0	0	0	0	0	0	0	0	0	0	0	0	0	0	4	0	0	0	0	0	0	0	0	0	0	7	0	0	0	0	0	19
assemblage-474-731	0	0	3	0	0	0	0	0	10	0	15	0	0	0	0	0	0	0	0	0	0	0	0	0	0	0	0	0	0	0	0	0	0	0	34	152	0	11	0	0	0	0	0	0	0	137	0	0	113	0	0	0	0	0	0	0	0	0	0	0	0	0	0	8	0	0	0	0	0	0	0	0	0	0	0	0	0	0	0	0	17
assemblage-226-782	0	0	0	0	0	0	0	0	0	0	0	0	0	0	0	0	0	0	0	0	0	0	0	0	0	0	0	0	0	0	0	0	0	0	0	26	0	0	2	0	0	0	0	0	0	266	90	0	52	0	0	42	0	0	0	0	0	0	0	0	0	0	0	0	0	0	0	0	0	0	0	0	0	0	0	0	0	0	0	0	22
assemblage-104-904	0	0	0	0	0	0	0	0	176	0	0	0	0	0	0	0	0	8	0	0	0	0	0	0	0	10	0	0	0	0	0	0	0	0	62	9	0	0	0	0	0	0	0	0	0	0	0	0	211	0	0	0	0	0	0	0	0	0	0	0	0	7	0	0	0	0	0	0	0	0	0	5	0	0	0	0	0	0	0	0	12
assemblage-605-286	0	0	0	0	0	0	0	0	19	0	0	0	0	0	0	0	0	0	0	17	0	0	0	0	0	0	0	0	0	0	0	0	0	0	59	190	0	0	0	0	0	0	0	0	0	162	34	0	4	0	0	0	0	0	0	0	0	0	0	0	0	0	0	0	0	0	0	0	0	0	0	0	0	0	0	0	0	0	0	0	15
assemblage-607-773	0	0	0	0	0	0	0	0	0	0	0	0	0	0	0	5	0	0	0	0	0	0	0	0	0	0	0	0	0	0	0	0	0	0	0	20	0	0	8	0	0	0	0	0	0	309	61	0	44	0	0	30	0	0	0	0	0	5	0	0	0	0	0	0	0	0	0	0	0	0	0	0	0	0	0	0	0	0	0	0	18
assemblage-327-693	0	0	0	0	0	0	0	0	0	0	0	0	0	4	0	0	0	0	0	0	0	0	0	0	0	0	0	0	0	0	0	0	0	0	64	235	0	0	0	0	0	0	14	0	0	97	0	0	65	0	0	0	0	0	0	0	0	0	0	0	0	0	0	0	0	0	0	0	0	0	0	0	0	0	0	0	0	0	0	0	21
assemblage-721-988	0	0	0	0	0	0	0	0	32	0	0	0	0	0	0	0	0	0	0	0	0	0	0	0	0	0	0	0	0	0	0	0	0	0	17	87	43	0	0	0	0	0	0	0	0	60	0	0	224	0	0	0	0	0	0	0	0	0	0	0	0	0	0	0	0	0	0	0	0	0	0	0	17	0	0	0	0	0	0	10	10
assemblage-243-933	0	0	0	0	0	0	0	0	76	0	0	0	0	0	0	0	0	0	0	0	0	0	0	13	0	0	0	0	0	0	0	0	0	0	9	124	0	0	0	0	0	0	0	0	0	250	0	0	8	0	0	0	0	0	0	0	0	0	0	0	0	0	3	0	0	0	0	0	7	0	0	0	0	0	0	0	0	0	0	0	10
assemblage-515-132	0	0	0	0	0	0	0	0	0	0	0	0	0	9	0	0	0	0	0	0	0	0	0	0	0	0	0	0	0	0	0	0	0	0	78	223	0	0	0	0	0	0	17	0	0	93	0	0	64	0	0	0	0	0	0	0	0	0	0	0	0	0	0	0	0	0	0	0	0	0	0	0	0	0	0	0	0	0	0	0	16
assemblage-344-482	0	0	0	0	0	0	0	0	0	0	9	0	0	0	0	0	0	0	10	0	0	0	0	0	0	0	0	0	0	0	0	0	0	0	20	71	0	0	0	0	0	0	0	0	0	306	31	0	34	0	0	0	0	0	0	0	0	0	0	0	0	0	0	0	0	0	0	0	0	0	0	0	0	0	0	0	0	0	0	0	19
assemblage-450-743	0	0	0	0	0	0	0	0	0	0	0	0	0	14	0	0	0	0	0	0	0	0	0	0	0	0	0	0	0	0	9	0	0	0	31	63	0	0	0	0	0	0	0	0	0	340	4	0	7	0	0	0	0	0	0	0	0	0	0	0	0	0	0	23	0	0	0	0	0	0	0	0	0	0	0	0	0	0	0	0	9
assemblage-236-475	0	0	0	0	0	0	0	0	10	0	0	0	0	0	0	0	0	0	0	16	0	0	0	0	0	0	0	0	0	0	0	0	0	0	57	195	0	0	0	0	0	0	0	0	0	169	38	0	6	0	0	0	0	0	0	0	0	0	0	0	0	0	0	0	0	0	0	0	0	0	0	0	0	0	0	0	0	0	0	0	9
assemblage-217-641	0	0	0	0	0	0	0	0	0	0	0	0	0	0	0	0	0	0	0	0	0	0	8	0	0	0	0	0	0	0	0	0	0	0	0	24	0	0	5	0	0	0	0	0	0	266	62	0	72	0	0	34	0	0	0	0	0	0	0	0	0	0	0	0	0	0	0	0	0	0	0	0	0	0	0	0	0	0	0	0	29
assemblage-564-470	0	0	0	0	0	0	0	0	0	0	0	7	0	0	0	0	0	0	0	0	0	0	0	0	0	0	0	0	0	0	0	0	0	0	0	66	0	0	20	0	0	0	0	28	0	161	4	0	122	0	0	0	0	0	0	0	0	0	0	0	0	0	0	0	73	0	15	0	0	0	0	0	0	0	0	0	0	0	0	0	4
assemblage-236-112	0	0	0	0	0	0	0	0	0	0	0	5	0	0	0	0	0	0	0	0	0	0	0	0	0	0	0	0	0	0	0	0	0	0	0	65	0	0	28	0	0	0	0	41	0	136	4	0	106	0	0	0	0	0	0	0	0	0	0	0	0	0	0	0	91	0	13	0	0	0	0	0	0	0	0	0	0	0	0	0	11
assemblage-608-503	0	0	0	0	0	0	0	0	65	0	0	0	0	0	0	0	0	3	0	0	0	0	0	0	0	0	0	0	0	0	0	0	0	0	82	43	38	0	0	0	0	0	0	0	0	41	0	0	114	0	0	0	0	0	0	0	0	0	0	0	0	86	0	0	0	0	0	0	0	0	0	0	8	0	0	0	0	0	0	0	20
assemblage-350-481	0	0	0	0	0	0	0	0	0	0	28	0	0	0	0	0	0	0	0	0	0	0	0	0	0	0	0	0	0	0	0	0	0	0	0	73	0	0	0	0	0	0	0	0	12	326	0	0	56	0	0	0	0	0	0	0	0	0	0	0	0	0	0	0	0	0	0	0	0	0	0	0	0	0	0	0	0	0	0	0	5
assemblage-377-697	0	0	0	0	0	0	0	0	0	0	0	0	0	0	0	0	0	0	0	0	0	0	0	0	0	0	0	0	0	0	0	0	0	0	125	27	102	0	0	0	0	0	0	0	0	0	0	0	67	0	0	0	0	0	0	0	0	0	0	0	0	128	0	0	0	0	0	0	0	0	0	0	22	0	0	0	0	0	0	22	7
assemblage-566-457	0	0	0	0	0	0	0	0	0	0	0	0	0	0	0	0	0	0	0	0	0	0	0	0	0	0	0	0	0	0	0	0	0	0	0	44	0	0	18	0	0	0	0	19	0	173	8	0	128	0	0	0	0	0	0	0	0	0	0	0	0	0	0	0	90	0	8	0	0	0	0	0	0	0	0	0	0	0	0	0	12
assemblage-755-641	0	0	0	0	0	0	7	0	73	0	0	0	0	0	0	0	0	0	0	0	0	0	0	27	0	0	0	0	0	0	0	0	0	0	22	70	0	0	0	0	0	0	0	0	0	210	0	0	68	0	0	0	0	0	0	0	0	0	0	0	0	0	0	0	0	0	0	0	0	0	0	0	0	0	0	0	0	10	0	0	13
assemblage-488-754	0	0	0	0	0	0	0	0	78	0	0	0	0	0	0	0	0	0	0	0	0	0	0	5	0	0	0	0	0	0	0	0	0	0	8	130	0	0	0	0	0	0	0	0	0	250	0	0	12	0	0	0	0	0	0	0	0	0	0	0	0	0	0	0	0	0	0	0	4	0	0	0	0	0	0	0	0	0	0	0	13
assemblage-435-396	0	0	0	0	0	0	0	0	95	0	0	0	0	0	0	0	0	0	0	0	0	0	0	66	0	0	0	0	0	0	0	0	0	0	31	65	0	0	0	0	0	0	0	0	0	210	0	0	15	0	0	0	0	0	0	0	0	0	0	0	0	0	0	0	0	0	0	0	0	0	0	0	0	0	0	0	0	0	0	8	10
assemblage-734-635	0	0	0	0	0	0	0	0	62	0	0	0	0	0	0	0	0	0	0	0	0	0	0	0	0	0	0	0	0	0	0	0	0	0	1	27	11	0	0	0	0	0	0	0	0	259	0	0	87	0	0	0	0	0	0	0	0	0	0	0	0	0	0	0	0	0	0	0	0	0	0	0	0	0	0	0	0	24	0	0	29
assemblage-336-184	0	0	0	0	0	0	0	0	0	0	0	0	0	0	0	0	0	0	0	0	0	0	0	0	0	0	0	0	0	0	0	0	0	0	0	11	0	0	0	0	0	0	0	75	0	236	39	0	120	0	0	0	0	0	0	0	0	0	0	0	0	0	0	0	0	0	0	0	0	0	0	0	0	0	0	0	0	0	0	0	19
assemblage-403-849	0	0	0	0	0	0	0	0	0	0	27	0	0	0	0	0	0	0	0	0	0	0	0	0	0	0	0	0	0	0	0	0	0	0	0	70	0	0	0	0	0	0	0	0	16	329	0	0	46	0	0	0	0	0	0	0	0	0	0	0	0	0	0	0	0	0	0	0	0	0	0	0	0	0	0	0	0	0	0	0	12
assemblage-903-987	0	0	0	0	0	0	0	0	82	5	0	0	0	0	0	0	0	0	0	0	0	0	0	0	0	0	0	0	0	0	0	0	0	0	9	39	11	0	0	0	0	0	0	0	0	160	0	0	95	0	0	0	0	0	0	4	0	0	0	0	0	74	0	0	0	0	0	0	0	0	0	0	0	0	0	0	0	0	0	0	21
assemblage-393-312	7	0	0	0	0	0	0	0	0	0	0	12	0	0	0	0	0	0	0	0	0	0	0	0	0	0	0	0	0	0	0	0	0	0	0	0	0	0	0	0	0	0	0	36	0	126	50	0	104	0	0	0	0	0	0	0	0	0	0	0	0	0	0	0	152	0	0	0	0	0	0	0	0	0	0	0	0	0	0	0	13
assemblage-331-188	0	0	0	0	0	0	0	0	0	0	0	0	0	0	0	0	0	0	7	0	0	0	0	0	0	0	0	0	0	0	0	0	0	0	6	100	0	0	7	0	0	0	0	0	0	302	4	0	53	0	0	0	0	0	0	0	0	0	0	0	0	0	0	0	0	0	10	0	0	0	0	0	0	0	0	0	0	0	0	0	11
assemblage-347-681	0	0	0	0	0	0	0	0	0	0	0	0	0	6	0	0	0	0	0	9	0	0	0	0	0	0	0	0	0	0	0	0	0	0	31	61	0	0	0	0	0	0	0	0	0	318	33	0	13	0	0	0	0	0	0	0	0	0	0	0	0	0	0	15	0	0	0	0	0	0	0	0	0	0	0	0	0	0	0	0	14
assemblage-395-318	0	0	0	0	0	0	0	0	0	0	0	7	0	0	0	0	0	0	0	0	0	0	0	0	0	0	0	0	0	0	0	0	0	0	0	50	0	0	20	0	0	0	0	42	0	147	8	0	127	0	0	0	0	0	0	0	0	0	0	0	0	0	0	0	75	0	17	0	0	0	0	0	0	0	0	0	0	0	0	0	7
assemblage-824-118	0	0	0	0	0	0	0	0	9	0	0	0	0	0	0	0	0	0	0	0	0	0	0	19	0	0	0	0	0	0	0	0	0	0	57	157	0	0	0	0	0	0	0	0	0	151	0	0	93	0	0	0	0	0	0	0	0	0	0	0	0	0	0	0	0	0	0	0	0	0	0	0	0	0	0	0	0	0	0	0	14
assemblage-383-267	0	3	0	0	0	0	0	0	0	0	0	0	0	0	0	0	0	0	0	78	0	0	0	0	0	0	0	0	0	0	0	0	0	0	0	0	0	0	0	17	0	0	0	0	0	289	0	0	48	0	0	0	0	0	0	0	10	0	0	0	0	0	0	0	0	0	0	0	0	0	0	0	0	0	0	0	0	35	0	0	20
assemblage-469-755	0	0	0	0	0	0	0	0	0	0	0	0	0	10	0	0	0	0	0	0	0	0	0	0	0	0	0	0	0	0	13	0	0	0	27	65	0	0	0	0	0	0	0	0	0	353	4	0	5	0	0	0	0	0	0	0	0	0	0	0	0	0	0	15	0	0	0	0	0	0	0	0	0	0	0	0	0	0	0	0	8
assemblage-385-319	0	0	0	0	0	0	0	0	0	0	0	32	8	0	0	0	16	0	0	0	0	0	0	0	8	0	5	0	8	0	0	0	0	0	3	0	0	0	0	0	0	7	0	20	0	85	60	0	41	0	0	0	0	72	0	0	0	0	0	0	0	0	0	0	109	0	15	0	0	0	0	0	0	0	0	0	0	0	0	0	11
assemblage-752-634	0	0	0	0	0	0	30	0	74	0	0	0	0	0	0	0	0	0	0	0	0	0	0	0	0	0	0	0	0	0	0	0	0	0	13	70	0	0	0	0	0	0	0	0	0	257	0	0	33	0	0	0	0	0	0	0	0	0	0	0	0	10	0	0	0	0	0	0	0	0	0	0	0	7	0	0	0	0	0	0	6
assemblage-369-692	0	0	0	0	0	0	0	0	0	0	0	0	0	0	0	0	0	0	0	0	0	0	0	0	0	0	0	0	0	0	0	0	0	0	118	17	119	0	0	0	0	0	0	0	0	0	0	0	59	0	0	0	0	0	0	0	0	0	0	0	0	143	0	0	0	0	0	0	0	0	0	0	12	0	0	0	0	0	0	18	14
assemblage-323-684	0	0	0	0	0	0	0	0	0	0	0	0	0	15	0	0	0	0	0	0	0	0	0	0	0	0	0	0	0	0	11	0	0	0	38	61	0	0	0	0	0	0	0	0	0	321	0	0	10	0	0	0	0	0	0	0	0	0	0	0	0	0	0	24	0	0	0	0	0	0	0	0	0	0	0	0	0	0	0	0	20
assemblage-869-918	0	0	0	0	0	0	0	0	7	0	0	0	0	0	0	0	0	0	0	0	0	0	0	25	0	0	0	0	0	0	0	0	0	0	53	162	0	0	0	0	0	0	0	0	0	154	0	0	80	0	0	0	0	0	0	0	0	0	0	0	0	0	0	0	0	0	0	0	0	0	0	0	0	0	0	0	0	0	0	0	19
assemblage-501-749	0	4	0	0	0	0	0	0	4	0	0	0	0	0	0	0	0	0	0	79	0	0	0	0	0	0	0	0	0	0	0	0	0	0	0	0	0	0	0	7	0	0	0	0	0	299	0	0	55	0	0	0	0	0	0	0	17	0	0	0	0	0	0	0	0	0	0	0	0	0	0	0	0	0	0	0	0	25	0	0	10
assemblage-501-748	0	0	0	0	0	0	0	0	24	0	0	0	0	0	0	0	0	0	0	0	0	0	0	41	0	0	0	10	0	0	0	0	0	0	260	68	0	0	0	0	0	0	0	0	0	80	0	0	0	0	0	0	0	0	0	0	0	0	0	0	0	0	0	0	0	0	0	0	0	0	0	0	0	0	0	0	0	0	0	0	17
assemblage-213-781	0	0	0	0	0	0	0	0	0	0	0	0	0	0	0	0	0	0	0	0	0	0	6	0	0	0	0	0	0	0	0	0	0	0	0	23	0	0	10	0	0	0	0	0	0	289	67	0	48	0	0	28	0	0	0	0	0	0	0	0	0	0	0	0	0	0	0	0	0	0	0	0	0	0	0	0	0	0	0	0	29
assemblage-688-285	0	0	0	0	0	0	0	0	184	0	0	0	0	0	0	0	0	0	0	0	0	0	0	0	0	0	0	0	0	0	0	0	0	0	33	7	6	0	0	0	0	0	0	0	0	63	0	0	88	0	0	0	0	0	0	0	0	0	0	0	0	105	0	0	0	0	0	0	0	0	9	0	0	0	0	0	0	0	0	0	5
assemblage-932-998	0	0	0	0	0	0	0	0	100	0	0	0	0	0	0	0	0	0	0	0	0	0	0	0	0	0	0	0	0	0	0	0	0	0	5	25	9	0	0	0	0	0	0	0	0	131	0	0	128	0	0	0	0	0	0	0	0	0	0	0	0	82	0	0	0	0	0	0	0	0	0	0	0	0	0	0	0	0	0	0	20
assemblage-761-624	0	0	0	0	0	0	31	0	97	0	0	0	0	0	0	0	0	0	0	0	0	0	0	0	0	0	0	0	0	0	0	0	0	0	8	80	0	0	0	0	0	0	0	0	0	220	0	0	37	0	0	0	0	0	0	0	0	0	0	0	0	8	0	0	0	0	0	0	0	0	0	0	0	5	0	0	0	0	0	0	14
assemblage-137-330	0	0	0	0	0	0	0	0	15	0	0	0	0	0	0	0	0	0	0	17	9	0	0	0	0	0	0	0	0	0	0	0	0	0	72	197	0	0	0	0	0	0	0	0	0	130	35	0	9	0	0	0	0	0	0	0	0	0	0	0	0	0	0	0	0	0	0	0	0	0	0	0	0	0	0	0	0	0	0	0	16
assemblage-754-638	0	0	0	7	0	0	0	0	13	0	0	0	0	0	0	0	0	0	0	0	0	0	0	28	0	0	0	0	0	0	0	0	0	0	61	132	0	0	0	0	0	0	0	0	0	163	0	0	85	0	0	0	0	0	0	0	0	0	0	0	0	0	0	0	0	0	0	0	0	0	0	0	0	0	0	0	0	0	0	0	11
assemblage-729-1006	0	0	0	0	0	0	0	0	99	0	0	0	0	0	0	0	0	0	0	0	0	0	0	0	0	0	0	0	0	0	0	0	0	0	10	29	6	0	0	0	0	0	0	0	0	148	0	0	127	0	0	0	0	0	0	0	0	0	0	0	0	62	0	0	0	0	0	0	0	0	0	0	0	0	0	0	0	0	0	0	19
assemblage-842-915	0	0	0	0	0	0	0	0	75	0	0	0	0	0	0	0	0	0	0	0	0	0	0	76	0	0	0	0	0	0	0	0	0	0	25	49	0	0	0	0	0	0	0	0	0	233	0	0	27	0	0	0	0	0	0	0	0	0	0	0	0	0	0	0	0	0	0	0	0	0	0	0	0	0	0	0	0	0	0	6	9
assemblage-851-901	0	0	0	0	0	0	21	0	111	0	0	0	0	0	0	0	0	0	0	0	0	0	0	0	0	0	0	0	0	0	0	0	0	0	3	86	0	0	0	0	0	0	0	0	0	227	0	0	28	0	0	0	0	0	0	0	0	0	0	0	0	5	0	0	0	0	0	0	0	0	0	0	0	10	0	0	0	0	0	0	9
assemblage-828-136	0	0	0	0	0	0	21	0	115	0	0	0	0	0	0	0	0	0	0	0	0	0	0	0	0	0	0	0	0	0	0	0	0	0	4	82	7	0	0	0	0	0	0	0	0	215	0	0	38	0	0	0	0	0	0	0	0	0	0	0	0	5	0	0	0	0	0	0	0	0	0	0	0	8	0	0	0	0	0	0	5
assemblage-600-497	0	0	0	0	0	0	0	0	168	0	0	0	0	0	0	0	0	0	0	0	0	0	0	0	0	0	0	0	0	0	0	0	0	0	31	4	9	0	0	0	0	0	0	0	0	72	0	0	94	0	0	0	0	0	0	0	0	0	0	0	0	99	0	0	0	0	0	0	0	0	12	0	0	0	0	0	0	0	0	0	11
assemblage-437-378	0	0	0	0	0	0	0	0	71	0	0	0	0	0	0	0	0	0	0	0	0	0	0	0	0	0	0	0	0	0	0	0	0	0	11	29	13	0	0	0	0	0	0	0	0	252	0	0	78	0	0	0	0	0	0	0	0	0	0	0	0	0	0	0	0	0	0	0	0	0	0	0	0	0	0	0	0	28	0	0	18
assemblage-458-410	0	0	0	10	0	0	0	0	13	0	0	0	0	0	0	0	0	0	0	0	0	0	0	26	0	0	0	0	0	0	0	0	0	0	53	140	0	0	0	0	0	0	0	0	0	159	0	0	88	0	0	0	0	0	0	0	0	0	0	0	0	0	0	0	0	0	0	0	0	0	0	0	0	0	0	0	0	0	0	0	11
assemblage-685-923	0	0	0	0	0	0	0	0	0	0	0	0	0	0	0	0	0	0	0	0	0	0	0	0	0	0	0	0	0	0	0	0	0	0	20	85	0	0	0	0	0	0	0	0	0	322	53	0	11	0	0	0	0	0	0	0	0	0	0	0	0	0	0	0	0	0	0	0	0	0	0	0	0	0	0	0	0	0	0	0	9
assemblage-477-657	0	0	0	0	0	0	0	0	9	0	0	0	0	0	0	0	0	0	0	0	0	0	0	0	0	0	0	0	0	0	0	0	0	0	214	83	0	0	0	0	0	0	0	0	0	20	0	0	42	0	0	0	0	0	0	0	0	0	0	0	0	110	0	0	0	0	0	0	0	0	0	0	0	0	0	2	0	0	0	0	20
assemblage-612-275	0	0	0	0	0	0	0	0	25	0	0	0	0	17	0	0	0	0	0	34	0	0	0	14	0	0	0	0	0	0	0	0	0	0	0	173	0	0	0	15	0	0	0	0	0	176	0	0	0	0	0	0	0	0	0	0	0	0	0	7	0	0	0	23	0	0	0	0	0	0	0	0	0	0	0	0	0	0	0	0	16
assemblage-210-937	0	0	0	0	0	14	0	0	42	0	0	0	0	0	0	0	0	0	0	0	0	0	0	70	0	0	0	0	0	0	0	0	0	0	11	150	0	0	0	0	0	0	0	0	0	189	0	0	16	0	0	0	0	0	0	0	0	0	0	0	0	0	0	0	0	0	0	0	0	0	0	0	0	0	0	0	0	0	0	0	8
assemblage-240-109	0	0	0	0	0	0	0	0	0	0	0	0	0	0	0	0	0	0	0	0	0	0	0	0	0	0	0	0	0	0	0	0	0	0	0	5	0	0	0	0	0	0	0	0	0	243	54	0	166	7	0	0	0	0	0	0	0	0	0	0	0	0	0	0	0	0	0	0	0	0	0	0	0	0	0	0	0	0	0	0	25
assemblage-879-838	0	0	0	0	0	0	0	0	0	0	0	0	0	14	0	0	0	0	0	0	0	0	0	0	0	0	0	0	0	0	0	0	0	0	76	216	0	0	0	6	0	0	16	0	0	83	0	0	61	0	0	0	0	0	0	0	0	0	0	0	0	0	0	0	0	0	0	0	0	0	0	0	0	0	0	0	0	0	0	0	28
assemblage-524-131	0	0	0	0	0	0	0	0	0	0	0	0	0	9	0	0	0	0	0	0	0	0	0	0	0	0	0	0	0	0	11	0	0	0	44	73	0	0	0	0	0	0	0	0	0	303	0	0	12	0	0	0	0	0	0	0	0	0	0	0	0	0	0	23	0	0	0	0	0	0	0	0	0	0	0	0	0	0	0	0	25
assemblage-255-725	0	0	0	0	0	0	0	0	0	0	0	0	0	0	0	0	0	0	0	0	0	0	0	0	0	0	0	0	0	0	0	0	0	0	92	4	0	0	0	0	0	0	0	0	0	0	0	0	82	0	0	0	0	0	12	0	0	0	0	0	0	242	0	0	0	0	0	0	0	0	0	0	61	0	0	0	0	0	0	0	7
assemblage-745-570	0	0	0	0	0	16	0	0	36	0	0	0	0	0	0	0	0	0	0	0	0	0	0	55	0	0	0	0	0	0	0	0	0	0	15	159	0	0	0	0	0	0	0	0	0	185	0	0	16	0	0	0	0	0	0	0	0	0	0	0	0	0	0	0	0	0	0	0	0	0	0	0	0	0	0	0	0	0	0	0	18
assemblage-585-727	0	0	0	0	0	0	0	0	26	8	0	0	0	0	0	0	0	0	0	0	0	0	0	0	0	0	0	0	0	0	0	0	0	0	80	106	14	0	0	0	0	0	0	0	0	156	0	0	81	0	0	0	0	0	0	0	0	0	0	0	0	9	0	0	0	0	0	0	0	0	0	0	0	0	0	0	9	0	0	0	11
assemblage-243-162	9	0	0	0	0	0	0	0	0	0	0	17	0	0	0	0	0	0	0	0	0	0	0	0	0	0	0	0	0	0	0	0	0	0	0	0	0	0	0	0	0	0	0	37	0	165	57	0	85	0	0	0	0	0	0	0	0	0	0	0	0	0	0	0	121	0	0	0	0	0	0	0	0	0	0	0	0	0	0	0	9
assemblage-246-669	0	0	0	0	0	0	0	0	0	0	47	44	0	0	0	0	0	0	0	0	0	0	0	0	0	0	0	0	0	5	0	0	0	0	34	30	0	0	0	0	0	0	0	0	0	99	73	0	109	0	0	0	10	0	0	0	0	0	0	0	0	0	0	0	14	0	0	0	0	17	0	0	0	0	0	0	0	0	0	0	18
assemblage-478-642	0	0	0	0	0	0	0	0	7	0	0	0	0	0	0	0	0	0	0	0	0	0	0	0	0	0	0	0	0	0	0	0	0	0	208	80	0	0	0	0	0	0	0	0	0	20	0	0	28	0	0	0	0	0	0	0	0	0	0	0	0	132	0	0	0	0	0	0	0	0	0	0	0	0	0	6	0	0	0	0	19
assemblage-821-647	0	0	0	0	0	0	0	0	31	0	0	0	0	0	0	0	0	0	0	0	0	0	0	0	0	0	0	0	0	0	0	0	0	19	217	182	37	0	0	0	0	0	0	0	0	0	0	0	6	0	0	0	0	0	0	0	0	0	0	0	0	0	0	0	0	0	0	0	0	0	0	0	0	0	0	0	0	0	0	0	8
assemblage-243-797	0	0	0	0	0	0	0	0	0	0	48	60	0	0	0	0	0	0	0	0	0	0	0	0	0	0	0	0	0	0	0	0	0	0	29	16	0	0	0	0	0	0	0	0	0	116	79	0	99	0	0	0	0	0	0	0	0	0	0	0	0	0	0	0	24	0	0	0	0	12	0	0	0	0	0	0	0	0	0	0	17
assemblage-821-643	0	0	0	0	0	0	0	0	16	0	0	0	0	0	0	0	0	0	0	0	0	0	0	0	0	0	0	0	0	0	0	0	0	20	196	204	38	0	0	0	0	0	0	0	0	0	0	0	11	0	0	0	0	0	0	0	0	0	0	0	0	0	0	0	0	0	0	0	0	0	0	0	0	0	0	0	0	0	0	0	15
assemblage-611-922	0	0	0	0	0	0	0	0	21	0	0	0	0	0	0	0	0	0	0	0	0	0	0	0	0	0	0	0	0	0	0	0	0	0	91	107	0	0	0	0	0	0	0	0	0	62	0	0	181	0	0	0	0	0	0	0	0	0	0	0	0	17	0	0	0	0	0	0	0	0	0	0	0	0	0	0	0	0	0	0	21
assemblage-724-995	0	0	0	0	0	0	0	0	66	7	0	0	0	0	0	0	0	0	0	0	0	0	0	0	0	0	0	0	0	0	0	0	0	0	35	52	30	0	0	0	0	0	0	0	0	139	0	0	118	0	0	0	0	0	0	0	0	0	0	0	0	21	0	0	0	0	0	0	0	0	0	0	5	0	0	0	0	0	0	9	18
assemblage-393-321	0	0	0	0	0	0	0	0	0	0	0	0	0	0	0	0	0	0	0	0	0	0	0	0	0	0	0	0	0	0	0	0	0	0	0	14	0	0	0	0	0	0	0	0	0	248	55	0	169	3	0	0	0	0	0	0	0	0	0	0	0	0	0	0	0	0	0	0	0	0	0	0	0	0	0	0	0	0	0	0	11
assemblage-728-992	0	0	0	0	0	0	0	0	124	0	0	0	0	0	0	0	0	0	0	0	0	0	0	0	0	0	0	0	0	0	0	0	0	0	21	27	6	0	0	0	0	0	0	0	0	147	0	9	74	0	0	0	0	0	0	0	0	0	0	0	0	14	0	0	0	0	0	0	0	0	0	0	0	0	0	0	0	0	0	56	22
assemblage-597-731	0	0	0	0	0	0	0	0	28	7	0	0	0	0	0	0	0	0	0	0	0	0	0	0	0	0	0	0	0	0	0	0	0	0	12	83	52	0	0	0	0	0	0	0	0	74	0	0	208	0	0	0	0	0	0	0	0	0	0	0	0	0	0	0	0	0	0	0	0	0	0	0	22	0	0	0	0	0	0	9	5
assemblage-605-717	0	0	0	0	0	0	0	0	94	0	0	0	0	0	0	0	0	0	0	0	0	0	0	0	0	0	0	0	0	0	0	0	9	0	24	24	11	0	0	0	0	0	0	0	0	169	0	9	93	0	0	0	0	0	0	0	0	0	0	0	0	15	0	0	0	0	0	0	0	0	0	0	0	0	0	0	0	0	6	40	6
assemblage-668-930	0	0	0	0	0	0	0	0	0	0	31	0	0	0	0	0	0	0	0	0	0	0	0	0	0	0	0	0	0	0	0	0	0	0	0	68	0	0	0	0	0	0	0	0	3	322	0	0	64	0	0	0	0	0	0	0	0	0	0	0	0	0	0	0	0	0	0	0	0	0	0	0	0	0	0	0	0	0	0	0	12
assemblage-405-318	0	0	0	0	0	0	0	0	0	0	0	28	0	0	0	0	7	0	0	0	0	0	0	0	6	0	11	0	5	0	0	0	0	0	5	0	0	0	0	0	0	0	0	21	0	92	79	0	57	0	0	0	0	56	0	0	0	0	0	0	0	0	0	0	79	0	30	0	0	0	0	0	0	0	0	0	0	0	0	0	24
assemblage-121-343	0	0	0	0	0	7	0	0	22	0	0	0	0	0	0	0	0	0	0	11	0	0	0	17	0	0	0	0	0	0	0	0	0	0	102	15	0	0	0	8	0	0	0	0	0	210	0	0	95	0	0	0	0	0	0	0	0	0	0	9	0	0	0	0	0	0	0	0	0	0	0	0	0	0	0	0	0	0	0	0	4
assemblage-576-485	0	0	0	0	0	0	0	0	0	0	0	17	9	0	0	0	21	0	0	0	0	0	0	0	6	0	0	0	4	0	0	0	0	0	0	0	0	0	0	0	0	0	0	31	0	118	56	0	41	0	0	0	0	63	0	0	0	0	0	0	0	0	0	0	85	0	17	0	0	0	0	0	0	0	0	0	0	0	0	0	32
assemblage-387-847	0	0	0	0	0	0	0	0	0	0	0	0	0	0	0	0	0	0	0	0	0	0	0	0	0	0	0	0	0	0	0	0	0	0	22	119	0	0	0	0	0	0	0	0	0	246	0	0	86	0	0	0	0	0	0	0	0	0	0	0	0	0	0	0	0	0	0	0	0	14	0	0	0	0	0	0	0	0	0	0	13
assemblage-453-406	0	0	0	4	0	0	0	0	9	0	0	0	0	0	0	0	0	0	0	0	0	0	0	30	0	0	0	0	0	0	0	0	0	0	50	153	0	0	0	0	0	0	0	0	0	170	0	0	69	0	0	0	0	0	0	0	0	0	0	0	0	0	0	0	0	0	0	0	0	0	0	0	0	0	0	0	0	0	0	0	15
assemblage-739-488	0	0	0	0	0	0	0	0	34	0	0	0	0	0	0	0	0	0	0	0	0	0	0	0	0	0	0	0	0	0	0	0	0	0	17	80	55	0	0	0	0	0	0	0	0	67	0	0	212	0	0	0	0	0	0	0	0	0	0	0	0	0	0	0	0	0	0	0	0	0	0	0	24	0	0	0	0	0	0	7	4
assemblage-412-860	0	0	0	0	0	0	0	0	0	0	0	0	0	0	0	0	0	0	31	0	0	0	0	0	0	0	0	0	0	0	0	0	0	0	27	29	0	0	0	0	0	0	0	0	0	334	60	0	0	0	0	0	0	0	0	0	0	0	0	0	0	0	0	0	0	0	0	0	0	0	0	0	0	0	0	0	0	0	0	0	19
assemblage-472-664	0	0	0	0	0	0	0	0	8	0	0	0	0	0	0	0	0	0	0	0	0	0	0	0	0	0	0	0	0	0	0	0	0	0	215	106	0	0	0	0	0	0	0	0	0	13	0	0	27	0	0	0	0	0	0	0	0	0	0	0	0	119	0	0	0	0	0	0	0	0	0	0	0	0	0	0	0	0	0	0	12
assemblage-348-188	0	0	0	0	0	0	0	0	0	0	0	0	0	0	0	0	0	0	0	0	0	0	0	0	0	0	0	0	0	0	0	0	0	0	0	32	0	0	8	0	0	0	0	0	0	271	65	0	62	0	0	23	0	0	0	0	0	6	0	0	0	0	0	0	0	0	0	0	0	0	0	0	0	0	0	0	0	0	0	0	33
assemblage-932-368	0	0	0	0	0	0	0	0	21	0	0	0	0	18	0	0	0	0	0	33	0	0	0	22	0	0	0	0	0	0	0	0	0	0	0	174	0	0	0	26	0	0	0	0	0	145	0	0	0	0	0	0	0	0	0	0	0	0	0	12	0	0	0	39	0	0	0	0	0	0	0	0	0	0	0	0	0	0	0	0	10
assemblage-235-123	0	0	0	0	0	0	0	0	0	0	0	31	7	0	0	0	10	0	0	0	0	0	0	0	0	0	5	0	14	0	0	0	0	0	5	0	0	0	0	0	0	0	0	36	0	84	79	0	53	0	0	0	0	62	0	0	0	0	0	0	0	0	0	0	79	0	19	0	0	0	0	0	0	0	0	0	0	0	0	0	16
assemblage-209-484	0	0	0	0	0	16	0	0	24	0	0	0	0	0	0	0	0	0	0	10	0	0	0	4	0	0	0	0	0	0	0	0	0	0	119	14	0	0	0	7	0	0	0	0	0	206	0	0	86	0	0	0	0	0	0	0	0	0	0	0	0	0	0	0	0	0	0	0	0	0	0	0	0	0	0	0	0	0	0	0	14
assemblage-420-841	0	0	0	0	0	0	0	0	0	0	0	0	0	0	0	0	0	0	0	0	0	0	0	0	0	0	0	0	0	0	0	0	0	0	23	124	0	0	0	0	0	0	0	0	0	206	0	0	102	0	0	0	0	0	0	0	0	0	0	0	0	0	0	0	0	0	0	0	0	20	0	0	0	0	0	0	0	0	0	0	25
assemblage-360-710	0	0	0	0	0	0	0	0	181	0	0	0	0	0	0	0	0	0	0	0	0	0	0	0	0	0	0	0	0	0	0	0	0	0	32	0	0	0	0	0	0	0	0	0	0	62	0	0	90	0	0	0	0	0	0	0	0	0	0	0	0	96	0	0	0	0	0	0	0	0	20	0	0	0	0	0	0	0	0	0	19
assemblage-234-940	0	0	0	0	0	15	0	0	40	0	0	0	0	0	0	0	0	0	0	0	0	0	0	65	0	0	0	0	0	0	0	0	0	0	20	171	0	0	0	0	0	0	0	0	0	168	0	0	13	0	0	0	0	0	0	0	0	0	2	0	0	0	0	0	0	0	0	0	0	0	0	0	0	0	0	0	0	0	0	0	6
assemblage-827-631	0	0	0	0	0	0	0	0	24	0	0	0	0	0	0	0	0	0	0	0	0	0	0	0	0	0	0	0	0	0	0	0	0	11	197	215	37	0	0	0	0	0	0	0	0	0	0	0	8	0	0	0	0	0	0	0	0	0	0	0	0	0	0	0	0	0	0	0	0	0	0	0	0	0	0	0	0	0	0	0	8
assemblage-254-112	0	0	0	0	0	0	0	0	0	0	0	8	0	0	0	0	0	0	0	0	0	0	0	0	0	0	0	0	0	0	0	0	0	0	0	59	0	0	23	0	0	0	0	17	0	154	6	0	138	0	0	0	0	0	0	0	0	0	0	0	0	0	0	0	78	0	12	0	0	0	0	0	0	0	0	0	0	0	0	0	5
assemblage-214-177	0	0	0	0	0	0	0	0	0	0	0	4	0	0	0	0	0	0	0	0	0	0	0	0	0	0	0	0	0	0	0	0	0	0	0	45	0	0	25	0	0	0	0	32	0	158	7	0	131	0	0	0	0	0	0	0	0	0	0	0	0	0	0	0	73	0	15	0	0	0	0	0	0	0	0	0	0	0	0	0	10
assemblage-224-778	0	0	0	0	0	0	0	0	0	0	20	6	0	0	0	0	0	0	0	0	0	0	0	0	0	0	0	0	0	0	0	0	0	0	8	43	0	0	0	0	0	0	0	16	0	235	44	0	78	0	0	12	0	0	0	0	0	0	0	0	0	0	0	0	0	0	0	0	0	7	0	0	0	0	0	0	0	0	0	0	31
assemblage-441-398	0	0	0	0	0	0	33	0	104	0	0	0	0	0	0	0	0	0	0	0	0	0	0	0	0	0	0	0	0	0	0	0	0	0	10	77	0	0	0	0	0	0	0	0	0	226	0	0	27	0	0	0	0	0	0	0	0	0	0	0	0	8	0	0	0	0	0	0	0	0	0	0	0	6	0	0	0	0	0	0	9
assemblage-743-627	0	0	0	0	0	0	34	0	85	0	0	0	0	0	0	0	0	0	0	0	0	0	0	0	0	0	0	0	0	0	0	0	0	0	9	94	0	0	0	0	0	0	0	0	0	212	0	0	36	0	0	0	0	0	0	0	0	0	0	0	0	5	0	0	0	0	0	0	0	0	0	0	0	19	0	0	0	0	0	0	6
assemblage-519-125	0	0	0	0	0	0	0	0	0	0	0	0	0	9	0	0	0	0	0	0	0	0	0	0	0	0	0	0	0	0	0	0	0	0	43	55	0	0	0	0	0	0	0	0	0	309	48	0	13	0	0	0	0	0	0	0	0	0	0	0	0	0	0	7	0	0	0	0	0	0	0	0	0	0	0	0	0	0	0	0	16
assemblage-483-768	0	0	0	0	4	0	0	0	0	0	18	0	0	0	0	0	0	0	0	0	0	0	0	0	0	0	0	0	0	0	0	0	0	0	25	174	0	7	0	0	0	0	0	0	0	99	0	0	146	0	0	0	0	0	0	0	0	0	0	0	0	0	0	7	0	0	0	0	0	0	0	0	0	0	4	0	0	0	0	0	16
assemblage-526-107	0	0	0	0	0	0	0	0	0	0	0	0	0	19	0	0	0	0	0	0	0	0	0	0	0	0	0	0	0	0	18	0	0	0	40	63	0	0	0	0	0	0	0	0	0	307	9	0	12	0	0	0	0	0	0	0	0	0	0	0	0	0	0	22	0	0	0	0	0	0	0	0	0	0	0	0	0	0	0	0	10
assemblage-211-180	10	0	0	0	0	0	0	0	0	0	0	17	0	0	0	0	0	0	0	0	0	0	0	0	0	0	0	0	0	0	0	0	0	0	0	0	0	0	0	0	0	0	0	43	0	171	36	0	74	0	0	0	0	0	0	0	0	0	0	0	0	0	0	0	141	0	0	0	0	0	0	0	0	0	0	0	0	0	0	0	8
assemblage-264-360	0	0	0	0	0	0	0	0	0	0	0	0	0	0	0	0	0	0	26	0	0	0	0	0	0	0	0	0	0	0	0	0	0	0	23	16	0	0	0	0	0	0	0	0	0	373	46	0	0	0	0	0	0	0	0	0	0	0	0	0	0	0	0	0	0	0	0	0	0	0	0	0	0	0	0	0	0	0	0	0	16
assemblage-264-339	0	0	0	0	0	0	0	0	0	0	0	0	0	0	0	0	0	0	32	0	0	0	0	0	0	0	0	0	0	0	0	0	0	0	47	21	0	0	0	0	0	0	0	0	0	326	51	0	6	0	0	0	0	0	0	0	0	0	0	0	0	0	0	0	0	0	0	0	0	0	0	0	0	0	0	0	0	0	0	0	17
assemblage-109-340	0	0	0	0	0	0	0	0	16	0	0	0	0	0	0	0	0	0	0	19	4	0	0	0	0	0	0	0	0	0	0	0	0	0	55	181	0	0	0	0	0	0	0	0	0	176	33	0	5	0	0	0	0	0	0	0	0	0	0	0	0	0	0	0	0	0	0	0	0	0	0	0	0	0	0	0	0	0	0	0	11
assemblage-675-940	0	0	0	0	0	0	0	0	0	0	0	0	0	0	0	0	0	0	0	0	0	0	0	0	0	0	0	0	0	0	0	0	0	0	35	114	0	0	0	0	0	0	0	0	0	229	0	0	95	0	0	0	0	0	0	0	0	0	0	0	0	0	0	0	0	0	0	0	0	10	0	0	0	0	0	0	0	0	0	0	17
assemblage-918-974	0	0	0	0	0	0	0	0	10	4	0	0	0	0	0	0	0	0	0	0	0	0	0	0	0	0	0	0	0	0	0	0	0	0	106	129	6	0	0	0	0	0	0	0	0	149	0	0	74	0	0	0	0	0	0	0	0	0	0	0	0	2	0	0	0	0	0	0	0	0	0	0	0	0	0	0	11	0	0	0	9
assemblage-609-945	0	0	0	0	0	0	0	0	60	0	0	0	0	0	0	0	0	26	0	0	0	0	0	0	0	0	0	0	0	0	0	0	0	0	101	8	21	0	0	0	11	0	0	0	0	41	0	0	101	0	0	0	0	0	0	0	0	0	0	0	0	124	0	0	0	0	0	0	0	0	0	0	0	0	0	0	0	0	0	0	7
assemblage-399-852	0	0	0	0	0	0	0	0	0	0	0	0	0	0	0	0	0	0	0	0	0	0	0	0	0	0	0	0	0	0	0	0	0	0	36	132	0	0	0	0	0	0	0	0	0	211	0	0	100	0	0	0	0	0	0	0	0	0	0	0	0	0	0	0	0	0	0	0	0	12	0	0	0	0	0	0	0	0	0	0	9
assemblage-350-720	0	0	0	0	0	0	0	0	5	0	0	0	0	0	0	0	0	0	0	0	0	0	0	0	0	0	0	0	0	0	0	0	0	0	82	132	10	0	0	0	0	0	0	0	0	51	0	0	181	0	0	0	0	0	0	0	0	0	0	0	0	26	0	0	0	0	0	0	0	0	0	0	0	0	0	0	0	0	0	0	13
assemblage-762-597	0	0	0	0	0	20	0	0	43	0	0	0	0	0	0	0	0	0	0	0	0	0	0	69	0	0	0	0	0	0	0	0	0	0	12	176	0	0	0	0	0	0	0	0	0	159	0	0	7	0	0	0	0	0	0	0	0	0	0	0	0	0	0	0	0	0	0	0	0	0	0	0	0	0	0	0	0	0	0	0	14
assemblage-818-138	0	0	0	7	0	0	0	0	3	0	0	0	0	0	0	0	0	0	0	0	0	0	0	20	0	0	0	0	0	0	0	0	0	0	57	142	0	0	0	0	0	0	0	0	0	172	0	0	90	0	0	0	0	0	0	0	0	0	0	0	0	0	0	0	0	0	0	0	0	0	0	0	0	0	0	0	0	0	0	0	9
assemblage-252-346	0	0	0	0	0	0	0	0	0	0	0	0	0	0	0	0	0	0	0	0	0	0	0	0	0	0	0	0	0	0	0	0	0	0	19	101	0	0	0	0	0	0	0	0	0	327	34	0	15	0	0	0	0	0	0	0	0	0	0	0	0	0	0	0	0	0	0	0	0	0	0	0	0	0	0	0	0	0	0	0	4
assemblage-362-702	0	0	0	0	0	0	0	0	0	0	0	0	0	0	0	0	0	0	0	0	0	0	0	0	0	0	0	0	0	0	0	0	0	0	111	19	106	0	0	0	0	0	0	0	0	0	0	0	68	0	0	0	0	0	0	0	0	0	0	0	0	154	0	0	0	0	0	0	0	0	0	0	17	0	0	0	0	0	0	13	12
assemblage-516-120	0	0	0	0	0	0	0	0	0	0	0	0	0	13	0	0	0	0	0	0	0	0	0	0	0	0	0	0	0	0	12	0	0	0	28	58	0	0	0	0	0	0	0	0	0	335	0	0	10	0	0	0	0	0	0	0	0	0	0	0	0	0	0	29	0	0	0	0	0	0	0	0	0	0	0	0	0	0	0	0	15
assemblage-122-342	0	0	0	0	0	10	0	0	15	0	0	0	0	0	0	0	0	0	0	21	5	0	0	0	0	0	0	0	0	0	0	0	0	0	49	188	0	0	0	0	0	0	0	0	0	169	36	0	0	0	0	0	0	0	0	0	0	0	0	0	0	0	0	0	0	0	0	0	0	0	0	0	0	0	0	0	0	0	0	0	7
assemblage-516-122	0	0	0	0	0	0	0	0	0	0	0	0	0	15	0	0	0	0	0	0	0	0	0	0	0	0	0	0	0	0	0	0	0	0	36	76	0	0	0	0	0	0	0	0	0	293	32	0	16	0	0	0	0	0	0	0	0	0	0	0	0	0	0	12	0	0	0	0	0	0	0	0	0	0	0	0	0	0	0	0	20
assemblage-733-469	0	0	0	0	0	0	0	0	95	0	0	0	0	0	0	0	0	0	0	0	0	0	0	0	0	0	0	0	0	0	0	0	0	0	25	27	11	0	0	0	0	0	0	0	0	182	0	8	85	0	0	0	0	0	0	0	0	0	0	0	0	9	0	0	0	0	0	0	0	0	0	0	0	0	0	0	0	0	0	45	13
assemblage-602-744	0	0	0	0	0	0	0	0	122	0	0	0	0	0	0	0	0	0	0	0	0	0	0	0	0	0	0	0	0	0	0	0	6	0	24	28	8	0	0	0	0	0	0	0	0	159	0	6	90	0	0	0	0	0	0	0	0	0	0	0	0	10	0	0	0	0	0	0	0	0	0	0	0	0	0	0	0	0	0	33	14
assemblage-412-842	0	0	0	0	0	0	0	0	0	0	0	0	0	0	0	0	0	0	0	0	0	0	0	0	0	0	0	0	0	0	0	0	0	0	10	101	0	0	0	0	0	0	0	0	0	304	72	0	4	0	0	0	0	0	0	0	0	0	0	0	0	0	0	0	0	0	0	0	0	0	0	0	0	0	0	0	0	0	0	0	9
assemblage-496-749	0	0	0	0	0	0	0	0	68	0	0	0	0	0	0	0	0	0	0	0	0	5	0	9	0	0	0	0	0	0	0	0	0	0	14	108	0	0	0	0	0	0	0	0	0	263	0	0	11	0	0	0	0	0	0	0	0	0	0	0	0	0	9	0	0	0	0	0	9	0	0	0	0	0	0	0	0	0	0	0	4
assemblage-758-647	0	0	0	0	0	0	0	0	66	0	0	0	0	0	0	0	0	0	0	0	0	0	0	0	0	0	0	0	0	0	0	0	0	0	4	26	10	0	0	0	0	0	0	0	0	281	0	0	71	0	0	0	0	0	0	0	0	0	0	0	0	0	0	0	0	0	0	0	0	0	0	0	0	0	0	0	0	21	0	0	21
assemblage-605-283	0	0	0	0	0	5	0	0	20	0	0	0	0	0	0	0	0	0	0	26	0	0	0	14	0	0	0	0	0	0	0	0	0	0	108	16	0	0	0	7	0	0	0	0	0	227	0	0	66	0	0	0	0	0	0	0	0	0	0	5	0	0	0	0	0	0	0	0	0	0	0	0	0	0	0	0	0	0	0	0	6
assemblage-559-476	0	0	0	0	0	0	0	0	0	0	0	16	0	0	0	0	0	0	0	0	0	0	0	0	0	0	0	0	0	0	0	0	0	0	0	12	0	0	2	0	0	0	0	24	0	179	35	0	111	0	0	0	0	13	0	0	0	0	0	0	0	0	0	0	77	0	5	0	0	0	0	0	0	0	0	0	0	0	0	0	26
assemblage-110-339	0	0	0	0	0	0	0	0	32	0	0	0	0	18	0	0	0	0	0	19	0	0	0	14	0	0	0	0	0	0	0	0	0	0	0	182	0	0	0	30	0	0	0	0	0	138	0	0	0	0	0	0	0	0	0	0	0	0	0	24	0	0	0	32	0	0	0	0	0	0	0	0	0	0	0	0	0	0	0	0	11
