Assemblage_Name	1-6749004-3	1-3-6060424	0-2240727-0	3-0-2214839	8819633-3-8824599	1-8156414-7519527	1-3-1517043	1-258511-9258641	6450305-3-3	1-3-6037924	1-3-4463406	1-3-9258641	1-5127672-3	0-6420075-0	1-8156414-5210008	1-3-8461666	13785-3-1517043	0-1449546-0	1-3-2905398	1-8207196-1517043	1-3-276805	0-3376418-0	9291983-4923142-4051409	8184657-4707682-2	1-3-1192933	8685439-2-0	1-2971891-9258641	8184657-0-9576050	1-3-6923148	4671214-2-0	0-4808887-0	0-9904410-0	1880725-0-4051409	1-8526610-1517043	3120498-104923-1517043	8184657-5129830-2	916680-0-2	1-6749004-104376	1-8526610-2877577	1757663-2-0	3326265-2971891-9258641	8723467-3-9258641	1255240-3-9258641	0-8520084-0	3740074-3-9258641	1-8156414-1517043	1-3306794-3	7290849-3-9258641	1057318-8156414-1517043	0-2-0	8819633-3-9258641	1-3-3	0-9904410-9118967	735171-2-0	6631896-3-9258641	49629-3-9258641	0-2-8337021	8184657-396758-2	9890892-0-4051409	7351262-2-0	4-4295029-3	8230383-2-0	0-6229210-0	1-3-2617796	2-4145887-982476	9938460-0-2	0-2-4160314	9167500-2-0	1-8156414-186313	8819633-2230716-9258641	8184657-0-9809282	0-3611706-0	1-2919486-9258641	3-0-1	4-4-3	1-8194289-9258641	8184657-0-6364866	0-2240727-55391	1200528-6420075-0	4896893-0-2	2-4196683-982476	6441791-2-0	9291983-0-4051409	1319660-2-0	8184657-0-4051409	9134804-0-2	8184657-0-2	0-6647474-0
assemblage-250-731	0	0	0	0	0	0	176	0	0	0	0	0	0	0	0	0	0	0	7	0	0	0	0	0	0	0	0	0	0	0	0	0	0	0	0	0	0	0	0	0	0	0	0	0	0	0	0	0	0	262	0	0	0	0	0	0	0	0	0	0	0	0	0	0	0	0	0	0	0	0	0	0	0	0	32	0	0	0	0	0	0	0	0	0	0	0	7	16
assemblage-747-590	0	0	0	0	0	0	6	0	0	0	0	22	0	0	0	0	0	0	0	0	0	0	0	0	0	28	0	0	0	0	0	0	0	16	0	0	0	0	0	0	0	0	0	0	0	0	0	0	0	380	0	9	0	0	0	0	0	0	0	0	0	0	0	0	0	0	0	0	0	0	0	0	0	0	0	0	0	0	0	0	0	0	0	0	0	0	23	16
assemblage-96-896	7	0	0	0	0	0	60	0	0	0	0	17	0	0	0	0	0	0	0	0	0	0	0	0	0	0	0	0	0	0	0	0	0	0	0	0	0	6	0	0	0	0	0	0	0	13	0	0	0	134	0	70	0	0	0	0	0	0	0	0	0	0	0	0	0	0	0	0	3	0	0	0	0	14	18	0	0	0	0	0	36	0	0	0	18	0	74	30
assemblage-759-483	0	0	0	0	0	0	19	0	0	0	0	108	0	0	0	0	0	0	0	0	0	0	0	0	0	17	0	0	0	0	0	0	0	32	0	0	0	0	0	0	0	0	0	0	0	119	0	0	0	75	0	87	0	0	0	0	0	0	0	0	0	0	0	0	0	0	0	0	0	0	0	0	0	0	0	0	0	0	0	0	4	0	0	0	17	0	9	13
assemblage-677-301	0	0	0	0	0	0	51	9	0	0	0	51	0	0	0	0	0	0	0	0	0	0	0	0	0	0	0	0	9	0	0	0	0	0	0	0	0	12	0	0	0	0	0	0	0	51	0	0	0	113	0	93	0	0	0	0	0	0	0	0	0	0	0	0	0	0	0	0	13	0	0	0	0	18	0	0	0	0	0	0	7	0	0	0	50	0	11	12
assemblage-700-275	0	0	0	0	0	0	56	0	0	0	0	40	0	0	0	0	0	0	0	0	0	0	8	0	0	0	0	0	0	0	0	0	21	0	0	0	0	8	0	0	0	0	0	0	0	42	0	0	0	25	0	87	0	0	0	0	0	0	0	0	0	0	0	0	62	0	0	0	0	0	0	0	0	5	50	0	0	0	0	0	7	0	0	0	45	0	40	4
assemblage-240-941	0	0	0	0	0	0	27	0	0	0	0	214	0	0	0	0	0	0	0	0	0	0	0	0	0	52	0	0	0	0	0	0	0	6	0	0	0	0	0	0	0	0	0	0	0	0	0	0	0	99	0	70	0	0	4	0	0	0	0	0	0	0	0	0	0	0	0	0	0	0	0	0	0	0	0	0	0	0	0	0	0	5	0	0	0	0	16	7
assemblage-467-749	0	0	0	0	0	0	0	0	0	0	0	206	0	0	0	0	0	0	0	0	0	0	0	0	13	0	0	0	0	0	0	0	0	0	21	0	0	0	0	0	0	0	0	0	0	0	0	0	0	102	0	27	0	0	0	0	0	0	0	0	0	0	0	11	0	0	0	0	0	0	0	0	0	0	0	0	0	0	0	0	0	0	0	0	0	0	108	12
assemblage-636-922	0	0	0	0	0	0	26	11	0	0	0	63	0	0	0	0	0	0	0	0	0	0	0	0	0	0	0	0	0	0	0	0	0	0	0	0	0	16	0	0	0	0	0	0	0	59	0	0	0	131	0	95	0	0	0	0	0	0	0	0	0	0	0	0	0	0	0	0	4	0	0	0	0	7	0	0	0	0	0	0	10	0	0	0	48	0	9	21
assemblage-678-943	0	0	0	0	0	0	0	0	0	0	0	254	0	0	0	0	0	0	0	0	0	0	0	0	7	0	0	0	0	7	0	0	0	0	0	0	0	0	0	0	0	0	0	0	0	0	0	0	0	57	53	0	0	0	0	0	25	0	0	0	0	0	0	0	0	0	0	0	0	0	0	0	0	0	0	0	0	0	0	0	0	0	0	0	0	0	87	10
assemblage-238-92	0	0	0	0	0	0	0	0	0	0	0	79	0	0	0	0	0	0	0	0	0	0	0	0	0	0	0	0	0	0	0	0	0	0	0	0	0	0	0	0	0	0	22	0	0	0	0	0	0	158	65	0	0	0	0	64	0	0	0	0	0	0	0	0	0	0	0	0	0	0	0	0	0	0	0	0	0	0	0	0	0	0	0	0	0	0	93	19
assemblage-747-593	0	0	40	0	0	0	11	0	0	0	0	283	0	0	0	0	0	0	0	0	0	0	0	0	0	0	0	0	0	0	0	0	0	25	0	0	0	0	0	0	0	0	0	0	0	0	0	0	0	110	0	0	0	0	0	0	0	0	0	0	0	0	0	0	0	0	0	0	0	0	0	0	0	0	0	0	0	14	0	0	0	0	0	0	0	0	4	13
assemblage-234-493	0	0	3	0	0	0	0	0	0	0	0	32	0	14	0	0	0	0	0	0	0	0	0	0	0	0	0	0	0	0	0	4	0	113	0	0	0	0	30	0	0	0	0	0	0	0	0	0	0	126	0	57	4	0	35	0	0	51	0	0	0	0	0	0	0	0	0	0	0	0	0	0	0	0	0	0	0	0	0	0	0	0	0	0	0	0	15	16
assemblage-595-739	0	0	0	0	0	0	22	0	0	0	0	48	0	0	20	0	0	0	0	0	0	0	0	0	0	0	0	0	0	0	0	0	0	0	0	0	0	0	0	0	0	0	0	0	0	0	0	0	10	125	0	71	0	0	0	0	0	0	0	0	0	0	0	0	4	0	0	0	0	0	0	0	0	0	21	0	6	0	0	0	7	0	0	0	34	0	122	10
assemblage-571-457	0	0	0	0	10	0	0	0	0	0	0	195	0	0	0	0	0	0	0	0	0	0	0	0	0	0	0	0	0	0	0	0	0	0	0	0	0	0	0	0	0	0	0	0	3	0	0	0	0	78	72	0	0	0	0	96	0	0	0	0	0	0	0	0	0	0	0	0	0	14	0	0	0	0	0	0	0	0	0	0	0	0	0	0	0	0	7	25
assemblage-689-282	0	0	0	0	0	0	138	0	0	0	0	21	0	0	0	0	0	0	0	0	13	0	0	0	0	0	0	0	0	0	0	0	0	0	0	0	0	0	0	0	0	0	0	0	0	20	0	0	0	154	0	54	0	0	0	0	0	0	0	0	0	0	0	0	0	0	0	0	0	0	0	0	0	0	8	0	0	0	0	0	17	0	0	0	10	0	40	25
assemblage-328-698	0	0	0	0	0	0	4	0	0	0	0	106	0	0	0	0	0	0	0	0	0	0	0	0	0	0	0	0	0	0	0	0	0	20	0	0	0	0	0	0	0	0	0	0	0	0	0	0	0	247	0	42	12	0	33	0	0	0	0	0	0	0	0	0	0	0	0	0	0	0	0	0	0	0	0	0	0	0	0	0	0	0	0	0	0	0	0	36
assemblage-253-726	0	0	0	0	0	0	162	0	0	0	0	0	0	0	0	0	0	0	7	0	0	0	0	0	0	0	0	0	0	0	0	0	0	0	0	0	0	0	0	0	0	0	0	0	0	0	0	0	0	264	0	0	0	0	0	0	0	0	0	0	0	0	0	0	0	0	0	0	0	0	0	0	0	0	42	0	0	0	0	0	0	0	0	0	0	0	8	17
assemblage-340-683	0	0	0	0	0	0	0	0	0	0	0	210	0	0	0	11	0	0	0	0	0	0	0	0	5	0	0	0	0	0	0	0	0	0	9	0	0	0	0	0	0	0	0	0	0	0	0	0	0	104	0	43	0	0	0	0	0	0	0	0	0	0	0	9	0	0	0	0	0	0	0	0	0	0	0	0	0	0	0	0	0	0	0	0	0	0	99	10
assemblage-730-622	0	0	0	0	0	0	0	0	0	0	0	186	0	0	0	0	0	0	0	0	0	0	0	0	0	14	0	0	0	0	0	0	0	24	0	0	0	0	0	0	0	0	0	0	0	0	0	0	0	173	0	66	0	0	0	0	0	0	0	0	0	0	5	0	0	0	0	0	0	0	0	0	0	0	6	0	0	0	0	0	0	0	0	0	0	0	15	11
assemblage-599-945	0	0	0	0	0	0	17	0	0	0	0	118	0	0	9	0	0	0	0	0	0	0	0	0	0	0	0	0	0	0	0	0	18	0	0	0	0	0	0	0	0	0	0	0	0	25	0	0	0	89	0	0	0	0	0	0	0	0	12	0	0	0	0	0	0	0	0	0	35	0	0	0	0	62	29	0	0	0	0	0	0	0	0	0	0	0	63	23
assemblage-465-737	0	0	0	0	0	0	0	0	0	0	0	196	0	0	0	0	0	0	0	0	0	0	0	0	0	0	0	7	0	0	0	0	0	9	0	0	0	0	6	4	0	0	0	0	0	0	0	0	0	170	0	31	0	0	7	0	0	0	0	0	0	0	0	0	0	0	0	0	0	0	0	0	0	0	0	0	0	0	0	0	0	0	0	0	0	0	30	40
assemblage-604-525	0	0	0	0	0	0	55	13	0	0	0	51	0	0	0	0	0	0	0	0	0	0	0	0	0	0	0	0	0	0	0	0	0	0	0	0	0	11	0	0	0	0	0	0	0	46	0	0	0	145	0	89	0	0	0	0	0	0	0	0	0	0	0	0	0	0	0	0	0	0	0	0	0	5	0	0	0	0	0	0	0	0	0	0	45	0	16	24
assemblage-604-735	0	0	0	0	0	0	142	0	0	0	0	63	0	0	52	0	0	0	0	0	0	0	0	0	0	0	0	0	0	0	0	0	0	0	0	0	0	0	0	0	0	0	0	0	0	0	0	0	0	39	0	12	0	0	0	0	0	0	0	0	6	0	0	0	0	0	0	0	0	0	0	0	0	0	64	0	0	0	0	0	0	0	0	0	15	0	92	15
assemblage-234-166	0	0	0	0	1	0	0	0	0	0	0	182	0	0	0	0	0	0	0	0	0	0	0	0	0	0	0	0	0	0	0	0	0	0	0	0	0	0	0	0	0	0	0	0	0	0	0	0	0	82	85	0	0	0	0	100	0	0	0	0	0	0	0	0	0	0	0	0	0	18	0	0	0	0	0	0	0	0	0	0	0	0	0	0	0	0	4	28
assemblage-351-499	0	0	0	0	0	0	0	0	0	0	0	239	0	0	0	0	0	18	0	0	0	0	0	0	13	0	0	0	0	0	0	0	0	0	0	0	0	0	0	0	0	0	0	0	0	0	0	0	0	175	0	0	0	0	0	14	0	0	0	0	0	0	0	0	0	0	0	0	0	0	0	0	0	0	0	0	0	0	0	0	0	0	0	0	0	0	29	12
assemblage-224-673	0	0	0	0	0	0	0	0	0	0	0	185	0	0	0	0	0	0	0	0	0	0	0	0	10	0	0	0	0	0	0	0	0	0	0	6	0	0	0	0	0	0	30	7	0	0	0	0	0	17	71	0	0	0	0	0	32	0	0	0	0	0	0	0	0	0	0	0	0	0	0	0	0	0	0	0	0	0	0	0	0	0	0	0	0	0	129	13
assemblage-669-934	0	0	0	0	0	0	0	0	0	0	0	64	0	0	0	0	0	0	0	0	0	0	0	0	52	0	0	0	0	0	0	0	0	0	0	0	0	0	0	0	0	0	0	0	0	0	0	0	0	167	0	0	0	0	0	0	0	0	0	0	0	0	0	0	0	0	0	0	0	0	0	0	0	0	0	0	0	0	0	14	0	0	0	0	0	0	180	23
assemblage-455-398	0	0	0	0	0	0	0	0	0	0	0	172	0	0	0	0	0	0	0	0	0	0	0	0	0	17	0	0	0	0	0	0	0	19	0	0	0	0	0	0	0	0	0	0	0	0	0	0	0	188	0	65	0	0	0	0	0	0	0	0	0	0	0	0	0	0	0	0	0	0	0	0	0	0	4	0	0	0	0	0	0	0	0	0	0	0	20	15
assemblage-473-651	0	0	0	0	0	0	64	0	0	0	0	0	0	0	0	0	0	0	0	0	0	0	0	0	0	0	0	0	0	0	0	0	0	0	0	0	0	0	0	0	0	0	0	0	0	62	0	0	0	72	0	78	0	0	0	0	0	0	0	0	0	0	0	0	0	0	0	0	30	0	0	0	0	2	0	0	0	0	0	0	133	0	0	0	0	0	45	14
assemblage-612-775	0	0	0	0	0	0	0	0	0	0	0	242	0	0	0	0	0	48	0	0	0	0	0	0	19	0	0	0	0	0	0	0	0	0	0	0	0	0	0	0	0	0	0	0	0	0	0	0	0	51	51	0	0	0	0	0	0	0	0	0	0	20	0	0	0	0	0	0	0	0	0	0	0	0	0	0	0	0	0	0	0	0	0	0	0	0	55	14
assemblage-268-734	0	0	0	0	0	0	161	0	0	0	0	0	0	0	0	0	0	0	7	0	0	0	0	0	0	0	0	0	0	0	0	0	0	0	0	0	0	0	0	0	0	0	0	0	0	0	0	0	0	270	0	0	0	0	0	0	0	0	0	0	0	0	0	0	0	0	0	0	0	0	0	0	0	0	38	0	0	0	0	0	0	0	0	0	0	0	7	17
assemblage-336-700	0	0	0	0	0	0	0	0	0	0	0	248	0	0	0	0	0	0	0	0	0	0	0	0	7	0	0	0	0	0	0	0	0	0	0	0	0	0	0	23	0	0	0	0	0	0	0	0	0	110	0	37	0	0	0	0	0	0	0	0	0	0	0	0	0	0	0	0	0	0	0	0	0	0	0	0	0	0	0	0	0	0	0	0	0	0	68	7
assemblage-238-351	0	0	0	0	0	0	0	0	0	0	0	221	0	0	0	0	0	10	0	0	0	0	0	2	70	0	0	0	0	0	0	0	0	0	0	0	0	0	0	0	0	0	29	0	0	0	0	0	0	52	0	0	0	0	0	0	0	0	0	0	0	0	0	0	0	0	0	0	0	0	0	0	0	0	0	0	0	0	0	0	0	0	0	0	0	0	98	18
assemblage-470-744	0	0	0	0	0	0	0	0	0	0	0	194	0	0	0	0	0	0	0	0	0	0	0	0	0	0	0	17	0	0	0	0	0	0	0	0	0	0	32	0	0	0	0	0	0	0	0	0	0	218	0	18	0	0	0	0	0	0	0	0	0	0	0	0	0	0	0	0	0	0	0	0	0	0	0	0	0	0	0	0	0	0	0	0	0	0	6	15
assemblage-331-183	0	0	0	0	0	0	0	0	0	0	0	102	0	0	0	0	0	0	0	0	0	0	0	0	41	0	0	0	0	0	0	0	0	0	0	0	0	0	0	0	0	0	45	0	0	0	0	0	0	157	100	0	0	0	0	30	0	0	0	0	0	0	0	0	0	0	0	0	0	0	0	0	0	0	0	0	0	0	0	0	0	0	0	0	0	0	9	16
assemblage-696-280	0	0	0	0	0	0	113	0	0	0	0	15	0	0	0	0	0	0	0	0	9	0	0	0	0	0	0	0	0	0	0	0	0	0	0	0	0	0	0	0	0	0	0	0	0	21	0	0	0	168	0	69	0	0	0	0	0	0	0	0	0	0	0	0	0	0	0	0	0	0	0	0	0	0	13	0	0	0	0	0	23	0	0	0	9	0	39	21
assemblage-757-478	0	0	0	0	0	0	25	0	0	0	0	37	0	0	27	0	0	0	0	0	0	0	0	0	0	0	0	0	0	0	0	0	0	0	0	0	0	0	0	0	0	0	0	0	0	0	0	0	9	118	0	58	0	0	0	0	0	0	0	0	0	0	0	0	0	0	0	0	0	0	0	0	0	0	33	0	20	0	0	0	8	0	0	0	34	0	107	24
assemblage-617-283	0	0	0	0	0	0	0	0	0	0	0	173	0	0	0	0	0	0	0	3	0	0	0	0	0	0	0	0	0	0	0	0	0	34	0	0	0	0	0	0	0	0	0	0	0	0	0	0	0	88	0	129	0	0	0	0	0	25	0	0	0	0	0	0	0	0	0	0	0	0	0	0	0	0	0	0	0	0	0	0	0	0	0	0	0	0	31	17
assemblage-361-733	0	0	0	0	0	0	137	0	0	0	0	11	0	0	0	0	0	0	0	0	10	0	0	0	0	0	0	0	0	0	0	0	0	0	0	0	0	0	0	0	0	0	0	0	0	17	0	0	0	133	0	74	0	0	0	0	0	0	0	0	0	0	0	0	0	0	0	0	0	0	0	0	0	0	4	0	0	0	0	0	32	0	0	0	19	0	45	18
assemblage-925-970	0	0	0	0	0	0	20	0	0	0	0	92	0	0	0	0	0	0	0	0	0	0	0	0	0	15	0	0	0	0	0	0	0	37	0	0	0	0	0	0	0	0	0	0	0	117	0	0	0	71	0	81	0	0	0	0	0	0	0	0	0	0	0	0	0	0	0	0	0	0	0	0	0	0	0	0	0	0	0	0	11	0	0	0	21	0	20	15
assemblage-849-911	0	0	0	0	0	0	22	0	0	0	0	96	7	0	11	0	0	0	0	0	0	0	0	0	0	8	0	0	0	0	0	0	0	16	0	0	0	0	0	0	0	0	0	0	0	0	0	0	0	191	0	116	0	0	0	0	0	0	0	0	0	0	0	0	0	0	0	0	0	0	0	0	0	0	8	0	0	0	0	0	0	0	0	0	0	0	23	2
assemblage-341-187	0	0	0	0	0	0	0	0	0	0	0	210	0	0	0	0	0	0	0	0	0	0	0	0	12	0	0	0	0	0	0	0	0	0	0	0	0	0	0	0	0	0	28	11	0	0	0	0	0	13	57	0	0	0	0	0	24	0	0	0	0	0	0	0	0	0	0	0	0	0	0	0	0	0	0	0	0	0	0	0	0	0	0	0	0	0	119	26
assemblage-227-460	0	0	0	0	0	0	0	0	0	0	0	190	0	0	0	0	0	0	0	13	0	0	0	0	0	0	0	0	0	0	0	0	0	28	0	0	0	0	0	0	0	0	0	0	0	0	0	0	0	86	0	130	0	0	0	0	0	18	0	0	0	0	0	0	0	0	0	0	0	0	0	0	0	0	0	0	0	0	0	0	0	0	0	0	0	0	16	19
assemblage-885-866	0	0	0	0	0	0	0	0	0	0	0	180	0	0	0	0	0	0	0	0	0	0	0	0	0	0	0	25	0	0	0	0	0	0	0	0	0	0	19	0	0	0	0	0	0	0	0	0	0	230	0	20	0	0	0	0	0	0	0	0	0	0	0	0	0	0	0	0	0	0	0	0	0	0	0	0	0	0	0	0	0	0	0	0	0	0	0	26
assemblage-343-696	0	0	0	0	0	0	0	0	0	0	0	224	0	0	0	1	0	0	0	0	0	0	0	0	15	0	0	0	0	0	0	0	0	0	12	0	0	0	0	0	0	0	0	0	0	0	0	0	0	111	0	52	0	0	0	0	0	0	0	0	0	0	0	4	0	0	0	0	0	0	0	0	0	0	0	0	0	0	0	0	0	0	0	0	0	0	76	5
assemblage-581-731	0	0	0	0	0	0	148	0	0	0	0	71	0	0	55	0	0	0	0	0	0	0	0	0	0	0	0	0	0	0	0	0	0	0	0	0	0	0	0	0	0	0	0	0	0	10	0	0	0	23	0	11	0	0	0	0	0	0	0	0	0	0	0	0	0	0	0	0	0	0	0	0	0	0	61	0	0	0	0	0	0	0	0	0	0	4	98	19
assemblage-897-857	0	0	0	0	0	0	0	0	0	0	0	182	0	0	0	0	0	0	0	0	0	0	0	0	0	0	0	20	0	0	0	0	0	0	0	0	0	0	28	0	0	0	0	0	0	0	0	0	0	221	0	24	0	0	0	0	0	0	0	0	0	0	0	0	0	0	0	0	0	0	0	0	0	0	0	0	0	0	0	0	0	0	0	0	0	0	7	18
assemblage-474-671	0	0	0	0	0	0	73	0	0	0	0	0	0	0	0	0	0	0	0	0	0	0	0	0	0	0	0	0	0	0	0	0	0	0	0	0	0	0	0	0	0	0	0	0	0	39	0	0	0	90	0	65	0	0	0	0	0	0	0	0	0	0	0	0	0	0	0	0	33	0	0	0	0	7	0	0	0	0	0	0	122	0	0	0	0	0	59	12
assemblage-262-640	0	0	0	0	0	0	0	0	0	0	0	252	0	0	0	0	0	68	0	0	0	0	0	0	31	0	0	0	0	0	0	0	0	0	0	0	0	0	0	0	0	0	0	0	0	0	0	0	0	33	34	0	0	0	0	0	0	0	0	0	0	15	0	0	0	0	0	0	0	0	0	0	0	0	0	0	0	0	0	0	0	0	0	0	0	0	52	15
assemblage-942-369	0	0	0	0	0	0	0	0	0	0	0	194	0	0	0	0	0	0	0	10	0	0	0	0	0	0	0	0	0	0	0	0	0	23	0	0	0	0	0	0	0	0	0	0	0	0	0	0	0	93	0	129	0	0	0	0	0	26	0	0	0	0	0	0	0	0	0	0	0	0	0	0	0	0	0	0	0	0	0	0	0	0	0	0	0	0	12	13
assemblage-239-945	0	0	48	0	0	0	0	0	0	0	0	267	0	0	0	0	0	0	0	0	0	0	0	0	0	0	0	0	0	0	0	0	0	30	0	0	0	0	0	0	0	0	0	0	0	0	0	0	0	128	0	0	0	0	0	0	0	0	0	0	0	0	0	0	0	0	0	0	0	0	0	0	0	0	0	0	0	9	0	0	0	0	0	0	0	0	0	18
assemblage-831-655	54	0	0	0	0	0	0	0	0	0	0	0	0	0	0	0	0	0	0	0	0	0	0	0	0	0	0	0	0	0	0	0	0	0	0	0	0	26	0	0	0	0	0	0	0	0	12	0	0	185	0	159	0	7	0	0	0	0	0	0	0	0	0	0	0	0	0	0	0	0	0	0	0	0	0	0	0	0	0	0	0	0	0	0	0	0	46	11
assemblage-894-875	0	0	0	0	0	0	0	0	9	0	0	132	0	0	0	0	0	0	0	0	0	0	0	0	0	0	0	0	0	0	0	0	0	27	0	0	0	0	6	0	0	0	0	0	0	0	0	0	0	231	0	36	21	0	15	0	0	0	0	0	0	0	0	0	0	0	0	0	0	0	0	0	0	0	0	0	0	0	0	0	0	0	0	0	0	0	0	23
assemblage-364-249	0	0	0	0	0	0	0	0	0	0	0	50	0	23	0	0	0	0	0	0	0	0	0	0	0	0	0	0	0	0	0	0	0	100	0	0	0	0	0	0	0	0	0	0	0	0	0	0	0	130	0	87	0	0	0	0	0	18	0	0	0	0	0	0	0	0	0	0	0	0	0	0	0	0	0	0	0	0	5	0	0	0	0	0	0	0	78	9
assemblage-509-129	0	0	0	0	0	0	0	0	8	0	0	109	0	0	0	0	0	0	0	0	0	0	0	0	0	0	0	0	0	0	0	7	0	27	0	0	0	0	0	0	0	0	0	0	0	0	0	0	0	239	0	39	13	0	24	0	0	0	0	0	0	0	0	0	0	0	0	0	0	0	0	0	0	0	0	0	0	0	0	0	0	0	0	0	0	0	0	34
assemblage-233-168	0	0	0	0	0	0	0	0	0	0	0	350	0	0	0	0	0	34	0	0	0	0	0	0	0	0	0	0	0	0	0	0	0	0	0	0	0	0	0	0	0	0	0	5	0	0	0	0	0	4	15	0	0	0	0	7	0	0	0	0	0	0	0	0	0	0	0	0	0	0	0	0	0	0	0	0	0	0	0	0	0	0	0	0	0	0	82	3
assemblage-575-462	0	0	0	0	0	0	0	0	0	0	0	77	0	0	0	0	0	0	0	0	0	0	0	0	0	0	0	0	0	0	0	0	0	0	0	0	0	0	0	0	0	0	30	0	0	0	0	0	0	151	68	0	0	0	0	58	0	0	0	0	0	0	0	0	0	0	0	0	0	0	0	0	0	0	0	0	0	0	0	0	0	0	0	0	0	0	100	16
assemblage-247-170	0	0	0	0	0	0	0	0	0	0	0	329	0	0	0	0	0	32	0	0	0	0	0	0	0	0	0	0	0	0	0	0	0	0	0	0	0	0	0	0	0	0	0	5	0	0	0	0	0	0	10	0	0	0	0	7	0	0	0	0	0	0	0	0	0	0	0	0	0	0	0	0	0	0	0	0	0	0	0	0	0	0	0	0	0	0	104	13
assemblage-915-994	0	0	0	0	0	0	116	0	0	0	0	34	0	0	21	0	13	0	0	0	0	0	0	0	0	0	0	0	0	0	0	0	0	0	0	0	0	0	0	0	0	0	0	0	0	8	0	0	0	137	0	87	0	0	0	0	0	0	0	0	0	0	0	0	0	0	16	0	0	0	0	0	0	0	0	0	0	0	0	0	35	0	0	0	0	0	16	17
assemblage-903-862	0	0	0	0	0	0	0	0	0	0	0	187	0	0	0	0	0	0	0	0	0	0	0	0	0	0	0	18	0	0	0	0	0	0	0	0	0	0	34	0	0	0	0	0	0	0	0	0	0	218	0	20	0	0	0	0	0	0	0	0	0	0	0	0	0	0	0	0	0	0	0	0	0	0	0	0	0	0	0	0	0	0	0	0	0	0	9	14
assemblage-243-323	0	0	0	0	0	0	0	0	0	0	0	206	0	0	0	0	0	27	0	0	0	0	0	0	29	0	0	0	0	0	0	0	0	0	0	0	0	0	0	0	0	0	0	0	0	0	0	0	0	175	0	0	0	0	0	17	0	0	0	0	0	0	0	0	0	0	0	0	0	0	0	0	0	0	0	0	0	0	0	0	0	0	0	0	0	0	41	5
assemblage-218-797	0	0	0	0	0	0	0	0	0	0	0	115	0	0	0	0	0	0	0	0	0	0	0	0	35	0	0	0	0	0	0	0	0	0	0	0	0	0	0	0	0	0	23	0	0	0	0	0	0	172	102	0	0	0	0	33	0	0	0	0	0	0	0	0	0	0	0	0	0	0	0	0	0	0	0	0	0	0	0	0	0	0	0	0	0	0	3	17
assemblage-599-513	0	0	0	0	0	0	77	0	0	0	0	26	0	0	0	0	0	0	0	0	0	0	14	0	0	0	0	0	0	0	0	0	21	0	0	0	0	0	0	0	0	0	0	0	0	39	0	0	0	21	0	62	0	0	0	0	0	0	0	0	0	0	0	0	64	0	0	0	0	0	0	0	0	11	42	0	0	0	0	0	9	0	0	0	49	0	54	11
assemblage-361-291	0	0	34	0	0	0	0	0	0	0	0	282	0	0	0	0	0	0	0	0	0	0	0	0	0	0	0	0	0	0	0	0	0	26	0	0	0	0	0	0	0	0	0	0	0	0	0	0	0	127	0	0	0	0	0	0	0	0	0	0	0	0	0	0	0	0	0	0	0	0	0	0	0	0	0	0	0	14	0	0	0	0	0	0	0	0	6	11
assemblage-722-982	0	0	0	0	0	0	150	0	0	0	0	65	0	0	52	0	0	0	0	0	0	0	0	0	0	0	0	0	0	0	0	0	0	0	0	0	0	0	0	0	0	0	0	0	0	0	0	0	0	40	0	22	0	0	0	0	0	0	0	0	0	0	0	0	0	0	0	0	0	0	0	0	0	0	52	0	0	0	0	0	0	0	0	0	0	0	103	16
assemblage-412-850	0	0	0	0	0	0	0	0	0	0	0	245	0	0	0	0	0	0	0	0	0	0	0	0	0	0	0	0	0	4	0	0	0	0	0	0	0	0	0	0	0	0	0	0	0	0	0	0	0	80	45	0	0	0	0	0	21	0	0	0	0	0	0	0	0	0	0	0	0	0	0	0	0	0	0	0	0	0	0	0	0	0	0	0	0	0	99	6
assemblage-596-281	0	0	8	0	0	0	23	0	0	0	0	116	0	5	0	0	0	0	0	0	0	0	0	0	0	0	0	0	0	0	0	0	0	41	0	0	0	0	12	0	0	0	0	0	0	0	0	0	0	162	0	52	0	0	8	0	0	20	0	0	0	0	0	0	0	0	0	0	0	0	0	0	0	0	0	0	0	0	0	0	0	0	0	0	0	0	23	30
assemblage-731-474	0	0	0	0	0	0	157	0	0	0	0	75	0	0	67	0	0	0	0	0	0	0	0	0	0	0	0	0	0	0	0	0	0	0	0	0	0	0	0	0	0	0	0	0	0	5	0	0	0	37	0	15	0	0	0	0	0	0	0	0	0	0	0	0	0	0	0	0	0	0	0	0	0	0	48	0	0	0	0	0	0	0	0	0	0	0	78	18
assemblage-601-501	0	0	0	0	0	0	43	0	0	0	0	40	0	0	0	0	0	0	0	0	0	0	5	0	0	0	0	0	0	0	0	0	22	0	0	0	0	0	0	0	0	0	0	0	0	32	0	0	0	17	0	83	0	0	0	0	0	0	0	0	0	0	0	0	49	0	0	0	0	0	0	0	0	5	72	0	0	0	0	0	3	0	0	0	68	0	44	17
assemblage-421-842	0	0	0	0	0	0	0	0	0	0	0	210	0	0	0	0	0	16	0	0	0	0	0	8	46	0	6	0	0	0	0	0	0	0	0	0	0	0	0	0	7	0	27	0	0	0	0	0	0	77	0	0	0	0	0	0	0	0	0	0	0	0	0	0	0	0	0	0	0	0	0	0	0	0	0	0	0	0	0	0	0	0	0	0	0	0	88	15
assemblage-249-737	0	0	0	0	0	0	187	0	0	0	0	0	0	0	0	0	0	0	13	0	0	0	0	0	0	0	0	0	0	0	0	0	0	0	0	0	0	0	0	0	0	0	0	0	0	0	0	0	0	244	0	0	0	0	0	0	0	0	0	0	0	0	0	0	0	0	0	0	0	0	0	0	0	0	24	0	0	0	0	0	0	0	0	0	0	0	11	21
assemblage-810-118	0	0	9	0	0	0	37	0	0	0	0	113	0	0	4	0	0	0	0	0	0	0	0	0	0	0	0	0	0	0	0	0	0	54	0	0	10	0	0	0	0	0	0	0	0	0	0	0	0	200	0	16	0	0	0	0	0	0	0	0	0	0	0	0	0	0	0	0	0	0	0	0	9	0	0	0	0	0	0	0	0	0	0	0	0	0	34	14
assemblage-676-292	0	0	0	0	0	0	68	0	0	0	0	36	0	0	0	0	0	0	0	0	0	0	9	0	0	0	0	0	0	0	0	0	23	0	0	0	0	0	0	0	0	0	0	0	0	45	0	0	0	29	0	79	0	0	0	0	0	0	0	0	0	0	0	0	52	0	0	0	0	0	0	0	0	0	44	0	0	0	0	0	3	0	0	0	68	0	33	11
assemblage-367-320	0	0	0	0	0	0	0	0	0	0	0	353	0	0	0	0	0	34	0	0	0	0	0	0	0	0	0	0	0	0	0	0	0	0	0	0	0	0	0	0	0	0	0	7	0	0	0	0	0	0	11	0	0	0	0	5	0	0	0	0	0	0	0	0	0	0	0	0	0	0	0	0	0	0	0	0	0	0	0	0	0	0	0	0	0	0	78	12
assemblage-362-487	0	0	0	0	0	0	0	0	0	0	0	245	0	0	0	0	0	0	0	0	0	0	0	0	0	0	0	0	0	2	0	0	0	0	0	0	0	0	0	0	0	0	0	0	0	0	0	0	0	67	80	0	0	0	0	0	17	0	0	0	0	0	0	0	0	0	0	0	0	0	0	0	0	0	0	0	0	0	0	0	0	0	0	0	0	0	80	9
assemblage-347-470	0	0	0	0	0	0	0	0	0	0	0	243	0	0	0	0	0	12	0	0	0	0	0	0	19	0	0	0	0	0	0	0	0	0	0	0	0	0	0	0	0	0	0	0	0	0	0	0	0	156	0	0	0	0	0	12	0	0	0	0	0	0	0	0	0	0	0	0	0	0	0	0	0	0	0	0	0	0	0	0	0	0	0	0	0	0	53	5
assemblage-223-654	0	0	0	0	0	0	0	0	0	0	0	106	0	0	0	0	0	0	0	0	0	0	0	0	45	0	0	0	0	0	0	0	0	0	0	0	0	0	0	0	0	0	27	0	0	0	0	0	0	153	123	0	0	0	0	34	0	0	0	0	0	0	0	0	0	0	0	0	0	0	0	0	0	0	0	0	0	0	0	0	0	0	0	0	0	0	4	8
assemblage-734-991	0	0	0	0	0	0	148	0	0	0	0	58	0	0	47	0	0	0	0	0	0	0	0	0	0	0	0	0	0	0	0	0	0	0	0	0	0	0	0	0	0	0	0	0	0	10	0	0	0	24	0	7	0	0	0	0	0	0	0	0	0	0	0	0	0	0	0	0	0	0	0	0	0	0	61	0	0	0	0	0	0	0	0	0	7	11	107	20
assemblage-340-180	0	0	0	0	0	0	0	0	0	0	0	231	0	0	0	0	0	0	0	0	0	0	0	0	10	0	0	0	0	0	0	0	0	0	0	2	0	0	0	0	0	0	23	11	0	0	0	0	0	25	53	0	0	0	0	0	25	0	0	0	0	0	0	0	0	0	0	0	0	0	0	0	0	0	0	0	0	0	0	0	0	0	0	0	0	0	101	19
assemblage-251-956	0	0	0	0	0	0	47	0	0	0	0	213	0	0	0	0	0	0	0	0	0	0	0	0	0	61	0	0	0	0	0	0	0	7	0	0	0	0	0	0	0	0	0	0	0	0	0	0	0	82	0	52	0	0	7	0	0	0	0	0	0	0	0	0	0	0	0	0	0	0	0	0	0	0	0	0	0	0	0	0	0	6	0	0	0	0	14	11
assemblage-632-931	0	0	0	0	0	0	64	0	0	0	0	45	0	0	0	0	0	0	0	0	0	0	9	0	0	0	0	0	0	0	0	0	13	0	0	0	0	0	0	0	0	0	0	0	0	61	0	0	0	31	0	51	0	0	0	0	0	0	0	0	0	0	0	0	62	0	0	0	0	0	0	0	0	0	50	0	0	0	0	0	5	0	0	0	57	0	35	17
assemblage-757-602	0	0	0	0	0	0	48	0	0	0	0	210	0	0	0	0	0	0	0	0	0	0	0	0	0	56	0	0	0	0	0	0	0	0	0	0	0	0	0	0	0	0	0	0	0	0	0	0	0	87	0	56	0	0	8	0	0	0	0	0	0	0	0	0	0	0	0	0	0	0	0	0	0	0	0	0	0	0	0	0	0	6	0	0	0	0	9	20
assemblage-610-770	0	0	0	0	0	0	0	0	0	0	0	102	0	0	0	0	0	0	0	0	0	0	0	0	29	0	0	0	0	0	0	0	0	0	0	0	0	0	0	0	0	0	32	0	0	0	0	0	0	189	98	0	0	0	0	28	0	0	0	0	0	0	0	0	0	0	0	0	0	0	0	0	0	0	0	0	0	0	0	0	0	0	0	0	0	0	5	17
assemblage-239-733	0	0	0	0	0	0	169	0	0	0	0	0	0	0	0	0	0	0	8	0	0	0	0	0	0	0	0	0	0	0	0	0	0	0	0	0	0	0	0	0	0	0	0	0	0	0	0	0	0	243	0	0	0	0	0	0	0	0	0	3	0	0	0	0	0	0	0	0	0	0	0	0	0	0	41	0	0	0	0	0	0	0	0	0	0	0	19	17
assemblage-226-489	0	0	10	0	0	0	0	0	0	0	0	218	0	0	0	0	0	0	0	0	0	0	0	0	0	0	0	0	0	0	0	0	0	15	0	0	0	0	0	0	0	17	0	0	0	0	0	0	0	184	0	14	0	0	0	0	0	0	0	0	0	0	0	0	0	0	0	0	0	0	0	0	0	0	0	0	0	0	0	0	0	7	0	0	0	0	25	10
assemblage-618-925	0	0	0	5	0	0	13	0	0	0	0	114	0	0	12	0	0	0	0	0	0	0	0	0	0	0	0	0	0	0	0	0	11	0	0	0	0	0	0	0	0	0	0	0	0	12	0	0	0	119	0	5	0	0	0	0	0	0	8	0	0	0	0	0	0	0	0	0	28	0	0	0	0	68	32	0	0	0	0	0	7	0	0	0	0	0	52	14
assemblage-103-910	0	0	0	0	0	0	8	0	0	0	0	83	0	0	0	0	0	0	0	0	0	0	11	0	0	0	0	0	0	0	0	0	0	0	0	0	0	0	0	0	0	0	0	0	0	0	0	0	0	45	0	0	0	0	0	0	0	0	0	0	0	0	0	0	0	9	0	0	0	0	0	0	0	57	0	0	0	0	0	0	0	0	17	0	120	0	133	17
assemblage-365-492	0	0	0	0	0	0	0	0	0	0	0	96	0	0	0	0	0	0	0	0	0	0	0	0	58	0	0	0	0	0	0	0	0	0	0	0	0	0	0	0	0	0	0	0	0	0	0	0	0	146	0	0	0	0	0	0	0	0	0	0	0	0	0	0	0	0	0	0	0	0	0	0	0	0	0	0	0	0	0	13	0	0	0	0	0	0	177	10
assemblage-516-766	0	0	0	0	0	0	0	0	0	0	0	53	0	9	0	0	0	0	0	0	0	0	0	0	0	0	0	0	0	0	0	0	0	90	0	0	0	0	0	0	0	0	0	0	0	0	0	0	0	121	0	76	0	0	0	0	0	13	0	0	0	0	0	0	0	0	0	0	0	0	0	0	0	0	0	0	0	0	0	0	0	0	0	0	0	0	124	14
assemblage-606-504	0	0	0	7	0	0	20	0	0	0	0	93	0	0	16	0	0	0	0	0	0	0	0	0	0	0	0	0	0	0	0	0	12	0	0	0	0	0	0	0	0	0	0	0	0	16	0	0	0	107	0	6	0	0	0	0	0	0	9	0	0	0	0	0	0	0	0	0	23	0	0	0	0	85	27	0	0	0	0	0	0	0	0	0	0	0	57	22
assemblage-943-355	0	0	0	0	0	0	0	0	0	0	0	191	0	0	0	0	0	0	0	9	0	0	0	0	0	0	0	0	0	0	0	0	0	21	0	0	0	0	0	0	0	0	0	0	0	0	0	0	0	91	0	106	0	0	0	0	0	54	0	0	0	0	0	0	0	0	0	0	0	0	0	0	0	0	0	0	0	0	0	0	0	0	0	0	0	0	19	9
assemblage-110-907	0	0	0	0	0	0	8	0	0	0	0	66	0	0	0	0	0	0	0	0	0	0	18	0	0	0	0	0	0	0	4	0	0	0	0	0	0	0	0	0	0	0	0	0	0	0	0	0	0	55	0	0	0	0	0	0	0	0	0	0	0	0	0	0	0	12	0	0	0	0	0	0	0	47	0	0	0	0	0	0	0	0	14	0	121	0	131	24
assemblage-612-728	0	0	0	0	0	0	22	0	0	0	0	45	0	0	14	0	0	0	0	0	0	0	0	0	0	0	0	0	0	0	0	0	0	0	0	0	0	0	0	0	0	0	0	0	0	0	0	0	9	119	0	57	0	0	0	0	0	0	0	0	0	0	0	0	0	0	0	0	0	0	0	0	0	0	24	0	10	0	0	0	8	0	0	0	36	0	133	23
assemblage-222-939	0	0	0	0	0	0	35	0	0	0	0	237	0	0	0	0	0	0	0	0	0	0	0	0	0	56	0	0	0	0	0	0	0	5	0	0	0	0	0	0	0	0	0	0	0	0	0	0	0	78	0	54	0	0	6	0	0	0	0	0	0	0	0	0	0	0	0	0	0	0	0	0	0	0	0	0	0	0	0	0	0	8	0	0	0	0	10	11
assemblage-223-771	0	0	0	0	0	0	0	0	0	0	0	128	0	0	0	0	0	0	0	0	0	0	0	0	32	0	0	0	0	0	0	0	0	0	0	0	0	0	0	0	0	0	19	0	0	0	0	0	0	176	102	0	0	0	0	33	0	0	0	0	0	0	0	0	0	0	0	0	0	0	0	0	0	0	0	0	0	0	0	0	0	0	0	0	0	0	0	10
assemblage-230-174	0	0	0	0	0	0	0	0	0	0	0	333	0	0	0	0	0	32	0	0	0	0	0	0	0	0	0	0	0	0	0	0	0	0	0	0	0	0	0	0	0	0	0	8	0	0	0	0	0	12	17	0	0	0	0	8	0	0	0	0	0	0	0	0	0	0	0	0	0	0	0	0	0	0	0	0	0	0	0	0	0	0	0	0	0	0	85	5
assemblage-825-627	40	0	0	0	0	0	0	0	0	0	0	0	0	0	0	0	0	0	0	0	0	0	0	0	0	0	0	0	0	0	0	0	0	0	0	0	0	20	0	0	0	0	0	0	0	0	14	0	0	189	0	177	0	3	0	0	0	0	0	0	0	0	0	0	0	0	0	0	0	0	0	0	0	0	0	0	0	0	0	0	0	0	0	0	0	0	37	20
assemblage-815-115	0	0	0	0	0	0	28	0	0	0	0	113	5	0	21	0	0	0	0	0	0	0	0	0	0	3	0	0	0	0	0	0	0	18	0	0	0	0	0	0	0	0	0	0	0	0	0	0	0	174	0	105	0	0	0	0	0	0	0	0	0	0	0	0	0	0	0	0	0	0	0	0	0	0	6	0	0	0	0	0	0	0	0	0	0	0	24	3
assemblage-866-914	0	0	14	0	0	0	18	0	0	0	0	111	0	0	5	0	0	0	0	0	0	0	0	0	0	0	0	0	0	0	0	0	0	51	0	0	14	0	0	0	0	0	0	0	0	0	0	0	0	238	0	16	0	0	0	0	0	0	0	0	0	0	0	0	0	0	0	0	0	0	0	0	3	0	0	0	0	0	0	0	5	0	0	0	0	0	21	4
assemblage-943-359	0	0	6	0	0	0	0	0	0	0	0	30	0	14	0	0	0	0	0	0	0	0	0	0	0	0	0	0	0	0	0	22	0	129	0	0	0	0	39	0	0	0	0	0	0	0	0	0	0	87	0	54	15	0	31	0	0	40	0	0	0	0	0	0	0	0	0	0	0	0	0	0	0	0	0	0	0	0	0	0	0	0	0	0	0	0	20	13
assemblage-731-490	0	0	0	0	0	0	123	0	0	0	0	38	0	0	9	0	19	0	0	0	0	0	0	0	0	0	0	0	0	0	0	0	0	0	0	0	0	0	0	0	0	0	0	0	0	15	0	0	0	129	0	96	0	0	0	0	0	0	0	0	0	0	0	0	0	0	16	0	0	0	0	0	0	0	0	0	0	0	0	0	31	0	0	0	0	0	17	7
assemblage-218-462	0	0	10	0	0	0	0	0	0	0	0	28	0	6	0	0	0	0	0	0	0	0	0	0	0	0	0	0	0	0	0	24	0	108	0	0	0	0	31	0	0	0	0	0	0	0	0	0	0	118	0	65	7	0	21	0	0	45	0	0	0	0	0	0	0	0	0	0	0	0	0	0	0	0	0	0	0	0	0	0	0	0	0	0	0	0	19	18
assemblage-236-458	0	0	0	0	0	0	47	0	0	0	0	100	0	19	0	0	0	0	0	0	0	0	0	0	0	0	0	0	0	0	0	0	0	0	0	0	0	0	0	0	0	0	0	0	0	0	0	0	0	265	0	26	0	0	0	0	0	17	0	0	0	0	0	0	0	0	0	0	0	0	0	0	0	0	0	0	0	10	0	0	0	0	0	0	0	0	0	16
assemblage-358-487	0	0	0	0	0	0	0	0	0	0	0	68	0	0	0	0	0	0	0	0	0	0	0	0	48	0	0	0	0	0	0	0	0	0	0	0	0	0	0	0	0	0	0	0	0	0	0	0	0	162	0	0	0	0	0	0	0	0	0	0	0	0	0	0	0	0	0	0	0	0	0	0	0	0	0	0	0	0	0	15	0	0	0	0	0	0	190	17
assemblage-370-248	0	0	0	0	0	0	5	0	0	0	0	22	0	0	0	0	0	0	0	0	0	0	0	0	0	38	0	0	0	0	0	0	0	35	0	0	0	0	0	0	0	0	0	0	0	0	0	0	0	354	0	10	0	0	0	0	0	0	0	0	0	0	0	0	0	0	0	0	0	0	0	0	0	0	0	0	0	0	0	0	0	0	0	0	0	0	13	23
assemblage-212-161	0	0	0	0	5	0	0	0	0	0	0	205	0	0	0	0	0	0	0	0	0	0	0	0	9	0	0	0	0	0	0	0	0	0	0	0	0	0	0	0	0	0	0	0	0	0	0	0	0	71	84	0	0	0	0	83	0	0	0	0	0	0	0	0	0	0	0	0	0	13	0	0	0	0	0	0	0	0	0	0	0	0	0	0	0	0	6	24
assemblage-359-472	0	0	0	0	0	0	0	0	0	0	0	242	0	0	0	0	0	7	0	0	0	0	0	0	20	0	0	0	0	0	0	0	0	0	0	0	0	0	0	0	0	0	0	0	0	0	0	0	0	178	0	0	0	0	0	8	0	0	0	0	0	0	0	0	0	0	0	0	0	0	0	0	0	0	0	0	0	0	0	0	0	0	0	0	0	0	30	15
assemblage-352-687	0	0	0	0	0	0	0	0	0	0	0	205	0	0	0	2	0	0	0	0	0	0	0	0	13	0	0	0	0	0	0	0	0	0	15	0	0	0	0	0	0	0	0	0	0	0	0	0	0	116	0	28	0	0	0	0	0	0	0	0	0	0	0	14	0	0	0	0	0	0	0	0	0	0	0	0	0	0	0	0	0	0	0	0	0	0	96	11
assemblage-896-872	0	0	0	0	0	0	0	0	0	0	0	249	0	0	0	5	0	0	0	0	0	0	0	0	7	0	0	0	0	0	0	0	0	0	11	0	0	0	0	0	0	0	0	0	0	0	0	0	0	92	0	41	0	0	0	0	0	0	0	0	0	0	0	10	0	0	0	0	0	0	0	0	0	0	0	0	0	0	0	0	0	0	0	0	0	0	77	8
assemblage-818-651	60	0	0	0	0	0	0	0	0	0	0	0	0	0	0	0	0	0	0	0	0	0	0	0	0	0	0	0	0	0	0	0	0	0	0	0	0	24	0	0	0	0	0	0	0	0	14	0	0	145	0	190	0	11	0	0	0	0	0	0	0	0	0	0	0	0	0	0	0	0	0	0	0	0	0	0	0	0	0	0	0	0	0	0	0	0	44	12
assemblage-817-130	0	0	0	0	0	0	27	0	0	0	0	71	10	0	14	0	0	0	0	0	0	0	0	0	0	14	0	0	0	0	0	0	0	21	0	0	0	0	0	0	0	0	0	0	0	0	0	0	0	170	0	136	0	0	0	0	0	0	0	0	0	0	0	0	0	0	0	0	0	0	0	0	0	0	9	0	0	0	0	0	0	0	0	0	0	0	18	10
assemblage-228-644	0	0	0	0	0	0	0	0	0	0	0	222	0	0	0	0	0	0	0	0	0	0	0	0	12	0	0	0	0	0	0	0	0	0	0	0	0	0	0	0	0	0	30	11	0	0	0	0	0	18	56	0	0	0	0	0	24	0	0	0	0	0	0	0	0	0	0	0	0	0	0	0	0	0	0	0	0	0	0	0	0	0	0	0	0	0	103	24
assemblage-262-660	0	0	0	0	0	0	0	0	0	0	0	281	0	0	0	0	0	45	0	0	0	0	0	0	24	0	0	0	0	0	0	0	0	0	0	0	0	0	0	0	0	0	0	0	0	0	0	0	0	43	48	0	0	0	0	0	0	0	0	0	0	13	0	0	0	0	0	0	0	0	0	0	0	0	0	0	0	0	0	0	0	0	0	0	0	0	27	19
assemblage-261-342	0	0	0	0	0	0	0	0	0	0	0	241	0	0	0	0	0	0	0	0	0	0	0	0	0	0	0	0	0	10	0	0	0	0	0	0	0	0	0	0	0	0	0	0	0	0	0	0	0	76	57	0	0	0	0	0	28	0	0	0	0	0	0	0	0	0	0	0	0	0	0	0	0	0	0	0	0	0	0	0	0	0	0	0	0	0	78	10
assemblage-224-659	0	0	0	0	0	0	0	0	0	0	0	196	0	0	0	0	0	0	0	0	0	0	0	0	10	0	0	0	0	0	0	0	0	0	0	6	0	0	0	0	0	0	33	15	0	0	0	0	0	38	73	0	0	0	0	0	23	0	0	0	0	0	0	0	0	0	0	0	0	0	0	0	0	0	0	0	0	0	0	0	0	0	0	0	0	0	87	19
assemblage-909-972	0	0	0	0	0	0	16	0	0	0	0	104	0	0	0	0	0	0	0	0	0	0	0	0	0	15	0	0	0	0	0	0	0	36	0	0	0	0	0	0	0	0	0	0	0	111	0	0	0	99	0	72	0	0	0	0	0	0	0	0	0	0	0	0	0	0	0	0	0	0	0	0	0	0	0	0	0	0	0	0	12	0	0	0	21	0	6	8
assemblage-665-923	0	0	0	0	0	0	0	0	0	0	0	216	0	0	0	0	0	14	0	0	0	0	0	0	15	0	0	0	0	0	0	0	0	0	0	0	0	0	0	0	0	0	0	0	0	0	0	0	0	198	0	0	0	0	0	14	0	0	0	0	0	0	0	0	0	0	0	0	0	0	0	0	0	0	0	0	0	0	0	0	0	0	0	0	0	0	38	5
assemblage-752-603	0	0	0	0	0	0	0	0	0	0	0	56	0	9	0	0	0	0	0	0	0	0	0	0	0	0	0	0	0	0	0	0	0	103	0	0	0	0	0	0	0	0	0	0	0	0	0	0	0	157	0	62	0	0	0	0	0	14	0	0	0	0	0	0	0	0	0	0	0	0	0	0	0	0	0	0	0	0	0	0	0	0	0	0	0	0	93	6
assemblage-262-104	0	0	0	0	0	0	0	0	0	0	0	61	0	0	0	0	0	0	0	0	0	0	0	0	0	0	0	0	0	0	0	0	0	0	0	0	0	0	0	0	0	0	41	0	0	0	0	0	0	151	62	0	0	0	0	82	0	0	0	0	0	0	0	0	0	0	0	0	0	0	0	0	0	0	0	0	0	0	0	0	0	0	0	0	0	0	97	6
assemblage-858-890	0	0	0	0	0	0	0	0	0	0	0	49	0	0	0	0	0	0	0	0	0	0	0	0	0	17	0	0	0	0	0	0	0	30	0	0	0	0	0	0	0	0	0	0	0	37	0	0	0	187	0	60	0	0	0	0	0	0	0	0	0	0	0	0	0	0	0	0	0	0	0	0	0	0	0	0	0	0	0	0	0	0	0	0	0	0	100	20
assemblage-583-465	0	0	0	0	0	0	0	0	0	0	0	194	0	0	0	0	0	62	0	0	0	0	0	0	0	0	0	0	0	0	0	0	0	0	0	0	0	0	0	0	0	0	0	0	0	0	0	0	0	68	125	0	0	0	0	24	0	0	0	0	0	0	0	0	0	0	0	0	0	0	0	0	0	0	0	5	0	0	0	0	0	0	0	0	0	0	6	16
assemblage-258-727	0	0	0	0	0	0	188	0	0	0	0	0	0	0	0	0	0	0	5	0	0	0	0	0	0	0	0	0	0	0	0	0	0	0	0	0	0	0	0	0	0	0	0	0	0	0	0	0	0	245	0	0	0	0	0	0	0	0	0	0	0	0	0	0	0	0	0	0	0	0	0	0	0	0	32	0	0	0	0	0	0	0	0	0	0	0	14	16
assemblage-680-942	0	0	0	0	0	0	0	0	0	0	0	78	0	0	0	0	0	0	0	0	0	7	0	0	57	0	0	0	0	0	0	0	0	0	0	0	0	0	0	0	0	0	0	0	0	0	0	0	0	137	0	0	0	0	0	0	0	0	0	0	0	0	0	0	0	0	0	0	0	0	0	0	0	0	0	0	0	0	0	20	0	0	0	0	0	0	188	13
assemblage-594-508	0	0	0	0	0	0	37	8	0	0	0	58	0	0	0	0	0	0	0	0	0	0	0	0	0	0	0	0	5	0	0	0	0	0	0	0	0	20	0	0	0	0	0	0	0	51	0	0	0	136	0	97	0	0	0	0	0	0	0	0	0	0	0	0	0	0	0	0	7	0	0	0	0	12	0	0	0	0	0	0	7	0	0	0	33	0	12	17
assemblage-608-915	0	0	0	0	0	0	111	0	0	0	0	14	0	0	0	0	0	0	0	0	6	0	0	0	0	0	0	0	0	0	0	0	0	0	0	0	0	0	0	0	0	0	0	0	0	29	0	0	0	163	0	65	0	0	0	0	0	0	0	0	0	0	0	0	0	0	0	0	0	0	0	0	0	0	7	0	0	0	0	0	19	0	0	0	11	0	57	18
assemblage-339-716	0	0	0	4	0	0	27	0	0	0	0	87	0	0	16	0	0	0	0	0	0	0	0	0	0	0	0	0	0	0	0	0	13	0	0	0	0	0	0	0	0	0	0	0	0	11	0	0	0	106	0	5	0	0	0	0	0	0	16	0	0	0	0	0	0	0	0	0	29	0	0	0	0	76	33	0	0	0	0	0	0	0	0	0	0	0	67	10
assemblage-111-900	0	0	0	0	0	0	9	0	0	0	0	75	0	0	0	0	0	0	0	0	0	0	5	0	0	0	0	0	0	0	5	0	0	0	0	0	0	0	0	0	0	0	0	0	0	0	0	0	0	47	0	0	0	0	0	0	0	0	0	0	0	0	0	0	0	10	0	0	0	0	0	0	0	38	0	0	0	0	0	0	0	0	10	0	119	0	159	23
assemblage-608-767	0	0	0	0	0	0	0	0	0	0	0	254	0	0	0	0	0	62	0	0	0	0	0	0	25	0	0	0	0	0	0	0	0	0	0	0	0	0	0	0	0	0	8	0	0	0	0	0	0	33	44	0	0	0	0	0	0	0	0	0	0	23	0	0	0	0	0	0	0	0	0	0	0	0	0	0	0	0	0	0	0	0	0	0	0	0	45	6
assemblage-211-786	0	0	0	0	0	0	0	0	0	0	0	217	0	0	0	0	0	0	0	0	0	0	0	0	13	0	0	0	0	0	0	0	0	0	0	8	0	0	0	0	0	0	30	7	0	0	0	0	0	20	60	0	0	0	0	0	32	0	0	0	0	0	0	0	0	0	0	0	0	0	0	0	0	0	0	0	0	0	0	0	0	0	0	0	0	0	91	22
assemblage-247-716	0	0	0	0	0	0	183	0	0	0	0	0	0	0	0	0	0	0	0	0	0	0	0	0	0	0	0	0	0	0	0	0	0	0	0	0	0	0	0	0	0	0	0	0	0	0	0	0	0	250	0	0	0	0	0	0	0	0	0	0	0	0	0	0	0	0	0	0	0	0	0	0	0	0	26	0	0	0	0	0	0	0	0	0	0	0	18	23
assemblage-353-255	0	0	33	0	0	0	0	0	0	0	0	269	0	0	0	0	0	0	0	0	0	0	0	0	0	0	0	0	0	0	0	0	0	33	0	0	0	0	0	0	0	0	0	0	0	0	0	0	0	136	0	0	0	0	0	0	0	0	0	0	0	0	0	0	0	0	0	0	0	0	0	0	0	0	0	0	0	11	0	0	0	0	0	0	0	0	4	14
assemblage-621-771	0	0	0	0	0	0	0	0	0	0	0	224	0	0	0	0	0	67	0	0	0	0	0	0	19	0	0	0	0	0	0	0	0	0	0	0	0	0	0	0	0	0	7	0	0	0	0	0	0	35	68	0	0	0	0	0	0	0	0	0	0	20	0	0	0	0	0	0	0	0	0	0	0	0	0	0	0	0	0	0	0	0	0	0	0	0	46	14
assemblage-814-115	0	0	0	0	0	0	25	0	0	0	0	101	16	0	17	0	0	0	0	0	0	0	0	0	0	15	0	0	0	0	0	0	0	21	0	0	0	0	0	0	0	0	0	0	0	0	0	0	0	168	0	95	0	0	0	0	0	0	0	0	0	0	0	0	0	0	0	0	0	0	0	0	0	0	12	0	0	0	0	0	0	0	0	0	0	0	28	2
assemblage-613-289	0	0	0	0	0	0	0	0	0	0	0	184	0	0	0	0	0	0	0	9	0	0	0	0	0	0	0	0	0	0	0	0	0	37	0	0	0	0	0	0	0	0	0	0	0	0	0	3	0	82	0	142	0	0	0	0	0	21	0	0	0	0	0	0	0	0	0	0	0	0	0	0	0	0	0	0	0	0	0	0	0	0	0	0	0	0	14	8
assemblage-94-905	0	0	0	0	0	0	10	0	0	0	0	66	0	0	0	0	0	0	0	0	0	0	12	0	0	0	0	0	0	0	4	0	0	0	0	0	0	0	0	0	0	0	0	0	0	0	0	0	0	44	0	0	0	0	0	0	0	0	0	0	0	0	0	0	0	3	0	0	0	0	0	0	0	55	0	0	0	0	0	0	0	0	11	0	114	0	145	36
assemblage-578-483	0	0	0	0	0	0	0	0	0	0	0	72	0	0	0	0	0	0	0	0	0	0	0	0	0	0	0	0	0	0	0	0	0	0	0	0	0	0	0	0	0	0	26	0	0	0	0	0	0	176	52	0	0	0	0	78	0	0	0	0	0	0	0	0	0	0	0	0	0	0	0	0	0	0	0	0	0	0	0	0	0	0	0	0	0	0	86	10
assemblage-604-772	0	0	0	0	0	0	0	0	0	0	0	103	0	0	0	0	0	0	0	0	0	0	0	0	9	0	0	0	0	0	0	0	0	0	0	0	0	0	0	0	0	0	42	0	0	0	0	0	0	144	140	0	0	0	0	32	0	0	0	0	0	0	0	0	0	0	0	10	0	0	0	0	0	0	0	0	0	0	0	0	0	0	0	5	0	0	9	6
assemblage-370-702	0	0	0	0	0	0	44	4	0	0	0	63	0	0	0	0	0	0	0	0	0	0	0	0	0	0	0	0	3	0	0	0	0	0	0	0	0	12	0	0	0	0	0	0	0	43	0	0	0	114	0	108	0	0	0	0	0	0	0	0	0	0	0	0	0	0	0	0	0	0	0	0	0	19	0	0	0	0	0	0	7	0	0	0	49	0	10	24
assemblage-608-762	0	0	0	0	0	0	0	0	0	0	0	95	0	0	0	0	0	0	0	0	0	0	0	0	28	0	0	0	0	0	0	0	0	0	0	0	0	0	0	0	0	0	29	0	0	0	0	0	0	190	99	0	0	0	0	38	0	0	0	0	0	0	0	0	0	0	0	0	0	0	0	0	0	0	0	0	0	0	0	0	0	0	0	0	0	0	9	12
assemblage-826-115	0	0	0	0	0	0	16	0	0	0	0	93	3	0	11	0	0	0	0	0	0	0	0	0	0	15	0	0	0	0	0	0	0	23	0	0	0	0	0	0	0	0	0	0	0	0	0	0	0	187	0	96	0	0	0	0	0	0	0	0	0	0	0	0	0	0	0	0	0	0	0	0	0	0	13	0	0	0	0	0	0	0	0	0	0	0	35	8
assemblage-734-616	0	0	0	0	0	0	12	0	0	0	0	14	0	0	0	0	0	0	0	0	0	0	0	0	0	35	0	0	0	0	0	0	0	22	0	0	0	0	0	0	0	0	0	0	0	0	0	0	0	373	0	10	0	0	0	0	0	0	0	0	0	0	0	0	0	0	0	0	0	0	0	0	0	0	0	0	0	0	0	0	0	0	0	0	0	0	18	16
assemblage-914-974	0	0	0	0	0	0	20	0	0	0	0	40	0	0	12	0	0	0	0	0	0	0	0	0	0	0	0	0	0	0	0	0	0	0	0	0	0	0	0	0	0	0	0	0	0	0	0	0	10	124	0	67	0	0	0	0	0	0	0	0	0	0	0	0	7	0	6	0	0	0	0	0	0	0	43	0	8	0	0	0	10	0	0	0	41	0	100	12
assemblage-248-353	0	0	0	0	0	0	0	0	0	0	0	220	0	0	0	0	0	7	0	0	0	0	0	0	59	0	0	0	0	0	0	0	0	0	0	0	0	0	0	0	0	0	31	0	0	0	0	0	0	70	0	0	0	0	0	0	0	0	0	0	0	0	0	0	0	0	0	0	0	0	0	0	0	0	0	0	0	0	0	0	0	0	0	0	0	0	87	26
assemblage-492-657	0	0	0	0	0	0	55	0	0	0	0	0	0	0	0	0	0	0	0	0	0	0	0	0	0	0	0	0	0	0	0	0	0	0	0	0	0	0	0	0	0	0	0	0	0	59	0	0	0	74	0	84	0	0	0	0	0	0	0	0	0	0	0	0	0	0	0	0	33	0	0	0	0	8	0	0	0	0	0	0	132	0	0	0	0	0	45	10
assemblage-818-645	33	0	0	0	0	0	0	0	0	0	0	0	0	0	0	0	0	0	0	0	0	0	0	0	0	0	0	0	0	0	0	0	0	0	0	0	0	24	0	0	0	0	0	0	0	0	8	0	0	180	0	193	0	14	0	0	0	0	0	0	0	0	0	0	0	0	0	0	0	0	0	0	0	0	0	0	0	0	0	0	0	0	0	0	0	0	37	11
assemblage-262-106	0	0	0	0	0	0	0	0	0	0	0	184	0	0	0	0	0	0	0	0	0	0	0	0	0	0	0	0	0	0	0	0	0	0	0	0	0	0	0	0	0	0	0	0	13	0	0	0	0	75	88	0	0	0	0	85	0	0	0	0	0	0	0	0	0	0	0	0	0	17	0	0	0	0	0	0	0	0	0	0	0	0	0	0	0	0	10	28
assemblage-891-868	0	0	0	0	0	0	0	0	0	0	0	230	0	0	0	0	0	0	0	0	0	0	0	0	0	0	0	0	0	0	0	0	0	0	0	0	0	0	0	13	0	0	0	0	0	0	0	0	0	105	0	52	0	0	0	0	0	0	0	0	0	0	0	0	0	0	0	0	0	0	0	0	0	0	0	0	0	0	0	0	0	0	0	0	0	0	78	22
assemblage-502-119	0	0	0	0	0	0	4	0	0	0	0	115	0	0	0	0	0	0	0	0	0	0	0	0	0	0	0	0	0	0	0	0	0	28	0	0	0	0	0	0	0	0	0	0	0	0	0	0	0	228	0	56	16	0	18	0	0	0	0	0	0	0	0	0	0	0	0	0	0	0	0	8	0	0	0	0	0	0	0	0	0	0	0	0	0	0	0	27
assemblage-939-363	0	0	0	0	0	0	51	0	0	0	0	92	0	19	0	0	0	0	0	0	0	0	0	0	0	0	0	0	0	0	0	0	0	6	0	0	0	0	0	0	0	0	0	0	0	0	0	0	0	254	0	22	0	0	8	0	0	14	0	0	0	0	0	0	0	0	0	0	0	0	0	0	0	0	0	0	0	13	0	0	0	0	0	0	0	0	0	21
assemblage-620-507	0	0	0	4	0	0	25	0	0	0	0	100	0	0	15	0	0	0	0	0	0	0	0	0	0	0	0	0	0	0	0	0	15	0	0	0	0	0	0	0	0	0	0	0	0	15	0	0	0	104	0	4	0	0	0	0	0	0	10	0	0	0	0	0	0	0	0	0	16	0	0	0	0	78	24	0	0	0	0	0	4	0	0	0	0	0	61	25
assemblage-845-912	0	0	0	0	0	0	32	0	0	0	0	95	4	0	9	0	0	0	0	0	0	0	0	0	0	15	0	0	0	0	0	0	0	15	0	0	0	0	0	0	0	0	0	0	0	0	0	0	0	181	0	106	0	0	0	0	0	0	0	0	0	0	0	0	0	0	0	0	0	0	0	0	0	0	12	0	0	0	0	0	0	0	0	0	0	0	25	6
assemblage-249-343	0	0	0	0	0	0	0	0	0	0	0	218	0	0	0	0	0	4	0	0	0	0	0	6	47	0	0	0	0	0	0	0	0	0	0	0	0	0	0	0	0	0	28	0	0	0	0	0	0	83	0	0	0	0	0	0	0	0	0	0	0	0	0	0	0	0	0	0	0	0	0	0	0	0	0	0	0	0	0	0	0	0	0	0	0	0	87	27
assemblage-113-897	0	0	0	0	0	0	16	0	0	0	5	68	0	0	0	0	0	0	0	0	0	0	18	0	0	0	0	0	0	0	10	0	0	0	0	0	0	0	0	0	0	0	0	0	0	0	0	0	0	47	0	0	0	0	0	0	0	0	2	0	0	0	0	0	0	11	0	0	0	0	0	0	0	50	0	0	0	0	0	0	0	0	16	0	106	0	127	24
assemblage-725-980	0	0	0	0	0	0	119	0	0	0	0	73	0	0	68	0	0	0	0	0	0	0	0	0	0	0	0	0	0	0	0	0	0	0	0	0	0	0	0	0	0	0	0	0	0	7	0	0	0	29	0	24	0	0	0	0	0	0	0	0	0	0	0	0	0	0	0	0	0	0	0	0	0	0	58	0	0	0	0	0	0	0	0	0	4	0	100	18
assemblage-486-668	0	0	0	0	0	0	63	0	0	0	0	0	0	0	0	0	0	0	0	0	0	0	0	0	0	0	0	0	0	0	0	0	0	0	0	0	0	0	0	0	0	0	0	0	0	64	0	0	0	76	0	75	0	0	0	0	0	0	0	0	0	0	0	0	0	0	0	0	38	0	0	0	0	7	0	0	0	0	0	0	112	0	0	0	0	0	56	9
assemblage-393-317	0	0	0	0	0	0	0	0	0	0	0	351	0	0	0	0	0	27	0	0	0	0	0	0	0	0	0	0	0	0	0	0	0	0	0	0	0	0	0	0	0	0	0	0	0	0	0	0	0	6	13	0	0	0	0	10	0	0	0	0	0	0	0	0	0	0	0	0	0	0	0	0	0	0	0	0	0	0	0	0	0	0	0	0	0	0	89	4
assemblage-868-903	0	0	7	0	0	0	31	0	0	0	0	100	0	0	3	0	0	0	0	0	0	0	0	0	0	0	0	0	0	0	0	0	0	65	0	0	8	0	0	0	0	0	0	0	0	0	0	0	0	226	0	13	0	0	0	0	0	0	0	0	0	0	0	0	0	0	0	0	0	0	0	0	0	0	0	0	0	0	0	0	0	0	0	0	0	0	31	16
assemblage-482-665	0	0	0	0	0	0	71	0	0	0	0	0	0	0	0	0	0	0	0	0	0	0	0	0	0	0	0	0	0	0	0	0	0	0	0	0	0	0	0	0	0	0	0	0	0	52	0	0	0	70	0	85	0	0	0	0	0	0	0	0	0	0	0	0	0	0	0	0	26	0	0	0	0	5	0	0	0	0	0	0	132	0	0	0	0	0	45	14
assemblage-685-298	0	0	0	0	0	0	122	0	0	0	0	18	0	0	0	0	5	0	0	0	9	0	0	0	0	0	0	0	0	0	0	0	0	0	0	0	0	0	0	0	0	0	0	0	0	27	0	0	0	144	0	74	0	0	0	0	0	0	0	0	0	0	0	0	0	0	0	0	0	0	0	0	0	0	8	0	0	0	0	0	10	0	0	0	13	0	50	20
assemblage-602-930	0	0	0	0	0	0	50	0	0	0	0	23	0	0	0	0	0	0	0	0	0	0	9	0	0	0	0	0	0	0	0	0	13	0	0	0	0	0	0	0	0	0	0	0	0	58	0	0	0	28	0	74	0	0	0	0	0	0	0	0	0	0	0	0	75	0	0	0	0	0	0	0	0	9	59	0	0	0	0	0	5	0	0	0	55	0	32	10
assemblage-243-471	0	0	10	0	0	0	0	0	0	0	0	175	0	0	0	0	0	0	0	0	0	0	0	0	0	0	0	3	0	0	0	0	0	10	0	0	0	0	0	0	0	14	0	0	0	0	0	0	0	213	0	9	0	0	0	0	0	0	0	0	0	0	0	0	0	0	0	0	0	0	0	0	0	0	0	0	0	0	0	0	0	3	0	0	0	0	42	21
assemblage-746-471	0	0	0	0	0	0	38	0	0	0	0	36	0	0	22	0	0	0	0	0	0	0	0	0	0	0	0	0	0	0	0	0	0	0	0	0	0	0	0	0	0	0	0	0	0	0	0	0	11	125	0	64	0	0	0	0	0	0	0	0	0	0	0	0	7	0	0	0	0	0	0	0	0	0	24	0	9	0	0	0	10	0	0	0	30	0	111	13
assemblage-104-339	0	0	6	0	0	0	0	0	0	0	0	38	0	5	0	0	0	0	0	0	0	0	0	0	0	0	0	0	0	0	0	20	0	121	0	0	0	0	33	0	0	0	0	0	0	0	0	0	0	99	0	45	12	0	25	0	0	62	0	0	0	0	0	0	0	0	0	0	0	0	0	0	0	0	0	0	0	0	0	0	0	0	0	0	0	0	16	18
assemblage-748-479	0	0	0	0	0	0	15	0	0	0	0	104	0	0	0	0	0	0	0	0	0	0	0	0	0	20	0	0	0	0	0	0	0	35	0	0	0	0	0	0	0	0	0	0	0	121	0	0	0	68	0	73	0	0	0	0	0	0	0	0	0	0	0	0	0	0	0	0	0	0	0	0	0	0	9	0	0	0	0	0	7	0	0	0	25	0	17	6
assemblage-726-586	0	0	0	0	0	0	37	0	0	0	0	224	0	0	0	0	0	0	0	0	0	0	0	0	0	48	0	0	0	0	0	0	0	10	0	0	0	0	0	0	0	0	0	0	0	0	0	0	0	87	0	63	0	0	4	0	0	0	0	0	0	0	0	0	0	0	0	0	0	0	0	0	0	0	0	0	0	0	0	0	0	9	0	0	0	0	9	9
assemblage-523-751	0	0	25	0	0	0	0	0	0	0	0	287	0	0	0	0	0	0	0	0	0	0	0	0	0	0	0	0	0	0	0	0	0	40	0	0	0	0	0	0	0	0	0	0	0	0	0	0	0	116	0	0	0	0	0	0	0	0	0	0	0	0	0	0	0	0	0	0	0	0	0	0	0	0	0	0	0	8	0	0	0	0	0	0	0	0	9	15
assemblage-901-855	0	0	0	0	0	0	0	0	0	0	0	195	0	0	0	0	0	0	0	0	0	0	0	0	0	0	0	17	0	0	0	0	0	0	0	0	0	0	29	0	0	0	0	0	0	0	0	0	0	214	0	26	0	0	0	0	0	0	0	0	0	0	0	0	0	0	0	0	0	0	0	0	0	0	0	0	0	0	0	0	0	0	0	0	0	0	10	9
assemblage-247-99	0	0	0	0	0	0	0	0	0	0	0	70	0	0	0	0	0	0	0	0	0	0	0	0	0	0	0	0	0	0	0	0	0	0	0	0	0	0	0	0	0	0	28	0	0	0	0	0	0	177	61	0	0	0	0	64	0	0	0	0	0	0	0	0	0	0	0	0	0	0	0	0	0	0	0	0	0	0	0	0	0	0	0	0	0	0	92	8
assemblage-828-627	47	0	0	0	0	0	0	0	0	0	0	0	0	0	0	0	0	0	0	0	0	0	0	0	0	0	0	0	0	0	0	0	0	0	0	0	0	23	0	0	0	0	0	0	0	0	11	0	0	180	0	186	0	7	0	0	0	0	0	0	0	0	0	0	0	0	0	0	0	0	0	0	0	0	0	0	0	0	0	0	0	0	0	0	0	0	26	20
assemblage-613-755	0	0	0	0	0	0	0	0	0	0	0	120	0	0	0	0	0	0	0	0	0	0	0	0	15	0	0	0	0	0	0	0	0	0	0	0	0	0	0	0	0	0	32	0	0	0	0	0	0	124	137	0	0	0	0	33	0	0	0	0	0	0	0	0	0	0	0	8	0	0	0	0	0	0	0	0	0	0	0	0	0	0	0	7	0	0	5	19
assemblage-227-792	0	0	0	0	0	0	0	0	0	0	0	119	0	0	0	0	0	0	0	0	0	0	0	0	32	0	0	0	0	0	0	0	0	0	0	0	0	0	0	0	0	0	36	0	0	0	0	0	0	173	92	0	0	0	0	34	0	0	0	0	0	0	0	0	0	0	0	0	0	0	0	0	0	0	0	0	0	0	0	0	0	0	0	0	0	0	3	11
assemblage-497-751	0	0	8	0	0	0	12	0	0	0	0	139	0	0	0	0	0	0	0	0	0	0	0	0	0	27	0	0	0	0	0	0	0	47	0	0	0	0	0	0	0	0	0	0	0	0	0	0	0	169	0	35	0	0	0	0	0	0	0	0	0	0	0	0	0	0	0	0	0	0	0	0	0	0	0	0	0	0	0	0	0	0	0	0	0	0	36	27
assemblage-618-292	0	0	0	0	0	0	0	0	0	0	0	42	0	22	0	0	0	0	0	0	0	0	0	0	0	0	0	0	0	0	0	10	0	89	0	0	0	0	30	0	0	0	0	0	0	0	0	0	0	89	0	82	8	0	39	0	0	35	0	0	0	0	0	0	0	0	0	0	0	0	0	0	0	0	0	0	0	0	0	0	0	0	0	0	0	0	26	28
assemblage-344-184	0	0	0	0	0	0	0	0	0	0	0	100	0	0	0	0	0	0	0	0	0	0	0	0	24	0	0	0	0	0	0	0	0	0	0	0	0	0	0	0	0	0	48	0	0	0	0	0	0	120	149	0	0	0	0	26	0	0	0	0	0	0	0	0	0	0	0	6	0	0	0	0	0	0	0	0	0	0	0	0	0	0	0	7	0	0	10	10
assemblage-461-403	0	0	6	0	0	0	24	0	0	0	0	79	0	0	7	0	0	0	0	0	0	0	0	0	0	0	0	0	0	0	0	0	0	49	0	0	26	0	0	0	0	0	0	0	0	0	0	0	0	258	0	10	0	0	0	0	0	0	0	0	0	0	0	0	0	0	0	0	0	0	0	0	4	0	0	0	0	0	0	0	0	0	0	0	0	0	27	10
assemblage-928-974	0	0	0	0	0	0	26	0	0	0	0	99	0	0	0	0	0	0	0	0	0	0	0	0	0	12	0	0	0	0	0	0	0	25	0	0	0	0	0	0	0	0	0	0	0	105	0	0	0	77	0	98	0	0	0	0	0	0	0	0	0	0	0	0	0	0	0	0	0	0	0	0	0	0	0	0	0	0	0	0	15	0	0	0	26	0	10	7
assemblage-114-348	0	0	0	0	0	0	61	0	0	0	0	99	0	15	0	0	0	0	0	0	0	0	0	0	0	0	0	0	0	0	0	0	0	7	0	0	0	0	0	0	0	0	0	0	0	0	0	0	0	235	0	40	0	0	4	0	0	15	0	0	0	0	0	0	0	0	0	0	0	0	0	0	0	0	0	0	0	4	0	0	0	0	0	0	0	0	0	20
assemblage-689-310	0	0	0	0	0	0	23	0	0	0	0	80	0	0	18	0	0	0	0	0	0	0	0	0	0	0	0	0	0	0	0	0	12	0	0	0	0	0	0	0	0	0	0	0	0	10	0	0	0	130	0	11	0	0	0	0	0	0	7	0	0	0	0	0	0	0	0	0	24	0	0	0	0	71	28	0	0	0	0	0	2	0	0	0	0	0	63	21
assemblage-937-366	0	0	9	0	0	0	0	0	0	0	0	164	0	0	0	0	0	0	0	0	0	0	0	0	0	0	0	6	0	0	0	0	0	18	0	0	0	0	0	0	0	22	0	0	0	0	0	0	0	216	0	12	0	0	0	0	0	0	0	0	0	0	0	0	0	0	0	0	0	0	0	0	0	0	0	0	0	0	0	0	0	4	0	0	0	0	29	20
assemblage-597-286	0	0	0	0	0	0	0	0	0	0	0	33	0	14	0	0	0	0	0	0	0	0	0	0	0	0	0	0	0	0	0	28	0	82	0	0	0	0	37	0	0	0	0	0	0	0	0	0	0	92	0	63	14	0	33	0	0	55	0	0	0	0	0	0	0	0	0	0	0	0	0	0	0	0	0	0	0	0	0	0	0	0	0	0	0	0	21	28
assemblage-358-189	0	0	0	0	0	0	0	0	0	0	0	223	0	0	0	0	0	0	0	0	0	0	0	0	9	0	0	0	0	0	0	0	0	0	0	4	0	0	0	0	0	0	37	17	0	0	0	0	0	21	58	0	0	0	0	0	26	0	0	0	0	0	0	0	0	0	0	0	0	0	0	0	0	0	0	0	0	0	0	0	0	0	0	0	0	0	84	21
assemblage-503-748	0	0	0	0	0	0	12	0	0	0	0	21	0	0	0	0	0	0	0	0	0	0	0	0	0	20	0	0	0	0	0	0	0	19	0	0	0	0	0	0	0	0	0	0	0	0	0	0	0	376	0	12	0	0	0	0	0	0	0	0	0	0	0	0	0	0	0	0	0	0	0	0	0	0	0	0	0	0	0	0	0	0	0	0	0	0	15	25
assemblage-685-929	0	0	0	0	0	0	0	0	0	0	0	259	0	0	0	0	0	0	0	0	0	0	0	0	0	0	0	0	0	7	0	0	0	0	0	0	0	0	0	0	0	0	0	0	0	0	0	0	0	78	52	0	0	0	0	0	19	0	0	0	0	0	0	0	0	0	0	0	0	0	0	0	0	0	0	0	0	0	0	0	0	0	0	0	0	0	73	12
assemblage-365-269	0	0	0	0	0	0	0	0	0	0	0	59	0	11	0	0	0	0	0	0	0	0	0	0	0	0	0	0	0	0	0	0	0	93	0	0	0	0	0	0	0	0	0	0	0	0	0	0	0	117	0	89	0	0	0	0	0	20	0	0	0	0	0	0	0	0	0	0	0	0	0	0	0	0	0	0	0	0	0	0	0	0	0	0	0	0	103	8
assemblage-357-276	0	7	0	0	0	0	37	0	0	0	0	206	0	0	0	0	0	0	0	0	0	0	0	0	0	52	0	0	0	0	0	0	0	5	0	0	0	0	0	0	0	0	0	0	0	0	0	0	0	102	0	63	0	0	7	0	0	0	0	0	0	0	0	0	0	0	0	0	0	0	0	0	0	0	0	0	0	0	0	0	0	6	0	0	0	0	9	6
assemblage-385-320	0	0	0	0	0	0	0	0	0	0	0	196	0	0	0	0	0	66	0	0	0	0	0	0	0	0	0	0	0	0	0	0	0	0	0	0	0	0	0	0	0	0	0	0	0	0	0	0	0	77	88	0	0	0	0	33	0	0	0	0	0	0	0	0	0	0	0	0	0	0	0	0	0	0	0	0	0	0	0	0	0	0	0	0	0	0	19	21
assemblage-237-956	0	0	0	0	0	0	37	0	0	0	0	219	0	0	0	0	0	0	0	0	0	0	0	0	0	48	0	0	0	0	0	0	0	11	0	0	0	0	0	0	0	0	0	0	0	0	0	0	0	90	0	48	0	0	13	0	0	0	0	0	0	0	0	0	0	0	0	0	0	0	0	0	0	0	0	0	0	0	0	0	0	11	0	0	0	0	16	7
assemblage-373-247	0	0	34	0	0	0	0	0	0	0	0	253	0	0	0	0	0	0	0	0	0	0	0	0	0	0	0	0	0	0	0	0	0	38	0	0	0	0	0	0	0	0	0	0	0	0	0	0	0	144	0	0	0	0	0	0	0	0	0	0	0	0	0	0	0	0	0	0	0	0	0	0	0	0	0	0	0	10	0	0	0	0	0	0	0	0	0	21
assemblage-732-983	0	0	0	0	0	0	128	0	0	0	0	35	0	0	12	0	19	0	0	0	0	0	0	0	0	0	0	0	0	0	0	0	0	0	0	0	0	0	0	0	0	0	0	0	0	5	0	0	0	132	0	73	0	0	0	0	0	0	0	0	0	0	0	0	0	0	19	0	0	0	0	0	0	0	0	0	0	0	0	0	37	0	0	0	7	0	27	6
assemblage-933-359	0	0	19	0	0	0	9	0	0	0	0	193	0	0	0	0	0	0	0	0	0	0	0	0	0	0	0	0	0	0	0	0	0	10	0	0	0	0	0	0	0	22	0	0	0	0	0	0	0	163	0	20	0	0	0	0	0	0	0	0	0	0	0	0	0	0	0	0	0	0	0	0	0	0	0	0	0	0	0	0	0	11	0	0	0	0	44	9
assemblage-110-333	0	0	14	0	0	0	0	0	0	0	0	207	0	0	0	0	0	0	0	0	0	0	0	0	0	0	0	0	0	0	0	0	0	15	0	0	0	0	0	0	0	13	0	0	0	0	0	0	0	171	0	13	0	0	0	0	0	0	0	0	0	0	0	0	0	0	0	0	0	0	0	0	0	0	0	0	0	0	0	0	0	8	0	0	0	0	39	20
assemblage-101-914	0	0	0	0	0	0	10	0	0	0	0	80	0	0	0	0	0	0	0	0	0	0	12	0	0	0	0	0	0	0	0	0	0	0	0	0	0	0	0	0	0	0	0	0	0	3	0	0	0	49	0	0	0	0	0	0	0	0	0	0	0	0	0	0	0	10	0	0	0	0	0	0	0	29	0	0	0	0	0	0	0	0	17	0	109	0	150	31
assemblage-936-352	0	0	4	0	0	0	0	0	0	0	0	37	0	15	0	0	0	0	0	0	0	0	0	0	0	0	0	0	0	0	0	24	0	108	0	0	0	0	33	0	0	0	0	0	0	0	0	0	0	89	0	65	11	0	28	0	0	39	0	0	0	0	0	0	0	0	0	0	0	0	0	0	0	0	0	0	0	0	0	0	0	0	0	0	0	0	25	22
assemblage-463-409	0	0	0	0	0	0	0	0	0	0	0	41	0	0	0	0	0	0	0	0	0	0	0	0	0	31	0	0	0	0	0	0	0	42	0	0	0	0	0	0	0	0	0	0	0	36	0	0	0	187	0	45	0	0	0	0	0	0	0	0	0	0	0	0	0	0	0	0	0	0	0	0	0	0	0	0	0	0	0	0	0	0	0	0	0	0	102	16
assemblage-472-737	0	0	0	0	0	0	3	0	0	0	0	112	0	0	0	0	0	0	0	0	0	0	0	0	0	0	0	0	0	0	0	0	0	21	0	0	0	0	0	0	0	0	0	0	0	0	0	0	0	256	0	35	12	0	22	0	0	0	0	0	0	0	0	0	0	0	0	0	0	0	0	0	0	0	0	0	0	0	0	0	0	0	0	0	0	0	0	39
assemblage-474-731	0	0	0	0	0	0	0	0	0	0	0	110	0	0	0	0	0	0	0	0	0	0	0	0	0	0	0	0	0	0	0	5	0	29	0	0	0	0	6	0	0	0	0	0	0	0	0	0	0	261	0	33	15	0	14	0	0	0	0	0	0	0	0	0	0	0	0	0	0	0	0	0	0	0	0	0	0	0	0	0	0	0	0	0	0	0	0	27
assemblage-226-782	0	0	0	0	0	0	0	0	0	0	0	114	0	0	0	0	0	0	0	0	0	0	0	0	9	0	0	0	0	0	0	0	0	0	0	0	0	0	0	0	0	0	39	0	0	0	0	0	0	110	151	0	0	0	0	36	0	0	0	0	0	0	0	0	0	0	0	6	0	0	0	0	0	0	0	0	0	0	0	0	0	0	0	0	0	0	12	23
assemblage-104-904	0	0	0	0	0	0	4	0	0	0	0	73	0	0	0	0	0	0	0	0	0	0	6	0	0	0	0	0	0	0	6	0	0	0	0	0	0	0	0	0	0	0	0	0	0	0	0	0	0	50	0	0	0	0	0	0	0	0	4	0	0	0	0	0	0	11	0	0	0	0	0	0	0	47	0	0	0	0	0	0	0	0	15	0	111	0	156	17
assemblage-605-286	0	0	0	0	0	0	62	0	0	0	0	93	0	12	0	0	0	0	0	0	0	0	0	0	0	0	0	0	0	0	0	0	0	0	0	0	0	0	0	0	0	0	0	0	0	0	0	0	0	240	0	39	0	0	2	0	0	16	0	0	0	0	0	0	0	0	0	0	0	0	0	0	0	0	0	0	0	6	0	0	0	0	0	0	0	0	0	30
assemblage-607-773	0	0	0	0	0	0	0	0	0	0	0	115	0	0	0	0	0	0	0	0	0	0	0	0	15	0	0	0	0	0	0	0	0	0	0	0	0	0	0	0	0	0	38	0	0	0	0	0	0	154	140	0	0	0	0	14	0	0	0	0	0	0	0	0	0	0	0	2	0	0	0	0	0	0	0	0	0	0	0	0	0	0	0	7	0	0	7	8
assemblage-327-693	0	0	0	0	0	0	0	0	0	0	0	189	0	0	0	0	0	0	0	0	0	0	0	0	0	0	0	20	0	0	0	0	0	0	0	0	0	0	36	0	0	0	0	0	0	0	0	0	0	220	0	25	0	0	0	0	0	0	0	0	0	0	0	0	0	0	0	0	0	0	0	0	0	0	0	0	0	0	0	0	0	0	0	0	0	0	0	10
assemblage-721-988	0	0	0	0	0	0	25	0	0	0	0	39	0	0	18	0	0	0	0	0	0	0	0	0	0	0	0	0	0	0	0	0	0	0	0	0	0	0	0	0	0	0	0	0	0	0	0	0	12	104	0	64	0	0	0	0	0	0	0	0	0	0	0	0	0	0	0	0	0	0	0	0	0	0	44	0	15	0	0	0	7	0	0	0	47	0	110	15
assemblage-243-933	0	0	0	0	0	0	0	0	0	0	0	55	0	17	0	0	0	0	0	0	0	0	0	0	0	0	0	0	0	0	0	0	0	86	0	0	0	0	0	0	0	0	0	0	0	0	0	0	0	105	0	89	0	0	0	0	0	30	0	0	0	0	0	0	0	0	0	0	0	0	0	0	0	0	0	0	0	0	0	0	0	0	0	0	0	0	112	6
assemblage-515-132	0	0	0	0	0	0	0	0	0	0	0	208	0	0	0	0	0	0	0	0	0	0	0	0	0	0	0	28	0	0	0	0	0	0	0	0	0	0	32	0	0	0	0	0	0	0	0	0	0	205	0	14	0	0	0	0	0	0	0	0	0	0	0	0	0	0	0	0	0	0	0	0	0	0	0	0	0	0	0	0	0	0	0	0	0	0	3	10
assemblage-344-482	0	0	0	0	0	0	0	0	0	0	0	196	0	0	0	0	0	5	0	0	0	0	0	0	46	0	0	0	0	0	0	0	0	0	0	0	0	0	0	0	0	0	6	0	0	0	0	0	0	108	8	0	0	0	0	0	7	0	0	0	0	0	0	0	0	0	0	0	0	0	0	0	0	0	0	0	0	0	0	0	0	0	0	0	0	0	107	17
assemblage-450-743	0	0	0	0	0	0	0	0	0	0	0	226	0	0	0	0	0	0	0	0	0	0	0	0	0	0	0	0	0	0	0	0	0	0	0	0	0	0	0	26	0	0	0	0	0	0	0	0	0	96	0	53	0	0	0	0	0	0	0	0	0	0	0	0	0	0	0	0	0	0	0	0	0	0	0	0	0	0	0	0	0	0	0	0	0	0	73	26
assemblage-236-475	0	0	0	0	0	0	55	0	0	4	0	85	0	19	0	0	0	0	0	0	0	0	0	0	0	0	0	0	0	0	0	0	0	0	0	0	0	0	0	0	0	0	0	0	0	0	0	0	0	262	0	30	0	0	0	0	0	21	0	0	0	0	0	0	0	0	0	0	0	0	0	0	0	0	0	0	0	5	0	0	0	0	0	0	0	0	0	19
assemblage-217-641	0	0	0	0	0	0	0	0	0	0	0	108	0	0	0	0	0	3	0	0	0	0	0	0	15	0	0	0	0	0	0	0	0	0	0	0	0	0	0	0	0	0	55	0	0	0	0	0	0	131	131	0	0	0	0	20	0	0	0	0	0	0	0	0	0	0	0	15	0	0	0	0	0	0	0	0	0	0	0	0	0	0	0	0	0	0	14	8
assemblage-564-470	0	0	0	0	0	0	0	0	0	0	0	186	0	0	0	0	0	78	0	0	0	0	0	0	0	0	0	0	0	0	0	0	0	0	0	0	0	0	0	0	0	0	0	0	0	0	0	0	0	59	106	0	0	0	0	33	0	0	0	0	0	0	0	0	0	0	0	0	0	0	0	0	0	0	0	0	0	0	0	0	0	0	0	0	0	0	10	28
assemblage-236-112	0	0	0	0	0	0	0	0	0	0	0	196	0	0	0	0	0	64	0	0	0	0	0	0	0	0	0	0	0	0	0	0	0	0	0	0	0	0	0	0	0	0	0	0	0	0	0	0	0	58	114	0	0	0	0	30	0	0	0	0	0	0	0	0	0	0	0	0	0	0	0	0	0	0	0	0	0	0	0	0	0	0	0	0	0	0	18	20
assemblage-608-503	0	0	0	0	0	0	63	0	0	0	0	44	0	0	0	0	0	0	0	0	0	0	0	0	0	0	0	0	0	0	0	0	9	0	0	0	0	0	0	0	0	0	0	0	0	40	0	0	0	109	0	63	0	0	0	0	0	0	0	0	0	0	0	0	14	0	0	0	8	0	0	0	0	21	22	0	0	0	0	0	10	0	0	0	30	0	42	25
assemblage-350-481	0	0	0	0	0	0	0	0	0	0	0	249	0	0	0	0	0	0	0	0	0	0	0	0	2	0	0	0	0	3	0	0	0	0	0	0	0	0	0	0	0	0	0	0	0	0	0	0	0	89	61	0	0	0	0	0	21	0	0	0	0	0	0	0	0	0	0	0	0	0	0	0	0	0	0	0	0	0	0	0	0	0	0	0	0	0	71	4
assemblage-377-697	0	0	0	0	0	0	118	0	0	0	0	18	0	0	0	0	2	0	0	0	9	0	0	0	0	0	0	0	0	0	0	0	0	0	0	0	0	0	0	0	0	0	0	0	0	24	0	0	0	151	0	89	0	0	0	0	0	0	0	0	0	0	0	0	0	0	0	0	0	0	0	0	0	0	4	0	0	0	0	0	14	0	0	0	9	0	52	10
assemblage-566-457	0	0	0	0	0	0	0	0	0	0	0	182	0	0	0	0	0	59	0	0	0	0	0	0	0	0	0	0	0	0	0	0	0	0	0	0	0	0	0	0	0	0	0	0	0	0	0	0	0	68	105	0	0	0	0	35	0	0	0	0	0	0	0	0	0	0	0	0	0	0	0	0	0	0	0	6	0	0	0	0	0	0	0	0	0	0	21	24
assemblage-755-641	0	0	0	0	0	0	15	0	0	0	0	110	0	0	3	0	0	0	0	0	0	0	0	0	0	17	0	0	0	0	0	0	0	39	0	0	0	0	0	0	0	0	0	0	0	5	0	0	0	183	0	60	0	0	0	0	0	0	0	0	0	0	0	0	0	0	0	0	0	0	0	0	0	0	0	0	0	0	0	0	0	0	0	0	0	0	42	26
assemblage-488-754	0	0	0	0	0	0	0	0	0	0	0	35	0	21	0	0	0	0	0	0	0	0	0	0	0	0	0	0	0	0	0	0	0	93	0	0	0	0	0	0	0	0	0	0	0	0	0	0	0	128	0	63	0	0	0	0	0	19	0	0	0	0	0	0	0	0	0	0	0	0	0	0	0	0	0	0	0	0	0	0	0	0	0	0	0	0	129	12
assemblage-435-396	0	0	0	0	0	0	28	0	0	0	0	79	11	0	16	0	0	0	0	0	0	0	0	0	0	11	0	0	0	0	0	0	0	7	0	0	0	0	0	0	0	0	0	0	0	0	0	0	0	212	0	104	0	0	0	0	0	0	0	0	0	0	0	0	0	0	0	0	0	0	0	0	0	0	4	0	0	0	0	0	0	0	0	0	0	0	26	2
assemblage-734-635	0	0	9	0	0	0	30	0	0	0	0	87	0	0	11	0	0	0	0	0	0	0	0	0	0	0	0	0	0	0	0	0	0	65	0	0	16	0	0	0	0	0	0	0	0	0	0	0	0	217	0	13	0	0	0	0	0	0	0	0	0	0	0	0	0	0	0	0	0	0	0	0	6	0	0	0	0	0	0	0	0	0	0	0	0	0	36	10
assemblage-336-184	0	0	0	0	0	0	0	0	0	0	0	212	0	0	0	0	0	0	0	0	0	0	0	0	8	0	0	0	0	0	0	0	0	0	0	8	0	0	0	0	0	0	27	14	0	0	0	0	0	30	58	0	0	0	0	0	20	0	0	0	0	0	0	0	0	0	0	0	0	0	3	0	0	0	0	0	0	0	0	0	0	0	0	0	0	0	106	14
assemblage-403-849	0	0	0	0	0	0	0	0	0	0	0	223	0	0	0	0	0	0	0	0	0	0	0	0	3	0	0	0	0	13	0	0	0	0	0	0	0	0	0	0	0	0	0	0	0	0	0	0	0	92	64	0	0	0	0	0	22	0	0	0	0	0	0	0	0	0	0	0	0	0	0	0	0	0	0	0	0	0	0	0	0	0	0	0	0	0	75	8
assemblage-903-987	0	0	0	0	0	0	29	0	0	0	0	122	0	0	0	0	0	0	0	0	0	0	0	0	0	21	0	0	0	0	0	0	0	29	0	0	0	0	0	0	0	0	0	0	0	79	0	0	0	92	0	93	0	0	0	0	0	0	0	0	0	0	0	0	0	0	0	0	0	0	0	0	0	0	0	0	0	0	0	0	10	0	0	0	8	0	10	7
assemblage-393-312	0	0	0	0	0	0	0	0	0	0	0	310	0	0	0	0	0	34	0	0	0	0	0	0	0	0	0	0	0	0	0	0	0	0	0	0	0	0	0	0	0	0	0	5	0	0	0	0	0	12	24	0	0	0	0	7	0	0	0	0	0	0	0	0	0	0	0	0	0	0	0	0	0	0	0	0	0	0	0	0	0	0	0	0	0	0	106	2
assemblage-331-188	0	0	0	0	0	0	0	0	0	0	0	111	0	0	0	0	0	0	0	0	0	0	0	0	45	0	0	0	0	0	0	0	0	0	0	0	0	0	0	0	0	0	21	0	0	0	0	0	0	164	89	0	0	0	0	38	0	0	0	0	0	0	0	0	0	0	0	0	0	0	0	0	0	0	0	0	0	0	0	0	0	0	0	0	0	0	17	15
assemblage-347-681	0	0	0	0	0	0	0	0	0	0	0	228	0	0	0	0	0	0	0	0	0	0	0	0	10	0	0	0	0	0	0	0	0	0	24	0	0	0	0	0	0	0	0	0	0	0	0	0	0	90	0	37	0	0	0	0	0	0	0	0	0	0	0	9	0	0	0	0	0	0	0	0	0	0	0	0	0	0	0	0	0	0	0	0	0	0	88	14
assemblage-395-318	0	0	0	0	0	0	0	0	0	0	0	184	0	0	0	0	0	66	0	0	0	0	0	0	0	0	0	0	0	0	0	0	0	0	0	0	0	0	0	0	0	0	0	0	0	0	0	0	0	54	123	0	0	0	0	41	0	0	0	0	0	0	0	0	0	0	0	0	0	0	0	0	0	0	0	6	0	0	0	0	0	0	0	0	0	0	12	14
assemblage-824-118	0	0	0	0	0	0	0	0	0	0	0	58	0	0	0	0	0	0	0	0	0	0	0	0	0	29	0	0	0	0	0	0	0	35	0	0	0	0	0	0	0	0	0	0	0	41	0	0	0	181	0	34	0	0	0	0	0	0	0	0	0	0	0	0	0	0	0	0	0	0	0	0	0	0	0	0	0	0	0	0	0	0	0	0	0	0	112	10
assemblage-383-267	0	0	35	0	0	0	0	0	0	0	0	278	0	0	0	0	0	0	0	0	0	0	0	0	0	0	0	0	0	0	0	0	0	35	0	0	0	0	0	0	0	0	0	0	0	0	0	0	0	113	0	0	0	0	0	0	0	0	0	0	0	0	0	0	0	0	0	0	0	0	0	0	0	0	0	0	0	21	0	0	0	0	0	0	0	0	5	13
assemblage-469-755	0	0	0	0	0	0	0	0	0	0	0	222	0	0	0	0	0	0	0	0	0	0	0	0	7	0	0	0	0	0	0	0	0	0	0	0	0	0	0	22	0	0	0	0	0	0	0	0	0	91	0	54	0	0	0	0	0	0	0	0	0	0	0	0	0	0	0	0	0	0	0	0	0	0	0	0	0	0	0	0	0	0	0	0	0	0	91	13
assemblage-385-319	0	0	0	0	8	0	0	0	0	0	0	210	0	0	0	0	0	0	0	0	0	0	0	0	5	0	0	0	0	0	0	0	0	0	0	0	0	0	0	0	0	0	0	0	7	0	0	0	0	71	79	0	0	0	0	81	0	0	0	0	0	0	0	0	0	0	0	0	0	18	0	0	0	0	0	0	0	0	0	0	0	0	0	0	0	0	7	14
assemblage-752-634	0	0	0	0	0	0	11	0	0	0	0	186	0	0	7	0	0	0	0	0	0	0	0	0	0	17	0	0	0	0	0	0	0	25	0	0	0	0	0	0	0	0	0	0	0	0	0	0	0	153	0	56	0	0	0	0	0	0	0	0	0	0	4	0	0	0	0	0	0	0	0	0	0	0	14	0	0	0	0	0	0	0	0	0	0	0	17	10
assemblage-369-692	0	0	0	0	0	0	121	0	0	0	0	19	0	0	0	0	0	0	0	0	1	0	0	0	0	0	0	0	0	0	0	0	0	0	0	0	0	0	0	0	0	0	0	0	0	31	0	0	0	150	0	81	0	0	0	0	0	0	0	0	0	0	0	0	0	0	0	0	0	0	0	0	0	0	6	0	0	0	0	0	20	0	0	0	14	0	35	22
assemblage-323-684	0	0	0	0	0	0	0	0	0	0	0	219	0	0	0	0	0	0	0	0	0	0	0	0	4	0	0	0	0	0	0	0	0	0	0	0	0	0	0	17	0	0	0	0	0	0	0	0	0	108	0	68	0	0	0	0	0	0	0	0	0	0	0	0	0	0	0	0	0	0	0	0	0	0	0	0	0	0	0	0	0	0	0	0	0	0	75	9
assemblage-869-918	0	0	0	0	0	0	0	0	0	0	0	61	0	0	0	0	0	0	0	0	0	0	0	0	0	24	0	0	0	0	0	0	0	30	0	0	0	0	0	0	0	0	0	0	0	31	0	0	0	178	0	34	0	0	0	0	0	0	0	0	0	0	0	0	0	0	0	0	0	0	0	0	0	0	0	0	0	0	0	0	0	0	0	0	0	0	122	20
assemblage-501-749	0	0	48	0	0	0	0	0	0	0	0	279	0	0	0	0	0	0	0	0	0	0	0	0	0	0	0	0	0	0	0	0	0	21	0	0	0	0	0	0	0	0	0	0	0	0	0	0	0	114	0	0	0	0	0	0	0	0	0	0	0	0	0	0	0	0	0	0	0	0	0	0	0	0	0	0	0	12	0	0	0	0	0	0	0	0	0	26
assemblage-501-748	0	0	0	0	0	0	38	0	0	0	0	246	0	0	0	0	0	0	0	0	0	0	0	0	0	46	0	0	0	0	0	0	0	5	0	0	0	0	0	0	0	0	0	0	0	0	0	0	0	72	0	55	0	0	5	0	0	0	0	0	0	0	0	0	0	0	0	0	0	0	0	0	0	0	0	0	0	0	0	0	0	12	0	0	0	0	10	11
assemblage-213-781	0	0	0	0	0	0	0	0	0	0	0	100	0	0	0	0	0	10	0	0	0	0	0	0	11	0	0	0	0	0	0	0	0	0	0	0	0	0	0	0	0	0	45	0	0	0	0	0	0	126	147	0	0	0	0	24	0	0	0	0	0	0	0	0	0	0	0	8	0	0	0	0	0	0	0	0	0	0	0	0	0	0	0	0	0	0	21	8
assemblage-688-285	0	0	0	0	0	5	67	6	0	0	0	54	0	0	0	0	0	0	0	0	0	0	0	0	0	0	0	0	0	0	0	0	0	0	0	0	0	7	0	0	0	0	0	0	0	34	0	0	0	119	0	108	0	0	0	0	0	0	0	0	0	0	0	0	0	0	0	0	6	0	0	0	0	15	0	0	0	0	0	0	4	0	0	0	35	0	15	25
assemblage-932-998	0	0	0	0	0	0	29	0	0	0	0	97	0	0	0	0	0	0	0	0	0	0	0	0	0	21	0	0	0	0	0	0	0	27	0	0	0	0	0	0	0	0	0	0	0	127	0	0	0	58	0	83	0	0	0	0	0	0	0	0	0	0	0	0	0	0	3	0	0	0	0	0	0	0	0	0	0	0	0	0	8	0	0	0	25	0	12	10
assemblage-761-624	0	0	0	0	0	0	3	0	0	0	0	174	0	0	0	0	0	0	0	0	0	0	0	0	0	7	0	0	0	0	0	0	0	17	0	0	0	0	0	0	0	0	0	0	0	0	0	0	0	202	0	58	0	0	0	0	0	0	0	0	0	0	0	0	0	0	0	0	0	0	0	0	0	0	9	0	0	0	0	0	0	0	0	0	0	0	14	16
assemblage-137-330	0	0	6	0	0	0	68	0	0	0	0	89	0	11	0	0	0	0	0	0	0	0	0	0	0	0	0	0	0	0	0	0	0	9	0	0	0	0	0	0	0	0	0	0	0	0	0	0	0	244	0	27	0	0	0	0	0	18	0	0	0	0	0	0	0	0	0	0	0	0	0	0	0	0	0	0	0	3	0	0	0	0	0	0	0	0	0	25
assemblage-754-638	0	0	0	0	0	0	0	0	0	0	0	72	0	0	0	0	0	0	0	0	0	0	0	0	0	28	0	0	0	0	0	0	0	27	0	0	0	0	0	0	0	0	0	0	0	47	0	0	0	163	0	42	0	0	0	0	0	0	0	0	0	0	0	0	0	0	0	0	0	0	0	0	0	0	0	0	0	0	0	0	0	0	0	0	0	0	102	19
assemblage-729-1006	0	0	0	0	0	0	27	0	0	0	0	89	0	0	0	0	0	0	0	0	0	0	0	0	0	21	0	0	0	0	0	0	0	30	0	0	0	0	0	0	0	0	0	0	0	125	0	0	0	76	0	73	0	0	0	0	0	0	0	0	0	0	0	0	0	0	0	0	0	0	0	0	0	0	0	0	0	0	0	0	10	0	0	0	15	0	17	17
assemblage-842-915	0	0	0	0	0	0	20	0	0	0	0	91	8	0	11	0	0	0	0	0	0	0	0	0	0	17	0	0	0	0	0	0	0	15	0	0	0	0	0	0	0	0	0	0	0	0	0	0	0	174	0	121	0	0	0	0	0	0	0	0	0	0	0	0	0	0	0	0	0	0	0	0	0	0	12	0	0	0	0	0	0	0	0	0	0	0	26	5
assemblage-851-901	0	0	0	0	0	0	0	0	0	0	0	180	0	0	0	0	0	0	0	0	0	0	0	0	0	22	0	0	0	0	0	0	0	19	0	0	0	0	0	0	0	0	0	0	0	0	0	0	0	184	0	56	0	0	0	0	0	0	0	0	0	0	0	0	0	0	0	0	0	0	0	0	0	0	11	0	0	0	0	0	0	0	0	0	0	0	14	14
assemblage-828-136	0	0	0	0	0	0	0	0	0	0	0	202	0	0	4	0	0	0	0	0	0	0	0	0	0	17	0	0	0	0	0	0	0	27	0	0	0	0	0	0	0	0	0	0	0	0	0	0	0	168	0	56	0	0	0	0	0	0	0	0	0	0	0	0	0	0	0	0	0	0	0	0	0	0	8	0	0	0	0	0	0	0	0	0	0	0	10	8
assemblage-600-497	0	0	0	0	0	0	30	5	0	0	0	57	0	0	0	0	0	0	0	0	0	0	0	0	0	0	0	0	9	0	0	0	0	0	0	0	0	6	0	0	0	0	0	0	0	56	0	0	0	147	0	90	0	0	0	0	0	0	0	0	0	0	0	0	0	0	0	0	6	0	0	0	0	13	0	0	0	0	0	0	7	0	0	0	34	0	14	26
assemblage-437-378	0	0	10	0	0	0	34	0	0	0	0	89	0	0	0	0	0	0	0	0	0	0	0	0	0	0	0	0	0	0	0	0	0	56	0	0	25	0	0	0	0	0	0	0	0	0	0	0	0	220	0	17	0	0	0	0	0	0	0	0	0	0	0	0	0	0	0	0	0	0	0	0	12	0	0	0	0	0	0	0	2	0	0	0	0	0	26	9
assemblage-458-410	0	0	0	0	0	0	0	0	0	0	0	60	0	0	0	0	0	0	0	0	0	0	0	0	0	22	0	0	0	0	0	0	0	25	0	0	0	0	0	0	0	0	0	0	0	41	0	0	0	199	0	36	0	0	0	0	0	0	0	0	0	0	0	0	0	0	0	0	0	0	0	0	0	0	0	0	0	0	0	0	0	0	0	0	0	0	94	23
assemblage-685-923	0	0	0	0	0	0	0	0	0	0	0	223	0	0	0	0	0	17	0	0	0	0	0	0	23	0	0	0	0	0	0	0	0	0	0	0	0	0	0	0	0	0	0	0	0	0	0	0	0	179	0	0	0	0	0	17	0	0	0	0	0	0	0	0	0	0	0	0	0	0	0	0	0	0	0	0	0	0	0	0	0	0	0	0	0	0	33	8
assemblage-477-657	0	0	0	0	0	0	73	0	0	0	0	0	0	0	0	0	0	0	0	0	0	0	0	0	0	0	0	0	0	0	0	0	0	0	0	0	0	0	0	0	0	0	0	0	0	51	0	0	0	85	0	87	0	0	0	0	0	0	0	0	0	0	0	0	0	0	0	0	19	0	0	0	0	8	0	0	0	0	0	0	118	0	0	0	0	0	47	12
assemblage-612-275	0	0	0	0	0	0	0	0	0	0	0	191	0	5	0	0	0	0	0	12	0	0	0	0	0	0	0	0	0	0	0	0	0	28	0	0	0	0	0	0	0	0	0	0	0	0	0	0	0	79	0	139	0	0	0	0	0	22	0	0	0	0	0	0	0	0	0	0	0	0	0	0	0	0	0	0	0	0	0	0	0	0	0	0	0	0	14	10
assemblage-210-937	0	0	0	0	0	0	4	0	0	0	0	25	0	0	0	0	0	0	0	0	0	0	0	0	0	31	0	0	0	0	0	0	0	29	0	0	0	0	0	0	0	0	0	0	0	0	0	0	0	367	0	13	0	0	0	0	0	0	0	0	0	0	0	0	0	0	0	0	0	0	0	0	0	0	0	0	0	0	0	0	0	0	0	0	0	0	11	20
assemblage-240-109	0	0	0	0	0	0	0	0	0	0	0	71	0	0	0	0	0	0	0	0	0	0	0	0	0	0	0	0	0	0	0	0	0	0	0	0	0	0	0	0	0	0	34	0	0	0	0	0	0	157	74	0	0	0	0	63	0	0	0	0	0	0	0	0	0	0	0	0	0	0	0	0	0	0	0	0	0	0	0	0	0	0	0	0	0	0	93	8
assemblage-879-838	0	0	0	0	0	0	0	0	0	0	0	190	0	0	0	0	0	0	0	0	0	0	0	0	0	0	0	21	0	0	0	0	0	0	0	0	0	0	31	0	0	0	0	0	0	0	0	0	0	228	0	13	0	0	0	0	0	0	0	0	0	0	0	0	0	0	0	0	0	0	0	0	0	0	0	0	0	0	0	0	0	0	0	0	0	0	0	17
assemblage-524-131	0	0	0	0	0	0	0	0	0	0	0	251	0	0	0	0	0	0	0	0	0	0	0	0	7	0	0	0	0	0	0	0	0	0	0	0	0	0	0	22	0	0	0	0	0	0	0	0	0	92	0	58	0	0	0	0	0	0	0	0	0	0	0	0	0	0	0	0	0	0	0	0	0	0	0	0	0	0	0	0	0	0	0	0	0	0	50	20
assemblage-255-725	0	0	0	0	0	0	176	0	0	0	0	0	0	0	0	0	0	0	5	0	0	0	0	0	0	0	0	0	0	0	0	0	0	0	0	0	0	0	0	0	0	0	0	0	0	0	0	0	0	258	0	0	0	0	0	0	0	0	0	0	0	0	0	0	0	0	0	0	0	0	0	0	0	0	39	0	0	0	0	0	0	0	0	0	0	0	11	11
assemblage-745-570	0	0	0	0	0	0	7	0	0	0	0	30	0	0	0	0	0	0	0	0	0	0	0	0	0	33	0	0	0	0	0	0	0	28	0	0	0	0	0	0	0	0	0	0	0	0	0	0	0	363	0	10	0	0	0	0	0	0	0	0	0	0	0	0	0	0	0	0	0	0	0	0	0	0	0	0	0	0	0	0	0	0	0	0	0	0	7	22
assemblage-585-727	0	0	0	0	0	0	120	0	0	0	0	66	0	0	42	0	0	0	0	0	0	0	0	0	0	0	0	0	0	0	0	0	0	0	0	0	0	0	0	0	0	0	0	0	0	4	0	0	0	41	0	14	0	0	0	0	0	0	0	0	7	0	0	0	0	0	0	0	0	0	0	0	0	0	71	0	0	0	0	0	0	0	0	0	7	0	110	18
assemblage-243-162	0	0	0	0	0	0	0	0	0	0	0	328	0	0	0	0	0	37	0	0	0	0	0	0	0	0	0	0	0	0	0	0	0	0	0	0	0	0	0	0	0	0	0	11	0	0	0	0	0	9	11	0	0	0	0	16	0	0	0	0	0	0	0	0	0	0	0	0	0	0	0	0	0	0	0	0	0	0	0	0	0	0	0	0	0	0	85	3
assemblage-246-669	0	0	0	0	0	0	0	0	0	0	0	258	0	0	0	0	0	63	0	0	0	0	0	0	14	0	0	0	0	0	0	0	0	0	0	0	0	0	0	0	0	0	0	0	0	0	0	0	0	30	48	0	0	0	0	0	0	0	0	0	0	21	0	0	0	0	0	0	0	0	0	0	0	0	0	0	0	0	0	0	0	0	0	0	0	0	58	8
assemblage-478-642	0	0	0	0	0	0	67	0	0	0	0	0	0	0	0	0	0	0	0	0	0	0	0	0	0	0	0	0	0	0	0	0	0	0	0	0	0	0	0	0	0	0	0	0	0	51	0	0	0	71	0	87	0	0	0	0	0	0	0	0	0	0	0	0	0	0	0	0	33	0	0	0	0	7	0	0	0	0	0	0	131	0	0	0	0	0	48	5
assemblage-821-647	41	0	0	0	0	0	0	0	0	0	0	0	0	0	0	0	0	0	0	0	0	0	0	0	0	0	0	0	0	0	0	0	0	0	0	0	0	29	0	0	0	0	0	0	0	0	7	0	0	181	0	186	0	5	0	0	0	0	0	0	0	0	0	0	0	0	0	0	0	0	0	0	0	0	0	0	0	0	0	0	0	0	0	0	0	0	33	18
assemblage-243-797	0	0	0	0	0	0	0	0	0	0	0	263	0	0	0	0	0	52	0	0	0	0	0	0	28	0	0	0	0	0	0	0	0	0	0	0	0	0	0	0	0	0	9	0	0	0	0	0	0	25	47	0	0	0	0	0	0	0	0	0	0	26	0	0	0	0	0	0	0	0	0	0	0	0	0	0	0	0	0	0	0	0	0	0	0	0	41	9
assemblage-821-643	57	0	0	0	0	0	0	0	0	0	0	0	0	0	0	0	0	0	0	0	0	0	0	0	0	0	0	0	0	0	0	0	0	0	0	0	0	18	0	0	0	0	0	0	0	0	11	0	0	208	0	169	0	5	0	0	0	0	0	0	0	0	0	0	0	0	0	0	0	0	0	0	0	0	0	0	0	0	0	0	0	0	0	0	0	0	20	12
assemblage-611-922	0	0	0	0	0	0	56	0	0	0	0	29	0	0	0	0	0	0	0	0	0	0	13	0	0	0	0	0	0	0	0	0	27	0	0	0	0	0	0	0	0	0	0	0	0	52	0	0	0	21	0	63	0	0	0	0	0	0	0	0	0	0	0	0	67	0	0	0	0	0	0	0	0	9	40	0	0	0	0	0	3	0	0	0	65	0	40	15
assemblage-724-995	0	0	0	0	0	0	79	0	0	0	0	54	0	0	29	0	0	0	0	0	0	0	0	0	0	0	0	0	0	0	0	0	0	3	0	0	0	0	0	0	0	0	0	0	0	30	0	0	0	94	0	60	0	0	0	0	0	0	0	0	0	0	0	0	0	0	7	0	0	0	0	0	0	0	25	0	0	0	0	0	15	0	0	0	20	0	59	25
assemblage-393-321	0	0	0	0	0	0	0	0	0	0	0	86	0	0	0	0	0	0	0	0	0	0	0	0	0	0	0	0	0	0	0	0	0	0	0	0	0	0	0	0	0	0	36	0	0	0	0	0	0	159	62	0	0	0	0	71	0	0	0	0	0	0	0	0	0	0	0	0	0	0	0	0	0	0	0	0	0	0	0	0	0	0	0	0	0	0	78	8
assemblage-728-992	0	0	0	0	0	0	94	0	0	0	0	42	0	0	18	0	10	0	0	0	0	0	0	0	0	0	0	0	0	0	0	0	0	0	0	0	0	0	0	0	0	0	0	0	0	4	0	0	0	146	0	83	0	0	0	0	0	0	0	0	0	0	0	0	0	0	21	0	0	0	0	0	0	0	0	0	0	0	0	0	39	0	0	0	0	0	27	16
assemblage-597-731	0	0	0	0	0	0	18	0	0	0	0	51	0	0	16	0	0	0	0	0	0	0	0	0	0	0	0	0	0	0	0	0	0	0	0	0	0	0	0	0	0	0	0	0	0	0	0	0	6	107	0	83	0	0	0	0	0	0	0	0	0	0	0	0	4	0	0	0	0	0	0	0	0	0	30	0	10	0	0	0	17	0	0	0	43	0	99	16
assemblage-605-717	0	0	0	0	0	0	126	0	0	0	0	32	0	0	20	0	17	0	0	0	0	0	0	0	0	0	0	0	0	0	0	0	0	0	0	0	0	0	0	0	0	0	0	0	0	8	0	0	0	126	0	78	0	0	0	0	0	0	0	0	0	0	0	0	0	0	17	0	0	0	0	0	0	0	0	0	0	0	0	0	41	0	0	0	5	0	19	11
assemblage-668-930	0	0	0	0	0	0	0	0	0	0	0	259	0	0	0	0	0	0	0	0	0	0	0	0	0	0	0	0	0	9	0	0	0	0	0	0	0	0	0	0	0	0	0	0	0	0	0	0	0	72	68	0	0	0	0	0	19	0	0	0	0	0	0	0	0	0	0	0	0	0	0	0	0	0	0	0	0	0	0	0	0	0	0	0	0	0	61	12
assemblage-405-318	0	0	0	0	6	0	0	0	0	0	0	181	0	0	0	0	0	5	0	0	0	0	0	0	2	0	0	0	0	0	0	0	0	0	0	0	0	0	0	0	0	0	0	0	8	0	0	0	0	104	84	0	0	0	0	82	0	0	0	0	0	0	0	0	0	0	0	0	0	11	0	0	0	0	0	0	0	0	0	0	0	0	0	0	0	0	7	10
assemblage-121-343	0	0	15	0	0	0	6	0	0	0	0	177	0	0	0	0	0	0	0	0	0	0	0	0	0	0	0	0	0	0	0	0	0	10	0	0	0	0	0	0	0	21	0	0	0	0	0	0	0	206	0	9	0	0	0	0	0	0	0	0	0	0	0	0	0	0	0	0	0	0	0	0	0	0	0	0	0	0	0	0	0	5	0	0	0	0	45	6
assemblage-576-485	0	0	0	0	6	0	0	0	0	0	0	183	0	0	0	0	0	3	0	0	0	0	0	0	0	0	0	0	0	0	0	0	0	0	0	0	0	0	0	0	0	0	0	0	4	0	0	0	0	80	65	0	0	0	0	113	0	0	0	0	0	0	0	0	0	0	0	0	0	18	0	0	0	0	0	0	0	0	0	0	0	0	0	0	0	0	13	15
assemblage-387-847	0	0	0	0	0	0	0	0	0	0	0	84	0	0	0	0	0	0	0	0	0	7	0	0	53	0	0	0	0	0	0	0	0	0	0	0	0	0	0	0	0	0	0	0	0	0	0	0	0	153	0	0	0	0	0	0	0	0	0	0	0	0	0	0	0	0	0	0	0	0	0	0	0	0	0	0	0	0	0	14	0	0	0	0	0	0	179	10
assemblage-453-406	0	0	0	0	0	0	0	0	0	0	0	79	0	0	0	0	0	0	0	0	0	0	0	0	0	16	0	0	0	0	0	0	0	38	0	0	0	0	0	0	0	0	0	0	0	33	0	0	0	185	0	42	0	0	0	0	0	0	0	0	0	0	0	0	0	0	0	0	0	0	0	0	0	0	0	0	0	0	0	0	0	0	0	0	0	0	86	21
assemblage-739-488	0	0	0	0	0	0	23	0	0	0	0	52	0	0	21	0	0	0	0	0	0	0	0	0	0	0	0	0	0	0	0	0	0	0	0	0	0	0	0	0	0	0	0	0	0	0	0	0	13	127	0	59	0	0	0	0	0	0	0	0	0	0	0	0	0	0	0	0	0	0	0	0	0	0	32	0	4	0	0	0	12	0	0	0	36	0	98	23
assemblage-412-860	0	0	0	0	0	0	0	0	0	0	0	209	0	0	0	0	0	14	0	0	0	0	0	8	61	0	0	0	0	0	0	0	0	0	0	0	0	0	0	0	0	0	38	0	0	0	0	0	0	67	0	0	0	0	0	0	0	0	0	0	0	0	0	0	0	0	0	0	0	0	0	0	0	0	0	0	0	0	0	0	0	0	0	0	0	0	90	13
assemblage-472-664	0	0	0	0	0	0	70	0	0	0	0	0	0	0	0	0	0	0	0	0	0	0	0	0	0	0	0	0	0	0	0	0	0	0	0	0	0	0	0	0	0	0	0	0	0	52	0	0	0	82	0	62	0	0	0	0	0	0	0	0	0	0	0	0	0	0	0	0	34	0	0	0	0	3	0	0	0	0	0	0	145	0	0	0	0	0	33	19
assemblage-348-188	0	0	0	0	0	0	0	0	0	0	0	96	0	0	0	0	0	3	0	0	0	0	0	0	15	0	0	0	0	0	0	0	0	0	0	0	0	0	0	0	0	0	52	0	0	0	0	0	0	125	141	0	0	0	0	23	0	0	0	0	0	0	0	0	0	0	0	15	0	0	0	0	0	0	0	0	0	0	0	0	0	0	0	0	0	0	15	15
assemblage-932-368	0	0	0	0	0	0	0	0	0	0	0	190	0	0	0	0	0	0	0	8	0	0	0	0	0	0	0	0	0	0	0	0	0	28	0	0	0	0	0	0	0	0	0	0	0	0	0	0	0	102	0	129	0	0	0	0	0	18	0	0	0	0	0	0	0	0	0	0	0	0	0	0	0	0	0	0	0	0	0	0	0	0	0	0	0	0	16	9
assemblage-235-123	0	0	0	0	0	0	0	0	0	0	0	210	0	0	0	0	0	0	0	0	0	0	0	0	6	0	0	0	0	0	0	0	0	0	0	0	0	0	0	0	0	0	0	0	0	0	0	0	0	72	73	0	0	0	0	89	0	0	0	0	0	0	0	0	0	0	0	0	0	18	0	0	0	0	0	0	0	0	0	0	0	0	0	0	0	0	5	27
assemblage-209-484	0	0	14	0	0	0	5	0	0	0	0	207	0	0	0	0	0	0	0	0	0	0	0	0	0	0	0	0	0	0	0	0	0	14	0	0	0	0	0	0	0	12	0	0	0	0	0	0	0	171	0	15	0	0	0	0	0	0	0	0	0	0	0	0	0	0	0	0	0	0	0	0	0	0	0	0	0	0	0	0	0	5	0	0	0	0	37	20
assemblage-420-841	0	0	0	0	0	0	0	0	0	0	0	68	0	0	0	0	0	0	0	0	0	0	0	0	58	0	0	0	0	0	0	0	0	0	0	0	0	0	0	0	0	0	0	0	0	0	0	0	0	140	0	0	0	0	0	0	0	0	0	0	0	0	0	0	0	0	0	0	0	0	0	0	0	0	0	0	0	0	0	9	0	0	0	0	0	0	197	28
assemblage-360-710	0	0	0	0	0	0	45	8	0	0	0	42	0	0	0	0	0	0	0	0	0	0	0	0	0	0	0	0	8	0	0	0	0	0	0	0	0	16	0	0	0	0	0	0	0	44	0	0	0	129	0	97	0	0	0	0	0	0	0	0	0	0	0	0	0	0	0	0	4	0	0	0	0	15	0	0	0	0	0	0	0	0	0	0	50	0	17	25
assemblage-234-940	0	0	0	0	0	0	6	0	0	0	0	30	0	0	0	0	0	0	0	0	0	0	0	0	0	32	0	0	0	0	0	0	0	32	0	0	0	0	0	0	0	0	0	0	0	0	0	0	0	360	0	8	0	0	0	0	0	0	0	0	0	0	0	0	0	0	0	0	0	0	0	0	0	0	0	0	0	0	0	0	0	0	0	0	0	0	17	15
assemblage-827-631	39	0	0	0	0	0	0	0	0	0	0	0	0	0	0	0	0	0	0	0	0	0	0	0	0	0	0	0	0	0	0	0	0	0	0	0	0	16	0	0	0	0	0	0	0	0	6	0	0	201	0	169	0	7	0	0	0	0	0	0	0	0	0	0	0	0	0	0	0	0	0	0	0	0	0	0	0	0	0	0	0	0	0	0	0	0	48	14
assemblage-254-112	0	0	0	0	0	0	0	0	0	0	0	217	0	0	0	0	0	71	0	0	0	0	0	0	0	0	0	0	0	0	0	0	0	0	0	0	0	0	0	0	0	0	0	0	0	0	0	0	0	54	104	0	0	0	0	20	0	0	0	0	0	0	0	0	0	0	0	0	0	0	0	0	0	0	0	0	0	0	0	0	0	0	0	0	0	0	21	13
assemblage-214-177	0	0	0	0	0	0	0	0	0	0	0	187	0	0	0	0	0	66	0	0	0	0	0	0	0	0	0	0	0	0	0	0	0	0	0	0	0	0	0	0	0	0	0	0	0	0	0	0	0	77	101	0	0	0	0	29	0	0	0	0	0	0	0	0	0	0	0	0	0	0	0	0	0	0	0	0	0	0	0	0	0	0	0	0	0	0	20	20
assemblage-224-778	0	0	0	0	0	0	0	0	0	0	0	174	0	0	0	0	0	13	0	0	0	0	0	0	21	0	0	0	0	0	0	0	0	0	0	0	0	0	0	0	0	0	37	0	0	0	0	0	0	94	74	0	0	0	0	19	5	0	0	0	0	3	0	0	0	0	0	0	0	0	0	0	0	0	0	0	0	0	0	0	0	0	0	0	0	0	45	15
assemblage-441-398	0	0	0	0	0	0	4	0	0	0	0	158	0	0	0	0	0	0	0	0	0	0	0	0	0	21	0	0	0	0	0	0	0	22	0	0	0	0	0	0	0	0	0	0	0	0	0	0	0	185	0	57	0	0	0	0	0	0	0	0	0	0	0	0	0	0	0	0	0	0	0	0	0	0	9	0	0	0	0	0	0	0	0	0	0	0	28	16
assemblage-743-627	0	0	0	0	0	0	7	0	0	0	0	180	0	0	3	0	0	0	0	0	0	0	0	0	0	22	0	0	0	0	0	0	0	24	0	0	0	0	0	0	0	0	0	0	0	0	0	0	0	167	0	67	0	0	0	0	0	0	0	0	0	0	0	0	0	0	0	0	0	0	0	0	0	0	12	0	0	0	0	0	0	0	0	0	0	0	13	5
assemblage-519-125	0	0	0	0	0	0	0	0	0	0	0	216	0	0	0	6	0	0	0	0	0	0	0	0	11	0	0	0	0	0	0	0	0	0	18	0	0	0	0	0	0	0	0	0	0	0	0	0	0	105	0	39	0	0	0	0	0	0	0	0	0	0	0	16	0	0	0	0	0	0	0	0	0	0	0	0	0	0	0	0	0	0	0	0	0	0	88	1
assemblage-483-768	0	0	0	0	0	0	5	0	0	0	0	124	0	0	0	0	0	0	0	0	0	0	0	0	0	0	0	0	0	0	0	0	0	22	0	0	0	0	0	0	0	0	0	0	0	0	0	0	0	246	0	43	13	0	17	0	0	0	0	0	0	0	0	0	0	0	0	0	0	0	0	6	0	0	0	0	0	0	0	0	0	0	0	0	0	0	0	24
assemblage-526-107	0	0	0	0	0	0	0	0	0	0	0	240	0	0	0	0	0	0	0	0	0	0	0	0	8	0	0	0	0	0	0	0	0	0	0	0	0	0	0	18	0	0	0	0	0	0	0	0	0	94	0	50	0	0	0	0	0	0	0	0	0	0	0	0	0	0	0	0	0	0	0	0	0	0	0	0	0	0	0	0	0	0	0	0	0	0	76	14
assemblage-211-180	0	0	0	0	0	0	0	0	0	0	0	346	0	0	0	0	0	36	0	0	0	0	0	0	0	0	0	0	0	0	0	0	0	0	0	0	0	0	0	0	0	0	0	7	0	0	0	0	0	8	14	0	0	0	0	5	0	0	0	0	0	0	0	0	0	0	0	0	0	0	0	0	0	0	0	0	0	0	0	0	0	0	0	0	0	0	84	0
assemblage-264-360	0	0	0	0	0	0	0	0	0	0	0	207	0	0	0	0	0	14	0	0	0	0	0	8	59	0	0	0	0	0	0	0	0	0	0	0	0	0	0	0	0	0	36	0	0	0	0	0	0	75	0	0	0	0	0	0	0	0	0	0	0	0	0	0	0	0	0	0	0	0	0	0	0	0	0	0	0	0	0	0	0	0	0	0	0	0	89	12
assemblage-264-339	0	0	0	0	0	0	0	0	0	0	0	226	0	0	0	0	0	13	0	0	0	0	0	7	55	0	0	0	0	0	0	0	0	0	0	0	0	0	0	0	0	0	25	0	0	0	0	0	0	65	0	0	0	0	0	0	0	0	0	0	0	0	0	0	0	0	0	0	0	0	0	0	0	0	0	0	0	0	0	0	0	0	0	0	0	0	94	15
assemblage-109-340	0	0	0	0	0	0	61	0	0	0	0	84	0	12	0	0	0	0	0	0	0	0	0	0	0	0	0	0	0	0	0	0	0	0	0	0	0	0	0	0	0	0	0	0	0	0	0	0	0	260	0	33	0	0	6	0	0	18	0	0	0	0	0	0	0	0	0	0	0	0	0	0	0	0	0	0	0	7	0	0	0	0	0	0	0	0	0	19
assemblage-675-940	0	0	0	0	0	0	0	0	0	0	0	61	0	0	0	0	0	0	0	0	0	0	0	0	60	0	0	0	0	0	0	0	0	0	0	0	0	0	0	0	0	0	0	0	0	0	0	0	0	166	0	0	0	0	0	0	0	0	0	0	0	0	0	0	0	0	0	0	0	0	0	0	0	0	0	0	0	0	0	26	0	0	0	0	0	0	171	16
assemblage-918-974	0	0	0	0	0	0	176	0	0	0	0	57	0	0	51	0	0	0	0	0	0	0	0	0	0	0	0	0	0	0	0	0	0	0	0	0	0	0	0	0	0	0	0	0	0	4	0	0	0	37	0	9	0	0	0	0	0	0	0	0	10	0	0	0	0	0	0	0	0	0	0	0	0	0	39	0	0	0	0	0	0	0	0	0	0	0	96	21
assemblage-609-945	0	0	0	0	0	0	34	0	0	0	0	81	0	0	13	0	0	0	0	0	0	0	0	0	0	0	0	0	0	0	0	0	20	0	0	0	0	0	0	0	0	0	0	0	0	23	0	0	0	83	0	7	0	0	0	0	0	0	9	0	0	0	0	0	0	0	0	0	33	0	0	0	0	87	24	0	0	0	0	0	9	0	0	0	0	0	66	11
assemblage-399-852	0	0	0	0	0	0	0	0	0	0	0	76	0	0	0	0	0	0	0	0	0	0	0	0	37	0	0	0	0	0	0	0	0	0	0	0	0	0	0	0	0	0	0	0	0	0	0	0	0	160	0	0	0	0	0	0	0	0	0	0	0	0	0	0	0	0	0	0	0	0	0	0	0	0	0	0	0	0	0	19	0	0	0	0	0	0	194	14
assemblage-350-720	0	0	0	0	0	0	73	0	0	0	0	44	0	0	0	0	0	0	0	0	0	0	13	0	0	0	0	0	0	0	0	0	21	0	0	0	0	0	0	0	0	0	0	0	0	32	0	0	0	29	0	76	0	0	0	0	0	0	0	0	0	0	0	0	55	0	0	0	0	0	0	0	0	3	60	0	0	0	0	0	0	0	0	0	49	0	32	13
assemblage-762-597	0	0	0	0	0	0	9	0	0	0	0	11	0	0	0	0	0	0	0	0	0	0	0	0	0	22	0	0	0	0	0	0	0	34	0	0	0	0	0	0	0	0	0	0	0	0	0	0	0	383	0	9	0	0	0	0	0	0	0	0	0	0	0	0	0	0	0	0	0	0	0	0	0	0	0	0	0	0	0	0	0	0	0	0	0	0	17	15
assemblage-818-138	0	0	0	0	0	0	0	0	0	0	0	64	0	0	0	0	0	0	0	0	0	0	0	0	0	33	0	0	0	0	0	0	0	32	0	0	0	0	0	0	0	0	0	0	0	38	0	0	0	207	0	37	0	0	0	0	0	0	0	0	0	0	0	0	0	0	0	0	0	0	0	0	0	0	0	0	0	0	0	0	0	0	0	0	0	0	75	14
assemblage-252-346	0	0	0	0	0	0	0	0	0	0	0	209	0	0	0	0	0	19	0	0	0	0	0	0	20	0	0	0	0	0	0	0	0	0	0	0	0	0	0	0	0	0	0	0	0	0	0	0	0	182	0	0	0	0	0	14	0	0	0	0	0	0	0	0	0	0	0	0	0	0	0	0	0	0	0	0	0	0	0	0	0	0	0	0	0	0	47	9
assemblage-362-702	0	0	0	0	0	0	130	0	0	0	0	18	0	0	0	0	0	0	0	0	0	0	0	0	0	0	0	0	0	0	0	0	0	0	0	0	0	0	0	0	0	0	0	0	0	11	0	0	0	174	0	75	0	0	0	0	0	0	0	0	0	0	0	0	0	0	0	0	0	0	0	0	0	0	4	0	0	0	0	0	13	0	0	0	8	0	48	19
assemblage-516-120	0	0	0	0	0	0	0	0	0	0	0	239	0	0	0	0	0	0	0	0	0	0	0	0	9	0	0	0	0	0	0	0	0	0	0	0	0	0	0	16	0	0	0	0	0	0	0	0	0	107	0	53	0	0	0	0	0	0	0	0	0	0	0	0	0	0	0	0	0	0	0	0	0	0	0	0	0	0	0	0	0	0	0	0	0	0	58	18
assemblage-122-342	0	0	0	0	0	0	58	0	0	0	0	98	0	18	0	0	0	0	0	0	0	0	0	0	0	0	0	0	0	0	0	0	0	6	0	0	0	0	0	0	0	0	0	0	0	0	0	0	0	252	0	27	0	0	0	0	0	11	0	0	0	0	0	0	0	0	0	0	0	0	0	0	0	0	0	0	0	7	0	0	0	0	0	0	0	0	0	23
assemblage-516-122	0	0	0	0	0	0	0	0	0	0	0	206	0	0	0	0	0	0	0	0	0	0	0	0	16	0	0	0	0	0	0	0	0	0	7	0	0	0	0	0	0	0	0	0	0	0	0	0	0	112	0	49	0	0	0	0	0	0	0	0	0	0	0	3	0	0	0	0	0	0	0	0	0	0	0	0	0	0	0	0	0	0	0	0	0	0	91	16
assemblage-733-469	0	0	0	0	0	0	106	0	0	0	0	24	0	0	19	0	11	0	0	0	0	0	0	0	0	0	0	0	0	0	0	0	0	0	0	0	0	0	0	0	0	0	0	0	0	11	0	0	0	162	0	76	0	0	0	0	0	0	0	0	0	0	0	0	0	0	12	0	0	0	0	0	0	0	0	0	0	0	0	0	47	0	0	0	0	0	16	16
assemblage-602-744	0	0	0	0	0	0	107	0	0	0	0	27	0	0	17	0	13	0	0	0	0	0	0	0	0	0	0	0	0	0	0	0	0	0	0	0	0	0	0	0	0	0	0	0	0	10	0	0	0	132	0	89	0	0	0	0	0	0	0	0	0	0	0	0	0	0	12	0	0	0	0	0	0	0	0	0	0	0	0	0	50	0	0	0	7	0	26	10
assemblage-412-842	0	0	0	0	0	0	0	0	0	0	0	222	0	0	0	0	0	20	0	0	0	0	0	0	23	0	0	0	0	0	0	0	0	0	0	0	0	0	0	0	0	0	0	0	0	0	0	0	0	191	0	0	0	0	0	12	0	0	0	0	0	0	0	0	0	0	0	0	0	0	0	0	0	0	0	0	0	0	0	0	0	0	0	0	0	0	24	8
assemblage-496-749	0	0	0	0	0	0	0	0	0	0	0	43	0	24	0	0	0	0	0	0	0	0	0	0	0	0	0	0	0	0	0	0	0	123	0	0	0	0	0	0	0	0	0	0	0	0	0	0	0	118	0	66	0	0	0	0	0	4	0	0	0	0	0	0	0	0	0	0	0	0	0	0	0	0	0	0	0	0	0	0	0	0	0	0	0	0	113	9
assemblage-758-647	0	0	2	0	0	0	29	0	0	0	0	99	0	0	8	0	0	0	0	0	0	0	0	0	0	0	0	0	0	0	0	0	0	61	0	0	12	0	0	0	0	0	0	0	0	0	0	0	0	223	0	20	0	0	0	0	0	0	0	0	0	0	0	0	0	0	0	0	0	0	0	0	0	0	0	0	0	0	0	0	0	0	0	0	0	0	29	17
assemblage-605-283	0	0	12	0	0	0	0	0	0	0	0	185	0	0	0	0	0	0	0	0	0	0	0	0	0	0	0	0	0	0	0	0	0	8	0	0	0	0	0	0	0	12	0	0	0	0	0	0	0	201	0	13	0	0	0	0	0	0	0	0	0	0	0	0	0	0	0	0	0	0	0	0	0	0	0	0	0	0	0	0	0	0	0	0	0	0	51	18
assemblage-559-476	0	0	0	0	0	0	0	0	0	0	0	197	0	0	0	0	0	25	0	0	0	0	0	0	0	0	0	0	0	0	0	0	0	0	0	0	0	0	0	0	0	0	7	0	0	0	0	0	0	71	73	0	0	0	0	57	0	0	0	0	0	0	0	0	0	0	0	0	0	0	0	0	0	0	0	0	0	0	0	0	0	0	0	0	0	0	54	16
assemblage-110-339	0	0	0	0	0	0	0	0	0	0	0	197	0	0	0	0	0	0	0	3	0	0	0	0	0	0	0	0	0	0	0	0	0	28	0	0	0	0	0	0	0	0	0	0	0	0	0	0	0	107	0	103	0	0	0	0	0	21	0	0	0	0	0	0	0	0	0	0	0	0	0	0	0	0	0	0	0	0	0	0	0	0	0	0	0	0	27	14
