Assemblage_Name	5094419-4-2	3-4481824-5935599	3-4481824-2	8428937-4-8514846	3-9935791-2	3-4105176-2	3-599822-2	7850040-4-2	3-4-5944172	3-3975277-2	0-3-5072540	4505601-4-0	8060986-4-2	4417942-4-0	4-9126718-0	3-7959279-2	3-4-5258796	6570049-4-2	3-540055-2	3-4-3515195	5920162-9732004-2	6737352-4-0	3-8088305-2	3-2461596-2	3907795-4481824-4871533	3614925-4-2	3-5212439-2	9912282-4-2	8937006-4-2	1-7593840-4	3-3216825-2	3-4489009-2	8428937-4-3612151	1-3-4	5920162-4-2	3-4-5457012	7620690-3-1	8428937-4-2	5037581-3-4	4-4-0	1-5345540-4	0-3-2	4-4-6236317	3-9883575-2	3-4-9792617	3907795-4481824-2	3-4-6719479	3-4-2	3-4481190-2	3907795-4481824-5101499	4-3-1	1-6075450-4	7769356-4-2	1831584-3-1
assemblage-250-731	0	0	0	0	0	0	0	0	0	0	0	0	0	0	0	0	17	0	0	0	0	0	0	0	0	0	0	0	0	0	0	0	0	0	0	0	40	0	0	82	0	0	0	0	0	0	0	262	0	0	91	0	0	8
assemblage-747-590	0	0	132	0	0	0	0	0	0	0	0	0	0	0	0	0	0	0	0	0	0	0	0	0	0	0	0	0	0	0	0	0	0	66	0	0	0	58	0	71	0	0	0	0	0	0	0	159	0	0	0	0	0	14
assemblage-96-896	0	0	0	0	0	0	0	0	0	0	0	0	0	5	0	0	0	0	0	0	0	0	0	0	0	0	0	0	0	0	0	0	0	32	31	0	15	0	0	83	0	38	0	0	0	0	0	252	0	0	23	0	0	21
assemblage-759-483	0	0	0	0	0	0	0	0	0	0	0	0	0	0	0	0	0	0	0	0	0	0	0	0	0	0	0	0	0	0	0	0	0	167	0	0	8	0	0	27	0	35	0	0	0	0	0	241	0	0	8	0	0	14
assemblage-677-301	0	0	60	0	0	0	0	0	0	0	0	0	0	0	0	0	0	0	0	0	0	0	0	0	0	0	0	0	0	0	8	0	0	35	0	0	0	0	0	69	0	49	0	0	0	0	0	263	0	0	0	0	0	16
assemblage-700-275	0	0	0	0	0	0	0	0	0	0	0	0	0	0	0	0	0	0	0	0	0	0	0	0	0	0	0	0	0	0	0	0	0	78	14	0	93	0	0	84	0	6	0	0	0	0	0	219	0	0	3	0	0	3
assemblage-240-941	0	0	6	0	0	0	0	0	0	6	0	0	30	0	0	0	0	0	0	0	0	0	0	0	0	0	0	0	0	0	0	0	0	123	0	0	7	24	0	74	0	0	8	0	0	0	0	182	0	0	12	19	0	9
assemblage-467-749	0	0	28	7	32	0	0	0	0	0	0	0	10	0	0	0	0	0	0	0	0	0	0	0	0	0	0	0	0	0	0	0	55	144	0	0	0	0	0	0	0	0	0	0	0	0	0	215	0	0	8	0	0	1
assemblage-636-922	0	0	50	0	0	0	0	0	0	0	0	0	0	0	0	0	0	0	0	0	0	0	0	0	0	0	0	0	0	0	12	0	0	35	0	0	0	0	0	66	0	47	0	0	0	0	0	281	0	0	6	0	0	3
assemblage-678-943	0	0	299	12	0	0	0	0	0	0	0	0	0	0	0	0	0	0	0	0	0	0	0	0	0	0	0	0	0	0	0	0	92	9	0	0	0	11	0	0	0	0	0	0	0	0	0	68	0	0	0	0	0	9
assemblage-238-92	0	0	253	0	0	0	0	0	0	0	0	0	0	0	0	0	0	0	0	12	0	0	0	0	0	0	0	0	0	0	0	0	13	0	0	0	0	0	0	0	0	0	0	0	0	0	0	178	0	42	0	0	0	2
assemblage-747-593	0	0	0	0	0	0	0	24	0	10	0	0	0	0	0	0	0	0	0	0	0	0	0	0	0	0	0	0	0	0	0	0	9	103	0	0	0	48	0	0	0	0	0	0	0	0	0	198	0	0	95	0	0	13
assemblage-234-493	0	0	4	0	0	0	0	0	0	72	0	0	0	0	0	0	0	0	0	0	0	0	0	0	0	0	0	0	0	0	0	0	112	26	0	0	0	109	0	0	0	0	0	0	0	0	0	129	0	0	28	0	14	6
assemblage-595-739	0	0	0	0	0	0	0	0	0	0	0	0	0	0	0	0	0	0	0	0	0	0	0	0	0	0	0	0	0	0	0	0	0	82	0	0	71	27	0	13	0	3	0	0	0	0	0	292	0	0	7	0	0	5
assemblage-571-457	0	0	109	0	0	0	0	0	0	0	0	0	0	0	0	0	0	0	0	0	0	0	0	0	0	0	0	0	0	0	0	0	150	0	0	0	0	0	0	0	0	0	0	0	0	0	0	177	0	63	0	0	0	1
assemblage-689-282	0	0	60	0	0	0	0	0	0	0	0	0	0	0	0	0	0	0	0	0	0	0	0	0	0	0	0	0	0	0	0	0	0	7	0	6	31	0	0	179	0	0	0	0	0	0	0	163	0	0	47	0	0	7
assemblage-328-698	0	0	11	0	0	0	0	0	0	0	0	0	5	0	0	0	0	0	0	0	0	0	0	0	0	0	0	0	0	16	0	0	127	6	0	0	0	5	0	0	0	0	0	0	0	0	0	282	0	0	30	0	0	18
assemblage-253-726	0	0	0	0	0	0	0	0	0	0	0	0	0	0	0	0	15	0	0	0	0	0	0	0	0	0	0	0	0	0	0	0	0	0	0	0	38	0	0	82	0	0	0	0	0	0	0	282	0	0	79	0	0	4
assemblage-340-683	0	0	31	6	32	0	0	0	0	0	0	0	0	0	0	0	0	0	0	0	0	0	0	0	0	0	0	0	0	0	0	0	45	135	0	0	0	0	0	0	0	0	0	0	0	0	0	237	0	0	11	0	0	3
assemblage-730-622	0	0	17	0	0	0	0	0	0	0	0	0	0	0	10	0	0	0	7	0	0	0	0	0	0	0	0	0	0	0	0	0	0	63	0	0	83	69	0	43	0	4	0	0	0	0	0	143	0	0	59	0	0	2
assemblage-599-945	0	0	0	0	0	0	0	0	0	0	0	0	0	0	0	0	0	0	0	0	11	6	0	0	0	0	6	8	0	0	37	0	0	32	19	0	0	0	0	65	0	51	0	0	0	0	0	230	0	0	27	0	0	8
assemblage-465-737	0	0	36	5	6	0	0	0	0	23	0	0	0	0	0	0	0	0	0	0	0	0	0	0	0	0	0	0	0	4	0	0	101	48	0	0	0	21	0	0	0	0	0	0	0	0	0	216	0	0	33	0	0	7
assemblage-604-525	0	0	65	0	0	0	0	0	0	0	0	0	0	0	0	0	0	0	0	0	0	0	0	0	0	0	0	0	0	0	16	0	0	32	0	0	0	0	0	64	0	52	0	0	0	0	0	264	0	0	0	0	0	7
assemblage-604-735	0	0	7	0	0	0	0	0	0	0	0	0	0	0	0	0	0	0	14	0	0	0	0	0	0	0	0	0	0	0	0	0	0	46	0	0	26	0	0	67	0	35	0	0	0	0	0	235	0	0	57	0	0	13
assemblage-234-166	0	0	92	0	0	0	0	0	0	0	0	0	0	0	0	0	0	0	0	0	0	0	0	0	0	0	0	0	0	0	0	0	130	0	0	0	0	0	0	0	0	0	0	0	0	0	0	179	0	98	0	0	0	1
assemblage-351-499	0	0	64	0	24	0	0	0	0	0	0	0	0	0	0	0	0	0	0	0	0	0	0	0	0	0	0	0	0	0	0	0	56	19	0	0	0	7	0	0	0	0	0	0	0	0	0	315	0	0	4	0	0	11
assemblage-224-673	0	0	169	0	0	0	0	0	0	0	0	0	0	0	0	0	0	0	0	0	0	0	0	0	0	0	0	0	0	0	0	0	50	13	0	0	0	0	0	0	0	0	0	0	0	0	0	237	0	25	0	0	0	6
assemblage-669-934	30	8	156	7	0	0	0	0	0	0	0	0	0	0	0	0	0	0	0	0	0	0	0	0	0	0	0	0	0	0	0	0	28	9	0	0	0	9	0	0	0	0	0	0	0	0	0	243	0	0	0	0	0	10
assemblage-455-398	0	0	12	0	0	0	0	0	0	0	0	0	0	0	17	0	0	0	0	0	0	0	0	0	0	0	0	0	0	0	0	0	0	71	0	0	80	60	0	46	0	0	0	0	0	0	0	140	0	0	65	0	0	9
assemblage-473-651	0	0	0	0	0	0	0	0	0	0	0	0	0	0	0	0	0	0	0	0	9	0	0	0	0	0	0	0	0	0	0	0	0	0	126	0	24	0	0	116	0	0	0	0	0	0	0	220	0	0	0	0	0	5
assemblage-612-775	0	0	207	0	0	9	9	0	0	0	0	0	0	0	0	0	0	0	0	0	0	0	0	0	7	0	0	0	0	0	0	0	57	3	0	0	0	0	10	0	0	0	0	0	0	0	0	146	0	50	0	0	0	2
assemblage-268-734	0	0	0	0	0	0	0	0	0	0	0	0	0	0	0	0	10	0	0	0	0	0	0	0	0	0	0	0	0	0	0	0	0	0	0	0	57	0	0	85	0	0	0	0	0	0	0	256	0	0	80	0	0	12
assemblage-336-700	0	0	65	20	0	0	0	0	0	0	0	0	0	0	0	0	0	0	0	0	0	0	0	0	0	0	0	0	0	0	0	0	125	58	0	0	0	0	0	0	0	0	0	0	0	0	0	170	0	0	54	0	0	8
assemblage-238-351	0	0	19	0	30	0	0	0	0	0	0	0	0	0	0	0	0	0	0	0	0	0	0	2	0	0	0	0	0	0	0	0	65	141	0	0	0	6	0	0	0	0	0	0	0	7	0	213	0	11	0	0	0	6
assemblage-470-744	0	0	26	0	0	0	0	0	0	63	0	0	0	0	0	0	0	0	0	0	0	0	0	0	0	0	0	0	0	0	0	0	117	0	0	0	0	88	0	0	0	0	0	0	0	0	0	193	0	0	9	0	0	4
assemblage-331-183	0	29	109	0	0	0	0	0	0	0	0	0	0	0	0	0	0	0	0	0	0	0	0	0	0	0	0	0	0	0	0	0	60	7	0	0	0	0	0	0	0	0	0	0	0	0	0	286	0	6	0	0	0	3
assemblage-696-280	0	0	66	0	0	0	0	0	0	0	0	0	0	0	0	0	0	0	0	0	0	0	0	0	0	0	0	0	0	0	0	0	0	13	0	15	31	0	0	163	0	6	0	0	0	0	0	143	0	0	58	0	0	5
assemblage-757-478	0	0	0	0	0	0	0	0	0	0	0	0	0	0	0	0	0	0	0	0	0	0	0	0	0	0	0	0	0	0	0	0	0	62	0	0	56	21	0	15	0	6	0	0	0	0	0	326	0	0	9	0	0	5
assemblage-617-283	0	0	44	0	0	0	0	13	0	0	0	0	0	0	0	0	0	0	0	0	0	0	0	0	0	0	0	0	0	0	0	0	71	65	0	0	0	30	0	0	0	0	0	11	0	0	0	208	0	0	50	0	0	8
assemblage-361-733	0	0	64	0	0	0	0	0	0	0	0	0	0	0	0	0	0	0	0	0	0	0	0	0	0	0	0	0	0	0	0	0	0	12	0	16	33	0	0	170	0	0	0	0	0	0	0	141	0	0	57	0	0	7
assemblage-925-970	0	0	0	0	0	0	0	0	0	0	0	0	0	0	0	0	0	0	0	0	0	0	0	0	0	0	0	0	0	0	0	0	0	153	0	0	12	0	0	34	0	30	0	0	0	0	0	243	0	0	5	0	0	23
assemblage-849-911	0	0	64	0	0	0	0	0	0	0	0	21	0	0	0	0	0	0	13	0	0	0	0	0	0	0	0	0	0	0	0	0	0	48	0	0	0	6	0	0	0	0	0	0	0	0	0	328	0	0	0	0	0	20
assemblage-341-187	0	0	178	0	0	0	0	0	0	0	0	0	0	0	0	0	0	0	0	0	0	0	0	0	0	0	0	0	0	0	0	0	34	31	0	0	0	0	0	0	0	0	0	0	0	0	0	231	0	23	0	0	0	3
assemblage-227-460	0	0	56	0	0	0	0	8	0	0	0	0	0	0	0	0	0	0	0	0	0	0	0	0	0	0	0	0	0	0	0	0	52	88	0	0	0	48	0	0	0	0	0	9	0	0	0	195	0	0	37	0	0	7
assemblage-885-866	0	0	36	0	0	0	0	0	0	66	0	0	0	0	0	0	0	0	0	0	0	0	0	0	0	0	0	0	0	0	0	0	95	0	0	0	0	82	0	0	0	0	0	0	0	0	0	194	0	0	23	0	0	4
assemblage-343-696	0	0	35	0	30	0	0	0	0	0	0	0	0	0	0	0	0	0	0	0	0	0	0	0	0	0	0	0	0	0	0	0	49	147	0	0	0	0	0	0	0	0	0	0	0	0	0	217	0	0	13	0	0	9
assemblage-581-731	0	0	7	0	0	0	0	0	0	0	0	0	0	0	0	0	0	0	15	0	0	7	0	0	0	0	0	0	0	0	0	0	0	22	0	0	25	0	0	80	0	36	0	0	0	0	0	267	0	0	34	0	0	7
assemblage-897-857	0	0	26	0	0	0	0	0	0	50	0	0	0	0	0	0	0	0	0	0	0	0	0	0	0	0	0	0	0	0	0	0	108	0	0	0	0	91	0	0	0	0	0	0	0	0	0	215	0	0	6	0	0	4
assemblage-474-671	0	0	0	0	0	0	0	0	0	0	0	0	0	0	0	0	0	0	0	0	0	0	0	0	0	0	0	0	0	0	0	0	0	0	109	0	21	0	0	123	0	0	0	0	0	0	0	232	0	0	0	0	0	15
assemblage-262-640	0	0	224	0	0	6	6	0	0	0	0	0	0	0	0	0	0	0	0	0	0	0	0	0	7	0	0	0	0	0	0	0	47	11	0	0	0	0	5	0	0	0	0	0	0	0	0	130	0	62	0	0	0	2
assemblage-942-369	0	0	45	0	0	0	0	18	0	0	0	0	0	0	0	0	0	0	0	0	0	0	0	0	0	0	0	0	0	0	0	0	56	79	0	0	0	27	0	0	0	0	0	5	0	0	0	219	0	0	37	0	0	14
assemblage-239-945	0	0	0	0	0	0	0	38	0	0	0	0	0	0	0	0	0	0	0	0	0	0	0	0	0	0	0	0	0	0	0	0	7	73	0	0	0	56	0	0	0	0	0	0	0	0	0	190	0	0	112	0	0	24
assemblage-831-655	0	0	25	0	0	0	0	0	0	0	0	0	0	33	0	0	0	0	0	0	0	0	0	0	0	0	0	0	0	0	0	0	0	0	0	0	0	0	0	126	0	18	0	0	6	0	0	284	0	0	0	0	0	8
assemblage-894-875	0	0	10	0	0	0	0	0	0	0	0	0	0	0	0	0	0	0	0	0	0	0	0	0	0	0	0	0	0	23	0	0	113	13	0	0	0	11	0	0	0	0	0	0	0	0	0	274	0	0	33	0	0	23
assemblage-364-249	0	0	0	0	0	0	0	0	0	64	0	0	0	0	0	0	0	0	0	0	0	0	0	0	0	0	0	0	0	0	0	0	127	45	0	0	54	111	0	15	0	0	0	0	0	0	0	34	0	0	37	0	0	13
assemblage-509-129	0	0	6	0	0	0	0	0	0	0	0	0	0	0	0	0	0	0	0	0	0	0	5	0	0	0	0	0	0	29	0	7	123	5	0	0	0	9	0	0	0	0	0	0	0	0	0	284	0	0	15	0	0	17
assemblage-233-168	0	0	246	0	0	0	19	0	0	0	0	0	0	0	0	0	0	0	0	0	0	0	0	0	0	0	0	0	0	0	0	0	0	0	0	0	0	0	0	0	0	0	0	0	0	0	0	158	0	73	0	0	0	4
assemblage-575-462	0	0	272	0	0	0	0	0	0	0	0	0	0	0	0	0	0	0	0	0	0	0	0	0	0	0	0	0	0	0	0	0	9	0	0	0	0	0	0	0	0	0	0	0	0	0	0	170	0	40	0	0	0	9
assemblage-247-170	0	0	248	0	0	0	40	0	0	0	0	0	0	0	0	0	0	0	0	0	0	0	0	0	0	0	0	0	0	0	0	0	0	0	0	0	0	0	0	0	0	0	0	0	0	0	0	142	0	69	0	0	0	1
assemblage-915-994	0	0	76	0	0	0	0	0	0	36	0	0	0	0	0	0	0	0	0	0	0	0	0	0	0	0	0	0	0	0	0	0	0	0	0	0	19	0	0	18	0	5	0	0	0	0	0	316	0	0	16	0	0	14
assemblage-903-862	0	0	28	0	0	0	0	0	0	81	0	0	0	0	0	0	0	0	0	0	0	0	0	0	0	0	0	0	0	0	0	0	111	0	0	0	0	78	0	0	0	0	0	0	0	0	0	174	0	0	17	0	0	11
assemblage-243-323	0	0	42	0	25	0	0	0	0	0	0	0	0	0	0	0	0	0	0	0	0	0	0	0	0	0	0	0	0	0	0	0	85	15	0	0	0	3	0	0	0	0	0	0	0	0	0	318	0	0	7	0	0	5
assemblage-218-797	0	29	107	0	0	0	0	0	0	0	0	0	0	0	0	0	0	0	0	0	0	0	0	0	0	0	0	0	0	0	0	0	46	8	0	0	0	0	0	0	0	0	0	0	0	0	0	295	0	9	0	0	0	6
assemblage-599-513	0	0	0	0	0	0	0	0	0	0	0	0	0	0	0	0	0	0	0	0	0	0	0	0	0	0	0	0	0	0	7	0	0	100	20	0	69	0	0	43	0	7	0	0	0	0	0	248	0	0	0	0	0	6
assemblage-361-291	0	0	0	0	0	0	0	27	0	5	0	0	0	0	0	0	0	0	0	0	0	0	0	0	0	0	0	0	0	0	0	0	7	93	0	0	0	61	0	0	0	0	0	0	0	0	0	194	8	0	91	0	0	14
assemblage-722-982	0	0	6	0	0	0	0	0	0	0	0	0	0	0	0	0	0	0	24	0	0	0	0	0	0	0	0	0	0	0	0	0	0	40	0	0	31	0	0	77	0	24	0	0	0	0	0	242	0	0	48	0	0	8
assemblage-412-850	0	0	281	18	0	0	0	0	0	0	0	0	0	0	0	0	0	0	0	0	0	0	0	0	0	0	0	0	0	0	0	0	95	0	0	0	0	8	0	0	0	0	0	0	0	0	0	78	0	0	0	0	0	20
assemblage-596-281	0	0	26	0	0	0	0	0	0	15	0	0	15	0	0	0	0	0	0	0	0	0	0	0	0	0	0	0	0	0	0	0	78	58	0	0	0	60	0	0	0	0	0	0	0	0	0	151	0	0	66	13	0	18
assemblage-731-474	0	0	7	0	0	0	0	0	0	0	0	0	0	0	0	0	0	0	24	0	0	0	0	0	0	0	0	0	0	0	0	0	0	39	0	0	24	0	0	67	0	26	0	0	0	0	0	259	0	0	40	0	0	14
assemblage-601-501	0	0	0	0	0	0	0	0	0	0	0	0	0	0	0	0	0	0	0	0	0	0	0	0	0	0	0	0	0	0	2	0	0	96	20	0	59	0	0	52	0	0	0	0	0	0	0	250	0	0	0	0	0	21
assemblage-421-842	0	0	24	0	47	0	0	0	0	0	0	0	0	0	0	0	0	0	0	0	0	0	0	21	0	0	0	0	0	0	0	0	44	169	0	0	0	12	0	0	0	0	0	0	0	0	0	174	0	7	0	0	0	2
assemblage-249-737	0	0	0	0	0	0	0	0	0	0	0	0	0	0	0	0	13	0	0	0	0	0	0	0	0	0	0	0	0	0	0	0	0	0	0	0	44	0	0	73	0	0	0	0	0	0	0	276	0	0	91	0	0	3
assemblage-810-118	0	0	0	0	0	0	0	0	0	0	0	0	0	0	0	0	0	0	0	0	0	0	0	0	0	0	0	0	0	0	0	0	0	130	0	0	0	45	0	5	0	0	0	0	0	0	0	250	0	0	62	0	0	8
assemblage-676-292	0	0	0	0	0	0	0	0	0	0	0	0	0	0	0	0	0	0	0	0	0	0	0	0	0	0	0	0	0	0	0	0	0	90	21	0	94	0	0	51	0	7	0	0	0	0	0	219	0	0	0	0	0	18
assemblage-367-320	0	0	247	0	0	0	23	0	0	0	0	0	0	0	0	0	0	0	0	0	0	0	0	0	0	0	0	0	0	0	0	0	0	0	0	0	0	0	0	0	0	0	0	0	0	0	0	145	0	83	0	0	0	2
assemblage-362-487	0	0	307	8	0	0	0	0	0	0	0	0	0	0	0	0	0	0	0	0	0	0	0	0	0	0	0	0	0	0	0	0	103	3	0	0	0	7	0	0	0	0	0	0	0	0	0	65	0	0	0	0	0	7
assemblage-347-470	0	0	73	0	13	0	0	0	0	0	0	0	0	0	0	0	0	0	0	0	0	0	0	0	0	0	0	0	0	0	0	0	87	17	0	0	0	0	0	0	0	0	0	0	0	0	0	285	0	0	0	0	0	25
assemblage-223-654	0	22	122	0	0	0	0	0	0	0	0	0	0	0	0	0	0	0	0	0	0	0	0	0	0	0	0	0	0	0	0	0	42	13	0	0	0	0	0	0	0	0	0	0	0	0	0	293	0	3	0	0	0	5
assemblage-734-991	0	0	10	0	0	0	0	0	0	0	0	0	0	0	0	0	0	0	20	0	0	5	0	0	0	0	0	0	0	0	0	0	0	49	0	0	26	0	0	76	0	28	0	0	0	0	0	225	0	0	49	0	0	12
assemblage-340-180	0	0	176	0	0	0	0	0	0	0	0	0	0	0	0	0	0	0	0	0	0	0	0	0	0	0	0	0	0	0	0	0	31	16	0	0	0	0	0	0	0	0	0	0	0	0	0	234	0	37	0	0	0	6
assemblage-251-956	0	0	0	0	0	0	0	0	0	5	0	0	32	0	0	0	0	0	0	0	0	0	0	0	0	0	0	0	0	0	0	0	0	154	0	0	7	18	0	69	0	0	9	0	0	0	0	156	0	0	17	18	0	15
assemblage-632-931	0	0	0	0	0	0	0	0	0	0	0	0	0	0	0	0	0	0	0	0	0	0	0	0	0	0	0	0	0	0	0	0	0	84	12	0	71	0	0	42	0	5	0	0	0	0	0	277	0	0	0	0	0	9
assemblage-757-602	0	0	6	0	0	0	0	0	0	0	0	0	28	0	0	0	0	0	0	0	0	0	0	0	0	0	0	0	0	0	0	0	0	138	0	0	7	22	0	88	0	0	0	0	0	0	0	168	0	0	18	11	0	14
assemblage-610-770	0	28	110	0	0	0	0	0	0	0	0	0	0	0	0	0	0	0	0	0	0	0	0	0	0	0	0	0	0	0	0	0	66	8	0	0	0	0	0	0	0	0	0	0	0	0	0	286	0	0	0	0	0	2
assemblage-239-733	0	0	0	0	0	0	0	0	0	0	0	0	0	0	0	0	12	0	0	0	0	0	0	0	0	0	0	0	0	0	0	0	0	0	0	0	38	0	0	83	0	0	0	0	0	0	0	282	0	0	78	0	0	7
assemblage-226-489	0	0	33	0	0	0	0	0	0	0	0	0	13	0	0	0	0	0	0	0	0	0	0	0	0	0	0	0	0	0	0	0	95	63	0	0	0	36	0	10	0	0	0	0	0	0	0	138	9	0	86	0	0	17
assemblage-618-925	0	0	0	0	0	0	0	0	0	0	0	0	0	0	0	0	0	0	0	0	8	14	0	0	0	0	0	9	0	0	36	0	0	29	12	0	0	0	0	80	0	51	0	0	0	0	0	232	0	0	20	0	0	9
assemblage-103-910	0	0	0	0	0	0	0	0	0	0	15	0	0	0	0	0	0	0	0	0	0	0	0	0	0	0	0	0	0	0	13	0	0	161	0	0	0	0	0	0	0	93	0	0	0	0	0	204	0	0	8	0	0	6
assemblage-365-492	21	10	170	0	0	0	0	0	0	4	0	0	0	0	0	0	0	0	0	0	0	0	0	0	0	0	0	0	0	0	0	0	42	7	0	0	0	8	0	0	0	0	0	0	0	0	0	232	0	0	0	0	0	6
assemblage-516-766	0	0	0	0	0	0	0	0	0	57	0	0	0	0	0	0	0	0	0	0	0	0	0	0	0	0	0	0	0	0	0	0	132	57	0	0	35	145	0	10	0	0	0	0	0	0	0	28	0	0	31	0	0	5
assemblage-606-504	0	0	0	0	0	0	0	0	0	0	0	0	0	0	0	0	0	0	0	0	6	0	0	0	0	0	0	5	0	0	43	0	0	24	19	0	0	0	0	84	0	61	0	0	0	0	0	224	0	0	20	0	0	14
assemblage-943-355	0	0	50	0	0	0	0	18	0	0	0	0	0	0	0	0	0	0	0	0	0	0	0	0	0	0	0	0	0	0	0	0	48	91	0	0	0	25	0	0	0	0	0	3	0	0	0	203	0	0	53	0	0	9
assemblage-110-907	0	0	0	0	0	0	0	0	0	0	9	0	0	0	0	0	0	0	0	0	0	0	0	0	0	0	0	0	0	0	10	0	0	129	0	0	0	0	0	0	0	95	0	0	0	0	0	240	0	0	8	0	0	9
assemblage-612-728	0	0	0	0	0	0	0	0	0	0	0	0	0	0	0	0	0	0	0	0	0	0	0	0	0	0	0	0	0	0	0	0	0	81	0	0	82	20	0	21	0	9	0	0	0	0	0	277	0	0	8	0	0	2
assemblage-222-939	0	0	0	0	0	0	0	0	0	3	0	0	15	0	0	0	0	0	0	0	0	0	0	0	0	0	0	0	0	0	0	0	0	140	0	0	8	22	0	79	0	0	5	0	0	0	0	187	0	0	10	21	0	10
assemblage-223-771	0	24	147	0	0	0	0	0	0	0	0	0	0	0	0	0	0	0	0	0	0	0	0	0	0	0	0	0	0	0	0	0	52	15	0	0	0	0	0	0	0	0	0	0	0	0	0	258	0	0	0	0	0	4
assemblage-230-174	0	0	235	0	0	0	27	0	0	0	0	0	0	0	0	0	0	0	0	0	0	0	0	0	0	0	0	0	0	0	0	0	0	0	0	0	0	0	0	0	0	0	0	0	0	0	0	167	0	69	0	0	0	2
assemblage-825-627	0	0	16	0	0	0	0	0	0	0	0	0	0	22	0	0	0	0	0	0	0	0	0	0	0	0	0	0	0	0	0	0	0	0	0	0	0	0	0	137	0	10	0	0	7	0	0	285	0	0	0	0	0	23
assemblage-815-115	0	0	63	0	0	0	0	0	0	5	0	22	0	0	0	0	0	0	24	0	0	0	0	0	0	0	0	0	0	0	0	0	0	41	0	0	0	0	0	0	0	0	0	0	0	0	0	329	0	0	6	0	0	10
assemblage-866-914	0	0	0	0	0	0	0	0	0	0	0	0	0	0	0	0	0	0	0	0	0	0	0	0	0	0	0	0	0	0	0	0	0	118	0	0	6	27	0	0	0	0	0	0	0	0	0	262	0	0	72	0	0	15
assemblage-943-359	0	0	0	0	0	0	0	0	0	63	0	0	0	0	0	0	0	0	0	0	0	0	0	0	0	0	0	0	0	0	0	0	115	15	0	0	0	124	0	0	0	0	0	0	0	0	0	116	0	0	36	0	13	18
assemblage-731-490	0	0	75	0	0	0	0	0	0	26	0	0	0	0	0	0	0	0	0	0	0	0	0	0	0	5	0	0	8	0	0	0	0	0	0	0	19	0	0	20	0	0	0	0	0	0	0	322	0	0	15	0	0	10
assemblage-218-462	0	0	0	0	0	0	0	0	0	65	0	0	0	0	0	0	0	0	0	0	0	0	0	0	0	0	0	0	0	0	0	0	108	23	0	0	0	100	0	0	0	0	0	0	0	0	0	143	0	0	50	0	5	6
assemblage-236-458	0	0	22	0	0	0	0	0	0	7	0	0	46	0	0	0	0	0	0	0	0	0	0	0	0	0	0	0	0	0	0	0	75	74	0	0	0	4	0	0	0	0	0	0	0	0	0	169	0	0	39	47	0	17
assemblage-358-487	14	0	149	0	0	0	0	0	0	0	0	0	0	0	0	0	0	0	0	0	0	0	0	0	0	0	0	0	0	0	0	0	25	20	0	0	0	7	0	0	0	0	0	0	0	0	0	260	0	0	0	0	0	25
assemblage-370-248	0	0	135	0	0	0	0	0	0	0	0	0	0	0	0	0	0	0	0	0	0	0	0	0	0	0	0	0	0	0	0	0	0	59	0	0	8	71	0	75	0	0	0	0	0	0	0	142	0	0	5	0	0	5
assemblage-212-161	0	0	105	0	0	0	0	0	0	0	0	0	0	0	0	0	0	0	0	0	0	0	0	0	0	0	0	0	0	0	0	0	124	0	0	0	0	0	0	0	0	0	0	0	0	0	0	201	0	67	0	0	0	3
assemblage-359-472	0	0	45	4	35	0	0	0	0	0	0	0	0	0	0	0	0	0	0	0	0	0	0	0	0	0	0	0	0	0	0	0	72	25	0	0	0	6	0	0	0	0	0	0	0	0	0	297	0	0	8	0	0	8
assemblage-352-687	0	0	34	6	31	0	0	0	0	0	0	0	0	0	0	0	0	0	0	0	0	0	0	0	0	0	0	0	0	0	0	0	51	156	0	0	0	0	0	0	0	0	0	0	0	0	0	212	0	0	8	0	0	2
assemblage-896-872	0	0	28	0	41	0	0	0	0	0	0	0	0	0	0	0	0	0	0	0	0	0	0	0	0	0	0	0	0	0	0	0	47	143	0	0	0	0	0	0	0	0	0	0	0	0	0	223	0	0	11	0	0	7
assemblage-818-651	0	0	16	0	0	0	0	0	0	0	0	0	0	30	0	0	0	0	0	0	0	0	0	0	0	0	0	0	0	0	0	0	0	0	5	0	0	0	0	131	0	12	0	0	10	0	0	291	0	0	0	0	0	5
assemblage-817-130	0	0	61	0	0	0	0	0	0	4	0	11	0	0	0	0	0	0	13	0	0	0	0	0	0	0	0	0	0	0	0	0	0	49	0	0	0	10	0	0	0	0	0	0	0	0	0	342	0	0	0	0	0	10
assemblage-228-644	0	0	162	0	0	0	0	0	0	0	0	0	0	0	0	0	0	0	0	0	0	0	0	0	0	0	0	0	0	0	0	0	44	20	0	0	0	0	0	0	0	0	0	0	0	0	0	252	0	17	0	0	0	5
assemblage-262-660	0	0	204	0	0	6	15	0	0	0	0	0	0	0	0	0	0	0	0	0	0	0	0	0	4	0	0	0	0	0	0	0	66	3	0	0	0	0	5	0	0	0	0	0	0	0	0	138	0	55	0	0	0	4
assemblage-261-342	0	0	284	14	0	0	0	0	0	0	0	0	0	0	0	0	0	0	0	0	0	0	0	0	0	0	0	0	0	0	0	0	84	9	0	0	0	5	0	0	0	0	0	0	0	0	0	92	0	0	0	0	0	12
assemblage-224-659	0	0	141	0	0	0	0	0	0	0	0	0	0	0	0	0	0	0	0	0	0	0	0	0	0	0	0	0	0	0	0	0	42	24	0	0	0	0	0	0	0	0	0	0	0	0	0	257	0	26	0	0	0	10
assemblage-909-972	0	0	2	0	0	0	0	0	0	0	0	0	0	0	7	0	0	0	0	0	0	0	0	0	0	0	0	0	0	0	0	0	0	148	0	0	14	0	0	24	0	31	0	0	0	0	0	260	0	0	9	0	0	5
assemblage-665-923	0	0	68	0	27	0	0	0	0	0	0	0	0	0	0	0	0	0	0	0	0	0	0	0	0	0	0	0	0	0	0	0	69	20	0	0	0	8	0	0	0	0	0	0	0	0	0	299	0	0	5	0	0	4
assemblage-752-603	0	0	0	0	0	0	0	0	0	83	0	0	0	0	0	0	0	0	0	0	0	0	0	0	0	0	0	0	0	0	0	0	143	35	0	0	53	105	0	14	0	0	0	0	0	0	0	31	0	0	29	0	0	7
assemblage-262-104	0	0	271	0	0	0	0	0	0	0	0	0	0	0	0	0	0	0	0	0	0	0	0	0	0	0	0	0	0	0	0	0	0	0	0	0	0	0	0	0	0	0	0	0	0	0	0	189	0	29	0	0	0	11
assemblage-858-890	0	0	0	0	0	0	0	0	0	48	0	0	0	0	0	0	0	0	0	0	0	0	0	0	0	0	0	0	0	0	0	0	0	62	0	0	63	6	0	109	0	0	0	0	0	0	0	146	0	0	51	0	0	15
assemblage-583-465	0	0	179	0	0	10	17	0	0	0	0	0	0	0	0	0	0	0	0	0	0	0	0	0	0	0	0	0	0	0	0	0	15	0	0	0	0	0	0	0	0	0	0	0	0	0	0	162	0	110	0	0	0	7
assemblage-258-727	0	0	0	0	0	0	0	0	0	0	0	0	0	0	0	0	19	0	0	0	0	0	0	0	0	0	0	0	0	0	0	0	0	0	0	0	58	0	0	71	0	0	0	0	0	0	0	262	0	0	86	0	0	4
assemblage-680-942	24	4	178	6	0	0	0	0	0	0	0	0	0	0	0	0	0	0	0	0	0	0	0	0	0	0	0	0	0	0	0	0	29	8	0	0	0	8	0	0	0	0	0	0	0	0	0	227	0	0	0	0	0	16
assemblage-594-508	0	0	45	0	0	0	0	0	0	0	0	0	0	0	0	0	0	0	0	0	0	0	0	0	0	0	0	0	0	0	16	0	0	46	0	0	0	0	0	54	0	41	0	0	0	0	0	288	0	0	0	0	0	10
assemblage-608-915	0	0	63	0	0	0	0	0	0	0	0	0	0	0	0	0	0	0	0	0	0	0	0	0	0	0	0	0	0	0	0	0	0	9	0	14	29	0	0	176	0	0	0	0	0	0	0	149	0	0	47	0	0	13
assemblage-339-716	0	0	0	0	0	0	0	0	0	0	0	0	0	0	0	0	0	0	0	0	0	11	0	0	0	0	0	0	0	0	22	0	0	35	16	0	0	0	0	75	0	51	0	0	0	0	0	242	0	0	27	0	0	21
assemblage-111-900	0	0	0	0	0	0	0	0	0	0	18	0	0	0	0	0	0	0	0	0	0	0	0	0	0	0	0	0	0	0	17	0	0	149	0	0	0	0	0	0	0	79	0	0	0	0	0	229	0	0	3	0	0	5
assemblage-608-767	0	0	238	0	0	6	11	0	0	0	0	0	0	0	0	0	0	0	0	0	0	0	0	0	0	0	0	0	0	0	0	0	50	7	0	0	0	0	11	0	0	0	0	0	0	0	0	109	0	63	0	0	0	5
assemblage-211-786	0	0	153	0	0	0	0	0	0	0	0	0	0	0	0	0	0	0	0	0	0	0	0	0	0	0	0	0	0	0	0	0	34	22	0	0	0	0	0	0	0	0	0	0	0	0	0	257	0	29	0	0	0	5
assemblage-247-716	0	0	0	0	0	0	0	0	0	0	0	0	0	0	0	0	19	0	0	0	0	0	0	0	0	0	0	0	0	0	0	0	0	0	0	0	40	0	0	72	0	0	0	0	0	0	0	288	0	0	75	0	0	6
assemblage-353-255	0	0	0	0	0	0	0	25	0	10	0	0	0	0	0	0	0	0	0	0	0	0	0	0	0	0	0	0	0	0	0	0	5	111	0	0	0	43	0	0	0	0	0	0	0	0	0	186	0	0	97	0	0	23
assemblage-621-771	0	0	199	0	0	14	16	0	0	0	0	0	0	0	0	0	0	0	0	0	0	0	0	0	2	0	0	0	0	0	0	0	75	5	0	0	0	0	15	0	0	0	0	0	0	0	0	100	0	70	0	0	0	4
assemblage-814-115	0	0	58	0	0	0	0	0	0	5	0	19	0	0	0	0	0	0	22	0	0	0	0	0	0	0	0	0	0	0	0	0	0	41	0	0	0	0	0	0	0	0	0	0	0	0	0	334	0	0	0	0	0	21
assemblage-613-289	0	0	50	0	0	0	0	9	0	0	0	0	0	0	0	0	0	0	0	0	0	0	0	0	0	0	0	0	0	0	0	0	41	106	0	0	0	28	0	0	0	0	0	7	0	0	0	209	0	0	45	0	0	5
assemblage-94-905	0	0	0	0	0	0	0	0	0	0	11	0	0	0	0	0	0	0	0	0	0	0	0	0	0	0	0	0	0	0	17	0	0	156	0	0	0	0	0	0	0	98	0	0	0	0	0	215	0	0	0	0	0	3
assemblage-578-483	0	0	264	0	0	0	0	0	0	0	0	0	0	0	0	0	0	0	0	0	0	0	0	0	0	0	0	0	0	0	0	0	12	0	0	0	0	0	0	0	0	0	0	0	0	0	0	181	0	33	0	0	0	10
assemblage-604-772	0	5	230	0	13	0	0	0	0	0	0	0	0	0	0	0	0	0	0	0	0	0	0	0	0	0	0	0	0	0	0	0	10	0	0	0	0	0	0	0	0	0	0	0	0	0	0	116	0	122	0	0	0	4
assemblage-370-702	0	0	42	0	0	0	0	0	0	0	0	0	0	0	0	0	0	0	0	0	0	0	0	0	0	0	0	0	0	0	14	0	0	46	0	0	0	0	0	66	0	33	0	0	0	0	0	294	0	0	0	0	0	5
assemblage-608-762	0	33	108	0	0	0	0	0	0	0	0	0	0	0	0	0	0	0	0	0	0	0	0	0	0	0	0	0	0	0	0	0	52	11	0	0	0	0	0	0	0	0	0	0	0	0	0	287	0	0	0	0	0	9
assemblage-826-115	0	0	54	0	0	0	0	0	0	5	0	8	0	0	0	0	0	0	26	0	0	0	0	0	0	0	0	0	0	0	0	0	0	48	0	0	0	0	0	0	0	0	0	0	0	0	0	345	0	0	0	0	0	14
assemblage-734-616	0	0	115	0	0	0	0	0	0	0	0	0	0	0	0	0	0	0	0	0	0	0	0	0	0	0	0	0	0	0	0	0	0	71	0	0	0	61	0	70	0	0	0	0	0	0	0	175	0	0	0	0	0	8
assemblage-914-974	0	0	0	0	0	0	0	0	0	0	0	0	0	0	0	0	0	0	0	0	0	0	0	0	0	0	0	0	0	0	0	0	0	67	0	0	67	27	0	11	0	0	0	0	0	0	0	310	0	0	4	0	0	14
assemblage-248-353	0	0	28	0	56	0	0	0	0	0	0	0	0	0	0	0	0	0	0	0	0	0	0	22	0	0	0	0	0	0	0	0	41	164	0	0	0	8	0	0	0	0	0	0	0	5	0	166	0	9	0	0	0	1
assemblage-492-657	0	0	0	0	0	0	0	0	0	0	0	0	0	0	0	0	0	0	0	0	0	0	0	0	0	0	0	0	0	0	0	0	0	0	132	0	17	0	0	138	0	0	0	0	0	0	0	203	0	0	0	0	0	10
assemblage-818-645	0	0	22	0	0	0	0	0	0	0	0	0	0	23	0	0	0	0	0	0	0	0	0	0	0	0	0	0	0	0	0	0	0	0	0	0	0	0	0	135	0	16	0	0	8	0	0	285	0	0	0	0	0	11
assemblage-262-106	0	0	95	0	0	0	0	0	0	0	0	0	0	0	0	0	0	0	0	0	0	0	0	0	0	0	0	0	0	0	0	0	124	0	0	0	0	0	0	0	0	0	0	0	0	0	0	203	0	76	0	0	0	2
assemblage-891-868	0	0	63	42	0	0	0	0	0	0	0	0	0	0	0	0	0	0	0	0	0	0	0	0	0	0	0	0	0	0	0	0	105	50	0	0	0	0	0	0	0	0	0	0	0	0	0	165	0	0	72	0	0	3
assemblage-502-119	0	0	4	0	0	0	0	0	0	0	0	0	0	0	0	0	0	0	0	0	0	0	0	0	0	0	0	0	0	24	0	3	104	16	0	0	0	17	0	0	0	0	0	0	0	0	0	282	0	0	24	0	0	26
assemblage-939-363	0	0	38	0	0	0	0	0	0	8	0	0	47	0	0	0	0	0	0	0	0	0	0	0	0	0	0	0	0	0	0	0	60	49	0	0	0	14	0	0	0	0	0	0	0	0	0	164	0	0	39	63	0	18
assemblage-620-507	0	0	0	0	0	0	0	0	0	0	0	0	0	0	0	0	0	0	0	0	0	7	0	0	0	0	2	7	0	0	25	0	0	40	11	0	0	0	0	73	0	66	0	0	0	0	0	246	0	0	16	0	0	7
assemblage-845-912	0	0	53	0	0	0	0	0	0	0	0	19	0	0	0	0	0	0	23	0	0	0	0	0	0	0	0	0	0	0	0	0	0	52	0	0	0	2	0	0	0	0	0	0	0	0	0	332	0	0	0	0	0	19
assemblage-249-343	0	0	22	0	35	0	0	0	0	0	0	0	0	0	0	0	0	0	0	0	0	0	0	12	0	0	0	0	0	0	0	0	69	149	0	0	0	8	0	0	0	0	0	0	0	0	0	173	0	15	0	0	0	17
assemblage-113-897	0	0	0	0	0	0	0	0	0	0	13	0	0	0	0	0	0	0	0	0	0	0	0	0	0	0	0	0	0	0	24	0	0	135	0	0	0	0	0	0	0	109	0	0	0	0	0	203	0	0	7	0	0	9
assemblage-725-980	0	0	9	0	0	0	0	0	0	0	0	0	0	0	0	0	0	0	18	0	0	12	0	0	0	0	0	0	0	0	0	0	0	38	0	0	33	0	0	72	0	40	0	0	0	0	0	241	0	0	30	0	0	7
assemblage-486-668	0	0	0	0	0	0	0	0	0	0	0	0	0	0	0	0	0	0	0	0	0	0	0	0	0	0	0	0	0	0	0	0	0	0	116	0	20	0	0	137	0	0	0	0	0	0	0	215	0	0	0	0	0	12
assemblage-393-317	0	0	245	0	0	0	19	0	0	0	0	0	0	0	0	0	0	0	0	0	0	0	0	0	0	0	0	0	0	0	0	0	0	0	0	0	0	0	0	0	0	0	0	0	0	0	0	159	0	68	0	0	0	9
assemblage-868-903	0	0	0	0	0	0	0	0	0	0	0	0	0	0	0	0	0	0	0	0	0	0	0	0	0	0	0	0	0	0	0	0	0	133	0	0	0	21	0	5	0	0	0	0	0	0	0	274	0	0	51	0	0	16
assemblage-482-665	0	0	0	0	0	0	0	0	0	0	0	0	0	0	0	0	0	0	0	0	7	0	0	0	0	0	0	0	0	0	0	0	0	0	126	0	19	0	0	98	0	0	0	0	0	0	0	240	0	0	0	0	0	10
assemblage-685-298	0	0	66	0	0	0	0	0	0	0	0	0	0	0	0	0	0	0	0	0	0	0	0	0	0	0	0	0	0	0	0	0	0	11	0	13	45	0	0	162	0	0	0	0	0	0	0	144	0	0	48	0	0	11
assemblage-602-930	0	0	0	0	0	0	0	0	0	0	0	0	0	0	0	0	0	0	0	0	0	0	0	0	0	0	0	0	0	0	0	0	0	116	13	0	71	0	0	48	0	6	0	0	0	0	0	245	0	0	0	0	0	1
assemblage-243-471	0	0	33	0	0	0	0	0	0	0	0	0	0	0	0	0	0	0	0	0	0	0	0	0	0	0	0	0	0	0	0	0	84	61	0	0	0	62	0	10	10	0	0	0	0	0	0	108	7	0	99	0	0	26
assemblage-746-471	0	0	0	0	0	0	0	0	0	0	0	0	0	0	0	0	0	0	0	0	0	0	0	0	0	0	0	0	0	0	0	0	0	69	0	0	54	25	0	18	0	17	0	0	0	0	0	306	0	0	0	0	0	11
assemblage-104-339	0	0	0	0	0	0	0	0	0	73	0	0	0	0	0	0	0	0	0	0	0	0	0	0	0	0	0	0	0	0	0	0	122	23	0	0	0	94	0	0	0	0	0	0	0	0	0	131	0	0	36	0	11	10
assemblage-748-479	0	0	0	0	0	0	0	0	0	0	0	0	0	0	6	0	0	0	0	0	0	0	0	0	0	0	0	0	0	0	0	0	0	176	0	0	3	0	0	33	0	53	0	0	0	0	0	211	0	0	4	0	0	14
assemblage-726-586	0	0	6	0	0	0	0	0	0	9	0	0	25	0	0	0	0	0	0	0	0	0	0	0	0	0	0	0	0	0	0	0	0	130	0	0	3	11	0	105	0	0	0	0	0	0	0	183	0	0	9	11	0	8
assemblage-523-751	0	0	0	0	0	0	0	23	0	5	0	0	0	0	0	0	0	0	0	0	0	0	0	0	0	0	0	0	0	0	0	0	7	85	0	0	0	53	0	0	0	0	0	0	0	0	0	184	13	0	117	0	0	13
assemblage-901-855	0	0	33	0	0	0	0	0	8	58	0	0	0	0	0	0	0	0	0	0	0	0	0	0	0	0	0	0	0	0	0	0	109	0	0	0	0	86	0	0	0	0	0	0	0	0	0	181	0	0	20	0	0	5
assemblage-247-99	0	0	275	0	0	0	0	0	0	0	0	0	0	0	0	0	0	0	0	0	0	0	0	0	0	0	0	0	0	0	0	0	9	0	0	0	0	0	0	0	0	0	0	0	0	0	0	179	0	35	0	0	0	2
assemblage-828-627	0	0	17	0	0	0	0	0	0	0	0	0	0	18	0	0	0	0	0	0	0	0	0	0	0	0	0	0	0	0	0	0	0	0	0	0	0	0	0	122	0	9	0	0	15	0	0	305	0	0	0	0	0	14
assemblage-613-755	0	0	248	0	22	0	0	0	0	0	0	0	0	0	0	0	0	0	0	0	0	0	0	0	0	0	0	0	0	0	0	0	10	2	0	0	0	0	0	0	0	0	0	0	0	0	0	99	0	111	0	0	0	8
assemblage-227-792	0	24	126	0	0	0	0	0	0	0	0	0	0	0	0	0	0	0	0	0	0	0	0	0	0	0	0	0	0	0	0	0	62	11	0	0	0	0	0	0	0	0	0	0	0	0	0	268	0	3	0	0	0	6
assemblage-497-751	0	0	32	0	0	0	0	2	0	18	0	0	7	0	0	0	0	0	0	0	0	0	0	0	0	0	0	0	0	0	0	0	33	98	0	0	16	59	0	37	0	0	0	0	0	0	0	138	0	0	47	0	0	13
assemblage-618-292	0	0	0	0	0	0	0	0	0	58	0	0	0	0	0	0	0	0	0	0	0	0	0	0	0	0	0	0	0	0	0	0	112	24	0	0	0	136	0	0	0	0	0	0	0	0	0	122	0	0	26	0	8	14
assemblage-344-184	0	0	225	0	26	0	0	0	0	0	0	0	0	0	0	0	0	0	0	0	0	0	0	0	0	0	0	0	0	0	0	0	12	0	0	0	0	0	0	0	0	0	0	0	0	0	0	136	0	95	0	0	0	6
assemblage-461-403	0	0	0	0	0	0	0	0	0	0	0	0	0	0	0	0	0	0	0	0	0	0	0	0	0	0	0	0	0	0	0	0	0	116	0	0	0	55	0	5	0	0	0	0	0	0	0	247	0	0	61	0	0	16
assemblage-928-974	0	0	0	0	0	0	0	0	0	0	0	0	0	0	0	0	0	0	0	0	0	0	0	0	0	0	0	0	0	0	0	0	0	150	0	0	11	0	0	21	0	44	0	0	0	0	0	260	0	0	0	0	0	14
assemblage-114-348	0	0	53	0	0	0	0	0	0	6	0	0	39	0	0	0	0	0	0	0	0	0	0	0	0	0	0	0	0	0	0	0	59	57	0	0	0	2	0	0	0	0	0	0	0	0	0	167	0	0	43	56	0	18
assemblage-689-310	0	0	0	0	0	0	0	0	0	0	0	0	0	0	0	0	0	0	0	0	0	5	0	0	0	0	0	5	0	0	20	0	0	30	9	0	0	0	0	78	0	54	0	0	0	0	0	258	0	0	26	0	0	15
assemblage-937-366	0	0	24	0	0	0	0	0	0	0	0	0	0	0	0	0	0	0	0	0	0	0	0	0	0	0	0	0	0	0	0	0	96	63	0	0	0	55	0	6	0	0	0	0	0	0	0	122	10	0	107	0	0	17
assemblage-597-286	0	0	7	0	0	0	0	0	0	67	0	0	0	0	0	0	0	0	0	0	0	0	0	0	0	0	0	0	0	0	0	0	115	31	0	0	0	95	0	0	0	0	0	0	0	0	0	127	0	0	26	0	22	10
assemblage-358-189	0	0	148	0	0	0	0	0	0	0	0	0	0	0	0	0	0	0	0	0	0	0	0	0	0	0	0	0	0	0	0	0	44	20	0	0	0	0	0	0	0	0	0	0	0	0	0	257	0	23	0	0	0	8
assemblage-503-748	0	0	136	0	0	0	0	0	0	0	0	0	0	0	0	0	0	0	0	0	0	0	0	0	0	0	0	0	0	0	0	0	0	80	0	0	0	69	0	53	0	0	0	0	0	0	0	150	0	0	0	0	0	12
assemblage-685-929	0	0	300	19	0	0	0	0	0	0	0	0	0	0	0	0	0	0	0	0	0	0	0	0	0	0	0	0	0	7	0	0	95	0	0	0	0	9	0	0	0	0	0	0	0	0	0	55	0	0	0	0	0	15
assemblage-365-269	0	0	0	0	0	0	0	0	0	75	0	0	0	0	0	0	0	0	0	0	0	0	0	0	0	0	0	0	0	0	0	0	147	48	0	0	44	108	0	17	0	0	0	0	0	0	0	32	0	0	26	0	0	3
assemblage-357-276	0	0	6	0	0	0	0	0	0	0	0	0	36	0	0	0	0	0	0	0	0	0	0	0	0	0	0	0	0	0	0	0	0	146	0	0	5	22	0	88	0	0	0	0	0	0	0	153	0	0	13	18	0	13
assemblage-385-320	0	0	176	0	0	10	6	0	0	0	0	0	0	0	0	0	0	0	0	0	0	0	0	0	0	0	0	0	0	0	0	0	9	0	0	0	0	0	0	0	0	0	0	0	0	0	0	191	0	104	0	0	0	4
assemblage-237-956	0	0	0	0	0	0	0	0	0	5	0	0	36	0	0	0	0	0	0	0	0	0	0	0	0	0	0	0	0	0	0	0	0	171	0	0	10	13	0	85	0	0	0	0	0	0	0	145	0	0	5	16	0	14
assemblage-373-247	0	0	0	0	0	0	0	28	0	3	0	0	0	0	0	0	0	0	0	0	0	0	0	0	0	0	0	0	0	0	0	0	9	96	0	0	6	54	0	0	0	0	0	0	0	0	0	190	0	0	103	0	0	11
assemblage-732-983	0	0	61	0	0	0	0	0	0	36	0	0	0	0	0	0	0	0	0	0	0	0	0	0	0	0	0	0	0	0	0	0	0	0	0	0	8	0	0	24	0	18	0	0	0	0	0	321	0	0	16	0	0	16
assemblage-933-359	0	0	27	0	0	0	0	0	0	0	0	0	0	0	0	0	0	0	0	0	0	0	0	0	0	0	0	0	0	0	0	0	86	74	0	0	0	56	0	3	0	0	0	0	0	0	0	123	12	0	105	0	0	14
assemblage-110-333	0	0	30	0	0	0	0	0	0	0	0	0	0	0	0	0	0	0	0	0	0	0	0	0	0	0	0	0	0	0	0	0	97	62	0	0	0	40	0	6	7	0	0	0	0	0	0	145	6	0	94	0	0	13
assemblage-101-914	0	0	0	0	0	0	0	0	0	0	8	0	0	0	0	0	0	0	0	0	0	0	0	0	0	0	0	0	0	0	15	0	0	139	0	0	0	0	0	0	0	130	0	0	0	0	0	202	0	0	0	0	0	6
assemblage-936-352	0	0	0	0	0	0	0	0	0	60	0	0	0	0	0	0	0	0	0	0	0	0	0	0	0	0	0	0	0	0	0	0	156	16	0	0	0	96	0	0	0	0	0	0	0	0	0	121	0	0	23	0	14	14
assemblage-463-409	0	0	0	0	0	0	0	0	0	52	0	0	0	0	0	0	0	0	16	0	0	0	0	0	0	0	0	0	0	0	0	0	0	62	0	0	76	2	0	112	0	0	0	0	0	0	0	123	0	0	45	0	0	12
assemblage-472-737	0	0	7	0	0	0	0	0	0	0	0	0	9	0	0	0	0	0	0	0	0	0	0	0	0	0	0	0	0	31	0	0	133	4	0	0	0	12	0	0	0	0	0	0	0	0	0	267	0	0	23	0	0	14
assemblage-474-731	0	0	10	0	0	0	0	0	0	0	0	0	4	0	0	0	0	0	0	0	0	0	0	0	0	0	0	0	0	23	0	8	104	7	0	0	0	16	0	0	0	0	0	0	0	0	0	297	0	0	16	0	0	15
assemblage-226-782	0	0	219	0	20	0	0	0	0	0	0	0	0	0	0	0	0	0	0	0	0	0	0	0	0	0	0	0	0	0	0	0	9	13	0	0	0	0	0	0	0	0	0	0	0	0	0	126	0	108	0	0	0	5
assemblage-104-904	0	0	0	0	0	0	0	0	0	0	4	0	0	0	0	0	0	0	0	0	0	0	0	0	0	0	0	0	0	0	21	0	0	135	0	0	0	0	0	0	0	94	0	0	0	0	0	232	0	0	9	0	0	5
assemblage-605-286	0	0	25	0	0	0	0	0	0	4	0	0	46	0	0	0	0	0	0	0	0	0	0	0	0	0	0	0	0	0	0	0	46	79	0	0	0	17	0	0	0	0	0	0	0	0	0	175	0	0	38	54	0	16
assemblage-607-773	0	4	227	0	14	0	0	0	0	0	0	0	0	0	0	0	0	0	0	0	0	0	0	0	0	0	0	0	0	0	0	0	18	0	0	0	0	0	0	0	0	0	0	0	0	0	0	117	0	118	0	0	0	2
assemblage-327-693	0	0	34	0	0	0	0	0	0	64	0	0	0	0	0	0	0	0	0	0	0	0	0	0	0	0	0	0	0	0	0	0	109	0	0	0	0	61	0	0	0	0	0	0	0	0	0	209	0	0	19	0	0	4
assemblage-721-988	0	0	0	0	0	0	0	0	0	0	0	0	0	0	0	0	0	0	0	0	0	0	0	0	0	0	0	0	0	0	0	0	0	63	0	0	63	40	0	16	0	5	0	0	0	0	0	306	0	0	0	0	0	7
assemblage-243-933	0	0	0	0	0	0	0	0	0	78	0	0	0	0	0	0	0	0	0	0	0	0	0	0	0	0	0	0	0	0	0	0	125	55	0	0	43	115	0	12	0	0	0	0	0	0	0	35	0	0	29	0	0	8
assemblage-515-132	0	0	43	0	0	0	0	0	0	47	0	0	0	0	0	0	0	0	0	0	0	0	0	0	0	0	0	0	0	0	0	0	100	0	0	0	0	72	0	0	0	0	0	0	0	0	0	208	0	0	23	0	0	7
assemblage-344-482	4	0	132	6	10	0	0	0	0	0	0	0	0	0	0	0	0	0	0	0	0	0	0	0	0	0	0	0	0	0	0	0	68	47	0	0	0	8	0	0	0	0	0	0	0	0	0	208	0	0	0	0	0	17
assemblage-450-743	0	0	50	23	0	0	0	0	0	0	0	0	0	0	0	0	0	0	0	0	0	0	0	0	0	0	0	0	0	0	0	0	99	68	0	0	0	0	0	0	0	0	0	0	0	0	11	167	0	0	74	0	0	8
assemblage-236-475	0	0	40	0	0	0	0	0	0	13	0	0	46	0	0	0	0	0	0	0	0	0	0	0	0	0	0	0	0	0	0	0	45	57	0	0	0	15	0	0	0	0	0	0	0	0	0	164	0	0	46	66	0	8
assemblage-217-641	0	0	231	0	13	0	0	0	0	0	0	0	0	0	0	0	0	0	0	0	0	0	0	0	0	0	0	0	0	0	0	0	7	0	0	0	0	0	0	0	0	0	0	0	0	0	0	131	0	113	0	0	0	5
assemblage-564-470	0	0	142	0	0	10	21	0	0	0	0	0	0	0	0	0	0	0	0	0	0	0	0	0	0	0	0	0	0	0	0	0	16	0	0	0	0	0	0	0	0	0	0	0	0	0	0	167	0	136	0	0	0	8
assemblage-236-112	0	0	146	0	0	15	15	0	0	0	0	0	0	0	0	0	0	0	0	0	0	0	0	0	0	0	0	0	0	0	0	0	18	0	0	0	0	0	0	0	0	0	0	0	0	0	0	198	0	106	0	0	0	2
assemblage-608-503	0	0	27	0	0	0	0	0	0	0	0	0	0	0	0	0	0	0	0	0	0	0	0	0	0	0	0	0	0	0	10	0	0	46	11	0	26	0	0	87	0	42	0	0	0	0	0	214	0	0	22	0	0	15
assemblage-350-481	0	0	293	6	0	0	0	0	0	0	0	0	0	0	0	0	0	0	0	0	0	0	0	0	0	0	0	0	0	14	0	0	83	0	0	0	0	14	0	0	0	0	0	0	0	0	0	78	0	0	0	0	0	12
assemblage-377-697	0	0	65	0	0	0	0	0	0	0	0	0	0	0	0	0	0	0	0	0	0	0	0	0	0	0	0	0	0	0	0	0	0	0	0	14	32	0	0	181	0	0	0	0	0	0	0	135	0	0	61	0	0	12
assemblage-566-457	0	0	151	0	0	7	26	0	0	0	0	0	0	0	0	0	0	0	0	0	0	0	0	0	0	0	0	0	0	0	0	0	11	0	0	0	0	0	0	0	0	0	0	0	0	0	0	177	0	125	0	0	0	3
assemblage-755-641	0	0	24	0	0	0	0	0	0	19	0	0	0	0	0	0	0	0	5	0	0	0	0	0	0	0	0	0	0	0	0	0	0	68	0	0	39	37	0	38	0	0	0	0	0	0	0	206	0	0	45	0	0	19
assemblage-488-754	0	0	0	0	0	0	0	0	0	83	0	0	0	0	0	0	0	0	0	0	0	0	0	0	0	0	0	0	0	0	0	0	152	35	0	0	34	122	0	10	0	0	0	0	0	0	0	22	0	0	34	0	0	8
assemblage-435-396	0	0	51	0	0	0	0	0	0	0	0	17	0	0	0	0	0	0	14	0	0	0	0	0	0	0	0	0	0	0	0	0	0	48	0	0	0	0	0	0	0	0	0	0	0	0	0	351	0	0	0	0	0	19
assemblage-734-635	0	0	0	0	0	0	0	0	0	0	0	0	0	0	0	0	0	0	0	0	0	0	0	0	0	0	0	0	0	0	0	0	0	127	0	0	0	19	0	11	0	0	0	0	0	0	0	263	0	0	63	0	0	17
assemblage-336-184	0	0	181	0	0	0	0	0	0	0	0	0	0	0	0	0	0	0	0	0	0	0	0	0	0	0	0	0	0	0	0	0	42	13	0	0	0	0	0	0	0	0	0	0	0	0	0	218	0	31	0	0	0	15
assemblage-403-849	0	0	294	11	0	0	0	0	0	0	0	0	0	0	0	0	0	0	0	0	0	0	0	0	0	0	0	0	0	0	0	0	84	4	0	0	0	15	0	0	0	0	0	0	0	0	0	70	0	0	0	0	0	22
assemblage-903-987	0	0	0	0	0	0	0	0	0	0	0	0	0	0	0	0	0	0	0	0	0	0	0	0	0	0	0	0	0	0	0	0	0	153	0	0	10	0	0	27	0	39	0	0	0	0	0	247	0	0	6	0	0	18
assemblage-393-312	0	0	258	0	0	0	44	0	0	0	0	0	0	0	0	0	0	0	0	0	0	0	0	0	0	0	0	0	0	0	0	0	0	0	0	0	0	0	0	0	0	0	0	0	0	0	0	139	0	56	0	0	0	3
assemblage-331-188	0	38	108	0	0	0	0	0	0	0	0	0	0	0	0	0	0	0	0	0	0	0	0	0	0	0	0	0	0	0	0	0	56	4	0	0	0	0	0	0	0	0	0	0	0	0	0	286	0	0	0	0	0	8
assemblage-347-681	0	0	31	6	48	0	0	0	0	0	0	0	0	0	0	0	0	0	0	0	0	0	0	0	0	0	0	0	0	0	0	0	51	146	0	0	0	0	0	0	0	0	0	0	0	0	0	202	0	0	6	0	0	10
assemblage-395-318	0	0	176	0	0	8	13	0	0	0	0	0	0	0	0	0	0	0	0	0	0	0	0	0	0	0	0	0	0	0	0	0	5	0	0	0	0	0	0	0	0	0	0	0	0	0	0	173	0	122	0	0	0	3
assemblage-824-118	0	0	0	0	0	0	0	0	0	45	0	0	0	0	0	0	0	0	11	0	0	0	0	0	0	0	0	0	0	0	0	0	0	79	0	0	77	5	0	105	0	0	0	0	0	0	0	122	0	0	46	0	0	10
assemblage-383-267	0	0	0	0	0	0	0	12	0	5	0	0	0	0	0	0	0	0	0	0	0	0	0	0	0	0	0	0	0	0	0	0	10	88	0	0	0	49	0	0	0	0	0	0	0	0	0	202	8	0	109	0	0	17
assemblage-469-755	0	0	63	21	0	0	0	0	0	0	0	0	0	0	0	0	0	0	0	0	0	0	0	0	0	0	0	0	0	0	0	0	86	59	0	0	0	0	0	0	0	0	0	0	0	0	0	184	0	0	79	0	0	8
assemblage-385-319	0	0	100	0	0	0	0	0	0	0	0	0	0	0	0	0	0	0	0	0	0	0	0	0	0	0	0	0	0	0	0	0	119	0	0	0	0	0	0	0	0	0	0	0	0	0	0	189	0	90	0	0	0	2
assemblage-752-634	0	0	20	0	0	0	0	0	0	0	0	0	0	0	7	0	0	0	0	0	0	0	0	0	0	0	0	0	0	0	0	0	0	41	0	0	101	85	0	41	0	0	0	0	0	0	0	117	0	0	76	0	0	12
assemblage-369-692	0	0	62	0	0	0	0	0	0	0	0	0	0	0	0	0	0	0	0	0	0	0	0	0	0	0	0	0	0	0	0	0	0	11	0	4	37	0	0	175	0	0	0	0	0	0	0	147	0	0	52	0	0	12
assemblage-323-684	0	0	73	30	0	0	0	0	0	0	0	0	0	0	0	0	0	0	0	0	0	0	0	0	0	0	0	0	0	0	0	0	104	51	0	0	0	0	0	0	0	0	0	0	0	0	0	155	0	0	74	0	0	13
assemblage-869-918	0	0	0	0	0	0	0	0	0	38	0	0	0	0	0	0	0	0	9	0	0	0	0	0	0	0	0	0	0	0	0	0	0	78	0	0	77	0	0	114	0	0	0	0	0	0	0	119	0	0	50	0	0	15
assemblage-501-749	0	0	0	0	0	0	0	29	0	0	0	0	0	0	0	0	0	0	0	0	0	0	0	0	0	0	0	0	0	0	0	0	0	93	0	0	0	44	0	6	0	0	0	0	0	0	0	198	7	0	107	0	0	16
assemblage-501-748	0	0	0	0	0	0	0	0	0	16	0	0	30	0	0	0	0	0	0	0	0	0	0	0	0	0	0	0	0	0	0	0	0	105	0	0	20	17	0	81	0	0	0	0	0	0	0	183	0	0	14	15	0	19
assemblage-213-781	0	0	224	0	11	0	0	0	0	0	0	0	0	0	0	0	0	0	0	0	0	0	0	0	0	0	0	0	0	0	0	0	12	8	0	0	0	0	0	0	0	0	0	0	0	0	0	119	0	117	0	0	0	9
assemblage-688-285	0	0	48	0	0	0	0	0	0	0	0	0	0	0	0	0	0	0	0	0	0	0	0	0	0	0	0	0	0	0	14	0	0	43	0	0	0	0	0	66	0	41	0	0	0	0	0	281	0	0	0	0	0	7
assemblage-932-998	0	0	0	0	0	0	0	0	0	0	0	0	0	0	9	0	0	4	0	0	0	0	0	0	0	0	0	0	0	0	0	0	0	135	0	0	11	0	0	28	0	33	0	0	0	0	0	265	0	0	3	0	0	12
assemblage-761-624	0	0	14	0	0	0	0	0	0	0	0	0	0	0	11	0	0	0	0	0	0	0	0	0	0	0	0	0	0	0	0	0	7	61	0	0	88	80	0	45	0	5	0	0	0	0	0	125	0	0	63	0	0	1
assemblage-137-330	0	0	52	0	0	0	0	0	0	0	0	0	39	0	0	0	0	0	0	0	0	0	0	0	0	0	0	0	0	0	0	0	57	45	0	0	0	9	0	0	0	0	0	0	0	0	0	179	0	0	39	65	0	15
assemblage-754-638	0	0	0	0	0	0	0	0	0	48	0	0	0	0	0	0	0	0	5	0	0	0	0	0	0	0	0	0	0	0	0	0	0	69	0	0	67	2	0	113	0	0	0	0	0	0	0	142	0	0	44	0	0	10
assemblage-729-1006	0	0	0	0	0	0	0	0	0	0	0	0	0	0	0	0	0	0	0	0	0	0	0	0	0	0	0	0	0	0	0	0	0	128	0	0	8	0	0	21	0	46	0	0	0	0	0	272	0	0	6	0	0	19
assemblage-842-915	0	0	41	0	0	0	0	0	0	5	0	3	0	0	0	0	0	0	24	0	0	0	0	0	0	0	0	0	0	0	0	0	0	48	0	0	0	0	0	0	0	0	0	0	0	0	0	361	0	0	6	0	0	12
assemblage-851-901	0	0	12	0	0	0	0	0	0	0	0	0	0	0	12	0	0	0	0	0	0	0	0	0	0	0	0	0	0	0	0	0	0	50	0	0	88	74	0	38	0	0	0	0	0	0	0	152	0	0	63	0	0	11
assemblage-828-136	0	0	19	0	0	0	0	0	0	0	0	0	0	0	14	0	0	0	0	0	0	0	0	0	0	0	0	0	0	0	0	0	0	43	0	0	105	75	0	30	0	0	0	0	0	0	0	146	0	0	59	0	0	9
assemblage-600-497	0	0	66	0	0	0	0	0	0	0	0	0	0	0	0	0	0	0	0	0	0	0	0	0	0	0	0	0	0	0	8	0	0	28	0	0	0	0	0	77	0	31	0	0	0	0	0	278	0	0	0	0	0	12
assemblage-437-378	0	0	0	0	0	0	0	0	0	0	0	0	0	0	0	0	0	0	0	0	0	0	0	0	0	0	0	0	0	0	0	0	0	119	0	0	0	24	0	0	0	0	0	0	0	0	0	275	0	0	60	0	0	22
assemblage-458-410	0	0	7	0	0	0	0	0	0	52	0	0	0	0	0	0	0	0	16	0	0	0	0	0	0	0	0	0	0	0	0	0	0	74	0	0	63	9	0	107	0	0	0	0	0	0	0	122	0	0	47	0	0	3
assemblage-685-923	0	0	43	0	22	0	0	0	0	0	0	0	0	0	0	0	0	0	0	0	0	0	0	0	0	0	0	0	0	0	0	0	86	24	0	0	0	4	0	0	0	0	0	0	0	0	0	313	0	0	0	0	0	8
assemblage-477-657	0	0	0	0	0	0	0	0	0	0	0	0	0	0	0	0	0	0	0	0	7	0	0	0	0	0	0	0	0	0	0	0	0	0	104	0	17	0	0	108	0	0	0	0	0	0	0	250	0	0	0	0	0	14
assemblage-612-275	0	0	53	0	0	0	0	14	0	0	0	0	0	0	0	0	0	0	0	0	0	0	0	0	0	0	0	0	0	0	0	0	40	67	0	0	0	33	0	0	0	0	0	8	0	0	0	235	0	0	47	0	0	3
assemblage-210-937	0	0	161	0	0	0	0	0	0	0	0	0	0	0	0	0	0	0	0	0	0	0	0	0	0	0	0	0	0	0	0	0	0	68	0	0	9	52	0	65	0	0	0	0	0	0	0	140	0	0	0	0	0	5
assemblage-240-109	0	0	267	0	0	0	0	0	0	0	0	0	0	0	0	0	0	0	0	0	0	0	0	0	0	0	0	0	0	0	0	0	8	0	0	0	0	0	0	0	0	0	0	0	0	0	0	181	0	38	0	0	0	6
assemblage-879-838	0	0	15	0	0	0	0	0	9	47	0	0	0	0	0	0	0	0	0	0	0	0	0	0	0	0	0	0	0	0	0	0	112	0	0	0	0	87	0	0	0	0	0	0	0	0	0	198	0	0	21	0	0	11
assemblage-524-131	0	0	58	10	0	0	0	0	0	0	0	0	0	0	0	0	0	0	0	0	0	0	0	0	0	0	0	0	0	0	0	0	130	51	0	0	0	0	0	0	0	0	0	0	0	0	0	176	0	0	72	0	0	3
assemblage-255-725	0	0	0	0	0	0	0	0	0	0	0	0	0	0	0	0	8	0	0	0	0	0	0	0	0	0	0	0	0	0	0	0	0	0	0	0	54	0	0	97	0	0	0	0	0	0	0	282	0	0	54	0	0	5
assemblage-745-570	0	0	129	0	0	0	0	0	0	0	0	0	0	0	0	0	0	0	0	0	0	0	0	0	0	0	0	0	0	0	0	0	0	68	0	0	0	52	0	78	0	0	0	0	0	0	0	161	0	0	0	0	0	12
assemblage-585-727	0	0	8	0	0	0	0	0	0	0	0	0	0	0	0	0	0	0	20	0	0	0	0	0	0	0	0	0	0	0	0	0	0	36	0	0	31	0	0	71	0	31	0	0	0	0	0	248	0	0	43	0	0	12
assemblage-243-162	0	0	244	0	0	0	32	0	0	0	0	0	0	0	0	0	0	0	0	0	0	0	0	0	0	0	0	0	0	0	0	0	0	0	0	0	0	0	0	0	0	0	0	0	0	0	0	164	0	58	0	0	0	2
assemblage-246-669	0	0	231	0	0	0	12	0	0	0	0	0	0	0	0	0	0	0	0	0	0	0	0	0	0	0	0	0	0	0	0	0	45	6	0	0	0	0	18	0	0	0	0	0	0	0	0	126	0	53	0	0	0	9
assemblage-478-642	0	0	0	0	0	0	0	0	0	0	0	0	0	0	0	0	0	0	0	0	0	0	0	0	0	0	0	0	0	0	0	0	0	0	105	0	24	0	0	142	0	0	0	0	0	0	0	224	0	0	0	0	0	5
assemblage-821-647	0	0	20	0	0	0	0	0	0	0	0	0	0	21	0	0	0	0	0	0	0	0	0	0	0	0	0	0	0	0	0	0	0	0	0	0	0	0	0	133	0	24	0	0	3	0	0	284	0	0	0	0	0	15
assemblage-243-797	0	0	213	0	0	4	13	0	0	0	0	0	0	0	0	0	0	0	0	0	0	0	0	0	7	0	0	0	0	0	0	0	66	14	0	0	0	0	12	0	0	0	0	0	0	0	0	118	0	49	0	0	0	4
assemblage-821-643	0	0	15	0	0	0	0	0	0	0	0	0	0	27	0	0	0	0	0	0	0	0	0	0	0	0	0	0	0	0	0	0	0	0	4	0	0	0	0	146	0	18	0	0	6	0	0	267	0	0	0	0	0	17
assemblage-611-922	0	0	0	0	0	0	0	0	0	0	0	0	0	0	0	0	0	0	0	0	4	0	0	0	0	0	0	0	0	0	6	0	0	95	10	0	72	0	0	40	0	8	0	0	0	0	0	254	0	0	0	0	0	11
assemblage-724-995	0	0	13	0	0	0	0	0	0	9	0	0	0	0	0	0	0	0	10	0	0	0	0	0	0	0	0	0	0	0	0	0	0	70	0	0	44	9	0	25	0	28	0	0	0	0	0	264	0	0	20	0	0	8
assemblage-393-321	0	0	277	0	0	0	0	0	0	0	0	0	0	0	0	0	0	0	0	0	0	0	0	0	0	0	0	0	0	0	0	0	0	0	0	0	0	0	0	0	0	0	0	0	0	0	0	169	0	48	0	0	0	6
assemblage-728-992	0	0	59	0	0	0	0	0	0	30	0	0	0	0	0	0	0	0	0	0	0	0	0	0	0	0	0	0	0	0	0	0	0	0	0	0	13	0	0	15	0	8	0	0	0	0	0	340	0	0	23	0	0	12
assemblage-597-731	0	0	2	0	0	0	0	0	0	0	0	0	0	0	0	0	0	0	0	0	0	0	0	0	0	0	0	0	0	0	0	0	0	86	0	0	80	25	0	24	0	12	0	0	0	0	0	263	0	0	6	0	0	2
assemblage-605-717	0	0	43	0	0	0	0	0	0	35	0	0	0	0	0	0	0	0	0	0	0	0	0	0	0	0	0	0	0	0	0	0	0	0	0	0	29	0	0	23	0	12	0	0	0	0	0	325	0	0	13	0	0	20
assemblage-668-930	0	0	290	18	0	0	0	0	0	0	0	0	0	0	0	0	0	0	0	0	0	0	0	0	0	0	0	0	0	3	0	0	96	3	0	0	0	8	0	0	0	0	0	0	0	0	0	69	0	0	0	0	0	13
assemblage-405-318	0	0	93	0	0	0	0	0	0	0	0	0	0	0	0	0	0	0	0	0	0	0	0	0	0	0	0	0	0	0	0	0	134	0	0	0	0	0	0	0	0	0	0	0	0	0	0	179	0	89	0	0	0	5
assemblage-121-343	0	0	44	0	0	0	0	10	0	0	0	0	0	0	0	0	0	0	0	0	0	0	0	0	0	0	0	0	0	0	0	0	77	83	0	0	0	39	0	3	0	0	0	0	0	0	0	118	9	0	95	0	0	22
assemblage-576-485	0	0	105	0	0	0	0	0	0	0	0	0	0	0	0	0	0	0	0	0	0	0	0	0	0	0	0	0	0	0	0	0	126	0	0	0	0	0	0	0	0	0	0	0	0	0	0	154	0	111	0	0	0	4
assemblage-387-847	14	7	164	0	0	0	0	0	0	10	0	0	0	0	0	0	0	0	0	0	0	0	0	0	0	0	0	0	0	0	0	0	23	13	0	0	0	4	0	0	0	0	0	0	0	0	0	256	0	0	0	0	0	9
assemblage-453-406	0	0	5	0	0	0	0	0	0	39	0	0	0	0	0	0	0	0	7	0	0	0	0	0	0	0	0	0	0	0	0	0	0	78	0	0	77	8	0	113	0	0	0	0	0	0	0	123	0	0	45	0	0	5
assemblage-739-488	0	0	0	0	0	0	0	0	0	0	0	0	0	0	0	0	0	0	0	0	0	0	0	0	0	0	0	0	0	0	0	0	0	87	0	0	70	21	0	13	0	11	0	0	0	0	0	281	0	0	4	0	0	13
assemblage-412-860	0	0	26	0	36	0	0	0	0	0	0	0	0	0	0	0	0	0	0	0	0	0	0	5	0	0	0	0	0	0	0	0	62	166	0	0	0	12	0	0	0	0	0	0	0	0	0	181	0	7	0	0	0	5
assemblage-472-664	0	0	0	0	0	0	0	0	0	0	0	0	0	0	0	0	0	0	0	0	4	0	0	0	0	0	0	0	0	0	0	0	0	0	127	0	23	0	0	113	0	0	0	0	0	0	0	227	0	0	0	0	0	6
assemblage-348-188	0	0	234	0	19	0	0	0	0	0	0	0	0	0	0	0	0	0	0	0	0	0	0	0	0	0	0	0	0	0	0	0	12	5	0	0	0	0	0	0	0	0	0	0	0	0	0	128	0	96	0	0	0	6
assemblage-932-368	0	0	67	0	0	0	0	10	0	0	0	0	0	0	0	0	0	0	0	0	0	0	0	0	0	0	0	0	0	0	0	0	66	91	0	0	0	26	0	0	0	0	0	0	0	0	0	190	0	0	38	0	0	12
assemblage-235-123	0	0	90	0	0	0	0	0	0	0	0	0	0	0	0	0	0	0	0	0	0	0	0	0	0	0	0	0	0	0	0	0	107	0	0	0	0	0	0	0	0	0	0	0	0	0	0	211	0	86	0	0	0	6
assemblage-209-484	0	0	36	0	0	0	0	0	0	0	0	0	0	0	0	0	0	0	0	0	0	0	0	0	0	0	0	0	0	0	0	0	98	74	0	0	0	52	0	7	0	0	0	0	0	0	0	116	8	0	103	0	0	6
assemblage-420-841	18	0	182	3	0	0	0	0	0	0	0	0	0	0	0	0	0	0	0	0	0	0	0	0	0	0	0	0	0	0	0	0	30	6	0	0	0	3	0	0	0	0	0	0	0	0	0	249	0	0	0	0	0	9
assemblage-360-710	0	0	55	0	0	0	0	0	0	0	0	0	0	0	0	0	0	0	0	0	0	0	0	0	0	0	0	0	0	0	14	0	0	36	0	0	0	0	0	62	0	63	0	0	0	0	0	260	0	0	6	0	0	4
assemblage-234-940	0	0	134	0	0	0	0	0	0	5	0	0	0	0	0	0	0	0	0	0	0	0	0	0	0	0	0	0	0	0	0	0	0	59	0	0	9	69	0	74	0	0	0	0	0	0	0	142	0	0	0	0	0	8
assemblage-827-631	0	0	21	0	0	0	0	0	0	0	0	0	0	19	0	0	0	0	0	0	0	0	0	0	0	0	0	0	0	0	0	0	0	0	20	0	0	0	0	114	0	22	0	0	11	0	0	283	0	0	0	0	0	10
assemblage-254-112	0	0	157	0	0	12	15	0	0	0	0	0	0	0	0	0	0	0	0	0	0	0	0	0	0	0	0	0	0	0	0	0	12	0	0	0	0	0	0	0	0	0	0	0	0	0	0	186	0	115	0	0	0	3
assemblage-214-177	0	0	170	0	0	9	13	0	0	0	0	0	0	0	0	0	0	0	0	0	0	0	0	0	0	0	0	0	0	0	0	0	5	0	0	0	0	0	0	0	0	0	0	0	0	0	0	175	0	128	0	0	0	0
assemblage-224-778	0	8	154	0	0	0	0	0	0	0	0	0	0	0	0	0	0	0	0	0	0	0	0	0	0	0	0	0	0	0	0	0	45	13	0	0	0	0	0	0	0	0	0	0	0	0	0	207	0	56	0	0	0	17
assemblage-441-398	0	0	11	0	0	0	0	0	0	0	0	0	0	0	14	0	0	0	0	0	0	0	0	0	0	0	0	0	0	0	0	0	0	65	0	0	76	81	0	53	0	0	0	0	0	0	0	131	0	0	51	0	0	18
assemblage-743-627	0	0	12	0	0	0	0	0	0	0	0	0	0	0	16	0	0	0	0	0	0	0	0	0	0	0	0	0	0	0	0	0	0	49	0	0	76	74	0	48	0	0	0	0	0	0	0	136	0	0	82	0	0	7
assemblage-519-125	0	0	51	0	30	0	0	0	0	0	0	0	0	0	0	0	0	0	0	0	0	0	0	0	0	0	0	0	0	0	0	0	49	120	0	0	0	0	0	0	0	0	0	0	0	0	0	230	0	0	15	0	0	5
assemblage-483-768	0	0	10	0	0	0	0	0	0	0	0	0	4	0	0	0	0	0	0	0	0	0	10	0	0	0	0	0	0	24	0	8	99	15	0	0	0	17	0	0	0	0	0	0	0	0	0	273	0	0	28	0	0	12
assemblage-526-107	0	0	50	15	0	0	0	0	0	0	0	0	0	0	0	0	0	0	0	0	0	0	0	0	0	0	0	0	0	0	0	0	101	51	0	0	0	0	0	0	0	0	0	0	0	0	0	200	0	0	76	0	0	7
assemblage-211-180	0	0	251	0	0	0	28	0	0	0	0	0	0	0	0	0	0	0	0	0	0	0	0	0	0	0	0	0	0	0	0	0	0	0	0	0	0	0	0	0	0	0	0	0	0	0	0	147	0	72	0	0	0	2
assemblage-264-360	0	0	29	0	37	0	0	0	0	0	0	0	0	0	0	0	0	0	0	0	0	0	0	10	0	0	0	0	0	0	0	0	60	156	0	0	0	12	0	0	0	0	0	0	0	5	0	180	0	3	0	0	0	8
assemblage-264-339	0	0	17	0	30	0	0	0	0	0	0	0	0	0	0	0	0	0	0	0	0	0	0	12	0	0	0	0	0	0	0	0	82	161	0	0	0	9	0	0	0	0	0	0	0	0	0	170	0	13	0	0	0	6
assemblage-109-340	0	0	39	0	0	0	0	0	0	0	0	0	53	0	0	0	0	0	0	0	0	0	0	0	0	0	0	0	0	0	0	0	62	52	0	0	0	16	0	0	0	0	0	0	0	0	0	153	0	0	44	57	0	24
assemblage-675-940	25	0	164	0	0	0	0	0	0	6	0	0	0	0	0	0	0	0	0	0	0	0	0	0	0	0	0	0	0	0	0	0	38	3	0	0	0	10	0	0	0	0	0	0	0	0	0	243	0	0	0	0	0	11
assemblage-918-974	0	0	8	0	0	0	0	0	0	0	0	0	0	0	0	7	0	0	22	0	0	0	0	0	0	0	0	0	0	0	0	0	0	42	0	0	30	0	0	71	0	34	0	0	0	0	0	225	0	0	52	0	0	9
assemblage-609-945	0	0	0	0	0	0	0	0	0	0	0	0	0	0	0	0	0	0	0	0	0	7	0	0	0	0	0	4	0	0	21	0	0	48	5	0	0	0	0	95	0	62	0	0	0	0	0	232	0	0	10	0	0	16
assemblage-399-852	24	7	167	0	0	0	0	0	0	8	0	0	0	0	0	0	0	0	0	0	0	0	0	0	0	0	0	0	0	0	0	0	26	5	0	0	0	13	0	0	0	0	0	0	0	0	0	234	0	0	0	0	0	16
assemblage-350-720	0	0	0	0	0	0	0	0	0	0	0	0	0	0	0	0	0	0	0	0	0	0	0	0	0	0	0	0	0	0	0	0	0	95	17	0	68	0	0	50	0	9	0	0	0	0	0	252	0	0	5	0	0	4
assemblage-762-597	0	0	128	0	0	0	0	0	0	0	0	0	0	0	0	0	0	0	0	0	0	0	0	0	0	0	0	0	0	0	0	0	0	85	0	0	0	71	0	71	0	0	0	0	0	0	0	133	0	0	0	0	0	12
assemblage-818-138	0	0	0	0	0	0	0	0	0	49	0	0	0	0	0	0	0	0	13	0	0	0	0	0	0	0	0	0	0	0	0	0	0	68	0	0	70	11	0	106	0	0	0	0	0	0	0	122	0	0	47	0	0	14
assemblage-252-346	0	0	44	0	23	0	0	0	0	0	0	0	0	0	0	0	0	0	0	0	0	0	0	0	0	0	0	0	0	0	0	0	86	20	0	0	0	5	0	0	0	0	0	0	0	0	0	309	0	0	0	0	0	13
assemblage-362-702	0	0	63	0	0	0	0	0	0	0	0	0	0	0	0	0	0	0	0	0	0	0	0	0	0	0	0	0	0	0	0	0	0	8	0	17	40	0	0	165	0	0	0	0	0	0	0	140	0	0	57	0	0	10
assemblage-516-120	0	0	84	24	0	0	0	0	0	0	0	0	0	0	0	0	0	0	0	0	0	0	0	0	0	0	0	0	0	0	0	0	110	57	0	0	0	0	0	0	0	0	0	0	0	0	0	143	0	0	75	0	0	7
assemblage-122-342	0	0	45	0	0	0	0	0	0	5	0	0	37	0	0	0	0	0	0	0	0	0	0	0	0	0	0	0	0	0	0	0	62	76	0	0	0	13	0	5	0	0	0	0	0	0	0	166	0	0	45	34	0	12
assemblage-516-122	0	0	38	5	28	0	0	0	0	0	0	0	0	0	0	0	0	0	0	0	0	0	0	0	0	0	0	0	0	0	0	0	43	129	0	0	0	0	0	0	0	0	0	0	0	0	0	244	0	0	11	0	0	2
assemblage-733-469	0	0	40	0	0	0	0	0	0	27	0	0	0	0	0	0	0	0	0	0	0	0	0	0	0	0	0	0	0	0	0	0	0	0	0	0	31	0	0	18	0	0	0	0	0	0	0	324	0	0	34	0	0	26
assemblage-602-744	0	0	40	0	0	0	0	0	0	29	0	0	0	0	0	0	0	0	0	0	0	0	0	0	0	0	0	0	0	0	0	0	0	0	0	0	12	0	0	21	0	7	0	0	0	0	0	351	0	0	26	0	0	14
assemblage-412-842	0	0	36	0	18	0	0	0	0	0	0	0	0	0	0	0	0	0	0	0	0	0	0	0	0	0	0	0	0	0	0	0	85	12	0	0	0	4	0	0	0	0	0	0	0	0	0	328	0	0	0	0	0	17
assemblage-496-749	0	0	0	0	0	0	0	0	0	61	0	0	0	0	0	0	0	0	0	0	0	0	0	0	0	0	0	0	0	0	0	0	157	50	0	0	44	109	0	10	0	0	0	0	0	0	0	27	0	0	32	0	0	10
assemblage-758-647	0	0	0	0	0	0	0	0	0	0	0	0	0	0	3	0	0	0	0	0	0	0	0	0	0	0	0	0	0	0	0	0	0	127	0	0	11	38	0	4	0	0	0	0	0	0	0	237	0	0	77	0	0	3
assemblage-605-283	0	0	31	0	0	0	0	0	0	0	0	0	6	0	0	0	0	0	0	0	0	0	0	0	0	0	0	0	0	0	0	0	76	69	0	0	0	57	0	11	0	0	0	0	0	0	0	129	10	0	92	0	0	19
assemblage-559-476	0	0	187	0	0	0	9	0	0	0	0	0	0	0	0	0	0	0	0	0	0	0	0	0	0	0	0	0	0	0	0	0	27	0	0	0	0	0	0	0	0	0	0	0	0	0	0	178	0	89	0	0	0	10
assemblage-110-339	0	0	48	0	0	0	0	9	0	0	0	0	0	0	0	0	0	0	0	0	0	0	0	0	0	0	0	0	0	0	0	0	44	93	0	0	0	33	0	0	0	0	0	5	0	0	0	199	0	0	60	0	0	9
