Assemblage_Name	4-3-8954018	7141780-8209349-4859244	3712581-2911048-4	4350947-8209349-8105086	4-6627195-6475262	5777896-3-4789584	9550495-2911048-4	4350947-8681267-4859244	2-2911048-8216391	2851379-2911048-4	6725242-3-2	4-2589264-3439182	4350947-8681267-8846124	6783976-3-6475262	904851-3-3	4-9404593-3	670505-1-1	1096475-3-2	2-1-4	4-3-4789584	4-3-6475262	2091230-3-6447447	4919495-3-2	3-2658066-2	7475888-2911048-4	3-3-2	2-2911048-910119	2-2911048-4	4-3-8939555	848944-3-3063936	848944-3-6475262	4-2589264-2418975	3771497-3-6475262	4350947-894917-4859244	2-2504601-4	4350947-8520984-4859244	9096077-1-5752067	3904358-1-4	9030049-1-4	4-3-6813816	4350947-3-3	2660182-2911048-6342683	4-5135938-6475262	2-6312912-6342683	2-2126707-4	4064878-1-9769308	9313912-2911048-4	2-9536313-4	2-9224614-4	2-1-7455459	4-3-2	4-3-3	2-8099586-4	7538036-1903175-4	7538036-1539828-4	4-7539649-6475262	3-8482297-2	5391222-1-2906164	1973415-3-6475262	2852068-2911048-4	4-7739489-6475262	3966216-8044784-6342683	9792089-2911048-6342683	7538036-2570687-4	7538036-1412782-4	4350947-8209349-1529750	2-2276167-4	9205723-3-2	2-8044784-6342683	4-3-7462167	2-2038426-4	1301309-1-2906164	9965399-8209349-4859244	664833-3-2	7538036-2330146-4	9096077-1-4	4064878-1-1	2-2019679-6342683	7538036-2911048-4	2-2911048-1843949	2-9778859-4	4266731-2911048-4	7475696-2330146-4	5031840-1-4	4-1-2906164	4350947-8209349-7441039	1037955-8681267-4859244	2091230-3-2	306996-2911048-4	4350947-8209349-810854	2-1-6234993	4350947-8209349-1621464	7650578-2911048-4	5049843-3-6475262	7174150-2911048-4	2-2367113-4	4350947-8209349-4859244	2-2911048-4414007	3-3-9313961	4350947-8209349-2958821	4-1-4	4350947-8209349-4694753	2251496-3-3	2-1-6004293	4-2589264-9540440	4350947-8209349-3015579	7094050-3-6475262	3-6088879-2	4350947-8681267-9653949	1773437-8209349-4859244	664833-3-9730052	2-8044784-833005	2-2911048-6342683	2-2911048-8948265	4477857-8044784-6342683	116216-1903175-4	9060089-3-6475262	2373676-2911048-4	5927823-8044784-6342683	7538036-2911048-8577655	4350947-9921356-4859244
assemblage-828-627	0	0	0	0	0	0	0	38	0	0	0	0	0	0	0	0	0	0	177	0	0	0	0	71	0	0	0	29	6	0	0	0	0	0	0	0	0	5	0	0	21	0	0	0	0	0	0	0	0	0	0	92	0	0	0	0	0	11	0	0	0	0	0	0	0	0	0	0	0	0	0	0	0	0	0	0	18	0	0	0	0	0	0	0	8	0	0	0	0	0	0	0	0	0	0	0	0	0	0	0	4	0	0	0	0	0	0	0	0	0	0	0	0	0	0	0	0	0	0	0	20
assemblage-825-627	0	0	0	0	0	0	0	32	0	0	0	0	0	0	0	0	0	0	172	0	0	0	0	55	0	0	0	36	5	0	0	0	0	0	0	0	0	5	0	0	24	0	0	0	0	0	0	0	0	0	0	87	0	0	0	0	0	17	0	0	0	0	0	0	0	0	0	0	0	0	0	0	0	0	0	0	21	0	0	0	0	0	0	0	13	0	0	0	0	0	0	0	0	0	0	0	0	0	0	0	16	0	0	0	0	0	0	0	0	0	0	0	0	0	0	0	0	0	0	0	17
assemblage-827-631	0	0	0	0	0	0	0	34	0	0	0	0	0	0	0	0	0	0	187	0	0	0	0	67	0	0	0	30	0	0	0	0	0	0	0	0	0	10	0	0	25	0	0	0	0	0	0	0	0	0	0	86	0	0	0	0	0	9	0	0	0	0	0	0	0	0	0	0	0	0	0	0	0	0	0	0	21	0	0	0	0	0	0	0	4	0	0	0	0	0	0	0	0	0	0	0	0	0	0	0	8	0	0	0	0	0	0	0	0	0	0	0	0	0	0	0	0	0	0	0	19
assemblage-360-710	0	0	0	0	0	0	0	54	0	0	0	52	0	0	0	0	0	0	80	0	41	0	0	17	0	14	0	72	0	0	0	0	0	0	0	0	0	0	0	0	0	0	0	0	0	0	0	0	0	0	0	9	0	0	0	0	0	70	0	0	0	0	0	0	0	0	0	21	0	43	0	0	0	0	0	0	0	0	0	0	0	0	0	0	0	0	0	0	0	0	0	0	0	0	0	0	0	0	0	0	7	0	0	0	0	0	0	0	0	0	0	0	0	0	0	0	0	0	0	0	20
assemblage-600-497	0	0	0	0	0	0	0	62	0	0	0	44	0	0	0	0	0	0	79	0	47	0	0	13	0	17	0	68	0	0	0	0	0	0	0	0	0	0	0	0	0	0	0	0	0	0	0	0	0	0	0	8	0	0	0	0	0	88	0	0	0	0	0	0	0	0	0	12	0	41	0	0	0	0	0	0	0	0	0	0	0	0	0	0	0	0	0	0	0	0	0	0	0	0	0	0	0	0	0	0	6	0	0	0	0	0	0	0	0	0	0	0	0	0	0	0	0	0	0	0	15
assemblage-350-720	0	0	0	0	0	0	0	73	0	0	0	0	0	0	0	0	0	0	110	0	6	3	0	13	0	62	0	72	0	0	0	0	0	0	0	0	0	0	0	0	0	0	0	0	0	0	0	0	0	0	0	43	0	0	0	0	0	0	0	0	0	0	0	0	0	0	0	1	0	0	0	0	0	0	0	0	13	0	0	0	0	0	0	0	0	0	0	38	0	0	0	0	0	0	0	0	0	0	0	0	0	0	0	0	0	0	0	24	0	0	0	0	19	0	0	0	0	0	0	0	23
assemblage-602-744	0	0	0	0	0	0	0	43	0	0	0	0	0	0	0	0	6	0	58	0	0	0	0	3	0	54	0	42	0	0	0	0	0	0	0	0	0	0	0	0	0	38	0	0	0	0	0	0	0	0	0	94	0	0	0	0	0	31	0	0	0	0	0	0	0	0	0	0	0	0	0	0	0	0	0	0	0	0	11	0	0	0	0	0	0	0	0	0	0	0	0	0	0	0	0	0	0	0	0	0	30	0	21	0	0	0	0	0	0	0	0	0	54	0	0	0	0	0	0	0	15
assemblage-734-991	0	0	0	0	0	0	0	142	0	0	0	0	0	0	0	0	12	0	148	0	0	19	0	0	0	64	0	11	0	0	0	0	0	0	0	0	0	0	0	0	0	0	0	0	0	0	0	0	0	0	0	44	0	0	0	0	0	26	0	0	0	0	0	0	0	0	0	0	0	0	0	0	0	0	0	0	0	0	0	0	0	0	0	0	0	0	0	0	0	0	0	0	0	0	0	0	0	0	0	0	0	0	0	0	0	0	0	4	0	0	0	0	17	0	0	0	0	0	0	0	13
assemblage-604-735	0	0	0	0	0	0	0	131	0	0	0	0	0	0	0	0	15	0	150	0	0	19	0	0	0	51	0	5	0	0	0	0	0	0	0	0	0	0	0	0	0	0	0	0	0	0	0	0	0	0	0	61	0	0	0	0	0	25	0	0	0	0	0	0	0	0	0	0	0	0	0	0	0	0	0	0	0	0	0	0	0	0	0	0	0	0	0	0	0	0	0	0	0	0	0	0	0	0	0	0	0	0	0	0	0	0	0	15	0	0	0	0	15	0	0	0	0	0	0	0	13
assemblage-858-890	0	0	0	0	0	0	30	29	0	0	0	0	0	0	0	0	0	0	157	0	0	0	0	0	0	10	0	61	0	0	0	0	0	0	0	0	0	0	0	0	0	0	0	0	0	0	0	0	0	3	0	0	0	0	0	0	0	81	0	0	0	0	0	0	0	0	0	0	0	0	0	0	0	0	0	0	0	0	11	0	0	0	0	0	0	0	0	0	0	0	0	0	0	0	0	39	0	0	0	0	0	0	0	0	0	0	0	0	0	0	0	0	46	0	0	0	0	0	0	0	33
assemblage-734-635	0	0	0	0	0	0	0	22	6	0	0	0	10	0	0	0	0	0	49	0	55	32	0	0	0	26	0	158	0	0	0	0	0	0	0	0	0	0	0	0	0	69	0	0	0	0	0	0	0	0	0	0	0	0	0	0	0	27	0	0	0	0	0	0	0	0	0	0	0	0	0	0	0	0	0	0	0	0	7	0	0	0	0	0	0	0	0	0	0	0	0	0	0	28	0	0	0	0	0	0	0	0	0	0	0	0	0	0	0	0	0	0	0	0	0	0	0	0	0	0	11
assemblage-730-622	19	0	0	0	0	0	0	46	0	0	0	0	0	0	0	0	0	0	53	0	73	0	0	0	0	149	0	12	0	0	0	0	0	0	0	0	0	0	0	0	0	0	0	0	0	0	0	0	0	0	0	0	0	0	0	0	27	45	0	0	0	0	0	0	0	0	0	0	0	0	0	0	0	0	0	0	0	0	0	0	0	0	0	0	0	0	0	0	0	0	0	0	0	0	0	0	55	0	0	0	0	0	0	0	0	0	0	0	0	0	0	0	0	0	0	0	0	0	0	0	21
assemblage-757-602	0	0	0	0	0	0	0	16	0	0	0	0	0	0	0	0	0	0	49	0	14	0	0	0	23	71	0	73	0	0	0	0	0	0	0	0	0	0	0	0	0	0	0	8	0	0	0	9	0	0	0	0	0	0	0	0	0	0	0	0	0	0	0	0	0	0	0	0	0	0	0	0	0	0	0	12	0	0	0	0	0	0	0	0	0	0	0	0	0	0	0	0	0	47	0	40	21	0	0	0	0	0	0	0	0	0	0	0	0	0	0	0	100	0	0	0	0	0	0	0	17
assemblage-361-291	0	0	0	0	0	0	0	0	0	0	0	0	0	0	0	0	0	0	53	0	16	0	0	0	0	28	0	251	0	0	0	0	0	0	0	0	0	0	0	0	0	0	0	0	0	0	0	0	0	0	0	0	0	0	0	0	0	0	0	0	0	0	0	0	0	0	0	0	0	0	0	0	0	0	0	0	0	0	0	0	0	0	0	0	0	0	0	0	0	0	0	0	0	38	0	17	66	0	0	0	0	3	0	0	0	0	0	0	0	0	0	0	0	0	0	0	0	0	0	0	28
assemblage-488-754	0	0	0	0	0	0	0	0	0	0	7	0	0	0	0	0	0	0	35	0	94	0	22	0	0	130	0	0	0	0	0	0	0	0	0	0	0	0	0	0	0	0	10	0	0	0	0	0	0	0	0	0	0	0	0	0	0	78	0	0	0	0	0	0	0	0	8	0	0	0	0	0	0	0	0	0	0	0	0	0	0	0	0	0	0	0	0	0	0	0	0	0	0	0	0	62	16	0	0	0	0	0	0	0	0	0	0	0	0	0	0	0	29	0	0	0	0	0	0	0	9
assemblage-597-286	0	0	0	0	0	0	0	0	0	0	0	0	0	0	0	0	0	0	11	0	45	0	0	0	0	16	0	130	0	0	0	0	0	0	0	0	0	0	0	0	0	0	0	0	0	0	0	0	0	0	0	0	0	0	0	0	0	53	0	0	0	0	0	0	0	0	0	0	4	0	0	0	0	0	0	18	0	0	28	0	0	0	0	0	0	0	0	0	0	0	0	0	0	14	8	17	78	0	0	0	0	0	0	0	0	0	0	0	0	0	0	0	53	0	0	0	0	0	0	0	25
assemblage-243-471	0	0	0	0	0	0	0	0	0	0	0	0	0	0	0	0	0	0	0	0	99	0	50	0	0	64	0	151	0	0	0	0	0	0	0	0	0	0	0	0	0	0	0	0	0	0	0	0	0	0	0	0	0	0	0	0	0	0	0	0	0	0	0	0	0	0	0	0	21	0	0	0	0	0	0	0	0	0	27	0	0	0	0	0	0	0	0	0	0	0	0	0	0	24	0	5	21	0	0	0	0	0	0	0	0	0	0	0	0	0	0	0	14	0	0	0	0	0	0	0	24
assemblage-943-359	0	0	0	0	0	0	0	0	0	0	0	0	0	0	0	0	0	0	10	0	27	0	0	0	0	14	0	121	0	0	0	0	0	0	0	0	0	0	0	0	0	0	0	0	0	0	0	0	0	0	0	0	0	0	0	0	0	52	0	0	0	0	0	0	0	0	0	0	7	0	0	0	0	0	0	24	0	0	28	0	0	0	0	0	0	0	0	0	0	0	0	0	0	15	9	19	95	0	0	0	0	0	0	0	0	0	0	0	0	0	0	0	51	0	0	0	0	0	0	0	28
assemblage-327-693	0	0	0	0	0	0	0	0	0	0	0	0	0	0	0	0	0	0	0	0	266	0	33	0	0	3	0	93	0	0	0	0	0	0	0	0	0	0	0	0	0	0	0	0	0	0	0	0	0	0	0	0	0	0	0	8	0	0	0	0	0	0	0	0	0	0	0	0	0	0	0	0	0	0	0	0	0	0	33	0	0	0	0	0	0	0	0	0	0	0	0	0	0	0	0	29	12	0	0	0	0	0	0	0	0	0	0	0	0	0	0	0	0	0	0	0	0	0	0	0	23
assemblage-474-731	0	0	0	0	0	0	0	0	0	0	0	0	0	0	0	0	0	0	0	0	82	0	19	0	0	21	0	100	0	0	57	0	0	0	0	0	0	0	0	0	0	0	0	0	0	0	0	0	0	0	0	0	0	0	0	0	0	0	0	0	0	5	0	0	0	0	0	0	124	0	0	0	0	0	0	0	0	0	0	0	0	0	0	0	0	0	0	0	0	0	0	0	0	0	23	0	12	0	0	0	0	0	0	0	0	0	0	0	0	0	0	0	26	0	0	0	0	0	8	0	23
assemblage-891-868	0	0	0	0	0	0	0	0	0	0	0	0	0	0	0	0	0	0	0	0	145	0	16	0	0	11	0	44	0	0	0	0	0	0	4	0	0	0	0	16	0	0	0	0	0	0	0	0	0	0	0	0	0	0	0	0	0	0	0	0	6	0	0	0	0	0	0	0	115	0	0	0	0	0	0	0	0	0	21	0	0	0	0	0	0	0	0	0	0	0	0	0	0	28	0	6	77	0	0	0	0	0	0	0	0	0	0	0	0	0	0	0	0	0	0	0	0	0	0	0	11
assemblage-365-492	0	0	0	0	0	0	0	0	0	0	0	0	0	0	0	0	0	0	0	0	70	0	1	0	0	0	0	42	0	0	0	0	18	0	0	0	0	0	0	0	0	0	0	0	0	0	0	0	0	0	0	0	0	0	0	0	0	0	0	0	0	0	0	0	0	0	0	0	155	0	0	0	0	0	0	0	0	0	141	0	0	0	0	0	0	0	0	0	0	0	0	0	0	0	0	0	63	0	0	0	0	0	0	0	0	0	0	0	0	0	0	0	0	0	0	0	0	0	0	0	10
assemblage-665-923	0	0	0	0	0	0	0	0	0	0	0	0	0	0	0	0	0	0	0	0	180	0	10	0	0	0	0	4	0	0	0	0	0	0	27	0	0	0	0	0	0	0	0	0	0	0	0	0	0	0	0	0	0	0	0	0	0	0	0	0	0	0	0	0	0	0	0	0	47	0	0	0	0	0	0	0	0	0	42	0	0	0	0	0	0	0	0	0	0	0	0	0	0	22	0	0	150	0	0	0	0	0	0	0	0	0	0	0	0	0	0	0	0	0	0	0	0	0	0	0	18
assemblage-261-342	0	0	0	0	0	0	0	0	0	0	0	0	0	0	0	0	0	0	0	0	143	0	0	0	0	0	0	35	0	0	0	0	0	0	15	0	0	0	0	0	0	0	0	0	0	0	0	0	0	0	0	0	0	0	0	0	0	0	0	0	0	7	0	0	0	0	0	0	53	0	0	0	0	0	0	0	0	0	0	0	0	0	0	0	0	0	0	0	0	0	0	0	0	24	17	0	183	0	0	0	0	0	0	0	0	0	0	0	0	0	0	0	0	0	0	0	9	0	0	0	14
assemblage-224-778	0	0	0	4	0	0	0	0	0	0	0	0	0	0	0	0	0	0	0	0	48	0	0	0	0	0	0	44	0	0	0	0	0	0	5	0	0	0	0	0	0	0	0	0	0	0	0	0	0	0	0	0	0	0	0	0	0	0	0	0	0	0	0	0	0	0	0	0	36	0	0	0	0	0	0	0	0	0	106	0	0	0	0	0	0	0	0	0	0	0	0	0	0	0	0	0	202	0	0	0	0	0	0	0	0	0	0	0	0	0	0	0	0	0	0	0	0	0	0	0	55
assemblage-341-187	0	9	0	0	0	0	0	0	0	0	0	0	0	0	0	0	0	0	0	0	7	0	0	0	0	0	0	52	0	0	0	0	0	0	0	0	0	0	0	0	0	0	0	0	0	0	0	0	0	0	0	0	0	0	0	0	0	0	0	0	0	0	0	0	0	0	0	0	17	0	0	0	0	0	0	0	0	0	226	0	0	0	0	0	0	0	0	0	0	0	0	0	7	0	0	0	134	0	0	0	0	0	0	0	0	0	0	0	0	0	0	0	0	0	0	0	0	0	0	21	27
assemblage-217-641	0	0	0	25	0	0	0	0	0	0	0	0	0	0	0	0	0	0	0	0	17	0	0	0	0	0	0	49	0	0	0	0	0	0	0	0	0	0	0	0	0	0	0	0	0	0	0	0	0	0	0	0	0	0	0	0	0	0	0	0	0	0	0	0	0	0	0	0	6	0	0	0	0	0	0	0	0	0	18	0	0	0	0	0	0	0	0	0	0	0	0	0	0	0	0	0	331	0	0	0	0	0	0	0	0	23	0	0	0	0	0	0	0	0	5	0	0	0	0	0	26
assemblage-578-483	0	0	0	0	0	0	0	0	0	0	0	0	0	0	0	0	0	0	0	0	25	0	0	0	0	0	0	0	0	0	0	0	0	0	0	0	0	0	0	0	0	0	0	0	0	0	0	0	0	0	0	0	0	0	0	0	0	0	0	0	0	0	0	0	40	0	0	0	79	0	0	0	0	0	0	0	0	0	150	0	0	0	0	0	0	0	0	0	0	0	0	0	0	0	0	0	126	0	0	0	0	0	0	0	0	0	0	0	0	6	0	0	0	0	0	0	0	0	0	44	30
assemblage-571-457	0	0	0	0	0	0	0	0	0	0	0	0	0	0	0	0	0	0	0	0	48	0	0	0	0	0	0	23	0	0	0	0	0	0	0	0	0	0	0	0	0	0	0	0	0	0	0	0	0	0	0	0	0	42	0	0	0	0	0	0	0	0	0	9	0	0	0	0	0	0	0	0	0	0	53	0	0	0	72	0	0	0	0	0	0	0	0	0	0	19	0	0	0	0	0	0	212	0	0	0	0	0	0	0	0	0	0	0	0	0	0	0	0	0	0	0	0	0	0	0	22
assemblage-211-180	0	54	0	3	0	0	0	0	0	31	0	0	0	0	0	0	0	0	0	0	0	0	0	0	0	0	0	73	0	0	0	0	0	25	0	0	0	0	0	0	0	0	0	0	0	0	0	0	0	0	0	0	0	0	0	0	0	0	0	0	0	0	0	0	0	13	0	0	0	0	0	0	0	0	0	0	0	0	52	0	0	0	0	0	0	21	0	0	0	0	0	12	0	0	0	0	196	0	0	2	0	0	0	0	0	0	0	0	0	0	0	0	0	0	0	0	0	0	0	0	18
