Assemblage_Name	4-2-5395260	2781350-2-1	2-1-3	4-2642281-1	2-0-4	4-2-1	2-0-4184423	0-4-4	0-2-3	2-6726379-4
assemblage-509-774	0	0	7	0	204	289	0	0	0	0
assemblage-792-426	0	0	105	0	172	223	0	0	0	0
assemblage-947-458	0	0	64	0	222	213	0	0	0	1
assemblage-970-448	0	0	72	0	222	204	0	0	0	2
assemblage-781-432	0	0	53	0	238	208	0	0	0	1
assemblage-789-310	0	0	158	0	117	225	0	0	0	0
assemblage-580-593	0	0	18	0	101	355	0	26	0	0
assemblage-775-446	0	0	40	0	149	305	0	0	0	6
assemblage-486-244	0	0	64	0	160	221	0	54	0	1
assemblage-992-736	0	0	22	0	250	224	0	0	0	4
assemblage-468-265	0	0	4	0	345	115	0	36	0	0
assemblage-407-904	0	0	91	0	293	115	0	0	0	1
assemblage-730-369	0	0	5	0	366	83	0	46	0	0
assemblage-940-453	0	0	25	0	249	225	0	0	0	1
assemblage-171-164	0	0	8	0	84	390	0	18	0	0
assemblage-993-792	0	0	99	0	284	117	0	0	0	0
assemblage-368-841	0	0	105	0	283	107	0	0	0	5
assemblage-541-582	0	0	90	0	336	70	0	0	0	4
assemblage-614-784	0	0	47	0	231	215	6	0	0	1
assemblage-171-169	0	0	10	0	96	367	0	25	0	2
assemblage-823-113	0	0	76	0	224	111	0	89	0	0
assemblage-259-175	0	16	7	0	307	170	0	0	0	0
assemblage-238-294	0	0	172	0	244	84	0	0	0	0
assemblage-793-937	0	0	166	0	203	109	0	17	0	5
assemblage-642-157	0	0	44	0	259	188	7	0	0	2
assemblage-386-578	0	0	96	0	205	137	0	22	37	3
assemblage-607-790	0	0	43	0	240	207	10	0	0	0
assemblage-912-205	0	0	290	0	103	105	0	0	0	2
assemblage-410-1014	0	0	240	0	176	84	0	0	0	0
assemblage-620-164	0	0	25	0	385	90	0	0	0	0
assemblage-951-342	0	0	0	0	186	6	0	299	0	9
assemblage-799-102	0	0	6	0	114	341	0	35	0	4
assemblage-352-864	0	0	65	0	191	185	0	59	0	0
assemblage-963-868	0	0	6	0	222	267	0	0	0	5
assemblage-357-864	0	0	35	0	223	166	0	76	0	0
assemblage-344-429	0	0	85	0	64	175	0	175	0	1
assemblage-290-286	0	0	18	0	97	367	0	18	0	0
assemblage-363-462	0	0	0	0	147	304	0	46	0	3
assemblage-489-327	0	0	125	0	94	281	0	0	0	0
assemblage-756-230	0	0	117	0	225	158	0	0	0	0
assemblage-463-280	0	0	0	0	398	72	0	29	0	1
assemblage-216-821	0	0	4	0	200	296	0	0	0	0
assemblage-669-336	0	0	57	0	178	211	0	54	0	0
assemblage-119-470	0	0	223	0	55	98	0	124	0	0
assemblage-791-118	0	0	54	0	217	108	0	121	0	0
assemblage-958-370	0	0	10	0	218	3	0	269	0	0
assemblage-107-490	0	0	152	0	113	235	0	0	0	0
assemblage-949-365	0	0	7	0	216	10	0	267	0	0
assemblage-516-770	0	18	11	0	299	172	0	0	0	0
assemblage-770-926	0	0	0	0	204	212	0	83	0	1
assemblage-395-903	0	0	31	0	361	103	0	0	0	5
assemblage-563-597	0	0	32	0	199	118	0	150	0	1
assemblage-816-95	0	0	108	0	242	150	0	0	0	0
assemblage-471-239	0	0	189	0	183	108	0	20	0	0
assemblage-262-172	0	0	37	0	270	188	0	0	0	5
assemblage-983-722	0	0	69	0	184	246	0	0	0	1
assemblage-657-321	0	0	34	0	221	174	0	71	0	0
assemblage-925-224	0	0	6	0	385	68	0	40	0	1
assemblage-945-351	0	0	0	0	212	4	0	280	0	4
assemblage-271-166	6	0	151	0	263	79	0	0	0	1
assemblage-604-798	0	0	29	0	382	89	0	0	0	0
assemblage-906-226	0	0	169	0	163	159	0	9	0	0
assemblage-618-855	0	0	25	0	255	219	0	0	0	1
assemblage-510-764	0	20	8	0	290	182	0	0	0	0
assemblage-272-157	0	7	6	0	280	207	0	0	0	0
assemblage-1005-552	0	0	0	0	129	303	0	65	0	3
assemblage-755-235	0	0	186	0	245	67	0	0	0	2
assemblage-1009-796	0	0	98	0	285	117	0	0	0	0
assemblage-937-434	0	0	55	0	195	248	0	0	0	2
assemblage-117-516	0	0	84	0	348	68	0	0	0	0
assemblage-524-564	0	0	106	0	243	151	0	0	0	0
assemblage-213-296	0	0	131	0	112	257	0	0	0	0
assemblage-753-311	0	0	77	0	382	41	0	0	0	0
assemblage-505-307	0	0	68	0	407	23	0	0	0	2
assemblage-205-814	0	0	0	0	237	260	0	0	0	3
assemblage-371-826	0	0	11	0	377	61	0	48	0	3
assemblage-533-582	0	0	221	0	174	105	0	0	0	0
assemblage-808-943	0	0	0	0	343	103	0	49	0	5
assemblage-596-807	0	0	48	0	321	127	0	0	0	4
assemblage-540-587	0	0	115	0	229	155	0	0	0	1
assemblage-447-857	0	0	33	0	147	197	0	122	0	1
assemblage-736-358	0	0	104	0	302	89	0	0	0	5
assemblage-958-360	0	0	0	0	189	0	0	299	0	12
assemblage-454-843	0	0	18	0	100	360	0	22	0	0
assemblage-402-993	0	0	182	0	255	61	0	0	0	2
assemblage-866-859	0	0	254	0	140	105	0	0	0	1
assemblage-985-738	0	0	16	0	234	242	0	0	0	8
assemblage-801-92	0	0	108	0	244	147	0	0	0	1
assemblage-771-316	0	0	84	0	369	44	0	0	0	3
assemblage-977-744	0	0	42	0	154	302	0	0	0	2
assemblage-368-829	0	0	184	0	159	152	0	5	0	0
assemblage-278-161	8	0	119	0	288	85	0	0	0	0
assemblage-516-571	0	0	113	0	310	72	0	0	0	5
assemblage-766-303	0	0	57	0	413	29	0	0	0	1
assemblage-403-900	0	0	9	0	305	183	0	0	0	3
assemblage-768-310	0	0	62	0	388	48	0	0	0	2
assemblage-112-482	0	0	218	0	57	127	0	98	0	0
assemblage-630-843	0	0	25	0	241	231	0	0	0	3
assemblage-145-505	0	0	61	0	418	18	0	0	0	3
assemblage-943-353	0	0	0	0	182	0	0	309	0	9
assemblage-212-820	0	0	118	0	299	83	0	0	0	0
assemblage-401-583	0	0	76	0	180	178	0	34	31	1
assemblage-605-799	0	0	35	0	372	93	0	0	0	0
assemblage-874-862	0	0	85	0	329	79	0	0	0	7
assemblage-755-317	0	0	183	0	248	69	0	0	0	0
assemblage-441-260	0	0	77	0	81	168	0	172	0	2
assemblage-666-310	0	0	0	0	353	91	0	42	0	14
assemblage-400-1003	0	0	161	0	266	70	0	0	0	3
assemblage-275-182	0	0	0	0	237	258	0	0	0	5
assemblage-823-94	0	0	126	0	321	51	0	0	0	2
assemblage-756-921	0	0	0	0	138	287	0	69	0	6
assemblage-466-841	0	0	13	0	95	364	0	26	0	2
assemblage-961-871	0	0	3	0	230	267	0	0	0	0
assemblage-109-487	0	0	181	0	238	81	0	0	0	0
assemblage-403-596	0	0	57	0	190	182	0	33	34	4
assemblage-367-419	0	0	102	0	57	177	0	163	0	1
assemblage-843-848	0	0	13	0	377	72	0	38	0	0
assemblage-442-845	0	0	77	0	222	109	0	92	0	0
assemblage-954-864	0	0	12	0	245	241	0	0	0	2
assemblage-355-450	0	0	0	0	218	200	0	82	0	0
assemblage-103-500	0	0	56	0	425	18	0	0	0	1
assemblage-762-377	0	0	92	0	295	112	0	0	0	1
assemblage-775-937	0	0	42	0	200	186	0	72	0	0
assemblage-641-859	0	0	24	0	241	234	0	0	0	1
assemblage-918-230	0	0	224	0	155	121	0	0	0	0
assemblage-385-584	0	0	62	0	182	184	0	43	26	3
assemblage-514-309	0	0	178	0	253	69	0	0	0	0
assemblage-645-144	0	0	6	0	324	167	0	0	0	3
assemblage-220-285	0	0	74	0	384	41	0	0	0	1
assemblage-498-329	0	0	136	0	115	249	0	0	0	0
assemblage-867-863	0	0	134	0	246	114	0	6	0	0
assemblage-762-943	0	0	14	0	350	97	0	39	0	0
assemblage-647-322	0	0	27	0	191	188	0	94	0	0
assemblage-956-869	0	0	8	0	224	268	0	0	0	0
assemblage-348-821	0	0	187	0	157	151	0	5	0	0
assemblage-803-103	0	0	103	0	336	59	0	0	0	2
assemblage-367-826	0	0	167	0	172	155	0	0	0	6
assemblage-493-756	0	0	128	0	271	94	0	0	0	7
assemblage-735-364	0	0	16	0	378	57	0	48	0	1
assemblage-174-175	0	0	26	0	121	198	0	155	0	0
assemblage-945-370	0	0	8	0	201	7	0	283	0	1
assemblage-478-257	0	0	0	0	358	91	0	47	0	4
assemblage-505-311	0	0	123	0	119	258	0	0	0	0
assemblage-815-105	0	0	240	0	169	91	0	0	0	0
assemblage-984-355	0	0	0	0	219	0	0	274	0	7
assemblage-497-311	0	0	117	0	296	85	0	0	0	2
assemblage-994-556	0	0	0	0	386	81	0	33	0	0
assemblage-874-851	0	0	267	0	132	99	0	0	0	2
assemblage-559-595	0	0	37	0	139	173	0	150	0	1
assemblage-227-302	0	0	73	0	402	23	0	0	0	2
assemblage-644-334	0	0	157	0	203	125	0	15	0	0
assemblage-528-569	0	0	159	0	239	101	0	0	0	1
assemblage-988-792	0	0	10	0	321	159	0	0	0	10
assemblage-554-568	0	0	244	0	167	89	0	0	0	0
assemblage-655-312	0	0	55	0	153	217	0	75	0	0
assemblage-274-246	0	0	25	0	83	368	0	24	0	0
assemblage-775-935	0	0	0	0	219	212	0	68	0	1
assemblage-379-593	0	0	62	0	193	178	0	35	31	1
assemblage-165-150	0	0	25	0	178	151	0	146	0	0
assemblage-402-995	0	0	174	0	263	58	0	0	0	5
assemblage-357-449	0	0	0	0	208	214	0	78	0	0
assemblage-266-272	0	0	19	0	64	398	0	19	0	0
assemblage-352-867	0	0	36	0	205	187	0	71	0	1
assemblage-202-305	0	0	131	0	124	245	0	0	0	0
assemblage-979-729	0	0	68	0	196	234	0	0	0	2
assemblage-755-244	0	0	210	0	200	90	0	0	0	0
assemblage-498-742	0	13	10	0	303	173	0	0	0	1
assemblage-999-809	0	0	6	0	349	139	0	0	0	6
assemblage-779-920	0	0	0	0	381	80	0	38	0	1
assemblage-750-265	0	0	115	0	248	137	0	0	0	0
assemblage-145-150	0	0	18	0	113	344	0	23	0	2
assemblage-383-901	0	0	78	0	274	148	0	0	0	0
assemblage-818-92	0	0	97	0	336	66	0	0	0	1
assemblage-779-928	0	0	0	0	125	298	0	75	0	2
assemblage-101-463	0	0	81	0	127	178	0	102	12	0
assemblage-618-780	0	0	67	0	201	227	5	0	0	0
assemblage-191-813	0	13	5	0	302	180	0	0	0	0
assemblage-467-253	0	0	47	0	174	227	0	46	0	6
assemblage-766-933	0	0	85	0	63	180	0	170	0	2
assemblage-763-309	0	0	163	0	272	65	0	0	0	0
assemblage-541-590	0	0	166	0	269	62	0	0	0	3
assemblage-436-255	0	0	0	0	121	314	0	64	0	1
assemblage-569-598	0	0	27	0	135	211	0	126	0	1
assemblage-819-111	0	0	60	0	229	92	0	119	0	0
assemblage-951-437	0	0	83	0	180	237	0	0	0	0
assemblage-786-950	0	0	0	0	346	104	0	48	0	2
assemblage-506-308	0	0	52	0	430	16	0	0	0	2
assemblage-840-870	0	0	19	0	354	75	0	49	0	3
assemblage-261-275	0	0	20	0	58	406	0	15	0	1
assemblage-897-236	0	0	261	0	123	116	0	0	0	0
assemblage-965-448	0	0	28	0	257	213	0	0	0	2
assemblage-826-101	0	0	167	0	262	70	0	0	0	1
assemblage-111-459	0	0	237	0	30	117	0	116	0	0
assemblage-818-101	0	0	25	0	187	131	0	157	0	0
assemblage-979-731	0	0	54	0	242	204	0	0	0	0
assemblage-969-882	0	0	7	0	223	270	0	0	0	0
assemblage-769-313	0	0	140	0	104	256	0	0	0	0
assemblage-1003-809	0	0	47	0	218	221	14	0	0	0
assemblage-465-260	0	0	33	0	224	166	0	77	0	0
assemblage-176-154	0	0	24	0	123	217	0	135	0	1
assemblage-386-886	0	0	46	0	254	192	8	0	0	0
assemblage-1009-805	0	0	11	0	360	126	0	0	0	3
assemblage-634-846	0	0	66	0	182	252	0	0	0	0
assemblage-777-926	0	0	89	0	64	164	0	183	0	0
assemblage-772-449	0	0	64	0	171	261	0	0	0	4
assemblage-985-802	0	0	10	0	352	133	0	0	0	5
assemblage-282-274	0	0	22	0	81	383	0	14	0	0
assemblage-615-860	0	0	51	0	159	282	0	0	0	8
assemblage-224-283	0	0	76	0	378	46	0	0	0	0
assemblage-285-166	5	0	164	0	258	73	0	0	0	0
assemblage-282-184	0	0	5	0	239	253	0	0	0	3
assemblage-648-313	0	0	174	0	218	98	0	10	0	0
assemblage-617-164	0	0	9	0	339	148	0	0	0	4
assemblage-993-573	0	0	0	0	392	59	0	48	0	1
assemblage-955-872	0	9	14	0	277	200	0	0	0	0
assemblage-115-478	0	0	176	0	255	68	0	0	0	1
assemblage-602-829	0	0	85	0	188	225	0	0	0	2
assemblage-474-839	0	0	81	0	198	115	0	105	0	1
assemblage-945-434	0	0	66	0	177	257	0	0	0	0
assemblage-630-862	0	0	45	0	228	226	0	0	0	1
assemblage-392-1005	0	0	206	0	206	88	0	0	0	0
assemblage-591-603	0	0	35	0	173	126	0	165	0	1
assemblage-454-277	0	0	0	0	213	197	0	90	0	0
assemblage-438-254	0	0	0	0	375	74	0	46	0	5
assemblage-359-436	0	0	26	0	204	169	0	101	0	0
assemblage-192-834	0	0	6	0	227	261	0	0	0	6
assemblage-986-557	0	0	87	0	78	159	0	175	0	1
assemblage-517-758	0	0	10	0	240	247	0	0	0	3
assemblage-1001-562	0	0	0	0	386	62	0	48	0	4
assemblage-404-873	0	0	14	0	328	157	0	0	0	1
assemblage-574-599	0	0	34	0	184	124	0	158	0	0
assemblage-574-610	0	0	69	0	225	103	0	103	0	0
assemblage-822-107	0	0	54	0	228	117	0	98	0	3
assemblage-278-277	0	0	19	0	70	402	0	8	0	1
assemblage-204-828	0	0	8	0	214	278	0	0	0	0
assemblage-157-167	0	0	62	0	215	116	0	106	0	1
assemblage-643-151	0	0	61	0	229	201	9	0	0	0
assemblage-411-992	0	0	106	4	318	72	0	0	0	0
assemblage-1010-584	0	0	0	0	150	248	0	95	0	7
assemblage-514-764	0	0	151	0	255	91	0	0	0	3
assemblage-829-98	0	0	129	0	252	117	0	0	0	2
assemblage-386-815	0	0	166	0	177	150	0	7	0	0
assemblage-963-874	0	20	5	0	278	197	0	0	0	0
assemblage-781-441	0	0	41	0	236	223	0	0	0	0
assemblage-369-820	0	0	22	0	361	86	0	30	0	1
assemblage-725-344	0	0	12	0	361	78	0	49	0	0
assemblage-617-789	0	0	92	0	295	113	0	0	0	0
assemblage-99-464	0	0	211	0	42	115	0	132	0	0
assemblage-354-873	0	0	53	0	195	193	0	58	0	1
assemblage-405-1011	0	0	253	0	150	96	0	0	0	1
assemblage-859-854	0	0	190	0	166	138	0	6	0	0
assemblage-443-264	0	0	0	0	142	284	0	71	0	3
assemblage-734-252	0	0	122	0	239	139	0	0	0	0
assemblage-449-851	0	0	44	0	132	179	0	143	0	2
assemblage-395-985	0	0	99	0	338	59	0	0	0	4
assemblage-730-350	0	0	104	0	293	98	0	0	0	5
assemblage-405-899	0	0	28	0	366	106	0	0	0	0
assemblage-747-371	0	0	263	0	125	112	0	0	0	0
assemblage-906-247	0	0	105	0	308	83	0	4	0	0
assemblage-475-256	0	0	0	0	364	92	0	39	0	5
assemblage-644-161	0	0	22	0	389	88	0	0	0	1
assemblage-367-421	0	0	90	0	75	181	0	153	0	1
assemblage-564-597	0	0	37	0	185	138	0	140	0	0
assemblage-638-795	0	0	23	0	374	103	0	0	0	0
assemblage-783-932	0	0	0	0	358	102	0	37	0	3
assemblage-996-803	0	0	109	0	253	138	0	0	0	0
assemblage-352-856	0	0	168	0	213	105	0	14	0	0
assemblage-777-942	0	0	33	0	210	180	0	76	0	1
assemblage-1007-738	0	0	42	0	157	299	0	0	0	2
assemblage-361-855	0	0	172	0	201	112	0	15	0	0
assemblage-992-559	0	0	0	0	223	195	0	81	0	1
assemblage-648-158	0	0	40	0	263	192	5	0	0	0
assemblage-166-138	0	0	42	0	137	186	0	132	0	3
assemblage-632-142	0	0	22	0	379	99	0	0	0	0
assemblage-217-302	0	0	72	0	403	25	0	0	0	0
assemblage-927-210	0	0	114	0	312	73	0	0	0	1
assemblage-805-119	0	0	28	0	129	190	0	151	0	2
assemblage-877-870	0	0	167	0	172	154	0	4	0	3
assemblage-804-94	0	0	13	0	112	350	0	25	0	0
assemblage-745-228	0	0	124	0	314	59	0	0	0	3
assemblage-128-456	0	0	220	0	20	149	0	111	0	0
assemblage-207-294	0	0	53	0	421	26	0	0	0	0
assemblage-996-553	0	0	84	0	72	172	0	172	0	0
assemblage-775-444	0	0	57	0	147	294	0	0	0	2
assemblage-969-450	0	0	44	0	242	214	0	0	0	0
assemblage-340-860	0	0	39	0	205	186	0	70	0	0
assemblage-259-293	0	0	18	0	80	384	0	18	0	0
assemblage-368-454	0	0	0	0	116	319	0	64	0	1
assemblage-782-422	0	0	55	0	164	276	0	0	0	5
assemblage-773-447	0	0	29	0	240	231	0	0	0	0
assemblage-500-313	0	0	75	0	383	42	0	0	0	0
assemblage-215-804	0	0	8	0	217	275	0	0	0	0
assemblage-774-925	0	0	0	0	235	193	0	72	0	0
assemblage-758-234	0	0	160	0	277	63	0	0	0	0
assemblage-645-340	0	0	58	0	188	198	0	55	0	1
assemblage-127-497	0	0	65	0	395	39	0	0	0	1
assemblage-748-241	0	0	176	0	253	69	0	0	0	2
assemblage-91-467	0	0	216	0	33	132	0	118	0	1
assemblage-494-764	0	0	135	0	269	92	0	0	0	4
assemblage-377-823	0	0	259	0	115	126	0	0	0	0
assemblage-356-858	0	0	56	0	226	162	0	55	0	1
assemblage-449-849	0	0	35	0	195	122	0	145	0	3
assemblage-958-873	0	0	2	0	220	278	0	0	0	0
assemblage-452-257	0	0	0	0	399	60	0	37	0	4
assemblage-735-342	0	0	121	0	306	67	0	0	0	6
assemblage-111-469	0	0	196	0	36	127	0	140	0	1
assemblage-977-723	0	0	85	0	197	217	0	0	0	1
assemblage-379-581	0	0	47	0	209	163	0	39	40	2
assemblage-918-207	0	0	165	0	191	135	0	8	0	1
assemblage-805-964	0	0	185	0	189	108	0	17	0	1
assemblage-461-266	0	0	0	0	390	73	0	34	0	3
assemblage-383-590	0	0	87	0	181	172	0	25	34	1
assemblage-115-490	0	0	160	0	241	99	0	0	0	0
assemblage-271-267	0	0	12	0	88	386	0	14	0	0
assemblage-183-819	0	0	17	0	227	246	0	0	0	10
assemblage-402-894	0	0	91	0	293	116	0	0	0	0
assemblage-385-579	0	0	66	0	178	178	0	39	38	1
assemblage-466-256	0	0	58	0	182	198	0	60	0	2
assemblage-445-852	0	0	50	0	189	130	0	131	0	0
assemblage-617-852	0	0	62	0	173	260	0	0	0	5
