Assemblage_Name	8890596-1783759-4	1-8386799-4	0-643916-2	0-2-5634665	3864569-4751283-4	4-1098217-3	0-2012229-2	4-9206621-3	2073592-6874990-3	9584934-7637603-2	3-1-1	1-5164637-4	1510519-4545835-4	4-7266156-5433577	5027694-7266156-3	3864569-1-4	3-2-3635346	3704445-2-2	6971204-7266156-3	5835500-1-4	3-2-5646436	4-3482035-9200729	7768862-1-4	3-2-3	1-1-6817306	6931100-1-5247047	1-1-4	4-3482035-426458	1-1783759-4	1-1-5247047	3895684-2-2	1-1-8081243	3-2621566-3	2593078-1-4	4-3-4024577	4333013-8857638-2	8435420-2-3	4-3-1984619	4-6874990-255027	9584934-2-2	2320243-2-3	2337743-1-4	9584934-2-8373081	0-5429384-2	8863620-1-4	1-2786122-4	3-2-7846700	4-7266156-3	4-3-3	1-5217201-4	735776-1-4	6754812-1-4	8389694-1783759-4	1-1363951-4	3589757-6874990-3	4-6787712-3	4-6874990-3	1-8753961-4	1-1-16180	5192847-7455217-1472298	1510519-1-4	5192847-6874990-3	0-2-2	4-7266156-9200729	0-8857638-2	9584934-9532370-2	1-1-7751122	5192847-6874990-1340942	8490568-1-4	8837012-1-4	3-4-3	1-8803969-4	9005145-2-3	9584934-540176-2	3-2-9863484	3-2-4309536	9584934-2-5599845	4-4200868-9200729	0-8857638-8045763	1-1-6813184	1-6096685-4	0-6336527-2	2845736-7266156-3	4-8999170-9200729	1-1-7353720	4960164-1-4	3-8240656-1	2113655-2-8373081	3-2-869272	1-1-6685287	3-2-2503288	1-9550585-4	3-7105772-1	9460809-1-4	1-1783759-6832276	6573041-2-2	4852616-1-9760261	1997880-2-3	5192847-6874990-1472298	1510519-5243074-4	3-4-3116203	1-1-4466681
assemblage-509-774	0	9	0	0	0	0	0	0	0	0	0	0	0	0	0	0	0	0	0	0	0	0	0	0	0	44	240	0	5	0	0	0	0	0	0	0	0	0	0	0	0	0	0	0	0	0	0	0	0	0	5	0	0	0	0	0	0	20	0	0	43	0	0	0	0	0	0	0	0	0	0	0	0	0	0	0	0	0	51	0	0	0	0	0	0	0	0	8	0	0	0	0	0	61	0	0	0	0	0	0	0	14
assemblage-792-426	0	0	0	0	0	0	0	0	0	0	0	0	0	0	0	0	0	0	0	0	0	0	0	0	0	19	460	0	0	0	0	0	0	0	0	0	0	0	0	0	0	0	0	0	0	0	0	0	0	0	0	17	0	0	0	0	0	0	0	0	0	0	0	0	0	0	0	0	0	0	0	0	0	0	0	0	0	0	0	0	0	0	0	0	0	0	0	0	0	0	0	0	0	0	0	0	0	0	0	0	0	4
assemblage-947-458	0	0	0	0	0	0	0	0	0	0	0	0	0	0	0	0	0	0	0	0	0	0	0	0	0	13	402	0	0	0	0	0	0	9	0	0	0	0	0	0	0	0	0	0	0	0	0	0	0	0	0	6	0	6	0	0	0	0	0	0	0	0	0	0	0	0	0	0	0	0	0	0	0	0	0	0	0	0	0	0	0	0	0	0	0	0	0	0	0	0	0	11	0	29	3	0	0	0	0	0	0	21
assemblage-970-448	0	0	0	0	0	0	0	0	0	0	0	0	0	0	0	0	0	0	0	0	0	0	0	0	0	7	414	0	0	0	0	0	0	0	0	0	0	0	0	0	0	0	0	0	0	0	0	0	0	0	0	0	0	0	0	0	0	0	0	0	0	0	0	0	0	0	0	0	0	0	0	0	0	0	0	0	0	0	0	0	0	0	0	0	0	0	0	0	0	0	0	13	0	50	0	0	0	0	0	0	0	16
assemblage-781-432	0	0	0	0	0	0	0	0	0	0	0	0	0	0	0	0	0	0	0	0	0	0	0	0	0	8	417	0	0	0	0	0	0	5	0	0	0	0	0	0	0	0	0	0	0	0	0	0	0	0	0	0	0	0	0	0	0	0	0	0	0	0	0	0	0	0	0	0	0	0	0	0	0	0	0	0	0	0	0	0	0	0	0	0	0	0	0	0	0	0	0	13	0	33	6	0	0	0	0	0	0	18
assemblage-789-310	0	0	0	0	0	0	11	0	0	0	0	0	0	0	0	0	0	0	0	54	0	0	0	0	0	62	72	0	0	30	0	0	0	0	0	0	0	0	0	0	0	0	0	0	18	0	0	0	0	0	0	0	0	0	0	0	0	0	0	0	13	32	76	41	40	0	0	5	0	0	0	0	0	0	0	0	0	0	0	0	0	0	32	0	0	0	0	0	0	0	0	0	0	0	0	0	0	0	0	0	0	14
assemblage-580-593	0	0	0	0	0	0	0	0	0	0	16	0	0	0	0	0	0	0	0	0	0	0	0	207	0	0	43	0	0	0	0	0	13	0	0	0	0	0	0	0	0	0	0	0	0	0	0	59	13	0	0	0	0	0	0	0	0	0	0	0	29	0	69	25	0	0	0	0	0	0	0	0	0	0	0	0	0	0	0	0	0	0	15	0	0	0	0	0	0	0	0	0	0	0	0	0	0	0	0	0	0	11
assemblage-775-446	0	0	0	0	0	0	0	0	0	0	0	0	0	0	0	0	0	0	0	0	0	0	0	0	0	22	412	0	12	0	0	0	0	0	0	0	0	0	0	0	0	0	0	0	0	0	0	0	0	0	0	0	0	0	0	0	0	0	0	0	18	0	0	0	0	0	5	0	0	0	0	0	0	0	0	0	0	0	0	0	15	0	0	0	0	0	0	0	0	0	0	0	0	0	0	0	0	0	0	0	0	16
assemblage-486-244	0	0	0	0	0	0	0	0	0	0	0	15	0	0	0	0	0	0	0	0	0	0	0	48	0	0	146	0	0	0	0	0	0	0	0	0	0	0	0	20	0	0	0	0	0	0	0	25	61	0	0	0	0	0	0	0	0	0	0	0	24	0	0	75	0	0	0	0	0	0	30	0	0	0	0	0	0	0	0	0	0	0	40	0	0	0	0	0	0	0	0	0	0	0	0	0	0	0	0	0	0	16
assemblage-992-736	0	0	0	0	0	0	0	0	0	0	0	0	0	0	0	0	0	0	0	0	0	0	0	0	0	16	433	0	0	0	0	0	0	0	0	0	0	0	0	0	0	0	0	0	0	0	0	0	0	0	0	0	15	0	0	0	0	0	0	0	0	0	0	0	0	0	0	0	0	0	0	0	0	0	0	0	0	0	0	0	23	0	0	0	0	0	0	0	0	0	0	0	0	0	0	0	0	0	0	0	0	13
assemblage-468-265	0	0	0	0	0	0	0	0	0	0	0	0	0	0	0	0	0	0	0	0	0	0	0	86	0	0	201	0	0	0	0	0	0	0	0	0	0	0	0	4	16	0	0	0	0	0	0	0	58	0	0	0	0	0	0	0	0	0	0	0	0	0	25	98	0	0	0	0	0	0	0	0	0	0	0	0	0	0	0	0	0	0	0	0	0	0	0	0	0	0	0	0	0	0	0	0	0	0	0	0	0	12
assemblage-407-904	0	0	0	0	0	0	0	0	0	0	0	0	0	0	0	0	0	0	0	0	0	0	0	0	0	1	164	0	79	0	0	0	0	0	0	0	0	0	0	0	0	0	26	0	0	0	0	0	0	0	0	0	0	0	0	0	0	0	0	0	164	0	3	0	11	0	0	0	0	0	0	0	0	0	0	0	0	0	0	0	0	0	0	0	0	0	0	17	0	0	0	0	0	0	0	0	0	0	0	0	0	35
assemblage-730-369	0	0	0	0	0	0	0	0	0	0	0	0	0	0	0	6	0	0	0	0	0	0	0	54	0	0	223	0	0	0	0	0	0	0	0	0	0	0	0	74	8	0	0	0	0	0	0	0	53	0	0	0	0	0	0	0	8	0	0	0	20	0	0	11	0	0	0	0	0	0	0	0	0	4	0	0	0	0	0	0	0	0	11	0	0	0	0	0	0	0	0	0	0	0	0	0	0	0	0	0	0	28
assemblage-940-453	0	0	0	0	0	0	0	0	0	0	0	0	0	0	0	0	0	0	0	0	0	0	0	0	0	7	434	0	0	0	0	0	0	0	0	0	0	0	0	0	0	0	0	0	0	0	0	0	0	0	0	0	27	0	0	0	0	0	0	0	0	0	0	0	0	0	0	0	0	0	0	0	0	0	0	0	0	0	0	0	18	0	0	0	0	0	0	0	0	0	0	0	0	0	0	0	0	0	0	0	0	14
assemblage-171-164	0	0	0	0	0	0	0	0	0	0	25	0	0	0	0	0	0	0	0	0	0	0	0	178	0	0	49	0	0	0	0	0	19	0	0	0	0	0	0	0	0	0	0	0	0	0	0	52	9	0	0	0	0	0	0	0	0	0	0	0	28	0	55	38	0	0	0	0	0	0	0	0	0	0	0	0	0	0	0	0	0	0	19	0	0	0	0	0	0	0	0	0	0	0	0	0	0	0	0	0	0	28
assemblage-993-792	0	0	0	0	0	0	0	0	0	0	0	0	0	0	0	0	0	0	0	0	0	0	0	0	0	5	167	0	114	0	0	0	0	0	0	0	0	0	0	0	0	0	29	0	0	0	0	0	5	0	0	0	0	0	0	0	0	0	0	0	118	0	0	0	9	0	0	0	0	0	0	0	0	0	0	0	0	0	0	0	0	0	0	0	0	0	0	17	0	0	0	0	0	0	0	0	0	0	0	0	0	36
assemblage-368-841	0	0	0	0	0	0	0	0	0	0	0	0	0	0	0	0	0	0	0	16	0	6	0	27	0	0	119	0	0	0	0	0	0	0	0	0	0	0	0	0	0	0	0	0	0	0	0	0	29	0	0	0	0	0	0	0	8	0	0	0	15	79	30	43	0	0	0	0	0	0	0	0	0	0	0	0	0	0	0	0	0	0	114	0	0	0	0	0	0	0	0	0	0	0	0	0	0	0	0	0	0	14
assemblage-541-582	0	0	0	0	0	0	0	0	0	0	0	0	0	0	0	25	0	0	0	0	0	0	0	10	0	0	135	0	0	85	0	0	0	0	0	0	0	0	0	3	0	0	38	0	12	0	0	0	4	0	0	0	0	0	0	0	0	0	0	0	133	21	0	7	0	0	0	0	0	0	0	0	0	10	0	0	0	0	0	0	0	0	0	0	0	0	0	0	0	0	0	0	0	0	0	0	0	0	0	0	0	17
assemblage-614-784	0	0	0	0	0	0	0	0	0	0	0	0	0	0	0	0	0	0	5	25	0	0	0	0	0	47	160	0	10	0	0	0	0	0	0	0	0	0	0	0	0	0	92	0	0	0	0	0	0	0	0	0	0	0	0	0	0	0	0	0	16	0	0	0	17	0	0	0	0	13	0	0	0	0	0	0	0	0	0	0	0	0	46	0	0	0	0	36	0	0	0	0	0	21	0	0	0	0	0	0	0	12
assemblage-171-169	0	0	0	0	0	0	0	0	0	0	23	0	0	0	0	0	0	0	0	0	0	0	0	179	0	0	41	0	0	0	0	0	13	0	0	0	0	0	0	0	0	0	0	0	0	0	0	45	6	0	0	0	0	0	0	0	0	0	0	0	60	0	70	31	0	0	0	0	0	0	0	0	0	0	0	0	0	0	0	0	0	0	22	0	0	0	0	0	0	0	0	0	0	0	0	0	0	0	0	0	0	10
assemblage-823-113	0	0	0	0	0	0	0	0	0	0	26	0	0	0	0	0	0	18	0	0	0	0	0	113	0	0	163	0	0	0	0	8	0	0	0	0	0	0	0	0	0	0	0	0	0	0	0	0	75	0	0	0	0	0	0	0	0	0	0	0	12	0	54	0	0	0	0	0	0	0	0	0	0	0	0	0	0	0	0	0	0	0	0	0	0	0	0	0	0	0	0	0	0	0	0	0	0	0	0	0	0	31
assemblage-259-175	0	0	0	0	0	0	0	0	0	0	0	0	0	0	0	0	0	0	4	0	0	0	0	0	0	0	414	0	7	0	0	0	0	0	0	0	0	0	0	0	0	8	16	0	0	0	0	0	0	0	0	0	0	0	0	0	0	0	0	0	18	0	0	0	0	0	0	0	0	0	0	0	0	0	0	0	0	0	5	0	0	0	3	0	0	0	0	0	0	0	0	0	0	0	0	0	0	0	0	0	0	25
assemblage-238-294	0	0	0	0	0	0	0	0	0	0	0	0	0	0	0	0	0	0	0	22	0	0	0	0	0	0	159	0	0	0	0	0	0	0	0	0	0	0	0	0	0	0	89	0	0	0	0	0	0	0	0	0	0	0	0	0	0	0	0	0	72	0	53	35	0	0	0	0	0	0	0	0	0	0	0	0	0	37	0	0	0	0	13	0	0	0	0	0	0	0	0	0	0	0	0	0	0	0	0	0	0	20
assemblage-793-937	0	0	0	0	0	0	0	0	3	0	0	0	0	0	0	19	0	0	0	0	0	0	0	141	0	0	29	0	0	15	0	0	0	0	0	0	6	0	0	21	0	0	0	0	0	0	0	0	27	0	0	0	0	0	16	0	93	0	0	0	0	34	19	59	0	0	0	0	0	0	0	0	0	0	0	0	0	0	0	0	0	0	7	0	0	0	0	0	0	0	0	0	0	0	0	0	0	0	0	0	0	11
assemblage-642-157	0	0	0	0	0	0	0	0	0	0	0	0	0	0	0	0	0	0	16	33	0	0	0	0	0	24	147	0	6	0	0	0	0	0	0	0	0	0	0	0	0	0	83	0	0	0	0	0	0	0	0	0	0	0	0	0	0	0	0	0	11	0	0	0	21	0	0	0	0	13	0	0	0	0	0	0	0	0	0	0	0	0	55	0	0	0	0	51	0	0	0	0	0	33	0	0	0	0	0	0	0	7
assemblage-386-578	0	0	0	0	0	0	0	0	0	0	8	0	0	0	0	0	0	0	0	0	0	0	0	72	25	0	230	0	0	0	0	0	0	0	0	0	0	0	0	0	0	0	0	0	0	0	0	14	0	0	0	0	0	0	0	0	0	0	0	0	106	0	22	0	0	0	0	0	0	0	8	0	0	0	0	0	0	0	0	0	0	0	0	0	0	0	0	0	0	0	0	0	0	0	0	0	0	0	0	0	0	15
assemblage-607-790	0	0	0	0	0	0	0	0	0	0	0	0	0	0	0	0	0	0	13	34	0	0	0	0	0	23	132	0	11	0	0	0	0	0	0	0	0	0	0	0	0	0	86	0	0	0	0	0	0	0	0	0	0	0	0	0	0	0	0	0	11	0	0	0	31	0	0	0	0	15	0	0	0	0	0	0	0	0	0	0	0	0	64	0	0	0	0	41	0	0	0	0	0	28	0	0	0	0	0	0	0	11
assemblage-912-205	0	0	0	0	0	0	0	0	0	0	0	0	0	0	0	22	0	0	0	0	0	19	7	25	0	0	37	0	0	0	0	0	0	0	0	0	0	0	15	27	0	0	0	0	0	0	0	0	81	0	0	0	0	0	0	0	33	0	0	0	32	17	66	73	0	0	0	0	0	0	0	0	0	0	0	0	0	0	0	8	0	0	20	0	0	0	0	0	0	0	0	0	0	0	0	0	0	0	0	0	0	18
assemblage-410-1014	0	0	0	0	0	0	0	0	0	0	0	0	0	0	0	0	0	0	0	59	0	62	0	21	0	0	81	22	0	0	0	0	0	0	0	0	0	0	0	0	0	0	0	0	0	0	0	0	8	0	0	0	0	0	0	0	0	0	0	0	0	69	43	20	0	0	0	0	0	0	0	0	0	0	0	0	0	0	0	0	0	0	61	0	0	0	0	0	0	0	0	0	0	0	0	0	0	0	35	0	0	19
assemblage-620-164	0	0	0	0	0	0	0	0	0	0	0	0	0	0	0	0	0	0	0	15	0	0	0	0	0	0	329	0	59	0	0	0	0	0	0	0	0	0	0	0	0	0	12	0	0	0	0	0	0	0	0	0	0	0	0	0	0	18	12	0	12	0	0	27	0	0	0	0	0	0	0	0	0	0	0	0	0	0	0	0	0	0	0	0	0	0	0	0	0	5	0	0	0	0	0	0	0	0	0	0	0	11
assemblage-951-342	0	0	0	0	0	0	0	0	0	0	0	0	0	0	0	0	0	0	0	0	0	0	0	367	0	0	0	0	0	0	0	0	0	0	0	0	0	0	0	0	0	0	0	0	0	0	0	0	5	0	0	0	0	0	0	0	0	0	0	0	0	0	4	0	0	0	0	0	0	0	114	0	0	0	0	0	0	0	0	0	0	0	0	0	0	0	0	0	0	0	0	0	0	0	0	0	0	0	0	0	0	10
assemblage-799-102	0	0	0	0	0	0	0	0	0	0	25	0	0	0	0	0	0	0	0	0	0	0	0	183	0	0	61	0	0	0	0	11	16	0	0	0	0	0	0	0	0	0	0	0	0	0	0	55	0	0	0	0	0	0	0	0	0	0	0	0	35	0	58	29	0	0	0	0	0	0	0	0	0	0	0	0	0	0	0	0	0	0	11	0	0	0	0	0	0	0	0	0	0	0	0	0	0	0	0	0	0	16
assemblage-352-864	0	0	0	0	0	0	0	0	0	0	0	8	0	0	0	0	0	0	0	0	0	0	0	58	0	0	166	0	0	0	0	0	0	0	0	0	0	0	0	18	0	0	0	0	0	0	0	24	47	0	0	0	0	0	0	0	0	0	0	0	34	0	0	70	0	0	0	0	0	0	25	0	0	0	0	0	0	0	0	0	0	6	39	0	0	0	0	0	0	0	0	0	0	0	0	0	0	0	0	0	0	5
assemblage-963-868	0	0	0	0	0	0	0	0	0	0	0	0	0	0	0	0	0	0	0	0	0	0	0	0	0	8	352	0	69	0	0	0	0	0	0	0	0	0	0	0	0	0	0	0	0	0	0	0	0	0	21	0	0	0	0	0	0	0	0	0	5	0	0	0	0	0	0	0	0	0	0	0	0	0	0	0	0	0	15	0	0	0	0	0	0	0	0	10	0	0	0	0	0	0	0	0	0	0	0	0	0	20
assemblage-357-864	0	0	0	0	0	0	0	0	0	9	0	0	0	0	0	0	0	0	0	0	0	0	0	201	0	0	68	0	0	0	0	0	0	0	0	0	0	0	0	37	0	0	0	0	0	0	0	17	5	0	0	0	0	0	0	0	9	0	0	0	7	0	0	5	0	13	0	0	0	0	3	0	0	0	0	0	0	0	0	0	0	0	105	0	0	0	0	0	0	0	0	0	0	0	0	0	0	0	0	0	0	21
assemblage-344-429	0	0	0	0	0	0	0	0	0	0	7	0	0	0	0	0	0	0	0	0	0	0	0	140	0	0	46	0	0	0	10	0	0	0	0	0	0	0	0	88	0	0	0	0	0	0	0	0	62	0	0	0	0	0	0	0	0	0	0	0	0	0	36	11	0	0	0	0	0	0	59	0	0	0	0	0	0	0	0	0	0	0	19	0	0	0	0	0	0	0	0	0	0	0	0	0	0	0	0	0	0	22
assemblage-290-286	0	0	0	0	0	0	0	0	0	0	0	0	0	0	0	0	0	0	0	0	0	0	0	27	0	0	0	0	0	0	0	0	0	0	0	0	0	0	0	0	0	0	0	0	0	0	0	104	9	0	0	0	0	0	0	0	0	0	0	0	0	0	215	0	0	0	0	0	0	0	121	0	0	0	0	0	0	0	0	0	0	0	0	0	0	0	0	0	0	0	0	0	0	0	0	7	0	0	0	0	0	17
assemblage-363-462	0	0	0	0	0	0	0	0	0	0	0	0	0	0	0	0	0	0	0	0	4	0	0	178	0	0	3	0	0	0	0	0	0	0	0	0	0	0	0	15	0	0	0	0	0	0	0	0	113	0	0	0	0	0	0	0	29	0	0	0	50	0	41	29	0	0	0	0	0	0	1	0	0	0	0	0	0	0	0	0	0	0	28	0	0	0	0	0	0	0	0	0	0	0	0	0	0	0	0	0	0	9
assemblage-489-327	0	0	0	0	0	0	15	0	0	0	0	0	0	0	0	0	0	0	0	33	0	0	0	0	0	70	83	0	0	18	0	0	0	0	0	0	0	0	0	0	0	0	0	0	10	0	0	0	0	0	0	0	0	0	0	0	0	0	0	0	29	49	72	23	32	0	0	13	0	0	0	0	0	0	0	0	0	0	0	0	0	0	37	0	0	0	0	0	0	0	0	0	0	0	0	0	0	0	6	0	0	10
assemblage-756-230	0	0	0	0	0	0	0	0	0	0	0	0	0	0	0	0	0	0	0	0	0	44	0	21	0	0	164	0	0	15	0	0	0	0	0	0	0	0	0	0	0	0	0	0	0	0	0	0	19	0	0	0	0	0	0	0	0	0	0	0	75	2	20	94	0	0	0	0	0	0	0	0	0	0	0	0	0	0	0	0	0	0	32	0	0	0	0	0	0	0	0	0	0	0	0	0	0	0	0	0	0	14
assemblage-463-280	0	0	0	0	0	0	0	0	0	0	0	0	0	0	0	0	0	0	0	0	0	0	0	214	0	0	76	0	0	0	0	0	0	0	0	0	0	0	0	66	0	0	0	0	0	0	0	0	20	0	0	0	0	0	0	0	0	0	0	0	0	0	50	37	0	0	0	0	0	0	0	0	12	0	0	0	0	0	0	0	0	0	0	0	0	0	0	0	0	0	0	0	0	0	0	0	0	0	0	0	0	25
assemblage-216-821	0	0	0	0	0	0	0	0	0	0	0	0	0	0	0	0	0	0	5	0	0	0	0	0	0	38	230	0	9	0	0	0	0	0	0	0	0	0	0	0	0	0	0	0	0	0	0	0	0	0	0	0	0	0	0	0	0	18	0	0	49	0	0	0	0	0	0	0	0	0	0	0	0	0	0	0	0	0	49	0	0	0	0	0	0	0	0	16	0	0	0	0	0	62	0	0	0	0	0	0	0	24
assemblage-669-336	0	0	0	0	0	0	0	0	0	0	0	10	0	0	0	0	0	0	0	0	0	0	0	43	0	0	148	0	0	0	0	0	0	0	0	0	0	0	0	15	0	0	0	0	0	0	0	18	43	0	0	0	0	0	0	0	0	0	0	0	14	0	0	111	0	0	0	0	0	0	33	0	0	0	0	0	0	0	0	0	0	0	42	0	0	0	0	0	0	0	0	0	0	0	0	0	0	0	0	0	0	23
assemblage-119-470	0	0	0	0	0	0	0	0	0	0	141	0	0	0	7	0	0	0	0	0	0	0	0	0	0	0	0	0	0	0	0	0	0	0	0	0	0	0	0	0	0	0	0	0	0	0	0	140	138	0	0	0	0	0	0	8	0	0	0	0	0	0	4	0	0	0	0	0	0	0	21	0	0	0	0	0	0	0	0	0	0	0	14	0	0	0	0	0	0	0	0	0	0	0	0	0	0	0	0	0	0	27
assemblage-791-118	0	0	0	0	0	0	0	0	0	0	25	0	0	0	0	0	0	18	0	0	0	0	0	112	0	0	150	0	0	0	0	8	0	0	0	0	0	0	0	0	0	0	0	0	0	0	0	0	72	0	0	0	0	0	0	0	0	0	0	0	16	0	76	0	0	0	0	0	0	0	6	0	0	0	0	0	0	0	0	0	0	0	0	0	0	0	0	0	0	0	0	0	0	0	0	0	0	0	0	0	0	17
assemblage-958-370	0	0	0	0	0	0	0	0	0	0	0	0	0	0	0	0	0	0	0	0	0	0	0	357	0	0	0	0	0	0	0	0	0	0	0	0	0	0	0	0	0	0	0	0	0	0	0	0	0	0	0	0	0	0	0	0	0	0	0	0	0	0	0	0	0	0	0	0	0	0	117	0	0	0	0	0	0	0	0	0	0	0	0	0	0	0	0	0	0	0	0	0	0	0	0	0	0	0	0	0	0	26
assemblage-107-490	0	0	0	0	0	0	11	0	0	0	0	0	0	0	0	0	0	0	0	48	0	0	0	0	0	47	88	0	0	9	0	0	0	0	0	0	0	0	0	0	0	0	0	0	16	0	0	0	0	0	0	0	0	0	0	0	0	0	0	0	27	64	60	26	36	0	0	12	0	0	0	0	0	0	0	0	0	0	0	0	0	0	31	0	0	0	0	0	0	0	0	0	0	0	0	0	0	0	4	0	0	21
assemblage-949-365	0	0	0	0	0	0	0	0	0	0	0	0	0	0	0	0	0	0	0	0	0	0	0	342	0	0	0	0	0	0	0	0	0	0	0	0	0	0	0	0	0	0	0	0	0	0	0	0	0	0	0	0	0	0	0	0	0	0	0	0	0	0	0	0	0	0	0	0	0	0	134	0	0	0	0	0	0	0	0	0	0	0	0	0	0	0	0	0	0	0	0	0	0	0	0	0	0	0	0	0	0	24
assemblage-516-770	0	0	0	0	0	0	0	0	0	0	0	0	0	0	0	0	0	0	19	0	0	0	0	0	0	0	381	0	0	0	0	0	0	0	0	0	0	0	0	0	0	10	15	0	0	0	0	0	0	0	0	0	0	0	0	0	0	0	0	0	22	0	0	0	0	0	0	0	0	0	0	0	0	0	0	0	0	0	9	0	0	0	8	0	0	0	0	0	0	0	0	0	0	0	0	0	0	0	0	0	0	36
assemblage-770-926	0	0	0	0	0	0	0	0	0	0	0	0	0	0	0	0	0	0	0	0	0	0	0	175	0	0	108	0	0	0	0	0	0	0	0	0	0	0	0	0	0	0	0	0	0	0	0	69	0	0	0	0	0	0	0	0	0	0	0	0	0	0	123	8	0	0	0	0	0	0	0	0	0	0	0	0	0	0	0	0	0	4	0	0	0	0	0	0	0	0	0	0	0	0	0	0	0	0	0	0	0	13
assemblage-395-903	0	0	0	0	0	0	0	0	0	0	0	0	0	0	0	0	0	0	0	0	0	0	0	0	0	0	344	0	64	0	0	0	0	0	0	0	0	0	0	0	0	0	2	0	0	0	0	0	10	0	0	0	0	0	0	0	0	31	5	0	11	0	0	6	0	0	0	0	0	0	0	0	0	0	0	0	0	0	0	0	0	0	0	0	0	0	0	6	0	0	0	0	0	0	0	0	0	0	0	0	0	21
assemblage-563-597	0	0	0	0	0	0	0	0	0	0	11	0	0	0	0	0	0	0	0	0	0	0	0	290	0	0	20	0	0	0	0	0	0	0	0	0	0	0	0	52	0	0	0	0	0	0	12	16	30	0	0	0	0	0	0	0	0	0	0	0	0	0	6	0	0	0	0	0	0	0	35	0	0	0	0	0	7	0	0	0	0	0	16	0	0	0	0	0	0	0	0	0	0	0	0	0	0	0	0	0	0	5
assemblage-816-95	0	0	0	0	0	0	0	0	0	0	0	0	0	0	0	0	0	0	0	0	0	32	0	9	0	0	154	0	0	23	0	0	0	0	0	0	0	0	0	0	0	0	0	0	0	0	0	0	26	0	0	0	0	0	0	0	0	0	0	0	86	0	13	101	0	0	0	0	0	0	0	0	0	0	0	0	0	0	0	0	0	0	41	0	0	0	0	0	0	0	0	0	0	0	0	0	0	0	0	0	0	15
assemblage-471-239	0	0	0	0	0	0	0	0	0	0	0	0	0	0	0	15	0	0	0	0	0	0	0	141	0	0	30	0	0	16	0	0	0	0	0	0	9	0	0	19	0	0	0	0	0	0	0	0	22	0	0	0	0	0	9	0	107	0	0	0	0	27	19	67	0	0	0	0	0	0	0	0	0	0	0	0	0	0	0	0	0	0	6	0	0	0	0	0	0	0	0	0	0	0	0	0	0	0	0	0	0	13
assemblage-262-172	0	0	0	0	0	0	0	0	0	0	0	0	0	0	0	0	0	0	0	0	0	0	0	0	0	11	310	0	49	0	0	0	0	0	0	0	0	0	0	0	0	0	4	0	0	0	0	0	0	0	6	0	0	0	0	0	0	7	0	0	25	0	0	0	0	0	0	0	0	0	0	0	0	0	0	0	0	0	21	0	0	0	2	0	0	0	0	3	0	0	0	0	0	16	8	0	0	0	0	0	0	38
assemblage-983-722	0	0	0	0	0	0	0	0	0	0	0	0	0	0	0	0	0	0	0	0	0	0	0	0	0	5	456	0	0	0	0	0	0	0	0	0	0	0	0	0	0	0	0	0	0	0	0	0	0	0	0	12	0	0	0	0	0	0	0	0	0	0	0	0	0	0	0	0	0	0	0	0	0	0	0	0	0	0	0	0	0	0	0	0	0	0	0	0	0	0	0	0	0	0	0	0	0	0	0	0	0	27
assemblage-657-321	0	0	0	0	0	0	0	0	0	0	0	0	0	0	0	0	0	0	0	0	0	0	0	186	0	0	58	0	0	0	0	0	0	0	0	0	0	0	0	39	0	0	0	0	0	0	0	13	4	0	0	0	0	0	0	0	24	0	0	0	21	0	0	18	0	16	0	0	0	0	2	0	0	0	0	0	0	0	0	0	0	0	102	0	0	0	0	0	0	0	0	0	0	0	0	0	0	0	0	0	0	17
assemblage-925-224	0	0	0	0	0	0	0	0	0	0	0	0	0	0	0	6	0	0	0	0	0	0	0	55	0	0	252	0	0	0	0	0	0	0	0	0	0	0	0	54	0	0	8	0	0	0	0	0	58	0	0	0	0	0	0	0	0	0	0	0	5	0	0	10	0	0	0	0	0	0	0	0	0	7	0	0	0	0	0	0	0	0	10	0	0	0	0	0	0	0	0	0	0	0	0	0	0	0	0	0	0	35
assemblage-945-351	0	0	0	0	0	0	0	0	0	0	0	0	0	0	0	0	0	0	0	0	0	0	0	360	0	0	0	0	0	0	0	0	0	0	0	0	0	0	0	0	0	0	0	0	0	0	0	0	0	0	0	0	0	0	0	0	0	0	0	0	0	0	0	0	0	0	0	0	0	0	129	0	0	0	0	0	0	0	0	0	0	0	0	0	0	0	0	0	0	0	0	0	0	0	0	0	0	0	0	0	0	11
assemblage-271-166	0	0	0	0	0	0	0	0	0	0	0	0	0	0	0	0	0	0	6	0	0	0	0	0	0	0	257	0	90	0	0	0	0	0	0	0	0	0	0	0	0	0	0	0	0	0	0	0	0	0	0	15	0	0	0	0	0	0	0	0	47	0	0	0	0	0	0	0	0	0	0	10	0	0	0	0	0	0	11	0	0	0	16	0	0	0	0	0	0	0	0	0	0	0	27	0	0	0	0	0	0	21
assemblage-604-798	0	0	0	0	0	0	0	0	0	0	0	0	0	0	0	0	0	0	0	9	0	0	0	0	0	0	351	0	55	0	0	0	0	0	0	0	0	0	0	0	0	0	4	0	0	0	0	0	0	0	0	0	0	0	0	0	0	21	3	0	8	0	0	22	0	0	0	0	0	0	0	0	0	0	0	0	0	0	0	0	0	0	0	0	0	0	0	9	0	0	0	0	0	0	0	0	0	0	0	0	0	18
assemblage-906-226	0	0	0	0	0	0	0	0	0	0	0	0	0	0	0	0	0	0	0	0	0	15	0	127	0	0	147	0	0	44	0	0	0	0	0	0	0	0	0	0	0	0	0	0	0	0	0	0	0	0	0	0	0	0	0	0	9	0	0	0	66	5	0	21	0	22	0	0	0	0	0	0	0	0	0	0	0	0	0	0	0	0	30	0	0	0	0	0	0	0	0	0	0	0	0	0	0	0	0	0	0	14
assemblage-618-855	0	0	0	0	0	0	0	0	0	0	0	0	0	0	0	0	0	0	0	0	0	0	0	0	0	13	435	0	0	0	0	0	0	0	0	0	0	0	0	0	0	0	0	0	0	0	0	0	0	0	0	0	13	0	0	0	0	0	0	0	0	0	0	0	0	0	0	0	0	0	0	0	0	0	0	0	0	0	0	0	17	0	0	0	0	0	0	0	0	0	0	0	0	0	10	0	0	0	0	0	0	12
assemblage-510-764	0	0	0	0	0	0	0	0	0	0	0	0	0	0	0	0	0	0	15	0	0	0	0	0	0	0	414	0	2	0	0	0	0	0	0	0	0	0	0	0	0	0	13	0	0	0	0	0	0	7	0	0	0	0	0	0	0	0	0	0	17	0	0	0	0	0	0	0	0	0	0	0	0	0	0	0	0	0	0	0	0	0	8	0	0	0	0	0	0	0	0	0	0	0	0	0	0	0	0	0	0	24
assemblage-272-157	0	0	0	0	0	0	0	0	0	0	0	0	0	0	0	0	0	0	8	0	0	0	0	0	0	0	403	0	0	0	0	0	0	0	0	0	0	0	0	0	0	9	17	0	0	0	0	0	0	0	0	0	0	0	0	0	0	0	0	0	19	0	0	0	0	0	0	0	0	0	0	0	0	0	0	0	0	0	0	0	0	0	11	0	0	0	0	0	0	0	0	0	0	8	0	0	0	0	0	0	0	25
assemblage-1005-552	0	0	0	0	0	0	0	0	0	0	0	0	0	0	0	0	0	0	0	0	6	0	0	162	0	0	11	0	0	0	0	0	0	0	0	0	0	0	0	7	0	0	0	0	0	0	0	0	104	0	0	0	0	0	0	0	37	0	0	0	54	0	56	14	0	0	0	0	0	0	0	0	0	0	0	0	0	0	0	0	0	0	26	0	0	0	0	0	0	0	0	0	0	0	0	0	0	0	0	0	0	23
assemblage-755-235	0	0	0	0	0	0	0	0	0	0	0	0	0	13	0	0	0	0	0	6	0	52	0	0	0	0	244	0	0	0	0	0	0	0	0	0	0	0	0	4	0	0	0	0	0	0	0	0	51	0	0	0	0	0	0	0	0	0	0	0	4	14	25	51	0	0	0	0	0	0	0	0	0	0	0	0	0	0	0	0	0	0	0	0	0	0	0	0	0	0	0	0	0	0	0	0	0	0	20	0	0	16
assemblage-1009-796	0	0	0	0	0	0	0	0	0	0	0	0	0	0	0	0	0	0	0	0	0	0	0	0	0	6	186	0	115	0	0	0	0	0	0	0	0	0	0	0	0	0	22	0	0	0	0	0	0	0	0	0	0	0	0	0	0	0	0	0	112	0	4	3	15	0	0	0	0	0	0	0	0	0	0	0	0	0	0	0	0	0	4	0	0	0	0	10	0	0	0	0	0	0	0	0	0	0	0	0	0	23
assemblage-937-434	0	0	0	0	0	0	0	0	0	0	0	0	0	0	0	0	0	0	0	0	0	0	0	0	0	12	432	0	0	0	0	0	0	0	0	0	0	0	0	0	0	0	0	0	0	0	0	0	0	0	0	7	3	0	0	0	0	0	0	0	5	0	0	0	0	0	0	0	0	0	0	0	0	0	0	0	0	0	0	0	7	0	0	0	0	0	0	0	0	0	0	0	0	10	0	0	0	0	0	0	0	24
assemblage-117-516	0	0	0	0	0	0	0	0	0	0	0	0	0	0	0	29	0	0	0	79	0	9	0	0	0	0	219	0	0	25	0	0	0	0	0	0	0	0	0	0	0	0	54	0	0	0	0	0	0	0	0	0	0	0	0	0	0	0	0	0	11	23	0	0	0	0	0	0	0	0	0	0	0	0	0	0	0	0	0	0	0	0	0	0	0	0	0	0	0	0	0	0	0	0	0	0	0	0	23	0	0	28
assemblage-524-564	0	0	0	0	0	0	0	0	0	0	0	0	0	0	0	0	0	0	0	0	0	32	0	16	0	0	148	0	0	19	0	0	0	0	0	0	0	0	0	4	0	0	0	0	0	0	0	0	35	0	0	0	0	0	0	0	0	0	0	0	63	7	26	104	0	0	0	0	0	0	0	0	0	0	0	0	0	0	0	0	0	0	36	0	0	0	0	0	0	0	0	0	0	0	0	0	0	0	0	0	0	10
assemblage-213-296	0	0	0	0	0	0	11	0	0	0	0	0	0	0	0	0	0	0	0	58	0	0	0	0	0	61	84	0	0	18	0	0	0	0	0	0	0	0	0	0	0	0	0	0	8	0	0	0	0	0	0	0	0	0	0	0	0	0	0	0	22	47	65	34	31	0	0	12	0	0	0	0	0	0	0	0	0	0	0	0	0	0	38	0	0	0	0	0	0	0	0	0	0	0	0	0	0	0	0	0	0	11
assemblage-753-311	0	0	0	0	0	0	0	0	0	0	0	0	0	0	0	8	0	0	0	56	0	9	0	0	0	0	241	0	0	29	0	0	0	0	0	0	0	0	0	0	0	0	57	0	0	0	0	0	0	0	0	0	0	0	0	0	0	0	0	0	13	49	0	0	0	0	0	0	0	0	0	0	0	0	0	0	0	0	0	0	0	0	0	0	0	0	0	0	0	0	0	0	0	0	0	0	0	0	23	0	0	15
assemblage-505-307	0	0	0	0	15	0	0	0	0	0	0	0	0	0	0	0	0	0	0	11	0	5	0	0	0	0	90	0	120	9	0	0	0	0	0	0	0	0	0	0	0	0	41	0	0	0	0	0	44	0	0	0	0	0	0	0	0	0	0	0	30	60	0	40	0	0	0	0	0	0	0	0	0	0	0	0	0	0	0	0	0	0	0	0	0	0	0	16	0	0	0	0	0	0	0	0	0	0	5	0	0	14
assemblage-205-814	3	0	0	0	0	0	0	0	0	0	0	0	0	0	0	0	0	0	0	0	0	0	0	0	0	13	334	0	65	0	0	0	0	0	0	0	0	0	0	0	0	0	0	0	0	0	0	0	0	0	27	0	0	0	0	0	0	0	0	0	0	0	0	0	0	0	0	0	0	0	0	0	0	0	0	0	0	0	21	0	0	0	0	0	0	0	0	11	0	0	0	0	0	0	0	0	0	0	0	0	0	26
assemblage-371-826	0	0	0	0	0	0	0	0	0	0	0	0	0	0	0	5	0	0	0	0	0	0	0	70	0	0	232	0	0	0	0	0	0	0	0	0	0	0	0	57	5	0	0	0	0	0	0	0	60	0	0	0	0	0	0	0	6	0	0	0	3	0	0	10	0	0	0	0	0	0	0	0	0	7	0	0	0	0	0	0	0	0	12	0	0	0	0	0	0	0	0	0	0	0	0	0	0	0	0	0	0	33
assemblage-533-582	0	0	0	0	0	0	0	0	0	0	0	0	0	0	0	0	0	0	0	48	0	83	0	22	0	0	73	8	0	0	0	0	0	0	0	0	0	0	0	0	0	0	0	0	0	0	0	0	8	0	0	0	0	0	0	0	0	0	0	0	4	77	45	10	0	0	0	0	0	0	0	0	0	0	0	0	0	0	0	0	0	0	60	0	0	0	0	0	0	0	0	0	0	0	0	0	0	0	46	10	0	6
assemblage-808-943	0	0	0	0	0	0	0	0	0	0	0	0	0	0	0	0	0	0	0	0	0	0	0	66	0	0	161	0	0	0	0	0	0	0	0	0	0	0	0	4	15	0	0	0	0	0	0	0	118	0	0	0	0	0	0	0	0	0	0	0	0	0	27	72	0	0	0	0	0	0	0	0	0	0	0	0	0	0	0	0	0	0	11	0	0	0	0	0	0	0	0	0	0	0	0	0	0	0	0	0	0	26
assemblage-596-807	0	0	0	0	0	0	0	0	0	0	0	0	0	0	0	0	0	0	0	13	0	0	0	0	0	20	226	0	40	0	0	0	0	0	0	0	0	0	0	0	0	0	41	0	0	0	0	0	0	0	0	0	0	0	0	0	0	5	0	0	48	0	0	7	19	0	0	0	0	0	0	0	0	0	0	0	0	0	18	0	0	0	12	0	0	0	0	10	0	0	0	0	0	4	0	0	0	0	0	0	0	37
assemblage-540-587	0	0	0	0	0	0	0	0	0	0	0	0	0	0	0	0	0	0	0	0	0	41	0	13	0	0	136	0	0	12	0	0	0	0	0	0	0	0	0	9	0	0	0	0	0	0	0	0	27	0	0	0	0	0	0	0	0	0	0	0	78	0	21	107	0	0	0	0	0	0	0	0	0	0	0	0	0	0	0	0	0	0	43	0	0	0	0	0	0	0	0	0	0	0	0	0	0	0	0	0	0	13
assemblage-447-857	0	0	0	0	0	0	0	0	0	0	12	0	0	0	0	0	0	0	0	0	0	0	0	195	0	0	67	0	0	0	0	0	0	0	0	0	0	0	0	19	0	0	0	0	0	0	0	22	34	0	0	0	0	0	0	0	0	0	0	0	14	0	63	9	0	0	0	0	0	0	30	0	0	0	0	0	0	0	0	0	0	0	8	0	0	0	0	0	0	0	0	0	0	0	0	0	0	0	0	0	0	27
assemblage-736-358	0	0	0	0	0	0	0	0	0	0	0	0	9	0	0	0	7	0	0	18	0	17	0	25	0	0	114	0	0	0	0	0	0	0	0	0	0	0	0	0	0	0	0	0	0	0	0	0	41	0	0	0	0	0	0	0	0	0	0	0	8	92	19	28	0	0	0	0	0	0	0	0	0	0	0	0	0	0	0	0	0	0	109	0	0	0	0	0	0	0	0	0	0	0	0	0	0	0	0	0	0	13
assemblage-958-360	0	0	0	0	0	0	0	0	0	0	0	0	0	0	0	0	0	0	0	0	0	0	0	355	0	0	0	0	0	0	0	0	0	0	0	0	0	0	0	0	0	0	0	0	0	0	0	0	0	0	0	0	0	0	0	0	0	0	0	0	0	0	0	0	0	0	0	0	0	0	132	0	0	0	0	0	0	0	0	0	0	0	0	0	0	0	0	0	0	0	0	0	0	0	0	0	0	0	0	0	0	13
assemblage-454-843	0	0	0	0	0	0	0	0	0	0	36	0	0	0	0	0	0	0	0	0	0	0	0	183	0	0	48	0	0	0	0	0	16	0	0	0	0	0	0	0	0	0	0	0	0	0	0	54	12	0	0	0	0	0	0	0	0	0	0	0	33	0	55	19	0	0	0	0	0	0	0	0	0	0	0	0	0	0	0	0	0	0	27	0	0	0	0	0	0	0	11	0	0	0	0	0	0	0	0	0	0	6
assemblage-402-993	0	0	0	0	0	0	0	0	0	0	0	0	0	5	0	0	0	0	0	8	0	35	0	0	0	0	250	0	0	0	0	0	0	0	0	0	0	0	0	11	0	0	0	0	0	0	0	0	40	0	0	0	0	0	0	0	0	0	0	0	0	35	37	44	0	0	0	0	0	0	0	0	0	0	0	0	0	0	0	0	0	0	0	0	0	0	0	0	0	0	0	0	0	0	0	0	0	0	13	0	0	22
assemblage-866-859	0	0	0	0	0	0	0	0	0	0	0	0	0	0	0	12	0	0	0	0	0	37	0	13	0	0	40	0	0	0	0	0	0	0	0	0	0	0	4	22	0	0	0	0	0	0	0	0	58	0	0	0	0	0	0	0	46	0	0	0	42	22	80	60	0	0	0	0	0	0	0	0	0	0	0	0	0	0	0	12	0	0	31	0	0	0	0	0	0	0	0	0	0	0	0	0	0	0	0	0	0	21
assemblage-985-738	0	0	0	0	0	0	0	0	0	0	0	0	0	0	0	0	0	0	0	0	0	0	0	0	0	0	438	0	0	0	0	0	0	0	0	0	0	0	0	0	0	0	0	0	0	0	0	0	0	0	0	0	15	0	0	0	0	0	0	0	0	0	0	0	0	0	0	0	0	0	0	0	0	0	0	0	0	0	0	0	14	0	0	0	0	0	0	0	0	0	0	0	0	0	11	0	0	0	0	0	0	22
assemblage-801-92	0	0	0	0	0	0	0	0	0	0	0	0	0	0	0	0	0	0	0	0	0	45	0	6	0	0	149	0	0	11	0	0	0	0	0	0	0	0	0	0	0	0	0	0	0	0	0	0	25	0	0	0	0	0	0	0	0	0	0	0	78	0	32	97	0	0	0	0	0	0	0	0	0	0	0	0	0	0	0	0	0	0	37	0	0	0	0	0	0	0	0	0	0	0	0	0	0	0	0	0	0	20
assemblage-771-316	0	0	0	0	0	0	0	0	0	0	0	0	0	0	0	23	0	0	0	57	0	0	0	0	0	0	240	0	0	30	0	0	0	0	0	0	0	0	0	0	0	0	60	0	0	0	0	0	0	0	0	0	0	0	0	0	0	0	0	0	15	35	0	0	0	0	0	0	0	0	0	0	0	0	0	0	0	0	0	0	0	0	0	0	0	0	0	0	0	0	0	0	0	0	0	0	0	0	17	0	0	23
assemblage-977-744	0	0	0	0	0	0	0	0	0	0	0	0	0	0	0	0	0	0	0	0	0	0	0	0	0	16	420	0	12	0	0	0	0	0	0	0	0	0	0	0	0	0	0	0	0	0	0	0	0	0	0	0	0	0	0	0	0	0	0	0	21	0	0	0	0	0	0	0	0	0	0	0	0	0	0	0	0	0	0	0	7	0	0	0	0	0	0	0	0	0	0	0	0	0	0	0	0	0	0	0	0	24
assemblage-368-829	0	0	0	0	0	0	0	0	0	0	0	0	0	0	0	0	0	0	0	0	0	10	0	105	0	0	127	0	0	48	0	0	0	0	0	0	0	0	0	9	0	0	0	0	0	0	0	0	0	0	0	0	0	0	0	0	11	0	0	0	81	13	0	35	0	10	0	0	0	0	0	0	0	0	0	0	0	0	0	0	0	0	38	0	0	0	0	0	0	0	0	0	0	0	0	0	0	0	0	0	0	13
assemblage-278-161	0	0	0	0	0	0	0	0	0	0	0	0	0	0	0	0	0	0	0	0	0	0	0	0	0	0	260	0	82	0	0	0	0	0	0	0	0	0	0	0	0	0	0	0	0	0	0	0	0	0	0	21	14	0	0	0	0	0	0	0	42	0	0	0	0	0	0	0	0	0	0	6	0	0	0	0	0	0	6	0	0	0	15	0	0	0	0	0	0	0	0	0	0	0	29	0	0	0	0	0	0	25
assemblage-516-571	0	0	0	0	0	0	0	0	0	0	0	0	0	0	0	21	0	0	0	0	0	0	0	6	0	0	168	0	0	58	0	0	0	0	0	0	0	0	0	0	0	0	45	0	11	0	0	0	10	0	0	0	0	0	0	0	0	0	0	0	114	37	0	0	0	0	0	0	0	0	0	0	0	7	0	0	0	0	0	0	0	0	0	0	0	0	0	0	0	0	0	0	0	0	0	0	0	0	0	0	0	23
assemblage-766-303	0	0	0	7	12	0	0	0	0	0	0	0	0	0	0	0	0	0	0	6	0	3	0	0	0	0	108	0	112	13	0	0	0	0	0	0	0	0	0	0	0	0	27	0	0	0	0	0	34	0	0	0	0	0	0	0	0	0	0	0	48	56	0	42	0	0	0	0	0	0	0	0	0	0	0	0	0	0	0	0	0	0	0	0	0	0	0	16	0	0	0	0	0	0	0	0	0	0	0	0	0	16
assemblage-403-900	0	0	0	0	0	0	0	0	0	0	0	0	0	0	0	0	0	0	0	23	0	0	0	0	0	44	274	0	7	0	0	0	0	0	0	25	0	0	0	0	0	0	12	0	0	0	0	0	0	0	0	0	0	0	0	0	0	0	0	0	0	0	0	0	45	0	0	0	0	0	0	0	0	0	0	0	0	0	63	0	0	0	0	0	0	0	0	0	0	0	0	0	0	0	0	0	0	0	0	0	0	7
assemblage-768-310	0	0	0	0	0	0	0	0	0	0	0	0	0	0	0	18	0	0	0	66	0	0	0	0	0	0	249	0	0	31	0	0	0	0	0	0	0	0	0	0	0	0	53	0	0	0	0	0	0	0	0	0	0	0	0	0	0	0	0	0	18	27	0	0	0	0	0	0	0	0	0	0	0	0	0	0	0	0	0	0	0	0	0	0	0	0	0	0	0	0	0	0	0	0	0	0	0	0	22	0	0	16
assemblage-112-482	0	0	0	0	0	0	0	0	0	0	132	0	0	0	7	0	0	0	0	0	0	0	0	0	0	0	0	0	0	0	0	0	0	0	0	0	0	0	0	0	0	0	0	0	0	0	0	140	119	0	0	0	0	0	0	9	0	0	0	0	0	0	16	0	0	0	0	0	0	0	27	0	0	0	0	0	0	0	0	0	0	0	13	0	0	0	0	0	0	0	0	0	0	0	0	0	0	0	0	0	0	37
assemblage-630-843	0	0	0	0	0	0	0	0	0	0	0	0	0	0	0	0	0	0	0	0	0	0	0	0	0	5	450	0	0	0	0	0	0	0	0	0	0	0	0	0	0	0	0	0	0	0	0	0	0	0	0	0	22	0	0	0	0	0	0	0	0	0	0	0	0	0	0	0	0	0	0	0	0	0	0	0	0	0	0	0	9	0	0	0	0	0	0	0	0	0	0	0	0	0	4	0	0	0	0	0	0	10
assemblage-145-505	0	0	0	0	4	0	0	0	0	0	0	0	0	0	0	0	0	0	0	0	0	0	0	0	0	0	144	0	93	14	0	0	0	0	0	0	0	0	0	0	0	0	20	0	0	0	0	0	36	0	0	0	0	0	0	0	0	0	0	0	40	52	0	45	0	0	0	0	0	0	0	0	0	0	0	0	0	0	0	0	0	0	4	0	0	0	0	17	0	0	0	0	0	0	0	0	0	0	0	0	0	31
assemblage-943-353	0	0	0	0	0	0	0	0	0	0	0	0	0	0	0	0	0	0	0	0	0	0	0	355	0	0	2	0	0	0	0	0	0	0	0	0	0	0	0	0	0	0	0	0	0	0	0	0	0	0	0	0	0	0	0	0	0	0	0	0	0	0	0	0	0	0	0	0	0	0	132	0	0	0	0	0	0	0	0	0	0	0	0	0	0	0	0	0	0	0	0	0	0	0	0	0	0	0	0	0	0	11
assemblage-212-820	0	0	0	0	0	0	0	0	0	0	0	0	0	0	0	0	0	0	0	0	0	0	0	0	0	0	264	0	94	0	0	0	0	0	0	0	0	0	0	0	0	0	0	0	0	0	0	0	0	0	0	9	11	0	0	0	0	0	0	0	37	0	0	0	0	0	0	0	0	0	0	9	0	0	0	0	0	0	10	0	0	0	18	0	0	0	0	0	0	0	0	0	0	0	21	0	0	0	0	0	0	27
assemblage-401-583	0	0	0	0	0	0	0	0	0	0	11	0	0	0	0	0	0	0	0	0	0	0	0	65	23	0	250	0	0	0	0	0	0	0	0	0	0	0	0	0	0	0	0	0	0	0	0	8	0	0	0	0	0	0	0	0	0	0	0	0	95	0	11	0	0	0	0	0	0	0	17	0	0	0	0	0	0	0	0	0	0	0	0	0	0	0	0	0	0	0	0	0	0	0	0	0	9	0	0	0	0	11
assemblage-605-799	0	0	0	0	0	0	0	0	0	0	0	0	0	0	0	0	0	0	0	8	0	0	0	0	0	0	350	0	57	0	0	0	0	0	0	0	0	0	0	0	0	0	12	0	0	0	0	0	7	0	0	0	0	0	0	0	0	21	0	0	11	0	0	13	0	0	0	0	0	0	0	0	0	0	0	0	0	0	0	0	0	0	0	0	0	0	0	0	0	0	0	0	0	0	0	0	0	0	0	0	0	21
assemblage-874-862	0	0	0	0	0	0	0	0	0	0	0	0	9	0	0	0	6	0	0	15	0	11	0	31	0	0	108	0	0	0	0	0	0	0	0	0	0	0	0	0	0	0	0	0	0	0	0	0	30	0	0	0	0	0	0	0	13	0	0	0	16	80	23	28	0	0	0	0	0	0	0	0	0	0	0	0	0	0	0	0	0	0	119	0	0	0	0	0	0	0	0	0	0	0	0	0	0	0	0	0	0	11
assemblage-755-317	0	0	0	0	0	0	0	0	0	0	0	0	0	0	0	0	0	0	0	14	0	0	0	0	0	0	172	0	0	0	0	0	0	0	0	0	0	0	0	0	0	0	86	0	0	0	0	0	0	0	0	0	0	0	0	0	0	0	0	0	57	9	56	45	0	0	0	0	0	0	0	0	0	0	0	0	0	19	0	0	0	0	19	0	0	0	0	0	0	0	0	0	0	0	0	0	0	0	0	0	0	23
assemblage-441-260	0	0	0	0	0	0	0	0	0	0	0	0	0	0	0	0	0	0	0	0	0	0	0	154	0	0	38	0	0	0	0	0	0	0	0	0	0	0	0	122	0	0	0	0	0	0	0	0	56	0	0	0	0	0	0	0	0	0	0	0	0	0	37	9	0	0	0	0	0	0	53	0	0	0	5	0	0	0	0	0	0	0	8	0	3	0	0	0	0	0	0	0	0	0	0	0	0	0	0	0	0	15
assemblage-666-310	0	0	0	0	0	0	0	0	0	0	0	0	0	0	0	0	0	0	0	0	0	0	0	71	0	0	178	0	0	0	0	0	0	0	0	0	0	0	0	9	21	0	0	0	0	0	0	0	106	0	0	0	0	0	0	0	0	0	0	0	0	0	13	82	0	0	0	0	0	0	0	0	0	0	0	0	0	0	0	0	0	0	0	0	0	0	0	0	0	0	0	0	0	0	0	0	0	0	0	0	0	20
assemblage-400-1003	0	0	0	0	0	0	0	0	0	0	0	0	0	8	0	0	0	0	0	14	0	54	0	0	0	0	239	0	4	0	0	0	0	0	0	0	0	0	0	10	0	0	0	0	0	0	0	0	52	0	0	0	0	0	0	0	0	0	0	0	0	33	31	29	0	0	0	0	0	0	0	0	0	0	0	0	0	0	0	0	0	0	0	0	0	0	0	0	0	0	0	0	0	0	0	0	0	0	16	0	0	10
assemblage-275-182	0	0	0	0	0	0	0	0	0	0	0	0	0	0	0	0	0	0	0	0	0	0	0	0	0	10	314	0	77	0	0	0	0	0	0	0	0	0	0	0	0	0	0	0	0	0	0	0	0	0	30	0	0	0	0	0	0	0	0	0	0	0	0	0	0	0	0	0	0	0	0	0	0	0	0	0	0	0	30	0	0	0	0	0	0	9	0	17	0	0	0	0	0	0	0	0	0	0	0	0	0	13
assemblage-823-94	0	0	0	0	0	0	0	0	0	0	0	0	0	0	0	17	0	0	0	0	0	2	0	25	0	0	145	0	0	86	0	0	0	0	0	0	0	0	0	0	0	0	40	0	6	0	0	0	11	0	0	0	0	0	0	0	0	0	0	0	103	31	0	0	0	0	0	0	0	0	0	0	0	18	0	0	0	0	0	0	0	0	0	0	0	0	0	0	0	0	0	0	0	0	0	0	0	0	0	0	0	16
assemblage-756-921	0	0	0	0	0	0	0	0	0	0	0	0	0	0	0	0	0	0	0	0	5	0	0	180	0	0	4	0	0	0	0	0	0	0	0	0	0	0	0	0	0	0	0	0	0	0	0	0	106	0	0	0	0	0	0	0	38	0	0	0	48	0	43	17	0	0	0	0	0	0	0	0	0	0	0	0	0	0	0	0	0	0	45	0	0	0	0	0	0	0	0	0	0	0	0	0	0	0	0	0	0	14
assemblage-466-841	0	0	0	0	0	0	0	0	0	0	23	0	0	0	0	0	0	0	0	0	0	0	0	184	0	0	62	0	0	0	0	0	11	0	0	0	0	0	0	0	0	0	0	0	0	0	0	70	6	0	0	0	0	0	0	0	0	0	0	0	32	0	62	22	0	0	0	0	0	0	0	0	0	0	0	0	0	0	0	0	0	0	11	0	0	0	0	0	0	0	0	0	0	0	0	0	0	0	0	0	0	17
assemblage-961-871	0	0	0	0	0	0	0	0	0	0	0	0	0	0	0	0	0	0	0	0	0	0	0	0	0	48	239	0	11	0	0	0	0	0	0	0	0	0	0	0	0	0	0	0	0	0	0	0	0	0	0	0	0	0	0	0	0	27	0	0	55	0	0	0	0	0	0	0	0	0	0	0	0	0	0	0	0	0	36	0	0	0	0	0	0	0	0	7	0	0	0	0	0	56	0	0	0	0	0	0	0	21
assemblage-109-487	0	0	0	0	0	0	0	0	0	0	0	0	0	0	0	0	0	0	0	21	0	0	0	0	0	0	172	0	0	0	0	0	0	0	0	0	0	0	0	0	0	0	98	0	0	0	0	0	0	0	0	0	0	0	0	0	0	0	0	0	62	7	48	23	0	0	0	0	0	0	0	0	0	0	0	0	0	26	0	0	0	0	18	0	0	0	0	0	0	0	0	0	0	0	0	0	0	0	14	0	0	11
assemblage-403-596	0	0	0	0	0	0	0	0	0	0	14	0	0	0	0	0	0	0	0	0	0	0	0	73	23	0	252	0	0	0	0	0	0	0	0	0	0	0	0	0	0	0	0	0	0	0	0	0	0	0	0	0	0	0	0	0	0	0	0	0	93	0	14	0	0	0	0	0	0	0	15	0	0	0	0	0	0	0	0	0	0	0	0	0	0	0	0	0	0	0	0	0	0	0	0	0	0	0	0	0	0	16
assemblage-367-419	0	0	0	0	0	0	0	0	0	0	0	0	0	0	0	0	0	0	0	0	0	0	0	140	0	0	39	0	0	0	0	0	0	0	0	0	0	0	0	84	0	0	0	0	0	0	0	0	55	0	0	0	0	0	0	0	0	0	0	0	0	0	67	15	0	0	0	0	0	0	56	0	0	0	9	0	0	0	0	0	0	0	18	0	0	0	0	0	0	0	0	0	0	0	0	0	0	0	0	0	0	17
assemblage-843-848	0	0	0	0	0	0	0	0	0	0	0	0	0	0	0	10	0	0	0	0	0	0	0	49	0	0	237	0	0	16	0	0	0	0	0	0	0	0	0	42	0	0	0	0	0	0	0	0	71	0	0	0	0	0	0	0	3	0	0	0	16	0	0	11	0	0	0	0	0	0	0	0	0	7	0	0	0	0	0	0	0	0	12	0	0	0	0	0	0	0	0	0	0	0	0	0	0	0	0	0	0	26
assemblage-442-845	0	0	0	0	0	0	0	0	0	0	37	0	0	0	0	0	0	20	0	0	0	0	0	107	0	0	182	0	0	0	0	10	0	0	0	0	0	7	0	0	0	0	0	0	0	0	0	0	58	0	0	0	0	0	0	0	0	0	0	0	7	0	46	0	0	0	0	0	0	0	11	0	0	0	0	0	0	0	0	0	0	0	0	0	0	0	0	0	0	0	0	0	0	0	0	0	0	0	0	0	0	15
assemblage-954-864	0	0	0	0	0	0	0	0	0	0	0	0	0	0	0	0	0	0	0	0	0	0	0	0	0	14	334	0	84	0	0	0	0	0	0	0	0	0	0	0	0	0	0	0	0	0	0	0	0	0	17	0	0	0	0	0	0	0	0	0	5	0	0	0	0	0	0	0	0	0	0	0	0	0	0	0	0	0	11	0	0	0	0	0	0	0	0	8	0	0	0	0	0	0	0	0	0	0	0	0	0	27
assemblage-355-450	0	0	0	0	0	0	0	0	0	0	0	0	0	0	0	0	0	0	0	0	0	0	0	164	0	0	100	0	0	0	0	0	0	0	6	0	0	0	0	0	0	0	0	0	0	0	0	91	0	0	0	0	0	0	0	0	0	0	0	0	0	0	106	16	0	0	0	0	0	0	0	0	0	0	0	0	0	0	0	0	0	0	0	0	0	0	0	0	0	0	0	0	0	0	0	0	0	0	0	0	0	17
assemblage-103-500	0	0	0	0	9	0	0	0	0	0	0	0	0	0	0	0	0	0	0	14	0	0	0	0	0	0	110	0	131	15	0	0	0	0	0	0	0	0	0	0	0	0	24	0	0	0	0	0	27	0	0	0	0	0	0	0	0	0	0	0	34	50	0	48	0	0	0	0	0	0	0	0	0	0	0	0	0	0	0	0	0	0	0	0	0	0	0	17	0	0	0	0	0	0	0	0	0	0	0	0	0	21
assemblage-762-377	0	0	0	0	0	0	0	0	0	0	0	0	4	0	0	0	6	0	0	23	0	14	0	41	0	0	116	0	0	0	0	0	0	0	0	0	0	0	0	0	0	0	0	0	0	0	0	0	22	0	0	0	0	0	0	0	6	0	0	0	15	77	24	33	0	0	0	0	0	0	0	0	0	0	0	0	0	0	0	0	0	0	104	0	0	0	0	0	0	0	0	0	0	0	0	0	0	0	0	0	0	15
assemblage-775-937	0	0	0	0	0	0	0	0	0	0	0	0	0	0	0	0	0	0	0	0	0	0	0	224	0	0	51	0	0	0	0	0	0	0	0	0	0	0	0	49	0	0	0	0	0	0	0	9	9	0	0	0	0	0	0	0	17	0	0	0	19	0	0	5	0	12	0	0	0	0	5	0	0	0	0	0	0	0	0	0	0	0	87	0	0	0	0	0	0	0	0	0	0	0	0	0	0	0	0	0	0	13
assemblage-641-859	0	0	0	0	0	0	0	0	0	0	0	0	0	0	0	0	0	0	0	0	0	0	0	0	0	10	428	0	0	0	0	0	0	0	0	0	0	0	0	0	0	0	0	0	0	0	0	0	0	0	0	0	10	0	0	0	0	0	0	0	0	0	0	0	0	0	0	0	0	0	0	0	0	0	0	0	0	0	0	0	28	0	0	0	0	0	0	0	0	0	0	0	0	0	6	0	0	0	0	0	0	18
assemblage-918-230	0	0	0	0	0	0	0	0	0	0	0	0	0	0	0	15	0	0	0	0	0	38	0	16	0	0	58	0	0	0	0	0	0	0	0	0	0	0	6	25	0	0	0	0	0	0	0	0	85	0	0	0	0	0	0	0	36	0	0	0	29	15	73	56	0	0	0	0	0	0	0	0	0	0	0	0	0	0	0	0	0	0	16	0	0	0	0	0	0	0	0	0	0	0	0	0	0	0	0	0	0	32
assemblage-385-584	0	0	0	0	0	0	0	0	0	0	13	0	0	0	0	0	0	0	0	0	0	0	0	90	25	0	218	0	0	0	0	5	0	0	0	0	0	0	0	0	0	0	0	0	0	0	0	12	0	0	0	0	0	0	0	0	0	0	0	0	111	0	11	0	0	0	0	0	0	0	4	0	0	0	0	0	0	0	0	0	0	0	0	0	0	0	0	0	0	0	0	0	0	0	0	0	0	0	0	0	0	11
assemblage-514-309	0	0	0	0	0	0	0	0	0	0	0	0	0	0	0	0	0	0	0	23	0	0	0	0	0	0	199	0	0	0	0	0	0	0	0	0	0	0	0	0	0	0	82	0	0	0	0	0	0	0	0	0	0	0	0	0	0	0	0	0	56	12	56	23	0	0	0	0	0	0	0	0	0	0	0	0	0	14	0	0	0	0	3	0	0	0	0	0	0	0	0	0	0	0	0	0	0	0	7	0	0	25
assemblage-645-144	0	0	0	0	0	0	0	0	0	0	0	0	0	0	0	0	0	0	0	28	0	0	0	0	0	24	286	0	0	0	0	0	0	0	0	14	0	0	0	0	0	0	24	0	0	0	0	0	0	0	0	0	0	0	0	0	0	0	0	0	0	0	0	0	65	0	0	0	0	0	0	0	0	0	0	0	0	0	50	0	0	0	0	0	0	0	0	0	0	0	0	0	0	0	0	0	0	0	0	0	0	9
assemblage-220-285	0	0	0	0	0	0	0	0	0	0	0	0	0	0	0	22	0	0	0	78	0	0	0	0	0	0	212	0	0	39	0	0	0	0	0	0	0	0	0	0	0	0	67	0	0	0	0	0	0	0	0	0	0	0	0	0	0	0	0	0	8	39	0	0	0	0	0	0	0	0	0	0	0	0	0	0	0	0	0	0	0	0	0	0	0	0	0	0	0	0	0	0	0	0	0	0	0	0	15	0	0	20
assemblage-498-329	0	0	0	0	0	0	4	0	0	0	0	0	0	0	0	0	0	0	0	53	0	0	0	0	0	50	85	0	0	23	0	0	0	0	0	0	0	0	0	0	0	0	0	0	23	0	0	0	0	0	0	0	0	0	0	0	0	0	0	0	27	42	64	28	41	0	0	4	0	0	0	0	0	0	0	0	0	0	0	0	0	0	38	0	0	0	0	0	0	0	0	0	0	0	0	0	0	0	12	0	0	6
assemblage-867-863	0	0	0	0	0	0	0	0	0	0	0	0	0	0	0	7	0	0	0	0	0	10	0	51	0	0	134	0	0	14	0	0	0	0	0	0	0	0	0	25	0	0	0	0	0	0	0	0	52	0	0	0	0	0	0	0	22	0	0	0	29	25	25	28	0	0	0	0	0	0	0	0	0	0	0	0	0	0	0	0	0	0	39	0	0	0	0	0	0	0	0	0	0	0	0	0	0	0	0	0	0	39
assemblage-762-943	0	0	0	0	0	0	0	0	0	0	0	0	0	0	0	0	0	0	0	0	0	0	0	83	0	0	197	0	0	0	0	0	0	0	0	0	0	0	0	13	17	0	0	0	0	0	0	0	76	0	0	0	0	0	0	0	0	0	0	0	0	0	17	74	0	0	0	0	0	0	0	0	0	0	0	0	0	0	0	0	0	0	0	0	0	0	0	0	0	0	0	0	0	0	0	0	0	0	0	0	0	23
assemblage-647-322	0	0	0	0	0	0	0	0	0	0	0	0	0	0	0	0	0	0	0	0	0	0	0	196	0	0	64	0	0	0	0	0	0	0	0	0	0	0	0	45	0	0	0	0	0	0	0	6	21	0	0	0	0	0	0	0	5	0	0	0	16	0	0	14	0	6	0	0	0	0	4	0	0	0	0	0	0	0	0	0	0	0	103	0	0	0	0	0	0	0	0	0	0	0	0	0	0	0	0	0	0	20
assemblage-956-869	0	7	0	0	0	0	0	0	0	0	0	0	0	0	0	0	0	0	0	0	0	0	0	0	0	51	207	0	0	0	0	0	0	0	0	0	0	0	0	0	0	0	0	0	0	0	0	0	0	0	0	0	0	0	0	0	0	14	0	0	57	0	0	0	0	0	0	0	0	0	0	0	0	0	0	0	0	0	51	0	0	0	0	0	0	0	0	12	0	0	0	0	0	68	0	0	0	0	0	0	0	33
assemblage-348-821	0	0	0	0	0	0	0	0	0	0	0	0	0	0	0	5	0	0	0	0	0	12	0	116	0	0	142	0	0	51	0	0	0	0	0	0	0	0	0	0	0	0	0	0	0	0	0	0	0	0	0	0	0	0	0	0	9	0	0	0	52	11	0	33	0	19	0	0	0	0	0	0	0	0	0	0	0	0	0	0	0	0	34	0	0	0	0	0	0	0	0	0	0	0	0	0	0	0	0	0	0	16
assemblage-803-103	0	0	0	0	0	0	0	0	0	0	0	0	0	0	0	23	0	0	0	0	0	0	0	7	0	0	143	0	0	56	0	0	0	0	0	0	0	0	8	0	0	0	63	0	15	0	0	0	12	0	0	0	0	0	0	0	0	0	0	0	121	33	0	6	0	0	0	0	0	0	0	0	0	0	0	0	0	0	0	0	0	0	0	0	0	0	0	0	0	0	0	0	0	0	0	0	0	0	0	0	0	13
assemblage-367-826	0	0	0	0	0	0	0	0	0	0	0	0	0	0	0	0	0	0	0	0	0	12	0	101	0	0	160	0	0	38	0	0	0	0	0	0	0	0	0	0	0	0	0	0	0	0	0	0	0	0	0	0	0	0	0	0	12	0	0	0	64	14	0	47	0	12	0	0	0	0	0	0	0	0	0	0	0	0	0	0	0	0	22	0	0	0	0	0	0	0	0	0	0	0	0	0	0	0	0	0	0	18
assemblage-493-756	0	0	0	0	0	0	0	0	0	0	0	0	0	0	0	0	0	0	0	0	0	0	0	0	0	0	276	0	81	0	0	0	0	0	0	0	0	0	0	0	0	0	0	0	0	0	0	0	0	0	0	30	13	0	0	0	0	0	0	0	28	0	0	0	0	0	0	0	0	0	0	7	0	0	0	0	0	0	4	0	0	0	11	0	0	0	0	0	0	0	0	0	0	0	30	0	0	0	0	0	0	20
assemblage-735-364	0	0	0	0	0	0	0	0	0	0	0	0	0	0	0	10	0	0	0	0	0	0	0	59	0	0	253	0	0	8	0	0	0	0	0	0	0	0	0	46	0	0	3	0	0	0	0	0	63	0	0	0	0	0	0	0	0	0	0	0	3	0	0	9	0	0	0	0	0	0	0	0	0	0	0	0	0	0	0	0	0	0	26	0	0	0	0	0	0	0	0	0	0	0	0	0	0	0	0	0	0	20
assemblage-174-175	0	0	0	0	0	13	0	0	0	0	0	0	0	0	0	0	0	0	0	0	0	0	0	198	0	0	71	0	0	0	0	0	0	0	0	0	0	0	0	0	0	0	0	5	0	0	0	33	17	0	0	0	0	0	0	0	0	0	0	0	0	0	85	0	0	0	0	0	0	0	68	0	0	0	0	0	0	0	0	0	0	0	0	0	0	0	0	0	0	0	0	0	0	0	0	0	0	0	0	0	0	10
assemblage-945-370	0	0	0	0	0	0	0	0	0	0	0	0	0	0	0	0	0	0	0	0	0	0	0	349	0	0	5	0	0	0	0	0	0	0	0	0	0	0	0	0	0	0	0	0	0	0	0	0	2	0	0	0	0	0	0	0	0	0	0	0	0	0	0	0	0	0	0	0	0	0	127	0	0	0	0	0	0	0	0	0	0	0	0	0	0	0	0	0	0	0	0	0	0	0	0	0	0	0	0	0	0	17
assemblage-478-257	0	0	0	0	0	0	0	0	0	0	0	0	0	0	0	0	0	0	0	0	0	0	0	76	0	0	185	0	0	0	0	0	0	0	0	0	0	0	0	8	17	0	0	0	0	0	0	0	91	0	0	0	0	0	0	0	0	0	0	0	0	0	19	85	0	0	0	0	0	0	0	0	0	0	0	0	0	0	0	0	0	0	0	0	0	0	0	0	0	0	0	0	0	0	0	0	0	0	0	0	0	19
assemblage-505-311	0	0	0	0	0	0	3	0	0	0	0	0	0	0	0	0	0	0	0	31	0	0	0	0	0	65	72	0	0	21	0	0	0	0	0	0	0	0	0	0	0	0	0	0	14	0	0	0	0	0	0	0	0	0	0	0	0	0	0	0	35	56	64	27	37	0	0	10	0	0	0	0	0	0	0	0	0	0	0	0	0	0	46	0	0	0	0	0	0	0	0	0	0	0	0	0	0	0	5	0	0	14
assemblage-815-105	0	0	0	0	0	0	0	0	0	0	0	0	0	0	0	0	0	0	0	77	0	60	0	39	0	0	60	13	0	0	0	0	0	0	0	0	0	0	0	0	0	0	0	0	0	0	0	0	6	0	0	0	0	0	0	0	0	0	0	0	0	65	52	16	0	0	0	0	0	0	0	0	0	0	0	0	0	0	0	0	0	0	61	0	0	0	0	0	0	0	0	0	0	0	0	0	0	0	38	0	0	13
assemblage-984-355	0	0	0	0	0	0	0	0	0	0	0	0	0	0	0	0	0	0	0	0	0	0	0	344	0	0	0	0	0	0	0	0	0	0	0	0	0	0	0	0	0	0	0	0	0	0	0	0	0	0	0	0	0	0	0	0	0	0	0	0	0	0	0	0	0	0	0	0	0	0	140	0	0	0	0	0	0	0	0	0	0	0	0	0	0	0	0	0	0	0	0	0	0	0	0	0	0	0	0	0	0	16
assemblage-497-311	0	0	0	0	0	0	0	0	0	0	0	0	0	0	0	2	0	0	0	36	0	0	0	0	0	14	147	0	34	14	0	0	0	0	0	0	0	0	0	0	0	0	45	0	0	0	0	0	10	0	0	0	0	0	0	0	0	0	0	0	32	34	31	28	8	0	0	0	0	0	0	0	0	0	0	0	0	7	0	0	0	0	14	0	0	0	0	4	0	0	0	0	0	0	0	0	0	0	17	0	0	23
assemblage-994-556	0	0	0	0	0	0	0	0	0	0	0	0	0	0	0	0	0	0	0	0	0	0	0	189	0	0	90	0	0	0	0	0	0	0	0	0	0	0	0	79	0	0	0	0	0	0	0	0	28	0	0	0	0	0	0	0	0	0	0	0	0	0	34	57	0	0	0	0	0	0	0	0	4	0	0	0	0	0	0	0	0	0	0	0	0	0	0	0	0	0	0	0	0	0	0	0	0	0	0	0	0	19
assemblage-874-851	0	0	0	0	0	0	0	0	0	0	0	0	0	0	0	10	0	0	0	0	0	13	8	12	0	0	27	0	0	3	0	0	0	0	0	0	0	0	12	21	0	0	0	0	0	0	0	0	63	0	0	0	0	0	0	0	37	0	0	0	59	11	96	74	0	0	0	0	0	0	0	0	0	0	0	0	0	0	0	0	0	0	29	0	0	0	0	0	0	0	0	0	0	0	0	0	0	0	0	0	0	25
assemblage-559-595	0	0	0	0	0	10	0	0	0	0	0	0	0	0	0	0	0	0	0	0	0	0	0	165	0	0	72	0	0	0	0	0	0	0	0	0	0	0	0	0	0	0	0	16	0	0	0	48	27	0	0	0	0	0	0	0	0	0	0	0	0	0	68	0	0	0	0	0	0	0	77	0	0	0	0	0	0	0	0	0	0	0	0	0	0	0	0	0	0	0	0	0	0	0	0	0	0	0	0	0	0	17
assemblage-227-302	0	0	0	0	0	0	0	0	0	0	0	0	0	0	0	0	0	0	0	8	0	0	0	0	0	0	112	0	98	13	0	0	0	0	0	0	0	0	0	0	0	0	23	0	0	0	0	0	53	0	0	0	0	0	0	0	0	0	0	0	45	55	9	50	0	0	0	0	0	0	0	0	0	0	0	0	0	0	0	0	0	0	0	0	0	0	0	15	0	0	0	0	0	0	0	0	0	0	0	0	0	19
assemblage-644-334	0	0	0	0	0	0	0	0	0	0	0	0	0	0	0	31	0	0	0	0	0	0	0	141	0	0	21	0	0	15	0	0	0	0	0	0	6	0	0	33	0	0	0	0	0	0	0	0	25	0	0	0	0	0	10	0	90	0	0	0	0	22	30	60	0	0	0	0	0	0	0	0	0	0	0	0	0	0	0	0	0	0	3	0	0	0	0	0	0	0	0	0	0	0	0	0	0	0	0	0	0	13
assemblage-528-569	0	0	0	0	0	0	0	0	0	0	0	0	0	0	0	8	0	0	0	18	0	53	0	10	0	0	160	0	0	20	0	0	0	0	0	0	0	0	0	0	0	0	7	0	0	0	0	0	26	0	0	0	0	0	0	0	0	0	0	0	38	28	21	37	0	0	0	0	0	0	0	0	0	0	0	0	0	0	0	0	0	0	31	0	0	0	0	0	0	0	0	0	0	0	0	0	0	0	13	0	0	30
assemblage-988-792	0	0	0	0	0	0	0	0	0	0	0	0	0	0	0	0	0	0	0	36	0	0	0	0	0	22	307	0	0	0	0	0	0	0	0	17	0	0	0	0	0	0	13	0	0	0	0	0	0	0	0	0	0	0	0	0	0	0	0	0	0	0	0	0	31	0	0	0	0	0	0	0	0	0	0	0	0	0	62	0	0	0	0	0	0	0	0	0	0	0	0	0	0	0	0	0	0	0	0	0	0	12
assemblage-554-568	0	0	0	0	0	0	0	0	0	0	0	0	0	0	0	0	0	0	0	42	0	77	0	24	0	0	56	17	0	0	0	0	0	0	0	0	0	0	0	0	0	0	0	0	0	0	0	0	7	0	0	0	0	0	0	0	0	0	0	0	3	73	49	20	0	0	0	0	0	0	0	0	0	0	0	0	0	0	0	0	0	0	74	0	0	0	0	0	0	0	0	0	0	0	0	0	0	0	42	0	0	16
assemblage-655-312	0	0	0	0	0	0	0	0	0	0	0	9	0	0	0	0	0	0	0	0	0	0	0	64	0	0	159	0	0	0	0	0	0	0	0	0	0	0	0	22	0	0	0	0	0	0	0	33	38	0	0	0	0	0	0	0	0	0	0	0	29	0	0	67	0	0	0	0	0	0	30	0	0	0	0	0	0	0	0	0	0	0	31	0	0	0	0	0	0	0	0	0	0	0	0	0	0	0	0	0	0	18
assemblage-274-246	0	0	0	0	0	0	0	0	0	0	0	0	0	0	0	0	0	0	0	0	0	0	0	20	0	0	0	0	0	0	0	0	0	0	0	0	0	0	0	0	0	0	0	0	0	0	0	104	0	0	0	0	0	0	0	0	0	0	0	0	0	0	199	0	0	0	0	0	0	0	140	0	0	0	0	0	0	0	0	0	0	0	0	0	0	0	0	0	0	0	0	0	0	0	0	15	0	7	0	0	3	12
assemblage-775-935	0	0	0	0	0	0	0	0	0	0	0	0	0	0	0	0	0	0	0	0	0	0	0	202	0	0	79	0	0	0	0	0	0	0	10	0	0	0	0	0	0	0	0	0	0	0	0	74	0	0	0	0	0	0	0	0	0	0	0	0	0	0	114	6	0	0	0	0	0	0	0	0	0	0	0	0	0	0	0	0	0	0	0	0	0	0	0	0	0	0	0	0	0	0	0	0	0	0	0	0	0	15
assemblage-379-593	0	0	0	0	0	0	0	0	0	0	3	0	0	0	0	0	0	0	0	0	0	0	0	65	28	0	231	0	0	0	0	0	0	0	0	0	0	0	0	0	0	0	0	0	0	0	0	0	0	0	0	0	0	0	0	0	0	0	0	0	124	0	16	0	0	0	0	0	0	0	12	0	0	0	0	0	0	0	0	0	0	0	0	0	0	0	0	0	0	0	0	0	0	0	0	0	0	0	0	0	0	21
assemblage-165-150	0	0	0	0	0	0	0	0	0	0	8	0	0	0	0	0	0	0	0	0	0	0	0	266	0	0	15	0	0	0	0	0	0	0	0	0	0	0	0	52	0	0	0	0	0	0	10	27	27	0	0	0	0	0	0	0	0	0	0	0	0	0	13	0	0	0	0	0	0	0	61	0	0	0	0	0	0	0	0	0	0	0	12	0	0	0	0	0	0	0	0	0	0	0	0	0	0	0	0	0	0	9
assemblage-402-995	0	0	0	7	0	0	0	0	0	0	0	0	0	0	0	0	0	0	0	6	0	63	0	0	0	0	242	0	0	0	0	0	0	0	0	0	0	0	0	9	0	0	0	0	0	0	0	0	46	0	0	0	0	0	0	0	0	0	0	0	1	20	36	32	0	0	0	0	0	0	0	0	0	0	0	0	0	0	0	0	0	0	0	0	0	0	0	0	0	0	0	0	0	0	0	0	0	0	24	0	0	14
assemblage-357-449	0	0	0	0	0	0	0	0	0	0	0	0	0	0	0	0	0	0	0	0	0	0	0	175	0	0	83	0	0	0	0	0	0	0	0	0	0	0	0	0	0	0	0	0	0	0	0	73	0	0	0	0	0	0	0	0	0	0	0	0	0	0	140	9	0	0	0	0	0	0	7	0	0	0	0	0	0	0	0	0	0	0	0	0	0	0	0	0	0	0	0	0	0	0	0	0	0	0	0	0	0	13
assemblage-266-272	0	0	0	0	0	0	0	0	0	0	0	0	0	0	0	0	0	0	0	0	0	0	0	26	0	0	0	0	0	0	0	0	0	0	0	0	0	0	0	0	0	0	0	0	0	0	0	120	9	0	0	0	0	0	0	0	0	0	0	0	0	0	177	0	0	0	0	0	0	0	139	0	0	0	0	0	0	0	0	0	0	0	0	0	0	0	0	0	0	0	0	0	0	0	0	4	0	0	0	0	10	15
assemblage-352-867	0	0	0	0	0	0	0	0	0	0	0	0	0	0	0	0	0	0	0	0	0	0	0	198	0	0	56	0	0	0	0	0	0	0	0	0	0	0	0	67	0	0	0	0	0	0	0	7	11	0	0	0	0	0	0	0	5	0	0	0	9	0	0	9	0	20	0	0	0	0	7	0	0	0	0	0	0	0	0	0	0	0	93	0	0	0	0	0	0	0	0	0	0	0	0	0	0	0	0	0	0	18
assemblage-202-305	0	0	0	0	0	0	9	0	0	0	0	0	0	0	0	0	0	0	0	48	0	0	0	0	0	60	82	0	0	16	0	0	0	0	0	0	0	0	0	0	0	0	0	0	25	0	0	0	0	0	0	0	0	0	0	0	0	0	0	0	25	59	52	27	40	0	0	17	0	0	0	0	0	0	0	0	0	0	0	0	0	0	27	0	0	0	0	0	0	0	0	0	0	0	0	0	0	0	0	0	0	13
assemblage-979-729	0	0	0	0	0	0	0	0	0	0	0	0	0	0	0	0	0	0	0	0	0	0	0	0	0	9	465	0	0	0	0	0	0	0	0	0	0	0	0	0	0	0	0	0	0	0	0	0	0	0	0	19	0	0	0	0	0	0	0	0	0	0	0	0	0	0	0	0	0	0	0	0	0	0	0	0	0	0	0	0	0	0	0	0	0	0	0	0	0	0	0	0	0	0	0	0	0	0	0	0	0	7
assemblage-755-244	0	0	0	0	0	0	0	0	0	0	0	0	0	0	0	0	0	0	0	60	0	67	0	34	0	0	75	21	0	0	0	0	0	0	0	0	0	0	0	0	0	0	0	0	0	0	0	0	8	0	0	0	0	0	0	0	0	0	0	0	0	61	32	16	0	0	0	0	0	0	0	0	0	0	0	0	0	0	0	0	0	0	64	0	0	0	0	0	0	0	0	0	0	0	0	0	0	0	43	0	0	19
assemblage-498-742	0	0	0	0	0	0	0	0	0	0	0	0	0	0	0	0	0	0	1	0	0	0	0	0	0	0	415	0	7	0	0	0	0	0	0	0	0	0	0	0	0	9	15	0	0	0	0	0	0	0	0	0	0	0	0	0	0	0	0	0	16	0	0	0	0	0	0	0	0	0	0	0	0	0	0	0	0	0	9	0	0	0	0	0	0	0	0	0	0	0	0	0	0	0	0	0	0	0	0	0	0	28
assemblage-999-809	0	0	0	0	0	0	0	0	0	0	0	0	0	0	0	0	0	0	0	44	0	0	0	0	0	34	265	0	7	0	0	0	0	0	0	14	0	0	0	0	0	0	13	0	0	0	0	0	0	0	0	0	0	0	0	0	0	0	0	0	0	0	0	0	35	0	0	0	0	0	0	0	0	0	0	0	0	0	68	0	0	0	0	0	0	0	0	0	0	0	0	0	0	0	0	0	0	0	0	0	0	20
assemblage-779-920	0	0	0	0	0	0	0	0	0	0	0	0	0	0	0	0	0	0	0	0	0	0	0	195	0	0	96	0	0	0	0	0	0	0	0	0	0	0	0	73	0	0	0	0	0	0	0	0	31	0	0	0	0	0	0	0	0	0	0	0	0	0	41	40	0	0	0	0	0	0	0	0	6	0	0	0	0	0	0	0	0	0	0	0	0	0	0	0	0	0	0	0	0	0	0	0	0	0	0	0	0	18
assemblage-750-265	0	0	0	0	0	0	0	0	0	0	0	0	0	0	0	0	0	0	0	0	0	27	0	12	0	0	152	0	0	11	0	0	0	0	0	0	0	0	0	15	0	0	0	0	0	0	0	0	22	0	0	0	0	0	0	0	0	0	0	0	87	0	28	99	0	0	0	0	0	0	0	0	0	0	0	0	0	0	0	0	0	0	40	0	0	0	0	0	0	0	0	0	0	0	0	0	0	0	0	0	0	7
assemblage-145-150	0	0	0	0	0	0	0	0	0	0	20	0	0	0	0	0	0	0	0	0	0	0	0	174	0	0	48	0	0	0	0	0	18	0	0	0	0	0	0	0	0	0	0	0	0	0	0	67	4	0	0	0	0	0	0	0	0	0	0	0	57	0	50	20	0	0	0	0	0	0	12	0	0	0	0	0	0	0	0	0	0	0	12	0	0	0	0	0	0	0	0	0	0	0	0	0	0	0	0	0	0	18
assemblage-383-901	0	0	0	0	0	0	0	0	0	0	0	0	0	0	0	0	0	0	0	0	0	0	0	0	0	10	189	0	85	0	0	0	0	0	0	0	0	0	0	0	0	0	14	0	0	0	0	0	0	0	0	0	0	0	0	0	0	0	0	0	133	0	7	0	19	0	0	0	0	0	0	0	0	0	0	0	0	0	0	0	0	0	5	0	0	0	0	9	0	0	0	0	0	0	0	0	0	0	0	0	0	29
assemblage-818-92	0	0	0	0	0	0	0	0	0	0	0	0	0	0	0	34	0	0	0	0	0	0	0	9	0	0	146	0	0	57	0	0	0	0	0	0	0	0	0	0	0	0	29	0	12	0	0	0	17	0	0	0	0	0	0	0	0	0	0	0	112	39	4	10	0	0	0	0	0	0	0	0	0	13	0	0	0	0	0	0	0	0	0	0	0	0	0	0	0	0	0	0	0	0	0	0	0	0	0	0	0	18
assemblage-779-928	0	0	0	0	0	0	0	0	0	0	5	0	0	0	0	0	0	0	0	0	10	0	0	172	0	0	11	0	0	0	0	0	0	0	0	0	0	0	0	0	0	0	0	0	0	0	0	0	89	0	0	0	0	0	0	0	42	0	0	0	53	0	49	24	0	0	0	0	0	0	0	0	0	0	0	0	0	0	0	0	0	0	24	0	0	0	0	0	0	0	0	0	0	0	0	0	0	0	0	0	0	21
assemblage-101-463	0	0	0	0	0	0	0	0	0	0	26	0	0	0	0	0	0	0	0	0	0	0	0	123	1	0	51	0	0	0	0	0	0	0	0	0	0	0	0	0	0	0	0	0	0	0	0	71	42	0	0	0	0	0	0	0	0	0	0	0	28	0	43	0	0	0	0	0	0	0	76	0	0	0	0	0	0	0	0	0	0	0	0	0	0	0	0	0	0	0	0	0	0	0	0	0	0	0	0	0	0	39
assemblage-618-780	0	0	0	0	0	0	0	0	0	0	0	0	0	0	0	0	0	0	23	28	0	0	0	0	0	30	121	0	12	0	0	0	0	0	0	0	0	0	0	0	0	0	81	0	0	0	0	0	0	0	0	0	0	0	0	0	0	0	0	0	15	0	0	0	20	0	0	0	0	19	0	0	0	0	0	0	0	0	0	0	0	0	69	0	0	0	0	32	0	0	0	0	0	39	0	0	0	0	0	0	0	11
assemblage-191-813	0	0	0	0	0	0	0	0	0	0	0	0	0	0	0	0	0	0	8	0	0	0	0	0	0	0	414	0	0	0	0	0	0	0	0	0	0	0	0	0	0	12	22	0	0	0	0	0	0	0	0	0	0	0	0	0	0	0	0	0	10	0	0	0	0	0	0	0	0	0	0	0	0	0	0	0	0	0	12	0	0	0	4	0	0	0	0	0	0	0	0	0	0	0	0	0	0	0	0	0	0	18
assemblage-467-253	0	0	0	0	0	0	0	0	0	0	0	11	0	0	0	0	0	0	0	0	0	0	0	55	0	0	138	0	0	0	0	0	0	0	0	0	0	0	0	26	0	0	0	0	0	0	0	26	64	0	0	0	0	0	0	0	0	0	0	0	30	0	0	84	0	0	0	0	0	0	16	0	0	0	0	0	0	0	0	0	0	0	30	0	0	0	0	0	0	0	0	0	0	0	0	0	0	0	0	0	0	20
assemblage-766-933	0	0	0	0	0	0	0	0	0	0	0	0	0	0	0	0	0	0	0	0	0	0	0	159	0	0	40	0	0	0	0	0	0	0	0	0	0	0	0	96	0	0	0	0	0	0	0	0	68	0	0	0	0	0	0	0	0	0	0	0	0	0	58	9	0	0	0	0	0	0	31	0	0	0	10	0	0	0	0	0	0	0	14	0	0	0	0	0	0	0	0	0	0	0	0	0	0	0	0	0	0	15
assemblage-763-309	0	0	0	0	0	0	0	0	0	0	0	0	0	0	0	0	0	0	0	18	0	0	0	0	0	0	164	0	0	0	0	0	0	0	0	0	0	0	0	0	0	0	92	0	0	0	0	0	0	0	0	0	0	0	0	0	0	0	0	0	67	5	49	38	0	0	0	0	0	0	0	0	0	0	0	0	0	28	0	0	0	0	15	0	0	0	0	0	0	0	0	0	0	0	0	0	0	0	0	0	0	24
assemblage-541-590	0	0	0	0	0	0	0	0	0	0	0	0	0	7	0	0	0	0	0	8	0	58	0	0	0	0	242	0	0	0	0	0	0	0	0	0	0	0	0	7	0	0	0	0	0	0	0	0	57	0	0	0	0	0	0	0	0	0	0	0	0	15	33	48	0	0	0	0	0	0	0	0	0	0	0	0	0	0	0	0	0	0	0	0	0	0	0	0	0	0	0	0	0	0	0	0	0	0	14	0	0	11
assemblage-436-255	0	0	0	0	0	0	0	0	0	0	0	0	0	0	0	0	0	0	0	0	8	0	0	150	0	0	15	0	0	0	0	0	0	0	0	0	0	0	0	0	0	0	0	0	0	0	0	0	117	0	0	0	0	0	0	0	35	0	0	0	67	0	53	17	0	0	0	0	0	0	0	0	0	0	0	0	0	0	0	0	0	0	29	0	0	0	0	0	0	0	0	0	0	0	0	0	0	0	0	0	0	9
assemblage-569-598	0	0	0	0	0	11	0	0	0	0	0	0	0	0	0	0	0	0	0	0	0	0	0	167	0	0	61	0	0	0	0	0	0	0	0	0	0	0	0	0	0	0	0	10	0	0	0	37	30	0	0	0	0	0	0	0	0	0	0	0	0	0	106	0	0	0	0	0	0	0	64	0	0	0	0	6	0	0	0	0	0	0	0	0	0	0	0	0	0	0	0	0	0	0	0	0	0	0	0	0	0	8
assemblage-819-111	0	0	0	0	0	0	0	0	0	0	20	0	0	0	0	0	0	31	0	0	0	0	0	129	0	0	144	0	0	0	0	11	0	0	0	0	0	0	0	0	0	0	0	0	0	0	0	0	53	0	0	0	0	0	0	0	0	0	0	0	8	0	76	0	0	0	0	0	0	0	0	0	0	0	0	0	0	0	0	0	0	0	0	0	0	0	0	0	0	0	0	0	0	0	0	0	0	0	0	0	0	28
assemblage-951-437	0	0	0	0	0	0	0	0	0	0	0	0	0	0	0	0	0	0	0	0	0	0	0	0	0	14	458	0	0	0	0	0	0	0	0	0	0	0	0	0	0	0	0	0	0	0	0	0	0	0	0	12	0	0	0	0	0	0	0	0	0	0	0	0	0	0	0	0	0	0	0	0	0	0	0	0	0	0	0	0	0	0	0	0	0	0	0	0	0	0	0	0	0	0	0	0	0	0	0	0	0	16
assemblage-786-950	0	0	0	0	0	0	0	0	0	0	0	0	0	0	0	0	0	0	0	0	0	0	0	80	0	0	183	0	0	0	0	0	0	0	0	0	0	0	0	7	20	0	0	0	0	0	0	0	93	0	0	0	0	0	0	0	0	0	0	0	0	0	22	72	0	0	0	0	0	0	0	0	0	0	0	0	0	0	0	0	0	0	0	0	0	0	0	0	0	0	0	0	0	0	0	0	0	0	0	0	0	23
assemblage-506-308	0	0	0	0	11	0	0	0	0	0	0	0	0	0	0	0	0	0	0	5	0	2	0	0	0	0	107	0	123	8	0	0	0	0	0	0	0	0	0	0	0	0	25	0	0	0	0	0	37	0	0	0	0	0	0	0	0	0	0	0	40	57	8	44	0	0	0	0	0	0	0	0	0	0	0	0	0	0	0	0	0	0	2	0	0	0	0	19	0	0	0	0	0	0	0	0	0	0	6	0	0	6
assemblage-840-870	0	0	0	0	0	0	0	0	0	0	0	0	0	0	0	13	0	0	0	0	0	0	0	55	0	0	237	0	0	5	0	0	0	0	0	0	0	0	0	58	0	0	0	0	0	0	0	0	58	0	0	0	0	0	0	0	9	0	0	0	8	0	0	12	0	0	0	0	0	0	0	0	0	6	0	0	0	0	0	0	0	0	14	0	0	0	0	0	0	0	0	0	0	0	0	0	0	0	0	0	0	25
assemblage-261-275	0	0	0	0	0	0	0	0	0	0	0	0	0	0	0	0	0	0	0	0	0	0	0	21	0	0	0	0	0	0	0	0	0	0	0	0	0	0	0	0	0	0	0	0	0	0	0	127	6	0	0	0	0	0	0	0	0	0	0	0	0	0	197	0	0	0	0	0	0	0	118	0	0	0	0	0	0	0	0	0	0	0	0	0	0	0	0	0	0	0	0	0	0	0	0	7	0	6	0	0	0	18
assemblage-897-236	0	0	0	0	0	0	0	10	0	0	0	0	0	0	0	8	0	0	0	0	0	33	0	10	0	0	40	0	0	5	0	0	0	0	0	0	0	0	20	27	0	0	0	0	0	0	0	0	84	0	0	0	0	0	0	0	37	0	0	0	39	20	69	58	0	0	0	0	0	0	0	0	0	0	0	0	0	0	0	0	0	0	24	0	0	0	0	0	0	0	0	0	0	0	0	0	0	0	0	0	0	16
assemblage-965-448	0	0	0	0	0	0	0	0	0	0	0	0	0	0	0	0	0	0	0	0	0	0	0	0	0	19	413	0	0	0	0	0	0	0	0	0	0	0	0	0	0	0	0	0	0	0	0	0	0	0	0	0	24	0	0	0	0	0	0	0	0	0	0	0	0	0	0	0	0	0	0	0	0	0	0	0	0	0	0	0	20	0	0	0	0	0	0	0	0	0	0	0	0	0	6	0	0	0	0	0	0	18
assemblage-826-101	0	0	0	0	0	0	0	0	0	0	0	0	0	0	0	0	0	0	0	0	0	37	0	0	0	0	228	0	0	0	0	0	0	0	0	0	0	0	0	6	0	0	0	0	0	0	0	0	53	0	0	0	0	0	0	0	0	0	0	0	7	39	34	49	0	0	0	0	0	0	0	0	0	0	0	0	0	0	0	0	0	0	0	0	0	0	0	0	0	0	0	0	0	0	0	0	0	0	15	0	0	32
assemblage-111-459	0	0	0	0	0	0	0	0	0	0	120	0	0	0	10	0	0	0	0	0	0	0	0	0	0	0	0	0	0	0	0	0	0	0	0	0	0	0	0	0	0	0	0	0	0	0	0	141	148	0	0	0	0	0	0	8	0	0	0	0	0	0	7	0	0	0	0	0	0	0	21	0	0	0	0	0	0	0	0	0	0	0	13	0	0	0	2	0	0	0	0	0	0	0	0	0	0	0	0	0	0	30
assemblage-818-101	0	0	0	0	0	0	0	0	0	0	10	0	0	0	0	0	0	0	0	0	0	0	0	285	0	0	23	0	0	0	0	0	0	0	0	0	0	0	0	50	0	0	0	0	0	0	11	12	24	0	0	0	0	0	0	0	0	0	0	0	0	0	11	0	0	0	0	0	0	0	48	0	0	0	0	0	5	0	0	0	0	0	16	0	0	0	0	0	0	0	0	0	0	0	0	0	0	0	0	0	0	5
assemblage-979-731	0	0	0	0	0	0	0	0	0	0	0	0	0	0	0	0	0	0	0	0	0	0	0	0	0	12	399	0	0	0	0	0	0	8	0	0	0	0	0	0	0	0	0	0	0	0	0	0	0	0	0	0	0	0	0	0	0	0	0	0	0	0	0	0	0	0	0	0	0	0	0	0	0	0	0	0	0	0	0	0	0	0	0	0	0	0	0	0	0	0	0	15	0	42	0	0	0	0	0	0	0	24
assemblage-969-882	0	2	0	0	0	0	0	0	0	0	0	0	0	0	0	0	0	0	0	0	0	0	0	0	0	50	221	0	0	0	0	0	0	0	0	0	0	0	0	0	0	0	0	0	0	0	0	0	0	0	9	0	0	0	0	0	0	16	0	0	47	0	0	0	0	0	0	0	0	0	0	0	0	0	0	0	0	0	48	0	0	0	0	0	0	0	0	13	0	0	0	0	0	72	0	0	0	0	0	0	0	22
assemblage-769-313	0	0	0	0	0	0	3	0	0	0	0	0	0	0	0	0	0	0	0	29	0	0	0	0	0	63	81	0	0	22	0	0	0	0	0	0	0	0	0	0	0	0	0	0	16	0	0	0	0	0	0	0	0	0	0	0	0	0	0	0	17	62	60	32	43	0	0	8	0	0	0	0	0	0	0	0	0	0	0	0	0	0	43	0	0	0	0	0	0	0	0	0	0	0	0	0	0	0	0	0	0	21
assemblage-1003-809	0	0	0	0	0	0	0	0	0	0	0	0	0	0	0	0	0	0	20	33	0	0	0	0	0	42	116	0	16	0	0	0	0	0	0	0	0	0	0	0	0	0	88	0	0	0	0	0	0	0	0	0	0	0	0	0	0	0	0	0	8	0	0	0	18	0	0	0	0	17	0	0	0	0	0	0	0	0	0	0	0	0	56	0	0	0	0	53	0	0	0	0	0	18	0	0	0	0	0	0	0	15
assemblage-465-260	0	0	0	0	0	0	0	0	0	0	0	0	0	0	0	0	0	0	0	0	0	0	0	213	0	0	42	0	0	0	0	0	0	0	0	0	0	0	0	56	0	0	0	0	0	0	0	9	10	0	0	0	0	0	0	0	13	0	0	0	18	0	0	13	0	12	0	0	0	0	0	0	0	0	0	0	0	0	0	0	0	0	88	0	0	0	0	0	0	0	0	0	0	0	0	0	0	0	0	0	0	26
assemblage-176-154	0	0	0	0	0	19	0	0	0	0	8	0	0	0	0	0	0	0	0	0	0	0	0	163	0	0	59	0	0	0	0	0	0	0	0	0	0	0	0	0	0	0	0	14	0	0	0	40	9	0	0	0	0	0	0	0	0	0	0	0	0	0	98	0	0	0	0	0	0	0	80	0	0	0	0	1	0	0	0	0	0	0	0	0	0	0	0	0	0	0	0	0	0	0	0	0	0	0	0	0	0	9
assemblage-386-886	0	0	0	0	0	0	0	0	0	0	0	0	0	0	0	0	0	0	12	44	0	0	0	0	0	27	119	0	9	0	0	0	0	0	0	0	0	0	0	0	0	0	95	0	0	0	0	0	0	0	0	0	0	0	0	0	0	0	0	0	13	0	0	0	23	0	0	0	0	19	0	0	0	0	0	0	0	0	0	0	0	0	68	0	0	0	0	41	0	0	0	0	0	22	0	0	0	0	0	0	0	8
assemblage-1009-805	0	0	0	0	0	0	0	0	0	0	0	0	0	0	0	0	0	0	0	39	0	0	0	0	0	33	279	0	0	0	0	0	0	0	0	15	0	0	0	0	0	0	26	0	0	0	0	0	0	0	0	0	0	0	0	0	0	0	0	0	0	0	0	0	49	0	0	0	0	0	0	0	0	0	0	0	0	0	49	0	0	0	0	0	0	0	0	0	0	0	0	0	0	0	0	0	0	0	0	0	0	10
assemblage-634-846	0	0	0	0	0	0	0	0	0	0	0	0	0	0	0	0	0	0	0	0	0	0	0	0	0	8	467	0	0	0	0	0	0	0	0	0	0	0	0	0	0	0	0	0	0	0	0	0	0	0	0	14	0	0	0	0	0	0	0	0	0	0	0	0	0	0	0	0	0	0	0	0	0	0	0	0	0	0	0	0	0	0	0	0	0	0	0	0	0	0	0	0	0	0	0	0	0	0	0	0	0	11
assemblage-777-926	0	0	0	0	0	0	0	0	0	0	0	0	0	0	0	0	0	0	0	0	0	0	0	151	0	0	42	0	0	0	0	0	0	0	0	0	0	0	0	96	0	0	0	0	0	0	0	0	79	0	0	0	0	0	0	0	0	0	0	0	0	0	45	3	0	0	0	0	0	0	53	0	0	0	0	0	0	0	0	0	0	0	12	0	3	0	0	0	0	0	0	0	0	0	0	0	0	0	0	0	0	16
assemblage-772-449	0	0	0	0	0	0	0	0	0	0	0	0	0	0	0	0	0	0	0	0	0	0	0	0	0	20	403	0	13	0	0	0	0	0	0	0	0	0	0	0	0	0	0	0	0	0	0	0	0	0	0	5	0	0	0	0	0	0	0	0	26	0	0	0	0	0	7	0	0	0	0	0	0	0	0	0	0	0	0	0	10	0	0	0	0	0	0	0	0	0	0	0	0	0	0	0	0	0	0	0	0	16
assemblage-985-802	0	0	0	0	0	0	0	0	0	0	0	0	0	0	0	0	0	0	0	45	0	0	0	0	0	49	261	0	8	0	0	0	0	0	0	18	0	0	0	0	0	0	13	0	0	0	0	0	0	0	0	0	0	0	0	0	0	0	0	0	0	0	0	0	45	0	0	0	0	0	0	0	0	0	0	0	0	0	45	0	0	0	0	0	0	0	0	12	0	0	0	0	0	0	0	0	0	0	0	0	0	4
assemblage-282-274	0	0	0	0	0	0	0	0	0	0	0	0	0	0	0	0	0	0	0	0	0	0	0	31	0	0	0	0	0	0	0	0	0	0	0	0	0	0	0	0	0	0	0	0	0	0	0	132	7	0	0	0	0	0	0	0	0	0	0	0	0	0	189	0	0	0	0	0	0	0	114	0	0	0	0	0	0	0	0	0	0	0	0	0	0	0	0	0	0	0	0	0	0	0	0	7	0	7	0	0	0	13
assemblage-615-860	0	0	0	0	0	0	0	0	0	0	0	0	0	0	0	0	0	0	0	0	0	0	0	0	0	28	409	0	14	0	0	0	0	0	0	0	0	0	0	0	0	0	0	0	0	0	0	0	0	0	0	0	0	0	0	0	0	0	0	0	24	0	0	0	0	0	0	0	0	0	0	0	0	0	0	0	0	0	0	0	6	0	0	0	0	0	0	0	0	0	0	0	0	0	0	0	0	0	0	0	0	19
assemblage-224-283	0	0	0	0	0	0	0	0	0	0	0	0	0	0	0	19	0	0	0	60	0	11	0	0	0	0	249	0	0	20	0	0	0	0	0	0	0	0	0	0	0	0	74	0	0	0	0	0	0	0	0	0	0	0	0	0	0	0	0	1	0	26	0	0	0	0	0	0	0	0	0	0	0	0	0	0	0	0	0	0	0	0	0	0	0	0	0	0	0	0	0	0	0	0	0	0	0	0	22	0	0	18
assemblage-285-166	0	0	0	0	0	0	0	0	0	0	0	0	0	0	0	0	0	0	7	0	0	0	0	0	0	0	277	0	84	0	0	0	0	0	0	0	0	0	0	0	0	0	0	0	0	0	0	0	0	0	0	10	6	0	0	0	0	0	0	0	41	0	0	0	0	0	0	0	0	0	0	9	0	0	0	0	0	0	5	0	0	0	13	0	0	0	0	0	0	0	0	0	0	0	29	0	0	0	0	0	0	19
assemblage-282-184	0	0	0	0	0	0	0	0	0	0	0	0	0	0	0	0	0	0	0	0	0	0	0	0	0	5	316	0	96	0	0	0	0	0	0	0	0	0	0	0	0	0	0	0	0	0	0	0	0	0	21	0	0	0	0	0	0	0	0	0	8	0	0	0	0	0	0	0	0	0	0	0	0	0	0	0	0	0	22	0	0	0	0	0	0	0	0	12	0	0	0	0	0	0	0	0	0	0	0	0	0	20
assemblage-648-313	0	0	0	0	0	0	0	0	5	0	0	0	0	0	0	32	0	0	0	0	0	0	0	164	0	0	20	0	0	9	0	0	0	0	0	0	11	0	0	21	0	0	0	0	0	0	0	0	7	0	0	0	0	0	19	0	91	0	0	0	0	30	21	53	0	0	0	0	0	0	0	0	0	0	0	0	0	0	0	0	0	0	0	0	0	0	0	0	0	0	0	0	0	0	0	0	0	0	0	0	0	17
assemblage-617-164	0	0	0	0	0	0	0	0	0	0	0	0	0	0	0	0	0	0	0	30	0	0	0	0	0	31	289	0	0	0	0	0	0	0	0	20	0	0	0	0	0	0	21	0	0	0	0	0	0	0	0	0	0	0	0	0	0	0	0	0	0	0	0	0	44	0	0	0	0	0	0	0	0	0	0	0	0	0	54	0	0	0	0	0	0	0	0	3	0	0	0	0	0	0	0	0	0	0	0	0	0	8
assemblage-993-573	0	0	0	0	0	0	0	0	0	0	0	0	0	0	0	0	0	0	0	0	0	0	0	232	0	0	87	0	0	0	0	0	0	0	0	0	11	0	0	67	0	0	0	0	0	0	0	0	17	0	0	0	0	0	0	0	0	0	0	0	0	0	34	37	0	0	0	0	0	0	0	0	3	0	0	0	0	0	0	0	0	0	0	0	0	0	0	0	0	0	0	0	0	0	0	0	0	0	0	0	0	12
assemblage-955-872	0	0	0	0	0	0	0	0	0	0	0	0	0	0	0	0	0	0	4	0	0	0	0	0	0	0	418	0	9	0	0	0	0	0	0	0	0	0	0	0	0	0	19	0	0	0	0	0	0	0	0	0	0	0	0	0	0	0	0	0	17	0	0	0	0	0	4	0	0	0	0	0	0	0	0	0	0	0	7	0	0	0	12	0	0	0	0	0	0	0	0	0	0	0	0	0	0	0	0	0	0	10
assemblage-115-478	0	0	0	0	0	0	0	0	0	0	0	0	0	0	0	0	0	0	0	22	0	0	0	0	0	0	194	0	0	0	0	0	0	0	0	0	0	0	0	0	0	0	90	0	0	0	0	0	0	0	0	0	0	0	0	0	0	0	0	0	49	13	50	27	0	0	0	0	0	0	0	0	0	0	0	0	0	15	0	0	0	0	17	0	0	0	0	0	0	0	0	0	0	0	0	0	0	0	0	0	0	23
assemblage-602-829	0	0	0	0	0	0	0	0	0	0	0	0	0	0	0	0	0	0	0	0	0	0	0	0	0	21	437	0	0	0	0	0	0	0	0	0	0	0	0	0	0	0	0	0	0	0	0	0	0	0	0	20	0	0	0	0	0	0	0	0	0	0	0	0	0	0	0	0	0	0	0	0	0	0	0	0	0	0	0	0	0	0	0	0	0	0	0	0	0	0	0	0	0	0	0	0	0	0	0	0	0	22
assemblage-474-839	0	0	0	0	0	0	0	0	0	0	44	0	0	0	0	0	0	17	0	0	0	0	0	105	0	0	146	0	0	0	0	12	0	0	0	0	0	0	0	0	0	0	0	0	0	0	0	0	82	0	0	0	0	0	0	0	0	0	0	0	8	0	47	0	0	0	0	0	0	0	9	0	0	0	0	0	0	0	0	0	0	0	0	0	0	0	0	0	0	0	0	0	0	0	0	0	0	0	0	0	0	30
assemblage-945-434	0	0	0	0	0	0	0	0	0	0	0	0	0	0	0	0	0	0	0	0	0	0	0	0	0	15	451	0	0	0	0	0	0	0	0	0	0	0	0	0	0	0	0	0	0	0	0	0	0	0	0	25	0	0	0	0	0	0	0	0	0	0	0	0	0	0	0	0	0	0	0	0	0	0	0	0	0	0	0	0	0	0	0	0	0	0	0	0	0	0	0	0	0	0	0	0	0	0	0	0	0	9
assemblage-630-862	0	0	0	0	0	0	0	0	0	0	0	0	0	0	0	0	0	0	0	0	0	0	0	0	0	8	408	0	0	0	0	0	0	6	0	0	0	0	0	0	0	0	0	0	0	0	0	0	0	0	0	0	0	0	0	0	0	0	0	0	0	0	0	0	0	0	0	0	0	0	0	0	0	0	0	0	0	0	0	0	0	0	0	0	0	0	0	0	0	0	0	5	0	45	0	0	0	0	0	0	0	28
assemblage-392-1005	0	0	0	0	0	0	0	0	0	0	0	0	0	0	0	0	0	0	0	42	0	63	0	35	0	0	88	13	0	0	0	0	0	0	0	0	0	0	0	0	0	0	0	0	0	0	0	0	11	0	0	0	0	0	0	0	0	0	0	0	0	67	42	13	0	0	0	0	0	0	0	0	0	0	0	0	0	0	0	0	0	0	62	0	0	0	0	0	0	0	0	0	0	0	0	0	0	0	47	0	0	17
assemblage-591-603	0	0	0	0	0	0	0	0	0	0	12	0	0	0	0	0	0	0	0	0	0	0	0	273	0	0	19	0	0	0	0	0	0	0	0	0	0	0	0	57	0	0	0	0	0	0	13	13	20	0	0	0	0	0	0	0	0	0	0	0	0	0	0	0	0	0	0	0	0	0	56	0	0	0	0	0	6	0	0	0	0	0	13	0	0	0	0	0	7	0	0	0	0	0	0	0	0	0	0	0	0	11
assemblage-454-277	0	0	0	0	0	0	0	0	0	0	0	0	0	0	0	0	0	0	0	0	0	0	0	186	0	0	88	0	0	0	0	0	0	0	0	0	0	0	0	0	0	0	0	0	0	0	0	68	0	0	0	0	0	0	0	0	0	0	0	0	0	0	134	5	0	0	0	0	0	0	0	0	0	0	0	0	0	0	0	0	0	3	0	0	0	0	0	0	0	0	0	0	0	0	0	0	0	0	0	0	0	16
assemblage-438-254	0	0	0	0	0	0	0	0	0	0	0	0	0	0	0	0	0	0	0	0	0	0	0	202	0	0	77	0	0	0	0	0	0	0	0	0	0	0	0	77	0	0	0	0	0	0	0	0	22	0	0	0	0	0	0	0	0	0	0	0	0	0	51	42	0	0	0	0	0	0	0	0	9	0	0	0	0	0	0	0	0	0	5	0	0	0	0	0	0	0	0	0	0	0	0	0	0	0	0	0	0	15
assemblage-359-436	0	0	0	0	0	0	0	0	0	0	0	0	0	0	0	0	0	0	0	0	0	0	0	185	0	0	59	0	0	0	0	0	0	0	0	0	0	0	0	32	0	0	0	0	0	0	0	23	46	0	0	0	0	0	0	0	11	0	0	0	13	0	63	19	0	0	0	0	0	0	13	0	0	0	0	0	0	0	0	0	0	0	10	0	0	0	0	0	0	0	0	0	0	0	0	0	0	0	0	0	0	26
assemblage-192-834	0	0	0	0	0	0	0	0	0	0	0	0	0	0	0	0	0	0	0	0	0	0	0	0	0	10	327	0	89	0	0	0	0	0	0	0	0	0	0	0	0	0	0	0	0	0	0	0	0	0	18	0	0	0	0	0	0	0	0	0	8	0	0	0	0	0	0	0	0	0	0	0	0	0	0	0	0	0	15	0	0	0	0	0	0	0	0	14	0	0	0	0	0	0	0	0	0	0	0	0	0	19
assemblage-986-557	0	0	0	0	0	0	0	0	0	0	12	0	0	0	0	0	0	0	0	0	0	0	0	151	0	0	41	0	0	0	0	0	0	0	0	0	0	0	0	104	0	0	0	0	0	0	0	0	54	0	0	0	0	0	0	0	0	0	0	0	0	0	50	6	0	0	0	0	0	0	53	0	0	0	0	0	0	0	0	0	0	0	13	0	5	0	0	0	0	0	0	0	0	0	0	0	0	0	0	0	0	11
assemblage-517-758	0	0	0	0	0	0	0	0	0	0	0	0	0	0	0	0	0	0	0	0	0	0	0	0	0	14	330	0	87	0	0	0	0	0	0	0	0	0	0	0	0	0	0	0	0	0	0	0	0	0	20	0	0	0	0	0	0	0	0	0	0	0	0	0	0	0	0	0	0	0	0	0	0	0	0	0	0	0	16	0	0	0	0	0	0	0	0	8	0	0	0	0	0	0	0	0	0	0	0	0	0	25
assemblage-1001-562	0	0	0	0	0	0	0	0	0	0	0	0	0	0	0	0	0	0	0	0	0	0	0	203	0	0	89	0	0	0	0	0	0	0	0	0	8	0	0	67	0	0	0	0	0	0	0	0	20	0	0	0	0	0	0	0	0	0	0	0	0	0	41	52	0	0	0	0	0	0	0	0	4	0	0	0	0	0	0	0	0	0	0	0	0	0	0	0	0	0	0	0	0	0	0	0	0	0	0	0	0	16
assemblage-404-873	0	0	0	0	0	0	0	0	0	0	0	0	0	0	0	0	0	0	0	34	0	0	0	0	0	37	280	0	0	0	0	0	0	0	0	19	0	0	0	0	0	0	21	0	0	0	0	0	0	0	0	0	0	0	0	0	0	0	0	0	0	0	0	0	43	0	0	0	0	0	0	0	0	0	0	0	0	0	45	0	0	0	0	0	0	0	0	0	0	0	0	0	0	0	0	0	0	0	0	0	0	21
assemblage-574-599	0	0	0	0	0	0	0	0	0	0	8	0	0	0	0	0	0	0	0	0	0	0	0	260	0	0	22	0	0	0	0	0	0	0	0	0	0	0	0	52	0	0	0	0	0	0	17	16	17	0	0	0	0	0	0	0	0	0	0	0	0	0	4	0	0	0	0	0	0	0	71	0	0	0	0	0	0	0	0	0	0	0	23	0	0	0	0	0	0	0	0	0	0	0	0	0	0	0	0	0	0	10
assemblage-574-610	0	0	0	0	0	0	0	0	0	0	26	0	0	0	0	0	0	16	0	0	0	0	0	132	0	0	140	0	0	0	0	6	0	0	0	0	0	0	0	0	0	0	0	0	0	0	7	0	81	0	0	0	0	0	0	0	0	0	0	0	0	0	50	0	0	0	0	0	0	0	13	0	0	0	0	0	0	0	0	0	0	0	5	0	0	0	0	0	0	0	0	0	0	0	0	0	0	0	0	0	0	24
assemblage-822-107	0	0	0	0	0	0	0	0	0	0	35	0	0	0	0	0	0	26	0	0	0	0	0	105	0	0	154	0	0	0	0	14	0	0	0	0	0	0	0	0	0	0	0	0	0	0	0	0	65	0	0	0	0	0	0	0	0	0	0	0	11	0	72	0	0	0	0	0	0	0	0	0	0	0	0	0	0	0	0	0	0	0	0	0	0	0	0	0	0	0	0	0	0	0	0	0	0	0	0	0	0	18
assemblage-278-277	0	0	0	0	0	0	0	0	0	0	0	0	0	0	0	0	0	0	0	0	0	0	0	22	0	0	0	0	0	0	0	0	0	0	0	0	0	0	0	0	0	0	0	0	0	0	0	114	0	0	0	0	0	0	0	0	0	0	0	0	0	0	188	0	0	0	0	0	0	0	125	0	0	0	0	0	0	0	0	0	0	0	0	0	0	0	0	0	0	0	0	0	0	0	0	11	0	0	0	0	8	32
assemblage-204-828	0	11	0	0	0	0	0	0	0	0	0	0	0	0	0	0	0	0	0	0	0	0	0	0	0	34	223	0	8	0	0	0	0	0	0	0	0	0	0	0	0	0	0	0	0	0	0	0	0	0	9	0	0	0	0	0	0	14	0	0	62	0	0	0	0	0	0	0	0	0	0	0	0	0	0	0	0	0	46	0	0	0	0	0	0	0	0	13	0	0	0	0	0	59	0	0	0	0	0	0	0	21
assemblage-157-167	0	0	0	0	0	0	0	0	0	0	44	0	0	0	0	0	0	17	0	0	0	0	0	115	0	0	147	0	0	0	0	7	0	0	0	0	0	0	0	0	0	0	0	0	0	0	0	0	81	0	0	0	0	0	0	0	0	0	0	0	9	0	50	0	0	0	0	0	0	0	8	0	0	0	0	0	0	0	0	0	0	0	0	0	0	0	0	0	0	0	0	0	0	0	0	0	0	0	0	0	0	22
assemblage-643-151	0	0	0	0	0	0	0	0	0	0	0	0	0	0	0	0	0	0	21	31	0	0	0	0	0	30	137	0	20	0	0	0	0	0	0	0	0	0	0	0	0	0	80	0	0	0	0	0	0	0	0	0	0	0	0	0	0	0	0	0	14	0	0	0	22	0	0	0	0	21	0	0	0	0	0	0	0	0	0	0	0	0	25	0	0	0	0	65	0	0	0	0	0	28	0	0	0	0	0	0	0	6
assemblage-411-992	0	0	0	0	0	0	0	0	0	0	0	0	0	0	0	13	0	0	0	0	0	0	0	8	0	0	157	0	0	75	0	0	0	0	0	0	0	0	0	0	0	0	48	0	5	0	0	0	13	0	0	0	0	0	0	0	0	0	0	0	102	24	0	10	0	0	0	0	0	0	0	0	0	13	0	0	0	0	0	0	0	0	0	0	0	0	0	0	0	0	0	0	0	0	0	0	0	0	0	0	0	32
assemblage-1010-584	0	0	0	0	0	0	0	0	0	0	0	0	0	0	0	0	0	0	0	0	9	0	0	146	0	0	14	0	0	0	0	0	0	0	0	0	0	0	0	0	0	0	0	0	0	0	0	0	118	0	0	0	0	0	0	0	31	0	0	0	65	0	47	26	0	0	0	0	0	0	0	0	0	0	0	0	0	0	0	0	0	0	22	0	0	0	0	0	0	0	0	0	0	0	0	0	0	0	0	0	0	22
assemblage-514-764	0	0	0	0	0	0	0	0	0	0	0	0	0	0	0	0	0	0	0	0	0	0	0	0	0	0	289	0	88	0	0	0	0	0	0	0	0	0	0	0	0	0	0	0	0	0	0	0	0	0	0	11	11	0	0	0	0	0	0	0	28	0	0	0	0	0	0	0	0	0	0	8	0	0	0	0	0	0	5	0	0	0	22	0	0	0	0	0	0	0	0	0	0	0	14	0	0	0	0	0	0	24
assemblage-829-98	0	0	0	0	0	0	0	0	0	0	0	0	0	0	0	0	0	0	0	0	0	23	0	11	0	0	160	0	0	16	0	0	0	0	0	0	0	0	0	14	0	0	0	0	0	0	0	0	23	0	0	0	0	0	0	0	0	0	0	0	71	0	17	117	0	0	0	0	0	0	0	0	0	0	0	0	0	0	0	0	0	0	38	0	0	0	0	0	0	0	0	0	0	0	0	0	0	0	0	0	0	10
assemblage-386-815	0	0	0	0	0	0	0	0	0	0	0	0	0	0	0	0	0	0	0	0	0	11	0	133	0	0	138	0	0	38	0	0	0	0	0	0	0	0	0	8	0	0	0	0	0	0	0	0	0	0	0	0	0	0	0	0	9	0	0	0	60	12	0	34	0	15	0	0	0	0	0	0	0	0	0	0	0	0	0	0	0	0	27	0	0	0	0	0	0	0	0	0	0	0	0	0	0	0	0	0	0	15
assemblage-963-874	0	0	0	0	0	0	0	0	0	0	0	0	0	0	0	0	0	0	6	0	0	0	0	0	0	0	427	0	4	0	0	0	0	0	0	0	0	0	0	0	0	8	15	0	0	0	0	0	0	0	0	0	0	0	0	0	0	0	0	0	9	0	0	0	0	0	0	0	0	0	0	0	0	0	0	0	0	0	0	0	0	0	11	0	0	0	0	0	0	0	0	0	0	0	0	0	0	0	0	0	0	20
assemblage-781-441	0	0	0	0	0	0	0	0	0	0	0	0	0	0	0	0	0	0	0	0	0	0	0	0	0	11	424	0	0	0	0	0	0	0	0	0	0	0	0	0	0	0	0	0	0	0	0	0	0	0	0	0	0	0	0	0	0	0	0	0	0	0	0	0	0	0	0	0	0	0	0	0	0	0	0	0	0	0	0	0	0	0	0	0	0	0	0	0	0	0	0	9	0	35	0	0	0	0	0	0	0	21
assemblage-369-820	0	0	0	0	0	0	0	0	0	0	0	0	0	0	0	6	0	0	0	0	0	0	0	47	0	0	258	0	0	0	0	0	0	0	0	0	0	0	0	38	0	0	0	0	0	0	0	0	84	0	0	0	0	0	0	0	11	0	0	0	12	0	0	10	0	0	0	0	0	0	0	0	0	8	0	0	0	0	0	0	0	0	10	0	0	0	0	0	0	0	0	0	0	0	0	0	0	0	0	0	0	16
assemblage-725-344	0	0	0	0	0	0	0	0	0	0	0	0	0	0	0	8	0	0	0	0	0	0	3	59	0	0	223	0	0	14	0	0	0	0	0	0	0	0	0	57	0	0	0	0	0	0	0	0	61	0	0	0	0	0	0	0	0	0	0	0	7	0	0	6	0	0	0	0	0	0	0	0	0	6	0	0	0	0	0	0	0	0	19	0	0	0	0	0	0	0	0	0	0	0	0	0	0	0	0	0	0	37
assemblage-617-789	0	0	0	0	0	0	0	0	0	0	0	0	0	0	0	0	0	0	0	0	0	0	0	0	0	2	171	0	110	0	0	0	0	0	0	0	0	0	0	0	0	0	28	0	0	0	0	0	0	0	0	0	0	0	0	0	0	0	0	0	129	0	0	0	10	0	0	0	0	0	0	0	0	0	0	0	0	0	0	0	0	0	0	0	0	0	0	15	0	0	0	0	0	0	0	0	0	0	0	0	0	35
assemblage-99-464	0	0	0	0	0	0	0	0	0	0	107	0	0	0	8	0	0	0	0	0	0	0	0	0	0	0	0	0	0	0	0	0	0	0	0	0	0	0	0	0	0	0	0	0	0	0	0	141	181	0	0	0	0	0	0	7	0	0	0	0	0	0	4	0	0	0	0	0	0	0	23	0	0	0	0	0	0	0	0	0	0	0	11	0	0	0	0	0	0	0	0	0	0	0	0	0	0	0	0	0	0	18
assemblage-354-873	0	0	0	0	0	0	0	0	0	0	0	20	0	0	0	0	0	0	0	0	0	0	0	36	0	0	160	0	0	0	0	0	0	0	0	0	0	0	0	21	0	0	0	0	0	0	0	23	41	0	0	0	0	0	0	0	0	0	0	0	32	0	0	71	0	0	0	0	0	0	38	0	0	0	0	0	0	0	0	0	0	5	47	0	0	0	0	0	0	0	0	0	0	0	0	0	0	0	0	0	0	6
assemblage-405-1011	0	0	0	0	0	0	0	0	0	0	0	0	0	0	0	0	0	0	0	55	0	61	0	25	0	0	84	14	0	0	0	0	0	0	0	0	0	0	0	0	0	0	0	0	0	0	0	0	6	0	0	0	0	0	0	0	0	0	0	0	0	57	57	25	0	0	0	0	0	0	0	0	0	0	0	0	0	0	0	0	0	0	65	0	0	0	0	0	0	0	0	0	0	0	0	0	0	0	43	0	0	8
assemblage-859-854	0	0	0	0	0	0	0	0	0	0	0	0	0	0	0	0	0	0	0	0	0	19	0	120	0	0	128	0	0	36	0	0	0	0	0	0	0	0	0	0	0	0	0	0	0	0	0	0	0	0	0	0	0	0	0	0	5	0	0	0	80	11	0	41	0	10	0	0	0	0	0	0	0	0	0	0	0	0	0	0	0	0	27	0	0	0	0	0	0	0	0	0	0	0	0	0	0	0	0	0	0	23
assemblage-443-264	0	0	0	0	0	0	0	0	0	0	0	0	0	0	0	0	0	0	0	0	5	0	0	169	0	0	7	0	0	0	0	0	0	0	0	0	0	0	0	17	0	0	0	0	0	0	0	0	93	0	0	0	0	0	0	0	23	0	0	0	71	0	53	25	0	0	0	0	0	0	0	0	0	0	0	0	0	0	0	0	0	0	22	0	0	0	0	0	0	0	0	0	0	0	0	0	0	0	0	0	0	15
assemblage-734-252	0	0	0	0	0	0	0	0	0	0	0	0	0	0	0	0	0	0	0	0	0	44	0	14	0	0	148	0	0	23	0	0	0	0	0	0	0	0	0	0	0	0	0	0	0	0	0	0	27	0	0	0	0	0	0	0	0	0	0	0	83	0	11	93	0	0	0	0	0	0	0	0	0	0	0	0	0	0	0	0	0	0	30	0	0	0	0	0	0	0	0	0	0	0	0	0	0	0	0	0	0	27
assemblage-449-851	0	0	0	0	0	10	0	0	0	0	0	0	0	0	0	0	0	0	0	0	0	0	0	167	0	0	53	0	0	0	0	0	0	0	0	0	0	0	0	0	0	0	0	19	0	0	0	44	22	0	0	0	0	0	0	0	0	0	0	0	0	0	99	0	0	0	0	0	0	0	66	0	0	0	0	0	0	0	0	0	0	0	0	0	0	0	0	0	0	0	0	0	0	0	0	0	0	0	0	0	0	20
assemblage-395-985	0	0	0	0	0	0	0	0	0	0	0	0	0	0	0	14	0	0	0	0	0	0	0	8	0	0	137	0	0	74	0	0	0	0	0	0	0	0	0	2	0	0	54	0	9	0	0	0	18	0	0	0	0	0	0	0	0	0	0	0	112	26	0	6	0	0	0	0	0	0	0	0	0	19	0	0	0	0	0	0	0	0	0	7	0	0	0	0	0	0	0	0	0	0	0	0	0	0	0	0	0	14
assemblage-730-350	0	0	0	0	0	0	0	0	0	0	0	0	12	0	0	0	0	0	0	9	0	11	0	42	0	0	95	0	0	0	0	0	0	0	0	0	0	0	0	0	0	0	0	0	0	0	0	0	34	0	0	0	0	0	0	0	2	0	0	0	19	85	25	39	0	0	0	0	0	0	0	0	0	0	0	0	0	0	0	0	0	0	107	0	0	0	0	0	0	0	0	0	0	0	0	0	0	0	0	0	0	20
assemblage-405-899	0	0	0	0	0	0	0	0	0	0	0	0	0	0	0	0	0	0	0	4	0	0	0	0	0	0	341	0	66	0	0	0	0	0	0	0	0	0	0	0	0	0	12	0	0	0	0	0	7	0	0	0	0	0	0	0	0	25	0	0	7	0	0	13	0	0	0	0	0	0	0	0	0	0	0	0	0	0	0	0	0	0	0	0	0	0	0	6	0	0	0	0	0	0	0	0	0	0	0	0	0	19
assemblage-747-371	0	0	0	0	0	0	0	0	0	0	0	0	0	0	0	7	0	0	0	0	0	32	0	17	0	0	49	0	0	0	0	0	0	0	0	0	0	0	8	27	0	0	0	0	0	0	0	0	69	0	0	0	0	0	0	0	49	0	0	0	33	15	98	49	0	0	0	0	0	0	0	0	0	0	0	0	0	0	0	0	0	0	17	0	0	0	0	0	0	0	0	0	0	0	0	0	0	0	0	0	0	30
assemblage-906-247	0	0	0	0	0	0	0	0	0	0	0	0	5	0	0	0	5	0	0	18	0	4	0	35	0	0	135	0	0	0	0	0	0	0	0	0	0	0	0	0	0	0	0	0	0	0	0	0	41	0	0	0	0	0	0	0	7	0	0	0	7	64	31	26	0	0	0	0	0	0	0	0	0	0	0	0	0	0	0	0	0	0	110	0	0	0	0	0	0	0	0	0	0	0	0	0	0	0	0	0	0	12
assemblage-475-256	0	0	0	0	0	0	0	0	0	0	0	0	0	0	0	0	0	0	0	0	0	0	0	74	0	0	176	0	0	0	0	0	0	0	0	0	0	0	0	0	24	0	0	0	0	0	0	0	101	0	0	0	0	0	0	0	0	0	0	0	0	0	16	82	0	0	0	0	0	0	0	0	0	0	0	0	0	0	0	0	0	0	9	0	0	0	0	0	0	0	0	0	0	0	0	0	0	0	0	0	0	18
assemblage-644-161	0	0	0	0	0	0	0	0	0	0	0	0	0	0	0	0	0	0	0	8	0	0	0	0	0	0	359	0	50	0	0	0	0	0	0	0	0	0	0	0	0	0	6	0	0	0	0	0	10	0	0	0	0	0	0	0	0	12	7	0	9	0	0	18	0	0	0	0	0	0	0	0	0	0	0	0	0	0	0	0	0	0	0	0	0	0	0	7	0	6	0	0	0	0	0	0	0	0	0	0	0	8
assemblage-367-421	0	0	0	0	0	0	0	0	0	0	0	0	0	0	0	0	0	0	0	0	0	0	0	134	0	0	42	0	0	0	0	0	0	0	0	0	0	0	0	70	0	0	0	0	0	0	0	0	88	0	0	0	0	0	0	0	0	0	0	0	0	0	43	23	0	0	0	0	0	0	50	0	0	0	6	0	0	0	0	0	0	0	15	0	4	0	0	0	0	0	0	0	0	0	0	0	0	0	0	0	0	25
assemblage-564-597	0	0	0	0	0	0	0	0	0	0	14	0	0	0	0	0	0	0	0	0	0	0	0	265	0	0	16	0	0	0	0	0	0	0	0	0	0	0	0	52	0	0	0	0	0	0	15	15	29	0	0	0	0	0	0	0	0	0	0	0	0	0	0	0	0	0	0	0	0	0	64	0	0	0	0	0	7	0	0	0	0	0	13	0	0	0	0	0	0	0	0	0	0	0	0	0	0	0	0	0	0	10
assemblage-638-795	0	0	0	0	0	0	0	0	0	0	0	0	0	0	0	0	0	0	0	15	0	0	0	0	0	0	344	0	49	0	0	0	0	0	0	0	0	0	0	0	0	0	6	0	0	3	0	0	13	0	0	0	0	0	0	0	0	22	0	0	9	0	0	26	0	0	0	0	0	0	0	0	0	0	0	0	0	0	0	0	0	0	0	0	0	0	0	0	0	0	0	0	0	0	0	0	0	0	0	0	0	13
assemblage-783-932	0	0	0	0	0	0	0	0	0	0	0	0	0	0	0	0	0	0	0	0	0	0	0	70	0	0	191	0	0	0	0	0	0	0	0	0	0	0	0	10	10	0	0	0	0	0	0	0	119	0	0	0	0	0	0	0	0	0	0	0	0	0	14	63	0	0	0	0	0	0	0	0	0	0	0	0	0	0	0	0	0	0	0	0	0	0	0	0	0	0	0	0	0	0	0	0	0	0	0	0	0	23
assemblage-996-803	0	0	0	0	0	0	0	0	0	0	0	0	0	0	0	0	0	0	0	0	0	0	0	0	0	9	167	0	92	0	0	0	0	0	0	0	0	0	0	0	0	0	23	0	0	0	0	0	0	0	0	0	0	0	0	0	0	0	0	0	138	0	7	0	11	0	0	0	0	0	0	0	0	0	0	0	0	0	0	0	0	0	6	0	0	0	0	22	0	0	0	0	0	0	0	0	0	0	0	0	0	25
assemblage-352-856	0	0	0	0	0	0	0	0	9	0	0	0	0	0	0	17	0	0	0	0	0	0	0	134	0	0	35	0	0	10	0	0	0	0	0	0	12	0	0	30	0	0	0	0	0	0	0	0	22	0	0	0	0	0	15	0	92	0	0	0	0	20	27	62	0	0	0	0	0	0	0	0	0	0	0	0	0	0	0	0	0	0	7	0	0	0	0	0	0	0	0	0	0	0	0	0	0	0	0	0	0	8
assemblage-777-942	0	0	0	0	0	0	0	0	0	0	0	0	0	0	0	0	0	0	0	0	0	0	0	185	0	0	55	0	0	0	0	0	0	0	0	0	0	0	0	50	0	0	0	0	0	0	0	19	9	0	0	0	0	0	0	0	4	0	0	0	16	0	0	5	0	9	0	0	0	0	0	0	0	0	0	0	0	0	0	0	0	0	129	0	0	0	0	0	0	0	0	0	0	0	0	0	0	0	0	0	0	19
assemblage-1007-738	0	0	0	0	0	0	0	0	0	0	0	0	0	0	0	0	0	0	0	0	0	0	0	0	0	12	428	0	13	0	0	0	0	0	0	0	0	0	0	0	0	0	0	0	0	0	0	0	0	0	0	0	0	0	0	0	0	0	0	0	20	0	0	0	0	0	9	0	0	0	0	0	0	0	0	0	0	0	0	0	7	0	0	0	0	0	0	0	0	0	0	0	0	0	0	0	0	0	0	0	0	11
assemblage-361-855	0	0	0	0	0	0	0	0	5	0	0	0	0	0	0	23	0	0	0	0	0	0	0	138	0	0	24	0	0	15	0	0	0	0	0	0	8	0	0	21	0	0	0	0	0	0	0	0	24	0	0	0	0	0	15	0	91	0	0	0	0	17	35	62	0	0	0	0	0	0	0	0	0	0	0	0	0	0	0	0	0	0	5	0	0	0	0	0	0	0	0	0	0	0	0	0	0	0	0	0	0	17
assemblage-992-559	0	0	0	0	0	0	0	0	0	0	0	0	0	0	0	0	0	0	0	0	0	0	0	183	0	0	75	0	0	0	0	0	0	0	0	0	0	0	0	0	0	0	0	0	0	0	0	67	0	0	0	0	0	0	0	0	0	0	0	0	0	0	136	15	0	0	0	0	0	0	0	0	0	0	0	0	0	0	0	0	0	0	0	0	0	0	0	0	0	0	0	0	0	0	0	0	0	0	0	0	0	24
assemblage-648-158	0	0	0	0	0	0	0	0	0	0	0	0	0	0	0	0	0	0	15	34	0	0	0	0	0	39	134	0	7	0	0	0	0	0	0	0	0	0	0	0	0	0	102	0	0	0	0	0	0	0	0	0	0	0	0	0	0	0	0	0	14	0	0	0	17	0	0	0	0	22	0	0	0	0	0	0	0	0	0	0	0	0	47	0	0	0	0	38	0	0	0	0	0	23	0	0	0	0	0	0	0	8
assemblage-166-138	0	0	0	0	0	7	0	0	0	0	0	0	0	0	0	0	0	0	0	0	0	0	0	169	0	0	56	0	0	0	0	0	0	0	0	0	0	0	0	0	0	0	0	8	0	0	0	46	27	0	0	0	0	0	0	0	0	0	0	0	0	0	113	0	0	0	0	0	0	0	57	0	0	0	0	0	0	0	0	0	0	0	0	0	0	0	0	0	0	0	0	0	0	0	0	0	0	0	0	0	0	17
assemblage-632-142	0	0	0	0	0	0	0	0	0	0	0	0	0	0	0	0	0	0	0	7	0	0	0	0	0	0	368	0	50	0	0	0	0	0	0	0	0	0	0	0	0	0	11	0	0	0	0	0	9	0	0	0	0	0	0	0	0	12	5	0	6	0	0	16	0	0	0	0	0	0	0	0	0	0	0	0	0	0	0	0	0	0	0	0	0	0	0	0	0	0	0	0	0	0	0	0	0	0	0	0	0	16
assemblage-217-302	0	0	0	0	10	0	0	0	0	0	0	0	0	0	0	0	0	0	0	12	0	4	0	0	0	0	121	0	112	7	0	0	0	0	0	0	0	0	0	0	0	0	24	0	0	0	0	0	25	0	0	0	0	0	0	0	0	0	0	0	49	43	0	51	0	0	0	0	0	0	0	0	0	0	0	0	0	0	0	0	0	0	7	0	0	0	0	24	0	0	0	0	0	0	0	0	0	0	0	0	0	11
assemblage-927-210	0	0	0	0	0	0	0	0	0	0	0	0	7	0	0	0	8	0	0	28	0	6	0	22	0	0	126	0	0	8	0	0	0	0	0	0	0	0	0	0	0	0	0	0	0	0	0	0	17	0	0	0	0	0	0	0	0	0	0	0	10	71	31	24	0	0	0	0	0	0	0	0	0	0	0	0	0	0	0	0	0	0	117	0	0	0	0	0	0	0	0	0	0	0	0	0	0	0	0	0	0	25
assemblage-805-119	0	0	0	0	0	6	0	0	0	0	0	0	0	0	0	0	0	0	0	0	0	0	0	167	0	0	74	0	0	0	0	0	0	0	0	0	0	0	0	0	0	0	0	3	0	0	0	51	13	0	0	0	0	0	0	0	0	0	0	0	0	0	112	0	0	0	0	0	0	0	55	0	0	0	0	0	0	0	0	0	0	0	0	0	0	0	0	0	0	0	0	0	0	0	0	0	0	0	0	0	0	19
assemblage-877-870	0	0	0	0	0	0	0	0	0	0	0	0	0	0	0	0	0	0	0	0	0	11	0	95	0	0	150	0	0	44	0	0	0	0	0	0	0	0	0	11	0	0	0	0	0	0	0	0	0	0	0	0	0	0	0	0	0	0	0	0	69	5	0	37	0	22	0	0	0	0	0	0	0	0	0	0	0	0	0	0	0	0	37	0	0	0	0	0	0	0	0	0	0	0	0	0	0	0	0	0	0	19
assemblage-804-94	0	0	0	0	0	0	0	0	0	0	17	0	0	0	0	0	0	0	0	0	0	0	0	222	0	0	59	0	0	0	0	0	13	0	0	0	0	0	0	0	0	0	0	0	0	0	0	65	0	0	0	0	0	0	0	0	0	0	0	0	29	0	44	17	0	0	0	0	0	0	7	0	0	0	0	0	0	0	0	0	0	0	10	0	0	0	0	0	0	0	0	0	0	0	0	0	0	0	0	0	0	17
assemblage-745-228	0	0	0	0	0	0	0	0	0	0	0	0	0	0	0	22	0	0	0	0	0	0	0	18	0	0	134	0	0	73	0	0	0	0	0	0	0	0	0	0	0	0	46	0	10	0	0	0	8	0	0	0	0	0	0	0	0	0	0	0	125	28	0	8	0	0	0	0	0	0	0	0	0	12	0	0	0	0	0	0	0	0	0	0	0	0	0	0	0	0	0	0	0	0	0	0	0	0	0	0	0	16
assemblage-128-456	0	0	0	0	0	0	0	0	0	0	137	0	0	0	9	0	0	0	0	0	0	0	0	0	0	0	0	0	0	0	0	0	0	0	0	0	0	0	0	0	0	0	0	0	0	0	0	136	159	0	0	0	0	0	0	2	0	0	0	0	0	0	10	0	0	0	0	0	0	0	10	0	0	0	0	0	0	0	0	0	0	0	12	0	0	0	0	0	0	0	0	0	5	0	0	0	0	0	0	0	0	20
assemblage-207-294	0	0	0	0	11	0	0	0	0	0	0	0	0	0	0	0	0	0	0	5	0	0	0	0	0	0	122	0	100	15	0	0	0	0	0	0	0	0	0	0	0	0	26	0	0	0	0	0	37	0	0	0	0	0	0	0	0	0	0	0	35	51	0	47	0	0	0	0	0	0	0	0	0	0	0	0	0	0	0	0	0	0	2	0	0	0	0	22	0	0	0	0	0	0	0	0	0	0	0	0	0	27
assemblage-996-553	0	0	0	0	0	0	0	0	0	0	7	0	0	0	0	0	0	0	0	0	0	0	0	157	0	0	32	0	0	0	0	0	0	0	0	0	0	0	0	93	0	0	0	0	0	0	0	0	63	0	0	0	0	0	0	0	0	0	0	0	0	0	64	21	0	0	0	0	0	0	36	0	0	0	0	0	0	0	0	0	0	0	8	0	7	0	0	0	0	0	0	0	0	0	0	0	0	0	0	0	0	12
assemblage-775-444	0	0	0	0	0	0	0	0	0	0	0	0	0	0	0	0	0	0	0	0	0	0	0	0	0	21	407	0	8	0	0	0	0	0	0	0	0	0	0	0	0	0	0	0	0	0	0	0	0	0	0	0	0	0	0	0	0	0	0	0	29	0	0	0	0	0	0	0	0	0	0	0	0	0	0	0	0	0	7	0	9	0	0	0	0	0	0	0	0	0	0	0	0	0	0	0	0	0	0	0	0	19
assemblage-969-450	0	0	0	0	0	0	0	0	0	0	0	0	0	0	0	0	0	0	0	0	0	0	0	0	0	4	411	0	0	0	0	0	0	0	0	0	0	0	0	0	0	0	0	0	0	0	0	0	0	0	0	0	0	0	0	0	0	0	0	0	0	0	0	0	0	0	0	0	0	0	0	0	0	0	0	0	0	0	0	0	0	0	0	0	0	0	0	0	0	0	0	10	0	40	10	0	0	0	0	0	0	25
assemblage-340-860	0	0	0	0	0	0	0	0	0	0	0	0	0	0	0	0	0	0	0	0	0	0	0	215	0	0	44	0	0	0	0	0	0	0	0	0	0	0	0	40	0	0	0	0	0	0	0	4	5	0	0	0	0	0	0	0	17	0	0	0	12	0	0	10	0	13	0	0	0	0	10	0	0	0	0	0	0	0	0	0	0	0	112	0	0	0	0	0	0	0	0	0	0	0	0	0	0	0	0	0	0	18
assemblage-259-293	0	0	0	0	0	0	0	0	0	0	0	0	0	0	0	0	0	0	0	0	0	0	0	20	0	0	0	0	0	0	0	0	0	0	0	0	0	0	0	0	0	0	0	0	0	0	0	82	0	0	0	0	0	0	0	0	0	0	0	0	0	0	185	0	0	0	0	0	0	0	168	0	0	0	0	0	0	0	0	0	0	0	0	0	0	0	0	0	0	0	0	0	0	0	0	13	0	0	0	0	11	21
assemblage-368-454	0	0	0	0	0	0	0	0	0	0	0	0	0	0	0	0	0	0	0	0	6	0	0	192	0	0	4	0	0	0	0	0	0	0	0	0	0	0	0	6	0	0	0	0	0	0	0	0	91	0	0	0	0	0	0	0	27	0	0	0	70	0	30	20	0	0	0	0	0	0	0	0	0	0	0	0	0	0	0	0	0	0	34	0	0	0	0	0	0	0	0	0	0	0	0	0	0	0	0	0	0	20
assemblage-782-422	0	0	0	0	0	0	0	0	0	0	0	0	0	0	0	0	0	0	0	0	0	0	0	0	0	11	404	0	22	0	0	0	0	0	0	0	0	0	0	0	0	0	0	0	0	0	0	0	0	0	0	0	0	0	0	0	0	0	0	0	17	0	0	0	0	0	7	0	0	0	0	0	0	0	0	0	0	0	0	0	11	0	0	0	0	0	0	0	0	0	0	0	0	0	0	0	0	0	0	0	0	28
assemblage-773-447	0	0	0	0	0	0	0	0	0	0	0	0	0	0	0	0	0	0	0	0	0	0	0	0	0	5	443	0	0	0	0	0	0	0	0	0	0	0	0	0	0	0	0	0	0	0	0	0	0	0	0	0	18	0	0	0	0	0	0	0	0	0	0	0	0	0	0	0	0	0	0	0	0	0	0	0	0	0	0	0	15	0	0	0	0	0	0	0	0	0	0	0	0	0	6	0	0	0	0	0	0	13
assemblage-500-313	0	0	0	0	0	0	0	0	0	0	0	0	0	0	0	16	0	0	0	70	0	6	0	0	0	0	227	0	0	29	0	0	0	0	0	0	0	0	0	0	0	0	58	0	0	0	0	0	0	0	0	0	0	0	0	0	0	0	0	0	16	27	0	0	0	0	0	0	0	0	0	0	0	0	0	0	0	0	0	0	0	0	0	0	0	0	0	0	0	0	0	0	0	0	0	0	0	0	29	0	0	22
assemblage-215-804	0	0	0	0	0	0	0	0	0	0	0	0	0	0	0	0	0	0	7	0	0	0	0	0	0	52	226	0	9	0	0	0	0	0	0	0	0	0	0	0	0	0	0	0	0	0	0	0	0	0	12	0	0	0	0	0	0	21	0	0	49	0	0	0	0	0	0	0	0	0	0	0	0	0	0	0	0	0	50	0	0	0	0	0	0	0	0	11	0	0	0	0	0	48	0	0	0	0	0	0	0	15
assemblage-774-925	0	0	0	0	0	0	0	0	0	0	0	0	0	0	0	0	0	0	0	0	0	0	0	168	0	0	96	0	0	0	0	0	0	0	0	0	0	0	0	0	0	0	0	0	0	0	0	90	0	0	0	0	0	0	0	0	0	0	0	0	0	0	110	19	0	0	0	0	0	0	0	0	0	0	0	0	0	0	0	0	0	0	0	0	0	0	0	0	0	0	0	0	0	0	0	0	0	0	0	0	0	17
assemblage-758-234	0	0	0	0	0	0	0	0	0	0	0	0	0	3	0	0	0	0	0	6	0	50	0	0	0	0	241	0	0	0	0	0	0	0	0	0	0	0	0	13	0	0	0	0	0	0	0	0	47	0	0	0	0	0	0	0	0	0	0	0	0	22	34	51	0	0	0	0	0	0	0	0	0	0	0	0	0	0	0	0	0	0	0	0	0	0	0	0	0	0	0	0	0	0	0	0	0	0	23	0	0	10
assemblage-645-340	0	0	0	0	0	0	0	0	0	0	0	10	0	0	0	0	0	0	0	0	0	0	0	35	0	0	169	0	0	0	0	0	0	0	0	0	0	0	0	21	0	0	0	0	0	0	0	35	53	0	0	0	0	0	0	0	0	0	0	0	19	0	0	76	0	0	0	0	0	0	30	0	0	0	0	0	0	0	0	0	0	5	41	0	0	0	0	0	0	0	0	0	0	0	0	0	0	0	0	0	0	6
assemblage-127-497	0	0	0	0	0	0	0	0	0	0	0	0	0	0	0	13	0	0	0	60	0	2	0	0	0	0	216	0	0	35	0	0	0	0	0	0	0	0	0	0	0	0	76	0	0	0	0	0	0	0	0	0	0	0	0	0	0	0	0	3	19	32	0	0	0	0	0	0	0	0	0	0	0	0	0	0	0	0	0	0	0	0	0	0	0	0	0	0	0	0	0	0	0	0	0	0	0	0	27	0	0	17
assemblage-748-241	0	0	0	0	0	0	0	0	0	0	0	0	0	0	0	0	0	0	0	6	0	52	0	0	0	0	248	0	0	0	0	0	0	0	0	0	0	0	0	8	0	0	0	0	0	0	0	0	51	0	0	0	0	0	0	0	0	0	0	0	0	18	35	32	0	0	0	0	0	0	0	0	0	0	0	0	0	0	0	0	0	0	0	0	0	0	0	0	0	0	0	0	0	0	0	0	0	0	21	0	0	29
assemblage-91-467	0	0	0	0	0	0	0	0	0	0	113	0	0	0	13	0	0	0	0	0	0	0	0	0	0	0	0	0	0	0	0	0	0	0	0	0	0	0	0	0	0	0	0	0	0	0	0	129	169	0	0	0	0	0	0	5	0	0	0	0	0	0	7	0	0	0	0	0	0	0	16	0	0	0	0	0	0	0	0	0	0	0	13	0	0	0	0	0	0	0	0	0	0	0	0	0	0	0	0	0	0	35
assemblage-494-764	0	0	0	0	0	0	0	0	0	0	0	0	0	0	0	0	0	0	0	0	0	0	0	0	0	0	289	0	69	0	0	0	0	0	0	0	0	0	0	0	0	0	0	0	0	0	0	0	0	0	0	12	9	0	0	0	0	0	0	0	39	0	0	0	0	0	0	0	0	0	0	15	0	0	0	0	0	0	13	0	0	0	14	0	0	0	0	0	0	0	0	0	0	0	29	0	0	0	0	0	0	11
assemblage-377-823	0	0	0	0	0	0	0	6	0	0	0	0	0	0	0	9	0	0	0	0	0	14	0	10	0	0	52	0	0	0	0	0	0	0	0	0	0	0	10	35	0	0	0	0	0	0	0	0	71	0	0	0	0	0	0	0	43	0	0	0	46	18	75	56	0	0	0	0	4	0	0	0	0	0	0	0	0	0	0	4	0	0	28	0	0	0	0	0	0	0	0	0	0	0	0	0	0	0	0	0	0	19
assemblage-356-858	0	0	0	0	0	0	0	0	0	0	0	0	0	0	0	9	0	0	0	0	0	0	0	132	0	0	91	0	0	0	0	0	0	0	0	0	0	0	0	27	3	0	0	0	0	0	0	7	37	0	0	0	0	0	0	0	20	0	0	0	15	10	10	42	0	0	0	0	0	0	15	0	0	0	0	0	0	0	0	0	0	0	47	0	0	0	0	0	0	0	0	0	0	0	0	0	0	0	0	0	0	35
assemblage-449-849	0	0	0	0	0	0	0	0	0	0	6	0	0	0	0	0	0	0	0	0	0	0	0	287	0	0	16	0	0	0	0	0	0	0	0	0	0	0	0	48	0	0	0	0	0	0	8	14	42	0	0	0	0	0	0	0	0	0	0	0	0	0	0	0	0	0	0	0	0	0	44	0	0	0	0	0	0	0	0	0	0	0	20	0	0	0	0	0	0	0	0	0	0	0	0	0	0	0	0	0	0	15
assemblage-958-873	0	11	0	0	0	0	0	0	0	0	0	0	0	0	0	0	0	0	0	0	0	0	0	0	0	58	227	0	10	0	0	0	0	0	0	0	0	0	0	0	0	0	0	0	0	0	0	0	0	0	14	0	0	0	0	0	0	19	0	0	46	0	0	0	0	0	0	0	0	0	0	0	0	0	0	0	0	0	39	0	0	0	0	0	0	0	0	8	0	0	0	0	0	41	0	0	0	0	0	0	0	27
assemblage-452-257	0	0	0	0	0	0	0	0	0	0	0	0	0	0	0	0	0	0	0	0	0	0	0	236	0	0	81	0	0	0	0	0	0	0	0	0	4	0	0	59	0	0	0	0	0	0	0	0	13	0	0	0	0	0	0	0	0	0	0	0	0	0	33	56	0	0	0	0	0	0	0	0	2	0	0	0	0	0	0	0	0	0	0	0	0	0	0	0	0	0	0	0	0	0	0	0	0	0	0	0	0	16
assemblage-735-342	0	0	0	0	0	0	0	0	0	0	0	0	12	0	0	0	8	0	0	16	0	6	0	30	0	0	127	0	0	0	0	0	0	0	0	0	0	0	0	0	0	0	0	0	0	0	0	0	31	0	0	0	0	0	0	0	10	0	0	0	14	75	19	23	0	0	0	0	0	0	0	0	0	0	0	0	0	0	0	0	0	0	106	0	0	0	0	0	0	0	0	0	0	0	0	0	0	0	0	0	0	23
assemblage-111-469	0	0	0	0	0	0	0	0	0	0	141	0	0	0	0	0	0	0	0	0	0	0	0	0	0	0	0	0	0	0	0	0	0	0	0	0	0	0	0	0	0	0	0	0	0	0	0	127	153	0	0	0	0	0	0	18	0	0	0	0	0	0	0	0	0	0	0	0	0	0	11	0	0	0	0	0	0	0	0	0	0	0	12	0	0	0	0	0	0	0	0	0	0	0	0	0	0	0	0	0	0	38
assemblage-977-723	0	0	0	0	0	0	0	0	0	0	0	0	0	0	0	0	0	0	0	0	0	0	0	0	0	19	451	0	0	0	0	0	0	0	0	0	0	0	0	0	0	0	0	0	0	0	0	0	0	0	0	23	0	0	0	0	0	0	0	0	0	0	0	0	0	0	0	0	0	0	0	0	0	0	0	0	0	0	0	0	0	0	0	0	0	0	0	0	0	0	0	0	0	0	0	0	0	0	0	0	0	7
assemblage-379-581	0	0	0	0	0	0	0	0	0	0	6	0	0	0	0	0	0	0	0	0	0	0	0	70	30	0	230	0	0	0	0	0	0	0	0	0	0	0	0	0	0	0	0	0	0	0	0	0	0	0	0	0	0	0	0	0	0	0	0	0	104	0	10	0	0	0	0	0	0	0	20	0	0	0	0	0	0	0	0	0	0	0	0	0	0	0	0	0	0	0	0	0	0	0	0	0	0	0	0	0	0	30
assemblage-918-207	0	0	0	0	0	0	0	0	0	0	0	0	0	0	0	4	0	0	0	0	0	8	0	141	0	0	135	0	0	37	0	0	0	0	0	0	0	0	0	4	0	0	0	0	0	0	0	0	0	0	0	0	0	0	0	0	6	0	0	0	64	18	0	37	0	5	0	0	0	0	0	0	0	0	0	0	0	0	0	0	0	0	31	0	0	0	0	0	0	0	0	0	0	0	0	0	0	0	0	0	0	10
assemblage-805-964	0	0	0	0	0	0	0	0	0	0	0	0	0	0	0	31	0	0	0	0	0	0	0	158	0	0	27	0	0	19	0	0	0	0	0	0	15	0	0	18	0	0	0	0	0	0	0	0	21	0	0	0	0	0	16	0	63	0	0	0	0	32	15	55	0	0	0	0	0	0	0	0	0	0	0	0	0	0	0	0	0	0	12	0	0	0	0	0	0	0	0	0	0	0	0	0	0	0	0	0	0	18
assemblage-461-266	0	0	0	0	0	0	0	0	0	0	0	0	0	0	0	0	0	0	0	0	0	0	0	207	0	0	89	0	0	0	0	0	0	0	0	0	0	0	0	79	0	0	0	0	0	0	0	0	19	0	0	0	0	0	0	0	0	0	0	0	0	0	36	46	0	0	0	0	0	0	0	0	6	0	0	0	0	0	0	0	0	0	0	0	0	0	0	0	0	0	0	0	0	0	0	0	0	0	0	0	0	18
assemblage-383-590	0	0	0	0	0	0	0	0	0	0	23	0	0	0	0	0	0	0	0	0	0	0	0	78	20	0	222	0	0	0	0	0	0	0	0	0	0	0	0	0	0	0	0	0	0	0	0	14	0	0	0	0	0	0	0	0	0	0	0	0	93	0	20	0	0	0	0	0	0	0	9	0	0	0	0	0	0	0	0	0	0	0	0	0	0	0	0	0	0	0	0	0	0	0	0	0	0	0	0	0	0	21
assemblage-115-490	0	0	4	0	0	0	0	0	0	0	0	0	0	0	0	0	0	0	0	21	0	0	0	0	0	0	167	0	0	0	0	0	0	0	0	0	0	0	0	0	0	0	88	0	0	0	0	0	0	0	0	0	0	0	0	0	0	0	0	0	83	6	49	34	0	0	0	0	0	0	0	0	0	0	0	0	0	19	0	0	0	0	11	0	0	0	0	0	0	0	0	0	0	0	0	0	0	0	3	0	0	15
assemblage-271-267	0	0	0	0	0	0	0	0	0	0	0	0	0	0	0	0	0	0	0	0	0	0	0	26	0	0	0	0	0	0	0	0	0	0	0	0	0	0	0	0	0	0	0	0	0	0	0	119	0	0	0	0	0	0	0	0	0	0	0	0	0	0	194	0	0	0	0	0	0	0	138	0	0	0	0	0	0	0	0	0	0	0	0	0	0	0	0	0	0	0	0	0	0	0	0	4	0	0	0	0	0	19
assemblage-183-819	0	0	0	0	0	0	0	0	0	0	0	0	0	0	0	0	0	0	0	0	0	0	0	0	0	11	330	0	77	0	0	0	0	0	0	0	0	0	0	0	0	0	0	0	0	0	0	0	0	0	15	0	0	0	0	0	0	0	0	0	6	0	0	0	0	0	0	0	0	0	0	0	0	0	0	0	0	0	14	0	0	0	0	0	0	0	0	21	0	0	0	0	0	0	0	0	0	0	0	0	0	26
assemblage-402-894	0	0	0	0	0	0	0	0	0	0	0	0	0	0	0	0	0	0	0	0	0	0	0	0	0	2	130	0	116	0	0	0	0	0	0	0	0	0	0	0	0	0	41	0	0	0	0	0	5	0	0	0	0	0	0	0	0	0	0	0	121	0	9	5	19	0	0	0	0	0	0	0	0	0	0	0	0	0	0	0	0	0	9	0	0	0	0	16	0	0	0	0	0	0	0	0	0	0	0	0	0	27
assemblage-385-579	0	0	0	0	0	0	0	0	0	0	9	0	0	0	0	0	0	0	0	0	0	0	0	89	17	0	200	0	0	0	0	7	0	0	0	0	0	0	0	0	0	0	0	0	0	0	0	10	0	0	0	0	0	0	0	0	0	0	0	0	104	0	22	0	0	0	0	0	0	0	26	0	0	0	0	0	0	0	0	0	0	0	0	0	0	0	0	0	0	0	0	0	0	0	0	0	0	0	0	0	0	16
assemblage-466-256	0	0	0	0	0	0	0	0	0	0	0	9	0	0	0	0	0	0	0	0	0	0	0	54	0	0	162	0	0	0	0	0	0	0	0	0	0	0	0	15	0	0	0	0	0	0	0	31	47	0	0	0	0	0	0	0	0	0	0	0	27	0	0	81	0	0	0	0	0	0	21	0	0	0	0	0	0	0	0	0	0	8	38	0	0	0	0	0	0	0	0	0	0	0	0	0	0	0	0	0	0	7
assemblage-445-852	0	0	0	0	0	0	0	0	0	0	6	0	0	0	0	0	0	0	0	0	0	0	0	255	0	0	13	0	0	0	0	0	0	0	0	0	0	0	0	58	0	0	0	0	0	0	14	20	37	0	0	0	0	0	0	0	0	0	0	0	0	0	0	0	0	0	0	0	0	0	58	0	0	0	0	0	0	0	0	0	0	0	22	0	0	0	0	0	0	0	0	0	0	0	0	0	0	0	0	0	0	17
assemblage-617-852	0	0	0	0	0	0	0	0	0	0	0	0	0	0	0	0	0	0	0	0	0	0	0	0	0	24	411	0	20	0	0	0	0	0	0	0	0	0	0	0	0	0	0	0	0	0	0	0	0	0	0	0	0	0	0	0	0	0	0	0	18	0	0	0	0	0	2	0	0	0	0	0	0	0	0	0	0	0	0	0	12	0	0	0	0	0	0	0	0	0	0	0	0	0	0	0	0	0	0	0	0	13
