Assemblage_Name	2-9003099-4	1-1991042-8042047	1-9362458-8042047	3573471-1324393-1	0-8146201-1	5031861-2-1	3889059-1782250-1	3-4065276-4	3889059-4683744-1	1-2-6717797	9947299-2-1	0-7612833-1	3889059-2-3662767	0-0-9628366	0-2-8268219	0-0-7858946	3443813-2-1	8398743-9853810-9112443	2903325-2519904-1	1-228400-8042047	5516706-0-3	0-2-8809867	1-5069620-8042047	0-3-2508413	6228039-1834400-1	2-1304410-4	0-2-7083828	4-2-3656075	1696318-2-4	3573471-6469843-1	4312936-2519904-1	1-7206273-8042047	9540292-1991042-8042047	3889059-5110904-1	1-5376133-8042047	4-2-2891108	3517029-5376133-8042047	4-2-7425469	0-2771318-7105968	4-2-4872345	4707801-2-1	545370-1782250-1	2-8377211-4	8433005-2-1	4663033-2-1	3889059-4202277-1	0-0-2116068	0-2-7463834	3573471-2-1	3957701-2-4	0-0-3	1098519-2-1	4-4008056-4	2-3-1627463	6278865-2-9835983	3284463-3633900-7559077	0-2-7105968	3889059-2-1	3889059-1834400-1	3573471-6908546-1	0-3-5773498	0-3-4	1028169-4-4	1-5376133-2840078	7481847-4683744-1	8681047-2-1	1-1991042-114095	3889059-6991505-1	0-6213268-1	1-2-1	4663033-2-9800038	3889059-2-9835983	1696318-2-2242375	4-9853810-0	5180940-5376133-8042047	1-3887276-8042047	1-5376133-8205589	2761941-1782250-1	3889059-8680991-1	3284463-3129-7559077	0-4906442-4	0-2-8396282	1-1991042-2177963	2-3-4	1-7162694-8042047	2-3-2527505	3889059-2-848170	3573471-2-2264430	0-0-8206287	493157-7267559-4	2-7259674-4	9075036-2-1	1823780-0-3	4272409-5376133-8042047	5847069-2-4	0-2-419652	0-1415315-4	0-2-1	4-3194535-4	1742483-0-3	411181-2-1	0-3-603733	0-2-9299650	0-3-6314101	1-1991042-2340266	4-3129-5477059	0-0-9441496	0-2-1864347	4-2-4	0-7954904-1	5564740-1991042-8042047	0-9579195-7105968	3-4-4	4-3129-0	0-1360950-1	4-518394-4	4-2029701-2891108	1-2691945-8042047	3889059-2-4981095	0-2288135-1	4-2-1689290	3573471-2-8270622	0-5836925-6625103	6736508-2-1	5154808-2-7105968	8335267-2-1	0-1966021-7105968	0-8869046-1	0-0-6625103	846544-2-4	4-3129-3734499	4-9739963-4	4-2-8469275	1-2998145-8042047	4-6618443-4	4-3129-7559077	0-2-330510	4-9853810-9112443	8005495-2-1	2-8330347-1627463	0-6499378-1	4-1964631-4	3865773-2-4	7751642-5376133-8042047	0-9235491-1	8879959-2-1	1823780-6901285-3	1-6119060-8042047	6222555-2-1	3284463-6288988-7559077	8069865-2-4	4-3129-892927	1-2-604074	3131116-3-4	2258264-3-4
assemblage-540-375	0	0	0	0	0	0	0	6	0	0	0	0	0	0	0	0	0	0	5	0	0	0	0	0	0	0	0	0	6	0	0	0	0	0	30	0	0	0	0	0	0	0	0	0	0	0	0	0	78	0	105	0	0	0	0	0	0	0	0	0	0	42	0	0	0	0	0	0	0	18	0	0	0	0	0	0	0	0	0	0	0	0	0	38	0	0	0	0	0	0	0	0	6	0	0	0	0	79	0	0	0	0	0	0	0	0	0	0	37	0	0	0	3	9	0	0	0	0	0	0	0	0	0	0	0	0	0	0	0	0	0	0	0	0	0	0	6	0	0	0	0	0	0	0	0	0	0	0	0	0	0	0	0	0	32
assemblage-513-505	0	0	0	0	0	0	0	0	0	6	0	0	0	2	0	0	0	0	8	0	0	0	0	0	0	0	0	0	0	0	0	0	0	0	33	0	0	0	0	0	0	0	0	0	0	0	0	0	67	0	86	0	0	0	0	0	0	0	0	0	0	51	0	0	0	0	0	0	0	19	0	0	0	0	0	0	0	0	0	0	0	0	0	50	0	0	0	0	0	0	0	0	17	0	0	0	0	72	0	0	0	0	0	0	0	0	0	0	36	0	0	0	0	6	0	0	0	0	0	0	0	0	0	0	0	0	0	0	0	0	7	0	0	0	0	0	0	0	0	0	0	0	0	0	0	0	0	0	0	0	0	0	0	0	40
assemblage-574-440	0	0	0	0	0	0	0	0	0	4	0	0	0	15	0	0	0	0	15	0	0	0	0	0	0	0	0	0	0	0	0	0	0	0	51	0	0	0	0	0	0	0	0	0	0	0	0	0	63	0	84	0	0	0	0	0	0	0	0	0	0	40	0	0	0	0	0	0	0	28	0	0	0	0	0	0	0	0	0	0	0	0	0	33	0	0	0	0	0	0	0	0	10	0	0	0	0	71	0	0	0	0	0	0	0	0	0	0	23	0	0	0	9	13	0	0	0	0	0	0	0	0	0	0	0	0	0	0	0	0	0	0	0	0	0	0	8	0	0	0	0	0	0	0	0	0	0	0	0	0	0	0	0	0	33
assemblage-375-541	0	0	0	6	0	0	0	14	0	0	0	0	0	0	0	0	0	0	9	0	0	0	0	0	0	0	0	0	18	0	0	0	0	0	59	0	0	0	0	0	0	0	0	0	0	0	0	0	51	0	62	3	0	0	0	0	0	11	0	0	0	16	0	0	0	8	0	0	0	0	0	0	0	0	0	0	0	0	0	0	0	0	0	23	0	0	0	0	0	0	0	0	4	0	0	0	0	89	0	0	0	0	0	0	0	0	0	0	40	0	0	0	12	26	0	0	0	0	0	0	0	0	0	0	0	0	0	0	0	0	0	0	0	0	0	0	0	0	0	0	0	0	0	0	0	0	0	0	0	0	0	0	0	0	49
assemblage-662-436	0	0	0	0	0	0	0	5	0	0	0	0	0	0	0	0	0	0	6	0	0	0	0	0	0	0	0	0	13	0	0	0	0	0	66	0	0	0	0	0	0	0	0	0	0	0	0	0	58	0	39	0	0	0	0	0	0	0	0	0	0	31	0	0	0	16	0	0	0	0	0	0	0	0	0	0	0	0	0	0	0	0	0	36	0	0	0	0	0	0	0	0	10	0	0	6	0	114	0	0	0	0	0	0	0	0	0	0	25	0	0	0	11	22	0	0	0	0	0	0	0	0	0	0	0	0	0	0	0	0	0	0	0	0	0	0	0	0	0	0	0	0	0	0	0	0	0	0	0	0	0	0	0	0	42
assemblage-462-687	0	0	0	0	0	0	0	0	0	0	0	0	0	0	0	0	0	0	10	0	0	0	0	0	0	0	0	0	15	0	0	0	0	0	58	0	0	0	0	0	0	0	0	0	0	0	0	0	63	0	41	6	0	8	0	0	0	0	0	0	0	18	0	0	0	0	0	0	0	0	0	0	0	0	0	0	0	0	0	0	0	0	0	25	0	0	0	5	0	0	0	0	12	0	0	0	0	92	0	0	0	0	0	0	0	0	0	0	41	0	0	0	21	22	0	0	0	0	0	0	0	0	6	0	0	0	0	0	0	0	0	0	0	0	0	0	0	0	0	3	0	0	0	0	0	0	0	0	0	0	0	0	0	0	54
assemblage-477-268	0	0	0	0	0	0	0	0	0	0	0	9	0	0	0	0	0	0	0	0	0	0	0	0	0	0	0	0	0	0	0	0	0	0	63	0	0	0	0	0	0	0	0	0	0	0	0	0	27	0	9	0	0	0	0	0	26	13	0	0	0	27	0	0	0	58	0	0	0	0	0	0	5	0	0	0	0	0	0	0	0	0	0	13	0	0	0	0	0	0	0	0	0	0	0	0	0	107	0	0	0	0	0	0	0	0	0	0	50	0	0	0	0	31	0	0	0	0	0	0	7	0	0	0	0	0	0	0	0	0	0	0	0	0	0	0	0	0	0	0	0	0	0	0	0	0	0	0	0	0	0	0	0	0	55
assemblage-572-411	0	0	0	0	0	0	0	0	0	0	0	0	0	0	0	0	0	0	0	0	0	0	0	0	0	0	0	0	8	0	0	0	0	0	85	0	0	0	0	0	0	0	0	0	0	0	0	0	24	0	13	0	0	0	0	0	33	12	0	0	0	28	0	0	0	41	0	0	0	0	0	0	0	0	0	0	0	0	0	0	0	0	0	15	0	0	0	0	0	0	0	0	0	0	0	0	0	103	0	0	0	0	0	0	0	0	0	0	41	0	0	0	11	37	0	0	0	0	0	0	7	0	0	0	0	0	0	0	0	0	0	0	0	0	0	0	0	0	0	0	0	0	0	0	0	0	0	0	0	0	0	0	0	0	42
assemblage-687-461	0	0	0	0	0	0	0	0	0	0	0	9	0	0	0	0	0	0	0	0	0	0	0	0	0	0	0	0	0	0	0	0	0	0	63	0	0	0	0	0	0	0	0	0	0	0	0	0	22	0	11	0	0	0	0	0	30	14	10	0	0	41	0	0	0	28	0	0	0	0	0	0	7	0	0	0	0	0	0	0	0	0	0	7	0	0	0	0	0	0	0	0	0	0	0	0	0	109	0	0	0	0	0	0	0	0	0	0	61	0	0	0	5	30	0	0	0	0	0	0	5	0	8	0	0	0	0	0	0	0	0	0	0	0	0	0	0	0	0	0	0	0	0	0	0	0	0	0	0	0	0	0	0	0	40
assemblage-417-583	0	0	0	0	0	0	0	0	0	0	0	0	0	0	0	0	0	0	0	0	0	0	0	0	0	0	0	0	0	0	0	0	0	0	56	0	0	0	0	0	0	0	0	0	12	0	0	0	19	0	21	0	0	0	0	0	32	15	0	0	0	30	0	0	0	36	0	0	0	0	0	0	5	0	0	0	0	0	0	0	0	0	0	32	0	0	0	0	0	0	0	0	0	0	0	0	0	85	0	0	0	0	0	0	0	0	0	0	44	0	0	0	0	49	11	0	0	0	0	0	0	0	0	0	0	0	0	0	0	0	0	0	0	0	0	0	0	0	0	0	0	0	0	0	0	0	0	0	0	0	0	13	0	0	40
assemblage-470-468	0	0	0	0	0	0	0	0	0	0	0	0	0	0	0	0	0	0	0	0	0	0	0	0	0	0	0	0	0	0	0	0	8	0	74	0	0	0	0	0	0	0	0	0	13	0	0	0	8	0	10	0	0	0	0	0	47	17	0	0	0	21	0	0	0	19	0	0	0	0	0	0	0	6	0	0	0	0	0	0	0	0	0	16	0	0	0	0	0	0	0	0	0	0	0	0	0	87	0	0	0	0	0	0	0	0	0	0	64	0	0	0	0	61	9	0	0	0	0	0	0	0	0	0	0	0	0	0	0	0	0	0	0	0	0	0	0	0	0	0	0	0	0	0	0	0	0	0	0	0	0	0	0	0	40
assemblage-548-431	0	0	0	0	0	0	0	0	0	0	0	0	0	0	0	0	0	0	0	0	0	0	0	0	0	0	0	0	0	0	0	0	0	0	79	0	0	0	0	0	0	0	0	0	11	0	0	0	0	0	8	0	0	0	0	0	54	18	0	0	0	28	0	0	0	18	0	0	0	0	0	0	0	0	0	0	0	0	0	0	0	0	0	35	0	0	0	0	0	0	0	0	0	0	0	0	0	71	0	0	0	0	0	0	0	0	0	0	33	0	0	8	0	69	0	0	0	0	0	0	0	0	0	0	0	0	0	0	0	0	0	0	0	0	0	0	0	0	0	0	0	0	0	0	0	0	0	0	0	0	0	10	0	0	58
assemblage-586-500	0	14	0	0	0	0	0	0	0	0	0	0	0	0	0	0	0	0	0	0	0	0	0	0	0	0	0	0	0	0	0	0	0	0	52	0	0	0	0	0	9	0	0	0	17	0	0	0	0	0	0	0	0	0	0	0	54	40	0	0	0	39	0	0	0	21	0	0	0	0	0	9	0	0	0	0	0	0	0	0	7	0	0	18	0	0	0	0	0	0	0	0	0	0	0	0	0	76	0	0	0	0	0	0	0	0	0	8	57	13	0	0	0	14	0	0	0	0	0	0	0	0	0	0	0	0	0	0	0	0	0	0	0	0	0	0	0	7	0	0	0	0	12	0	0	0	0	0	0	0	0	0	0	0	33
assemblage-603-692	0	0	0	0	0	0	0	0	0	0	0	0	0	0	0	0	0	0	0	0	0	0	0	0	0	0	0	0	0	0	0	0	0	0	54	0	0	0	0	0	15	0	0	0	27	0	0	0	0	0	0	0	0	0	0	0	33	43	0	0	0	45	0	0	0	26	0	0	0	0	0	12	0	0	0	0	0	0	0	0	0	0	0	20	0	0	0	0	0	0	0	0	0	0	0	0	0	77	0	0	0	0	0	0	0	0	0	6	53	9	0	0	0	30	0	0	0	0	0	0	0	0	0	0	0	0	0	0	0	0	0	0	0	0	0	0	0	7	0	0	0	0	0	0	0	0	0	0	0	0	0	0	0	0	43
assemblage-695-531	0	3	0	0	0	0	0	0	0	0	0	0	0	0	0	0	0	0	0	0	0	0	0	0	0	0	0	0	0	0	0	0	0	0	56	0	0	0	0	0	3	0	0	0	19	0	0	0	0	0	0	0	0	0	0	0	56	42	0	0	0	34	0	0	0	18	0	0	0	0	0	14	0	0	0	0	0	0	0	7	0	0	0	22	0	0	0	0	0	0	0	0	0	0	0	0	0	72	0	0	0	0	0	0	0	0	0	0	52	21	0	0	0	22	0	0	0	0	0	0	0	0	0	0	0	0	0	0	0	0	0	0	0	0	0	0	0	4	12	0	0	0	0	0	0	0	0	0	0	0	0	0	0	0	43
assemblage-468-520	0	13	0	0	0	0	13	0	0	0	0	0	3	0	0	0	0	0	0	0	0	0	0	0	0	0	0	0	0	0	0	0	0	0	92	0	0	0	0	0	0	0	0	0	0	0	0	0	0	0	0	0	0	0	12	0	27	68	0	0	0	50	0	0	0	0	0	0	0	0	9	0	0	0	15	0	0	0	0	2	0	0	0	9	0	0	0	0	0	0	0	0	0	0	0	0	0	50	0	0	0	0	0	0	0	0	0	0	53	20	0	0	0	0	8	0	0	0	0	0	0	0	0	0	0	0	0	0	0	0	0	0	0	0	0	0	0	17	0	0	0	0	0	0	0	0	0	0	4	0	0	0	0	0	35
assemblage-767-668	0	6	0	0	0	0	5	0	0	0	0	0	0	0	0	0	0	0	0	0	0	0	0	0	0	0	0	0	0	0	0	0	0	0	61	0	0	0	0	0	0	0	0	0	6	0	0	0	0	0	0	0	0	0	0	0	50	55	0	0	0	51	0	0	0	8	0	0	0	0	5	7	0	0	10	0	0	0	0	7	0	0	0	13	0	0	0	0	0	0	0	0	0	0	0	0	1	51	0	0	0	0	0	0	0	0	0	0	62	11	0	0	0	0	11	0	0	0	0	0	0	0	0	0	0	0	0	0	0	0	0	0	0	0	0	0	0	16	8	0	0	0	0	0	0	0	0	0	0	0	0	0	0	0	56
assemblage-606-491	0	10	0	0	0	0	5	0	0	0	0	0	4	0	0	0	0	0	0	0	0	0	0	0	0	0	0	0	0	0	0	0	0	0	87	0	0	0	0	0	0	0	0	0	0	0	0	0	0	0	0	0	0	0	14	0	45	56	0	0	0	52	0	0	0	3	0	0	0	0	10	7	0	0	19	0	0	0	0	3	0	0	0	24	0	0	0	0	0	0	0	0	0	0	0	0	8	46	0	0	0	0	0	0	0	0	0	0	41	12	0	0	0	0	12	0	0	0	0	0	0	0	0	0	0	0	0	0	0	0	0	0	0	0	0	0	0	14	0	0	0	0	0	0	0	0	0	0	0	0	0	0	0	0	28
assemblage-619-790	0	41	0	0	0	0	6	0	0	0	0	0	10	0	0	0	0	0	0	0	0	0	0	0	0	0	0	0	0	0	0	0	0	0	65	10	0	0	0	0	0	0	0	0	0	0	0	0	0	0	0	0	0	0	0	0	41	45	0	0	0	36	0	0	0	0	0	0	0	0	0	0	0	0	0	0	0	0	0	8	0	0	0	11	0	4	0	0	0	0	0	0	0	0	0	0	14	76	0	0	0	0	0	0	0	0	0	0	70	0	0	0	0	0	6	0	0	0	0	0	0	0	0	0	0	0	0	0	0	0	0	0	0	0	0	0	0	6	0	0	0	0	0	0	0	0	0	0	0	0	8	0	0	0	43
assemblage-368-631	0	64	0	0	0	0	15	0	0	0	0	0	17	0	0	0	0	0	0	0	0	0	0	0	0	0	0	0	0	0	0	0	0	0	46	0	0	0	0	0	0	0	0	0	0	0	0	0	0	0	0	0	0	0	0	0	39	64	0	0	0	30	0	0	0	0	0	0	0	0	10	0	0	0	0	0	0	0	0	13	0	0	0	0	0	4	0	0	0	0	0	0	0	0	0	0	11	66	0	0	0	0	0	0	0	0	0	0	43	8	0	0	0	0	12	0	0	0	0	0	0	0	0	0	10	0	0	0	0	0	0	0	0	0	0	0	0	9	0	0	0	0	0	0	0	0	0	0	0	0	0	0	0	0	39
assemblage-658-550	0	57	0	0	0	0	26	0	0	0	0	0	12	0	0	0	0	0	0	0	0	0	0	0	0	0	0	0	0	0	0	0	0	0	59	0	0	0	0	0	0	0	0	0	0	0	0	0	0	0	0	0	0	0	0	0	35	43	0	0	0	38	0	0	0	0	0	0	0	0	0	0	0	0	12	0	0	0	0	6	0	0	0	5	0	13	0	0	0	0	0	0	0	0	0	0	16	53	0	0	0	0	0	0	0	0	0	0	70	8	0	0	0	0	5	0	0	0	0	0	0	0	0	0	0	0	0	0	0	0	0	0	0	0	0	0	0	6	0	0	0	0	0	0	0	0	0	0	0	0	0	0	0	0	36
assemblage-511-498	0	77	0	0	0	0	8	0	0	0	0	0	0	0	0	0	0	0	0	0	0	0	0	0	0	0	0	0	0	0	0	0	0	0	57	8	0	0	0	0	0	12	0	0	0	0	0	9	0	0	0	0	0	0	0	0	34	37	0	0	0	5	0	0	0	0	0	0	0	0	0	0	0	0	14	0	0	0	0	26	0	0	0	20	5	0	0	0	0	0	0	0	0	0	0	0	0	49	0	0	0	0	0	0	0	0	0	0	78	0	0	0	0	0	6	0	0	0	0	0	0	0	0	0	0	0	0	0	0	0	0	0	0	0	0	0	0	0	0	0	0	0	0	0	0	0	0	0	0	0	0	0	0	0	55
assemblage-435-464	0	88	0	0	0	0	12	0	0	0	0	0	0	0	0	0	0	0	0	0	0	0	0	0	0	0	0	0	0	0	0	0	0	0	48	9	0	0	0	0	0	17	0	0	0	0	0	0	0	0	0	0	0	0	0	0	37	27	0	0	0	10	0	0	0	0	0	0	0	0	0	0	0	0	8	0	0	0	0	13	0	0	0	35	0	0	0	0	0	0	0	0	0	0	0	0	0	59	0	0	0	0	0	0	0	0	0	0	92	0	0	0	0	0	7	0	0	0	0	0	0	0	0	0	0	0	0	0	0	0	0	0	0	5	0	0	0	0	0	0	0	0	0	0	0	0	0	0	0	0	0	0	0	0	33
assemblage-424-529	0	77	0	0	0	0	16	0	0	0	0	0	0	0	0	0	0	0	0	0	0	0	0	0	0	0	0	0	0	0	0	0	0	0	76	0	0	0	0	0	0	16	0	0	0	0	0	0	0	0	0	0	0	0	0	0	29	25	0	0	0	10	0	0	0	0	0	0	0	0	0	0	0	0	13	0	0	0	0	11	0	0	0	26	0	0	0	0	0	0	0	0	0	0	0	0	0	47	0	0	0	0	0	0	0	0	0	0	98	0	0	0	0	0	8	0	0	0	0	0	0	0	0	0	0	0	0	0	0	0	0	0	0	0	0	0	0	0	0	0	0	0	0	0	0	0	0	0	0	0	0	0	0	0	48
assemblage-343-490	5	97	0	0	0	0	8	0	17	0	0	0	0	0	0	0	0	0	0	0	0	0	0	0	0	0	0	0	0	0	0	0	0	0	89	0	0	0	0	0	0	11	0	0	0	3	0	0	0	0	0	0	0	0	0	0	31	16	0	0	0	0	0	0	0	0	0	0	3	0	0	0	0	0	9	0	0	0	2	7	0	0	0	44	0	0	0	0	0	0	0	0	0	0	0	0	0	45	0	0	0	0	0	0	0	0	0	0	78	0	0	0	0	0	4	0	0	0	0	0	0	0	0	0	0	0	0	0	0	0	0	0	0	0	0	0	0	0	0	0	0	0	0	0	0	0	0	0	0	0	0	0	0	0	31
assemblage-430-391	0	101	0	0	0	0	4	0	21	0	0	0	0	0	0	0	0	0	0	0	0	0	0	0	0	0	0	0	0	0	0	0	0	0	87	0	0	0	0	0	0	0	0	0	0	0	0	0	0	0	0	0	0	0	0	0	41	14	0	0	0	0	0	0	0	0	6	0	0	0	0	0	0	0	0	0	0	0	7	0	0	0	0	31	0	0	0	0	0	0	0	6	0	0	0	0	0	37	0	0	0	0	0	0	0	0	0	0	73	0	0	0	0	0	21	0	0	0	0	0	0	0	0	0	0	0	0	7	0	0	0	0	0	0	0	0	0	0	0	0	0	0	0	0	0	0	0	0	0	0	0	0	0	0	44
assemblage-540-571	0	84	0	0	0	0	4	0	16	0	0	0	0	0	0	0	0	0	0	0	0	0	0	0	0	0	0	4	0	0	0	0	0	0	87	0	0	0	0	0	0	4	0	0	0	4	0	0	0	0	0	0	0	0	0	0	36	21	0	0	0	0	0	0	0	0	0	0	0	0	0	0	0	0	5	0	0	0	12	20	0	0	0	47	0	0	0	0	0	0	0	0	0	0	0	0	0	50	0	0	0	0	0	0	0	0	0	0	51	0	0	0	0	0	15	0	0	0	0	0	0	0	0	0	0	0	0	0	0	0	0	0	0	0	0	0	0	0	0	0	0	0	0	0	0	0	0	0	0	7	0	0	0	0	33
assemblage-700-366	0	78	0	0	0	0	8	0	0	0	0	0	0	0	0	0	0	0	0	0	0	0	0	0	0	0	0	8	0	0	0	0	0	0	66	0	7	0	0	0	0	0	0	0	0	0	0	0	0	0	0	0	0	0	0	0	46	13	0	0	0	0	0	0	0	0	0	0	0	0	0	0	0	0	9	0	0	0	12	0	0	0	0	78	0	0	0	0	0	0	0	0	0	0	0	0	0	24	0	0	6	0	0	0	0	0	0	0	72	0	0	0	0	0	5	0	0	0	0	0	0	0	0	0	0	7	0	11	0	0	0	0	0	0	0	0	0	0	0	0	0	0	0	0	6	0	0	0	0	0	0	0	0	0	44
assemblage-504-605	0	70	0	0	0	0	0	0	0	0	0	0	0	0	0	0	0	0	0	0	0	0	0	0	0	0	0	11	0	0	0	0	0	0	64	0	9	0	0	0	0	0	0	0	0	0	0	0	0	0	0	0	0	0	0	0	55	31	0	0	0	0	0	0	0	0	0	0	0	0	0	0	0	0	0	0	0	0	6	0	0	0	0	77	0	0	0	0	0	0	0	0	0	0	0	0	0	29	0	0	6	0	0	0	0	0	0	0	68	0	0	0	0	0	5	0	0	0	0	0	0	0	0	0	0	4	0	12	0	0	0	0	0	0	0	0	0	0	0	0	0	0	0	0	0	0	0	0	0	0	0	0	0	0	53
assemblage-517-514	0	75	0	0	0	0	0	0	12	0	0	0	0	0	0	0	0	0	0	0	0	0	0	0	0	0	0	10	0	0	0	0	0	0	61	0	0	0	0	0	0	8	0	0	0	0	0	0	0	0	0	0	0	0	0	0	36	24	0	0	0	0	0	0	0	0	0	0	0	0	0	0	0	0	4	0	0	0	7	14	0	0	0	64	0	0	0	0	0	0	0	0	0	0	0	0	0	37	0	0	6	0	0	0	0	0	0	0	66	0	0	0	0	0	16	0	0	0	0	0	0	0	0	0	0	3	0	14	0	0	0	0	0	0	0	0	0	0	0	0	0	0	0	0	0	0	0	0	0	0	0	0	0	0	43
