Assemblage_Name	3-1-3409667	1886692-623956-5957807	8248613-833967-8939877	5288635-833967-0	0-7952636-0	7525879-833967-2519813	1419962-6822187-5957807	3-1-8468322	3-8123083-9130152	4418933-623956-7861222	3-1-0	8248613-6472903-2519813	0-623956-5957807	3520414-1-0	4140973-3601358-2519813	8248613-833967-1330012	8248613-833967-8839854	8248613-7962337-2519813	0-833967-4871960	3144603-833967-0	0-833967-9992443	863550-1-9130152	6972666-0-1127788	8248613-9528621-2519813	0-833967-2521677	6972666-0-6363143	7156954-833967-0	0-833967-2519813	4530106-0-4762786	8248613-833967-2519813	4530106-0-6363143	0-0-3042493	3-1-8656195	9384201-0-5957807	7520726-0-5957807	0-6787545-4871960	647522-0-5957807	8248613-833967-3169281	7742657-623956-5957807	4732205-1-0	4418933-623956-5957807	3-1-743099	6972666-0-895473	2414478-1-0	6972666-0-6913924	4219698-0-5957807	8870584-833967-2519813	2025986-0-5957807	6972666-0-1011035	282136-0-5957807	1419962-6822187-3450778	8248613-833967-2089704	9826565-623956-5957807	3330991-623956-5957807	4418933-6951696-5957807	1419962-0-6458707	7566239-1-0	8248613-9528621-1426173	4418933-7759083-5957807	0-9815412-4871960	6972666-0-6326798	2452304-833967-0	8699905-1-0	6972666-1277330-4134716	1419962-0-5957807	0-833967-1882871	1886692-623956-7901434	8649275-2087588-0	9193380-833967-0	8649275-833967-0	5778317-833967-2519813	6972666-4398317-5957807	8248613-7832313-2519813	8248613-833967-3018594	1419962-0-1865366	6972666-0-2653183	0-833967-0	0-833967-7422324	6972666-8516614-5957807	8248613-9149673-2519813	3-1-9130152	1-4-1	4418933-623956-7776456	0-6737896-0	6972666-2529112-5957807	8307299-833967-2519813	0-3896082-5957807	3-1-306093	3-1-1409939	7428934-833967-0	8248613-833967-4700961	4232208-1-0	1980891-833967-2519813	3-1-801500	9988159-4529519-2519813	8004439-623956-5957807	915672-833967-2519813	5401852-1-9130152	1419962-2380797-5957807	6972666-4462216-5957807	8248613-833967-2784202	0-3601358-2519813	5238541-4398317-5957807	4418933-9272378-5957807	0-9240053-0	6972666-0-5957807	1980891-833967-5794676	1263265-833967-2519813	0-0-5957807	4418933-4112695-5957807	1419962-0-4143592	6972666-7034531-5957807	9384201-0-2861793
assemblage-262-256	0	0	0	0	0	0	0	0	0	0	64	0	0	0	0	0	0	0	0	0	0	0	0	0	0	0	0	0	0	0	0	0	0	0	0	0	0	0	0	0	0	0	0	0	0	0	0	0	0	0	0	0	0	0	0	0	0	0	0	0	30	14	0	0	0	0	0	0	0	0	0	0	0	0	0	0	58	0	0	0	0	19	0	0	0	0	0	0	0	0	0	0	0	0	0	0	0	0	0	0	0	0	0	0	0	265	0	0	37	0	0	0	13
assemblage-956-316	0	0	0	0	0	0	0	0	0	0	0	0	0	0	0	0	0	0	0	0	0	0	0	0	0	0	0	0	0	0	0	0	0	0	0	0	0	0	0	0	0	0	0	0	0	0	0	0	0	0	0	0	0	0	0	0	0	0	0	0	0	4	0	0	0	5	0	10	0	11	0	0	0	0	0	0	208	0	0	0	0	24	0	0	0	0	11	0	0	0	0	0	0	0	0	0	0	0	0	0	0	0	0	0	0	0	0	0	207	0	0	0	20
assemblage-836-963	0	0	0	0	0	0	0	0	0	0	0	0	37	0	0	0	0	0	0	0	0	0	0	0	0	36	0	0	0	0	9	0	0	0	0	0	0	0	0	0	0	0	0	0	0	0	0	0	0	0	0	0	0	0	0	0	0	0	0	0	0	38	0	0	36	0	0	0	67	0	0	0	0	0	0	0	168	0	0	0	0	0	0	0	0	0	0	0	0	0	0	0	0	0	0	0	0	0	0	0	0	0	0	0	0	24	0	0	69	0	0	0	16
assemblage-858-776	0	0	0	0	0	0	0	0	0	0	8	0	31	0	0	0	0	0	0	0	10	0	0	0	42	0	0	33	0	0	28	0	0	0	0	0	0	0	0	0	50	0	0	0	0	0	0	0	0	0	0	0	0	0	0	0	0	0	0	0	0	25	0	0	14	0	0	13	19	9	0	0	0	0	0	0	70	0	0	0	0	0	0	0	0	0	0	0	0	9	0	0	0	0	0	9	0	0	0	0	0	0	0	0	0	49	0	0	69	0	0	0	12
assemblage-530-672	0	0	0	0	0	0	0	0	0	0	65	0	7	0	0	0	0	0	106	0	0	0	0	0	0	0	0	2	15	0	0	0	0	0	0	0	0	0	0	0	0	0	0	0	0	0	0	0	0	0	0	0	0	0	0	0	0	0	0	0	0	6	0	0	48	0	0	43	0	0	0	0	0	0	0	0	137	0	0	0	0	0	0	0	0	0	0	0	0	0	0	0	0	0	0	0	0	0	0	0	0	0	0	0	0	8	0	0	43	0	0	0	20
assemblage-865-797	0	0	0	0	0	0	0	0	0	0	29	0	41	0	0	0	0	0	0	0	0	0	0	0	0	0	0	0	0	0	41	0	0	0	0	0	0	0	0	0	0	0	0	0	0	0	0	0	0	0	0	0	0	0	0	0	0	0	0	0	0	0	0	0	137	0	0	0	51	0	0	0	0	0	0	0	101	0	0	0	0	0	0	0	0	0	0	0	0	7	0	0	0	0	0	0	0	0	0	0	0	0	0	0	22	0	0	0	35	0	6	0	30
assemblage-380-183	0	0	0	0	0	0	0	0	0	0	212	0	0	0	0	0	0	0	193	0	0	0	0	0	0	0	5	5	0	0	0	0	0	0	0	0	0	0	0	0	0	0	0	0	0	0	0	0	0	0	0	0	0	0	0	0	0	0	0	22	0	0	0	0	14	0	0	0	0	0	0	0	0	0	0	0	21	0	0	0	0	0	0	0	4	0	0	0	0	0	0	0	0	0	0	0	0	0	0	0	0	0	0	0	0	0	0	0	3	0	0	0	21
assemblage-488-508	0	0	0	0	0	0	45	0	0	0	32	0	2	0	0	0	0	0	35	0	0	0	0	0	0	0	0	6	0	0	0	0	0	0	0	3	0	0	0	0	49	0	0	0	0	0	0	0	0	0	0	0	0	0	0	0	0	0	0	18	0	0	0	0	207	0	0	0	0	0	0	0	0	0	0	0	75	0	0	0	0	0	0	0	0	0	0	0	0	0	0	0	0	0	0	0	0	0	0	0	0	0	0	0	0	0	0	0	9	0	0	0	19
assemblage-475-889	0	0	0	0	0	0	58	0	0	0	25	0	8	0	0	0	0	0	50	0	0	0	0	0	0	0	0	0	0	0	0	0	0	0	0	0	0	0	0	0	40	0	0	0	0	0	0	0	0	0	0	0	0	0	0	0	7	0	0	9	0	0	0	0	210	0	0	0	0	0	0	0	0	0	0	0	54	0	0	0	0	0	0	0	0	0	0	0	0	0	0	0	0	0	0	0	0	0	0	0	0	0	0	0	0	0	0	0	7	0	0	0	32
assemblage-400-899	0	0	0	0	0	0	5	0	0	0	95	0	0	0	0	0	0	0	47	0	0	0	0	0	0	0	28	71	0	0	0	0	0	0	0	0	0	0	0	0	28	0	0	0	0	0	0	0	0	0	0	0	0	0	0	0	0	0	0	0	0	0	0	0	81	0	0	0	0	0	0	0	0	0	0	0	51	0	0	0	0	0	0	0	0	0	0	0	0	0	0	0	0	0	0	0	0	0	0	0	0	0	0	0	0	64	0	0	0	0	0	0	30
assemblage-402-869	0	0	0	0	0	0	0	0	0	0	143	0	0	0	0	0	0	0	73	0	0	0	0	0	0	0	80	39	0	20	0	0	0	0	0	0	0	0	0	0	11	0	0	0	0	0	0	0	0	0	0	0	0	0	0	0	0	0	0	0	0	0	0	0	26	0	0	0	0	0	0	0	0	0	0	0	67	0	0	0	0	0	0	0	0	0	0	0	0	0	0	0	0	0	0	0	0	0	0	0	0	0	0	0	0	19	0	0	0	2	0	0	20
assemblage-901-168	0	0	0	0	0	0	0	0	0	0	132	0	0	0	0	0	0	0	72	0	0	0	0	0	0	0	71	37	0	21	0	0	0	0	0	0	0	0	0	0	6	0	0	0	0	0	0	0	0	0	0	0	0	0	0	0	0	0	0	0	0	0	0	0	24	0	0	0	0	0	0	0	0	0	0	0	76	0	0	0	0	0	0	0	0	0	0	0	0	0	0	0	0	0	0	0	0	0	0	0	0	0	0	0	0	24	0	0	0	14	0	0	23
assemblage-423-115	0	0	0	0	0	0	0	0	0	0	85	0	0	0	0	0	0	0	0	0	0	0	0	0	0	0	0	92	0	6	0	0	0	0	0	0	0	0	0	0	9	0	0	0	0	0	0	0	0	0	0	0	10	0	0	0	0	0	0	0	0	0	0	0	60	0	0	0	0	0	0	0	0	0	0	0	88	0	0	0	0	0	0	0	0	0	0	0	0	0	0	0	0	0	0	0	0	0	0	0	0	0	0	0	0	114	0	0	0	0	0	0	36
assemblage-386-420	0	0	0	0	0	0	0	0	0	0	180	0	0	0	0	0	0	0	0	0	0	0	0	0	0	0	9	48	0	16	0	0	0	6	0	0	0	0	0	0	19	0	0	0	0	0	0	0	0	0	0	0	0	0	0	0	0	0	0	0	0	0	0	0	53	0	0	0	0	0	0	0	0	0	0	0	45	0	0	0	0	0	0	0	0	0	0	0	0	0	0	10	0	0	0	0	0	0	12	0	0	0	0	0	0	66	0	0	0	0	0	0	36
assemblage-876-300	0	0	0	0	0	0	0	0	0	0	85	0	0	0	0	0	0	0	7	0	0	0	0	0	0	0	0	80	0	11	0	0	0	0	0	0	0	0	0	0	11	0	0	0	0	0	0	10	0	0	0	0	8	0	0	0	0	0	0	0	0	0	0	0	58	0	0	0	0	0	0	0	0	0	0	0	84	0	0	0	0	0	0	0	0	0	0	0	0	0	0	0	0	0	0	0	0	0	0	0	0	0	0	0	0	134	0	0	0	0	0	0	12
assemblage-496-703	0	0	0	0	0	0	0	0	0	0	130	0	0	0	0	0	0	0	0	0	0	0	0	0	0	0	0	48	0	10	0	0	7	0	0	0	0	0	0	0	32	0	0	0	0	0	0	0	0	0	0	0	0	0	0	0	0	0	0	0	0	0	0	0	21	0	0	0	0	0	0	27	0	0	0	0	33	0	9	0	39	0	0	0	0	0	0	0	0	0	0	0	0	0	0	0	0	0	0	0	0	55	0	0	0	75	0	0	0	0	0	0	14
assemblage-443-195	0	0	0	0	0	0	0	0	0	0	127	0	0	0	0	0	0	0	0	0	0	0	0	0	0	0	0	46	0	6	0	0	5	0	0	0	8	0	0	0	42	0	0	0	0	0	0	0	0	0	0	0	0	0	0	0	0	0	0	0	0	0	0	0	18	0	0	0	0	0	0	19	0	0	0	0	41	0	0	0	22	0	0	0	0	0	0	0	0	0	0	0	0	0	0	0	0	0	0	0	0	48	0	0	0	86	0	0	0	0	0	0	32
assemblage-438-205	0	0	0	0	0	0	0	0	0	0	241	0	0	0	0	0	0	0	0	0	0	0	0	0	0	0	0	32	0	0	0	0	0	0	0	0	0	0	0	0	9	0	0	0	30	0	0	0	0	6	0	0	0	0	0	0	0	0	0	0	0	0	0	43	2	0	0	0	0	0	0	0	0	0	0	0	13	0	0	0	0	0	0	0	0	0	0	0	0	0	0	0	0	9	0	0	0	0	0	0	0	0	0	0	0	87	0	0	0	0	0	0	28
assemblage-279-744	0	0	0	0	0	0	0	0	0	0	35	0	0	0	0	0	0	0	0	0	0	0	0	0	0	0	0	11	0	191	0	0	0	0	0	0	0	0	0	0	198	0	0	0	0	0	0	0	0	0	0	0	0	0	0	0	0	0	0	0	0	0	0	0	0	0	0	0	0	0	0	0	0	0	0	0	0	0	0	0	0	0	0	0	0	0	0	0	0	0	0	0	0	0	0	0	0	0	0	0	0	0	0	0	0	36	0	0	0	0	0	0	29
assemblage-460-382	24	0	0	0	0	0	0	0	0	0	98	0	0	0	0	0	0	0	0	0	0	0	0	0	0	0	0	0	0	43	0	0	0	0	0	0	0	0	0	0	51	0	0	0	0	0	0	0	0	0	0	0	0	0	0	0	0	0	0	0	0	0	0	0	0	0	0	0	0	0	0	10	0	0	0	0	0	0	0	0	78	0	0	0	0	0	0	0	0	0	0	0	0	0	8	0	0	0	0	12	0	15	0	0	0	140	0	0	0	0	0	0	21
assemblage-800-398	0	0	0	0	0	0	0	0	0	0	25	0	0	0	0	0	0	0	0	0	0	0	0	0	0	0	0	23	0	211	0	0	0	0	0	0	0	0	0	0	181	0	0	0	0	0	0	0	0	0	0	0	0	0	0	0	0	0	0	0	0	0	0	0	0	0	0	0	0	0	0	0	0	0	0	0	0	0	0	0	0	0	0	0	0	0	0	0	0	0	0	0	0	0	0	0	0	0	0	0	0	0	0	0	0	27	0	13	0	0	0	0	20
assemblage-599-278	0	31	0	0	0	0	0	0	0	0	90	0	0	0	0	0	0	0	0	0	0	4	0	0	0	0	0	0	0	39	0	0	0	0	0	0	0	0	0	0	224	0	0	0	0	0	0	0	0	0	0	0	0	11	0	0	0	0	0	0	0	0	0	0	0	0	0	0	0	0	0	6	0	0	0	0	0	0	0	0	0	0	0	0	0	0	0	0	0	0	0	0	0	0	0	0	0	0	0	0	0	0	0	0	0	57	7	0	0	0	0	0	31
assemblage-250-249	20	0	0	0	0	0	0	0	0	0	15	0	0	0	0	0	0	0	0	0	0	0	0	17	0	0	0	0	0	227	0	0	0	0	0	0	0	0	0	0	23	0	0	0	0	0	0	0	0	0	0	0	0	0	0	0	0	0	0	0	0	0	0	0	0	0	0	0	0	0	0	0	0	0	0	0	0	0	0	0	0	0	4	0	0	0	0	0	0	0	0	0	0	0	0	0	0	0	0	26	0	0	0	0	0	68	83	0	0	0	0	0	17
assemblage-588-284	28	0	0	0	0	0	0	0	0	0	15	0	0	0	0	0	0	0	0	0	0	0	0	16	0	0	0	0	0	245	0	0	0	0	0	0	0	0	0	0	38	0	0	0	0	0	0	0	0	0	0	0	0	0	0	0	0	0	0	0	0	0	0	0	0	0	0	0	0	0	0	0	0	0	0	0	0	0	0	0	0	0	0	0	0	0	0	0	0	0	0	0	0	0	0	0	0	0	0	16	0	0	0	0	0	73	54	0	0	0	0	0	15
assemblage-795-450	0	8	0	0	0	0	0	0	0	0	0	46	0	0	0	0	0	0	0	0	0	0	0	12	0	0	0	0	0	186	0	0	0	0	0	0	0	0	33	0	51	0	0	0	0	40	0	0	0	0	0	0	0	0	0	0	0	0	0	0	0	0	0	0	0	0	20	0	0	0	0	0	0	0	0	0	0	0	0	0	28	0	0	0	0	5	0	0	0	0	0	0	0	0	0	0	0	0	0	0	0	0	0	0	0	47	0	0	0	0	0	0	24
assemblage-803-761	0	0	0	0	0	0	0	0	0	0	13	0	0	0	0	0	0	0	0	0	0	0	0	0	0	0	0	0	0	150	0	0	0	0	0	0	0	0	0	0	304	0	0	0	0	0	0	0	0	0	0	0	0	0	0	0	0	0	13	0	0	0	0	0	0	0	0	0	0	0	0	0	0	0	0	0	0	0	0	0	0	0	0	0	0	0	0	0	0	0	0	0	0	0	0	0	0	0	0	0	0	0	0	0	0	0	0	0	0	0	0	0	20
assemblage-684-671	0	0	0	0	0	0	0	0	0	0	3	0	0	0	0	0	0	0	0	0	0	0	0	0	0	0	0	0	0	223	0	0	0	0	0	0	0	0	39	0	38	0	0	0	0	0	0	0	0	0	0	0	0	0	0	0	0	11	0	0	0	0	0	0	0	0	0	0	0	0	22	0	0	0	0	0	0	0	0	0	12	0	0	0	0	0	0	0	0	0	0	0	0	0	0	0	0	0	0	0	0	0	0	0	0	115	0	0	0	0	0	0	37
assemblage-931-801	0	0	0	0	0	0	0	0	0	44	0	0	0	0	0	12	0	0	0	0	0	0	0	0	0	0	0	0	0	233	0	0	0	0	0	0	0	0	0	0	94	0	0	0	0	0	0	0	0	0	0	0	0	0	24	0	0	0	0	0	0	0	0	0	0	0	0	0	0	0	56	0	0	0	0	0	0	0	0	0	0	0	0	0	0	0	0	0	0	0	0	0	0	0	0	0	0	0	0	0	0	0	0	0	0	14	0	0	0	0	0	0	23
assemblage-770-637	0	0	0	0	0	0	0	0	0	55	0	0	0	0	0	8	0	0	0	0	0	0	0	0	0	0	0	0	0	226	0	0	0	0	0	0	0	0	0	0	100	0	0	0	0	0	0	0	0	0	0	0	0	0	30	0	0	0	0	0	0	0	0	0	0	0	0	0	0	0	48	0	0	0	0	0	0	0	0	0	0	0	0	0	0	0	0	0	0	0	0	0	0	0	0	0	0	0	0	0	0	0	0	0	0	0	0	0	0	0	0	0	33
assemblage-917-808	0	0	0	0	0	0	0	0	0	55	0	0	0	0	0	9	0	0	0	0	0	0	0	0	0	0	0	0	0	213	0	0	0	0	0	0	0	0	0	0	92	0	0	0	0	0	0	0	0	0	0	0	0	0	22	0	0	0	0	0	0	0	0	0	0	0	0	0	0	0	45	0	0	0	0	0	0	0	0	0	0	0	0	0	0	0	0	0	0	0	0	0	0	0	0	0	0	0	0	0	0	0	0	0	0	8	0	0	0	0	0	0	56
