Assemblage_Name	2476237-0-2	8791118-2915483-3	0-0-9707986	2976033-9022336-2758108	9439027-0-2	0-6426954-2758108	4524411-288921-2	4524411-0-6680989	4524411-8995775-2	0-1444074-7027370	7852305-9600282-5131582	4524411-9600282-7166312	4524411-9600282-5131582	8800818-0-5947895	4524411-9600282-2634413	1-2915483-3126312	6292062-1499570-3207841	0-0-32208	8736243-9600282-2	4-1236618-5887373	2378366-0-2	4-1236618-1540304	8538479-4-3	4524411-0-8212959	2-0-8195150	4524411-0-6002954	4524411-9600282-9256876	4852376-4037530-2	0-0-2758108	0-6971579-155240	4524411-4049663-2	4-2-2039046	0-0-2960718	4524411-0-204977	9010031-0-2758108	4524411-9600282-2	4-1236618-3437874	4524411-4037530-2	4-1236618-3663701	4-0-3437874	5712768-9600282-7166312	4524411-2961732-2	4524411-0-2	4-7862885-8260656	9948425-0-2758108	2976033-0-2758108	2-0-4	8181879-2-2	4-2-2310623	5959394-1499570-2	4-5009623-3437874	1-2-2	4524411-9600282-1928037	4-1499570-2	4524411-9600282-2677846	8061465-9600282-5131582	0-872589-2758108	9722039-9600282-2	8800818-0-6173304	0-1444074-4344927	2-0-8996641	8670860-0-2	9762768-9600282-2	7353762-9600282-2	8484619-1444074-2758108	4-6528584-679156	0-0-2396103	4524411-0-9742078	8800818-4835123-6173304	0-1444074-2758108	4680550-7528789-4	1-2915483-3	4524411-9600282-4755030	4-2-2	4-2-1	0-6579215-2758108	4524411-874976-4755030	4524411-9600282-868592	4524411-2499811-2	4-2-679156	1037657-0-2758108	1-0-3	4680550-0-4	4524411-9600282-3694099	6292062-1499570-2	5187897-0-2	4-6996871-3437874	8538479-3930954-7577017	0-6391576-2758108	2980868-0-2758108	0-0-8050541	8054483-0-2758108	4-0-2	0-0-3857993	0-5304504-155240	1037657-0-5525524	2000903-0-2	4524411-6154570-2	4524411-1480965-2634413	1-0-9356180	8538479-3930954-3	4524411-319719-2	4524411-5028013-2	0-0-6498216	6545508-0-2758108	0-0-155240	1242777-0-2960718
assemblage-825-948	0	0	0	0	0	0	0	0	0	0	0	0	0	0	0	0	0	0	0	0	0	0	0	0	25	0	0	0	159	0	0	0	0	0	0	0	0	0	0	2	0	0	0	0	0	0	63	0	0	0	0	98	0	6	0	0	0	0	0	0	4	0	0	0	0	0	0	0	0	0	0	0	0	0	0	0	0	0	0	0	0	0	20	0	0	0	0	0	0	0	0	0	0	0	0	0	0	0	0	0	0	0	0	0	0	102	21
assemblage-956-316	0	0	0	0	0	0	0	0	0	0	0	0	0	0	0	0	0	0	0	0	0	0	8	0	0	0	0	0	162	0	0	0	0	0	0	0	37	0	0	0	0	0	0	0	0	0	0	0	0	0	0	0	0	59	0	0	0	0	0	0	0	0	0	0	0	0	0	0	0	0	0	0	0	0	34	0	0	0	0	0	0	0	60	0	89	0	0	0	0	0	0	0	0	0	0	0	0	0	0	0	40	0	0	0	0	4	7
assemblage-832-957	0	0	0	0	0	0	0	0	0	0	0	0	0	0	0	0	0	0	0	0	0	0	0	0	24	0	0	0	152	0	0	0	0	0	0	0	0	0	0	15	0	0	0	0	0	0	76	0	0	0	0	93	0	0	0	0	0	0	0	0	9	0	0	0	0	0	0	0	0	0	0	0	0	0	0	0	0	0	0	0	0	0	30	0	0	0	0	0	0	0	0	0	0	0	0	0	0	0	0	0	0	0	0	0	0	84	17
assemblage-729-265	0	0	0	0	0	0	0	0	0	0	0	0	0	0	0	0	0	0	0	0	0	0	0	0	0	0	0	0	89	0	0	36	0	0	0	0	17	0	0	0	0	0	57	0	0	0	6	0	0	0	0	37	0	32	0	0	0	0	0	0	0	0	0	0	0	0	0	0	0	9	0	18	0	0	14	18	0	0	0	0	0	26	20	0	28	0	0	0	0	0	0	0	9	0	0	0	0	0	0	0	12	0	0	0	0	39	33
assemblage-837-802	0	0	0	0	0	0	0	0	0	0	0	0	0	0	0	0	0	7	0	0	0	0	0	0	0	0	0	0	68	0	0	71	0	0	0	10	0	0	0	0	0	0	36	0	0	0	0	0	0	0	0	50	0	12	0	0	0	0	0	0	0	0	0	0	0	0	0	0	0	41	0	51	0	0	17	0	0	0	0	0	0	16	5	0	65	0	0	7	0	0	0	0	0	0	0	0	0	0	0	0	22	0	0	0	0	14	8
assemblage-860-803	0	0	0	0	0	0	0	0	0	0	0	0	0	0	0	0	0	0	0	0	0	0	0	0	18	0	0	0	117	0	0	0	0	0	0	0	0	0	0	0	0	0	62	0	0	0	0	0	0	0	0	9	0	28	0	0	0	0	0	0	0	0	0	0	0	0	0	0	0	0	0	9	0	0	19	68	0	0	0	0	0	42	0	0	0	0	0	0	0	0	0	13	0	0	0	0	0	0	0	0	19	0	0	18	0	60	18
assemblage-495-501	0	10	0	0	0	0	0	0	0	0	0	0	0	0	0	0	0	0	0	0	0	0	0	0	0	0	0	0	86	0	0	14	0	0	0	0	54	0	0	0	0	0	0	5	0	0	0	0	0	0	0	27	0	0	0	0	0	0	0	0	0	0	0	0	0	0	0	0	0	51	0	89	0	0	0	0	0	0	0	0	0	9	30	0	92	0	0	0	0	0	0	0	5	0	0	0	0	0	0	0	0	0	0	0	0	8	20
assemblage-373-179	0	0	0	0	0	32	0	0	0	0	0	0	0	0	0	0	0	0	0	0	13	0	0	0	0	0	0	0	55	5	0	0	0	0	0	52	0	0	0	0	0	0	91	0	0	0	0	0	0	0	0	0	0	18	0	0	0	0	0	0	0	0	0	0	0	0	0	0	0	94	0	0	0	0	0	1	0	0	0	0	0	0	0	0	63	0	0	0	0	0	0	0	23	0	0	0	0	0	0	0	0	0	0	0	0	27	26
assemblage-476-875	0	0	0	0	0	25	0	0	0	0	0	0	0	0	0	0	0	0	0	0	0	0	0	0	0	0	0	0	160	0	0	7	0	0	0	126	23	0	0	0	0	0	6	0	0	0	0	0	0	0	0	23	0	6	0	0	0	0	0	0	0	0	0	0	0	0	0	0	0	24	0	9	0	0	0	0	0	0	0	0	0	0	7	0	71	0	0	0	0	0	0	0	5	0	0	0	0	0	0	0	0	0	0	0	0	0	8
assemblage-224-414	0	0	0	0	0	0	0	0	0	0	0	0	0	0	0	0	0	0	0	0	0	0	0	0	0	0	0	0	222	0	0	0	0	0	0	32	68	0	0	0	0	0	68	0	0	0	0	0	0	57	0	0	0	0	0	0	7	0	0	0	0	0	0	0	0	0	0	0	0	0	0	0	0	0	0	0	0	0	0	0	0	0	0	0	21	0	0	0	0	0	0	0	0	0	0	0	0	0	0	0	0	0	0	0	0	0	25
assemblage-903-174	0	0	0	0	0	0	0	0	0	0	0	0	0	0	0	0	0	0	0	0	0	0	0	0	0	0	0	0	30	0	0	0	0	0	0	272	0	0	0	0	0	0	122	0	0	0	0	0	0	17	0	0	0	0	0	0	0	0	0	0	0	0	0	0	0	0	0	0	0	0	0	0	0	0	0	0	0	0	0	0	0	0	0	0	31	0	0	0	0	0	0	0	0	0	0	0	0	0	0	0	0	0	0	0	0	11	17
assemblage-909-174	0	0	0	0	0	0	0	0	0	0	0	0	0	0	0	0	0	0	0	0	0	0	0	0	0	0	0	0	216	0	0	0	0	0	0	26	75	0	0	0	0	0	76	0	0	0	0	0	0	63	0	0	0	0	0	0	10	0	0	0	0	0	0	0	0	0	0	0	0	0	0	0	0	0	0	0	0	0	0	0	0	0	0	0	14	0	0	0	0	0	0	0	0	2	0	0	0	0	0	0	0	0	0	0	0	0	18
assemblage-410-115	0	0	0	0	0	0	0	0	0	0	0	0	0	0	0	0	0	0	0	18	0	11	0	14	0	0	0	0	106	0	0	0	0	0	0	134	28	0	0	0	0	0	105	0	0	0	0	0	0	62	0	4	0	0	0	0	0	0	7	0	0	0	0	0	0	0	0	0	0	0	0	0	0	0	0	0	0	0	0	0	0	0	0	0	0	0	0	0	0	0	0	0	0	0	0	0	0	0	0	0	0	0	0	0	0	0	11
assemblage-386-420	0	0	0	0	0	0	0	0	0	0	0	0	0	0	0	0	0	0	0	18	0	0	0	0	0	0	0	0	109	0	0	0	0	0	0	162	37	0	0	0	0	0	89	0	0	0	0	0	0	13	0	20	0	0	0	0	0	0	0	0	0	0	0	0	0	0	0	0	0	11	0	0	0	0	0	0	0	17	0	0	0	0	0	0	5	0	0	0	0	0	0	0	0	0	0	0	0	0	0	0	0	0	0	0	0	0	19
assemblage-396-413	0	0	0	0	0	0	0	0	0	0	0	0	0	0	0	0	0	0	0	29	0	0	0	0	0	0	0	0	143	0	0	0	0	0	0	90	33	0	0	0	0	0	138	0	0	0	0	0	0	8	0	18	0	0	0	0	0	0	0	0	0	0	0	0	0	0	0	0	0	36	0	0	0	0	0	0	0	0	0	0	0	0	0	0	0	0	0	0	0	0	0	0	0	0	0	0	1	0	0	0	0	0	0	0	0	0	4
assemblage-435-763	0	0	0	0	0	0	0	0	0	0	0	0	0	0	0	0	0	0	0	0	0	0	0	0	0	0	0	0	83	0	20	0	0	0	0	143	0	0	0	0	0	0	119	0	0	0	0	0	0	64	0	0	0	0	0	0	0	0	8	0	0	0	0	0	0	0	0	0	0	26	0	0	0	0	0	0	0	0	0	0	0	0	0	0	0	0	0	0	13	0	0	0	0	0	0	0	0	0	0	0	0	0	6	0	0	0	18
assemblage-1008-722	0	0	0	0	0	0	0	0	0	0	0	0	0	0	0	0	0	0	0	0	0	0	0	7	0	0	0	0	104	0	0	0	0	0	0	171	0	0	0	0	0	0	104	0	0	0	0	13	0	4	0	0	12	0	0	0	0	0	0	0	0	0	0	0	0	0	0	0	0	41	0	0	0	0	0	0	0	24	0	0	0	0	0	0	0	0	0	0	0	0	0	0	0	0	0	0	0	0	0	0	0	0	0	0	0	0	20
assemblage-443-195	0	0	0	0	0	0	0	0	0	0	0	0	0	0	0	0	0	0	0	0	0	0	0	0	0	0	0	0	104	0	0	0	17	0	0	127	41	0	0	0	0	0	58	0	0	0	0	30	0	33	0	0	0	0	0	0	0	34	0	0	0	0	0	0	0	0	0	0	0	14	0	0	0	0	0	0	0	8	0	0	0	0	0	0	11	0	0	0	0	0	0	0	0	0	0	0	0	0	0	0	0	0	0	0	0	0	23
assemblage-972-268	0	0	0	0	0	0	0	0	0	6	0	0	41	0	0	0	0	0	0	0	0	0	0	0	0	0	0	0	17	0	0	0	65	0	0	89	32	0	0	0	0	0	49	0	16	0	0	0	0	0	0	0	0	0	0	0	0	0	0	0	0	0	0	0	0	0	0	0	0	161	0	0	0	0	0	0	0	0	0	0	0	0	0	0	0	0	0	0	0	0	0	0	0	0	0	0	0	0	0	0	0	0	0	0	0	0	24
assemblage-787-428	0	0	0	0	0	0	0	0	0	0	0	0	9	0	0	0	0	0	0	0	0	0	0	0	0	0	0	0	103	0	0	0	0	0	0	279	0	0	0	0	0	0	84	0	4	0	0	0	0	0	0	0	0	0	0	15	0	0	0	0	0	0	0	0	0	0	0	0	0	0	0	0	0	0	0	0	0	0	0	0	0	0	0	0	0	0	0	0	0	0	0	0	0	0	0	0	0	0	0	0	0	0	0	0	0	0	6
assemblage-794-418	0	0	0	0	0	0	0	0	0	0	25	0	11	0	0	0	0	0	0	0	0	0	0	0	0	0	0	0	111	0	0	0	0	0	0	201	0	0	0	0	0	0	44	0	16	7	0	0	0	0	0	0	0	0	0	0	0	0	29	0	0	0	14	0	0	0	0	0	0	0	0	0	0	0	0	0	0	0	0	0	0	0	0	0	0	0	0	0	0	7	0	0	0	0	0	0	0	0	0	0	0	0	30	0	0	0	5
assemblage-588-284	0	0	0	0	0	0	11	0	0	0	0	0	0	0	0	0	0	0	0	0	0	0	0	0	0	0	0	0	163	0	0	0	8	0	0	146	0	14	0	0	0	0	9	0	0	70	0	0	0	0	0	0	0	0	0	0	0	0	13	0	0	0	16	26	0	0	0	0	0	10	0	0	0	0	0	0	0	0	0	0	0	0	0	0	0	0	0	0	0	0	0	0	0	0	0	0	0	0	0	0	0	0	0	0	0	0	14
assemblage-243-260	0	0	0	0	0	0	13	0	0	0	0	0	0	0	0	0	0	0	0	0	0	0	0	0	0	0	0	0	165	0	0	0	7	0	0	131	0	39	0	0	0	0	2	0	0	49	0	0	0	0	0	0	0	0	0	0	0	0	13	0	0	0	25	36	0	0	0	0	0	8	0	0	0	0	0	0	0	0	0	0	0	0	0	0	0	0	0	0	0	0	0	0	0	0	0	0	0	0	0	0	0	0	0	0	0	0	12
assemblage-375-849	53	0	0	0	0	0	0	0	0	0	0	0	0	0	11	0	0	0	0	0	0	0	0	0	0	0	0	0	240	0	0	0	0	0	0	113	0	9	0	0	0	26	8	0	0	9	0	0	0	0	0	0	0	0	0	0	0	0	11	0	0	0	0	0	0	0	0	0	0	5	0	0	0	0	0	0	0	0	0	0	0	0	0	0	0	0	0	0	0	0	0	0	0	0	0	0	0	0	0	0	0	0	0	0	0	0	15
assemblage-786-478	0	0	0	0	0	0	0	0	39	0	0	0	34	0	54	0	0	0	0	0	0	0	0	0	0	0	0	0	28	0	0	0	0	0	0	46	0	0	0	0	0	0	101	0	0	0	0	0	0	0	0	0	0	0	0	0	0	0	0	0	0	0	0	29	0	0	0	0	0	117	0	0	0	0	0	0	13	0	0	0	0	0	0	0	0	0	0	0	0	0	0	0	0	0	0	0	0	0	9	0	0	0	0	0	0	0	30
assemblage-106-537	0	0	0	0	0	0	0	0	0	0	0	0	0	0	7	0	0	0	0	0	0	0	0	0	0	0	0	0	144	0	0	0	0	0	0	40	0	0	0	0	0	0	112	0	0	96	0	0	0	0	0	0	0	0	0	0	0	0	15	0	0	0	0	0	0	0	0	0	0	67	0	0	0	0	0	0	0	0	0	0	0	0	0	0	0	0	0	0	0	0	0	0	0	0	0	0	0	0	0	0	0	0	0	0	3	0	16
assemblage-787-755	0	0	0	0	0	0	0	0	0	0	0	0	0	0	7	0	0	0	0	0	0	0	0	0	0	0	0	0	160	0	0	0	0	0	0	41	0	0	0	0	0	0	126	0	0	52	0	0	0	0	0	0	0	0	0	0	0	0	19	0	0	0	0	0	0	0	0	0	0	65	0	0	0	0	0	0	0	0	0	0	0	0	0	0	0	0	0	0	0	0	0	0	0	0	0	0	0	0	0	0	0	0	0	0	5	0	25
assemblage-428-665	0	0	0	0	0	0	0	14	7	0	0	0	0	0	0	0	0	0	0	0	0	0	0	0	0	0	9	0	197	0	0	0	0	0	0	0	0	0	0	0	5	0	66	0	0	0	0	0	0	0	0	0	0	0	0	0	0	0	0	0	0	0	0	0	0	0	0	0	0	177	0	0	0	0	0	0	0	0	0	0	0	0	0	0	0	0	0	0	0	0	0	0	0	0	0	0	0	0	0	0	0	0	0	0	0	0	25
assemblage-801-129	0	0	0	0	0	0	0	15	6	0	0	0	0	0	0	0	0	0	0	0	0	0	0	0	0	0	13	0	212	0	0	0	0	0	0	0	0	0	0	0	6	0	50	0	0	7	0	0	0	0	0	0	0	0	0	0	0	0	0	0	0	0	0	0	0	0	8	0	0	164	0	0	0	0	0	0	0	0	0	0	0	0	0	0	0	0	0	0	0	0	0	0	0	0	0	0	0	0	0	0	0	0	0	0	0	0	19
assemblage-751-631	0	0	0	35	0	0	0	8	5	0	0	0	45	0	0	0	0	0	0	0	0	0	0	0	0	0	0	0	0	0	0	0	0	0	0	41	0	0	0	0	0	0	119	0	0	131	0	0	0	0	0	0	0	0	0	0	0	0	0	28	0	0	0	39	0	0	0	0	0	36	0	0	0	0	0	0	0	0	0	0	0	0	0	0	0	0	0	0	0	0	0	0	0	0	0	0	0	0	0	0	0	0	0	0	0	0	13
